1
100
7
8
13
7
7
19
10
9
16
9
5
6
11
15
14
17
19
15
14
10
18
7
18
6
14
17
11
11
10
16
8
10
18
14
8
19
15
17
8
11
6
11
15
18
8
7
12
12
18
17
14
13
15
8
7
14
10
18
16
6
11
19
5
12
15
8
6
13
9
17
10
11
8
13
5
14
8
8
18
14
10
15
16
17
12
16
5
18
20
17
14
5
7
10
10
9
17
12
7
11
0
7
197
200
163
242
291
62
20
11
47
39
132
183
281
175
260
161
273
112
174
185
192
104
259
4
31
217
55
146
30
123
100
164
260
262
4
116
135
155
220
238
36
59
129
252
109
253
237
206
195
209
163
59
204
82
232
214
58
162
163
221
19
82
250
244
226
86
31
114
264
115
149
274
291
207
286
14
34
107
86
30
194
40
157
189
147
275
134
123
119
213
233
173
193
38
247
62
123
268
75
95
494
448
666
416
512
598
301
128
412
124
489
418
518
495
478
600
848
688
262
593
366
610
469
564
279
563
539
481
465
330
343
717
712
478
448
197
574
580
446
303
360
282
385
549
176
426
749
302
299
331
503
344
281
194
654
546
166
355
626
828
205
630
417
750
503
140
452
210
444
552
291
608
799
403
341
534
563
454
622
357
547
433
175
309
201
665
371
227
156
391
396
276
574
366
351
668
535
693

2
100
17
11
6
8
13
8
17
12
11
9
12
7
11
11
18
11
10
14
6
16
18
11
12
13
11
6
18
18
12
10
16
11
14
12
17
20
18
14
5
13
15
20
13
12
10
7
6
18
18
18
15
17
18
17
6
9
16
7
6
7
16
17
10
14
10
7
7
16
17
9
8
9
18
14
12
14
15
7
11
11
13
15
12
15
18
16
17
19
12
8
19
9
10
6
9
17
12
16
10
13
0
3
170
170
189
83
35
134
101
123
180
129
195
230
308
187
273
185
194
312
286
89
159
42
270
267
281
233
226
105
310
190
100
25
235
117
200
284
313
107
7
171
195
299
107
116
55
37
183
201
202
27
308
102
201
287
39
262
270
88
54
179
3
250
190
227
21
117
201
69
24
299
240
61
99
37
146
299
29
262
213
232
306
287
301
111
211
132
301
271
144
192
54
137
99
193
178
205
191
151
35
149
557
660
365
370
438
335
156
434
794
333
615
632
739
545
810
600
227
677
870
445
236
530
835
717
821
588
259
503
557
786
351
304
396
187
777
561
552
228
271
508
456
895
540
154
477
289
687
834
607
46
424
459
273
313
439
701
834
607
384
445
181
403
459
808
34
742
644
255
258
739
783
132
389
565
511
821
575
286
268
686
733
446
688
449
658
166
837
415
302
504
133
645
187
302
201
391
461
341

3
100
10
8
9
6
19
18
13
19
17
16
20
11
8
15
17
12
15
8
19
14
8
15
20
10
15
15
15
17
9
14
10
15
7
12
14
18
11
18
13
19
12
16
17
17
16
9
8
17
15
9
20
19
11
19
16
5
14
18
13
12
9
15
20
13
7
9
19
17
6
19
15
9
11
14
17
15
13
11
9
19
10
13
15
12
13
12
11
18
7
10
9
17
12
12
6
6
20
19
14
5
0
13
32
218
115
25
91
177
235
151
198
304
177
45
282
281
312
178
52
117
30
300
313
95
263
113
306
254
82
333
255
317
292
134
55
166
37
177
250
125
17
207
254
137
317
84
323
99
93
251
193
127
190
133
234
323
183
184
49
155
288
39
31
43
327
172
128
232
140
180
329
215
8
89
148
160
110
157
264
225
271
190
243
218
16
236
201
187
192
309
328
37
146
328
107
92
88
289
181
40
603
366
705
587
289
578
566
342
663
323
357
671
243
426
405
792
351
560
517
285
457
609
818
110
475
705
890
540
715
408
905
377
903
501
618
312
435
712
316
239
373
663
370
384
974
369
975
554
653
498
857
180
699
308
400
914
562
673
147
455
612
723
377
205
766
388
510
661
304
800
828
337
369
439
545
498
486
195
777
759
581
302
644
898
194
647
786
760
246
382
756
179
587
703
457
558
155
463
373
542

4
100
15
6
9
14
19
8
12
8
9
12
15
18
17
15
14
19
16
20
13
11
13
9
18
11
12
17
19
19
19
10
7
11
14
9
18
8
16
17
18
17
16
18
11
9
12
8
9
16
6
20
15
13
11
8
10
16
10
7
9
19
15
10
9
10
7
15
9
7
18
6
16
8
6
14
8
11
18
18
16
19
12
10
9
13
18
10
15
16
17
18
11
20
16
13
20
9
12
15
14
18
0
302
113
102
177
121
62
254
140
67
102
43
95
110
8
276
59
329
318
132
265
264
209
288
261
19
313
129
199
64
239
262
134
83
238
198
217
78
83
124
236
147
280
262
77
129
22
122
203
177
313
68
117
149
49
244
157
192
91
268
302
81
163
9
25
25
293
255
129
157
206
276
39
114
158
324
63
218
233
148
131
24
271
241
210
77
102
186
194
307
268
174
178
244
259
54
215
116
65
3
313
421
303
438
766
417
637
920
472
359
333
172
437
760
522
737
617
928
440
440
323
621
581
872
771
105
701
519
414
619
683
615
457
556
473
340
630
117
281
263
485
332
603
374
269
362
432
629
861
460
939
101
302
543
110
382
653
232
719
363
708
107
804
373
672
519
349
511
398
317
681
890
648
128
719
711
421
318
820
637
223
95
907
565
841
144
595
777
589
700
406
357
533
426
546
285
488
245
701
645

5
100
15
19
16
14
8
17
9
6
11
5
15
10
7
13
16
12
8
17
11
10
9
19
16
19
12
14
20
8
6
9
13
10
9
16
15
15
8
6
17
19
13
12
18
13
16
14
5
9
16
9
16
6
15
15
8
14
8
19
10
13
9
13
14
14
14
7
11
14
16
12
14
19
18
17
19
20
16
11
13
14
11
18
5
12
15
15
10
10
19
19
17
14
8
15
6
9
7
10
14
17
0
165
4
299
69
279
4
297
225
234
118
121
234
188
204
24
43
290
12
315
196
101
3
77
276
259
262
310
109
40
118
124
308
89
304
107
227
97
298
216
176
59
69
196
174
42
167
168
182
7
43
75
183
98
117
104
232
43
94
174
136
314
313
234
169
183
260
136
234
126
51
192
153
174
294
179
116
64
57
188
113
174
211
95
258
109
3
98
208
14
232
52
205
193
237
53
38
277
135
319
110
674
80
824
369
382
488
737
282
490
178
218
300
775
584
384
341
462
480
387
283
321
28
331
696
466
286
897
344
399
696
767
561
389
894
132
552
228
463
603
247
528
364
668
465
323
240
497
319
172
83
261
628
521
349
656
624
565
685
707
720
908
692
576
413
743
602
574
653
693
204
224
403
558
495
532
152
298
582
744
263
820
423
163
814
511
141
383
379
136
471
327
484
295
341
592
402
841
587
843

6
100
19
8
17
19
10
17
11
11
14
18
12
11
9
12
15
11
8
16
10
7
17
19
5
18
15
10
14
10
20
15
19
7
12
7
11
11
7
14
12
18
18
19
7
8
14
9
6
17
11
11
16
7
6
6
11
6
10
13
6
15
7
5
12
5
11
13
15
15
7
14
15
6
14
14
8
11
6
6
6
11
6
19
16
15
9
18
16
11
9
14
7
12
7
18
12
13
19
8
13
7
0
151
241
88
234
166
224
113
70
275
70
54
51
269
152
279
100
115
35
16
31
52
122
157
192
155
207
225
104
51
213
64
89
249
219
65
171
183
29
153
68
22
125
206
164
171
98
67
198
202
265
56
280
295
193
111
83
135
126
282
233
114
222
87
271
78
58
45
157
181
100
250
292
265
206
180
218
248
115
219
140
25
231
214
116
169
288
295
161
173
91
141
254
243
223
158
246
129
130
171
277
412
294
615
412
369
555
556
406
567
449
607
467
292
600
316
435
603
583
44
517
127
142
489
335
621
292
244
160
398
307
524
536
840
679
273
207
660
539
555
360
191
651
496
423
448
170
265
330
577
817
297
603
720
600
174
193
472
216
352
702
336
428
548
597
234
565
249
385
367
643
692
679
304
749
439
756
774
529
496
603
629
435
393
386
587
740
856
576
483
114
394
453
325
540
421
609
238
488
268

7
100
13
10
11
7
18
15
10
5
13
10
15
8
10
19
11
7
10
17
7
14
11
5
18
18
8
14
14
10
9
17
8
12
18
5
12
17
13
7
17
18
19
10
13
6
15
11
10
17
8
10
7
10
13
12
16
16
20
6
17
18
16
7
18
7
19
18
13
11
18
8
16
16
17
5
11
10
7
14
7
8
7
8
13
11
7
11
12
11
13
13
17
9
15
9
13
10
12
5
15
13
0
161
284
138
254
293
291
183
2
225
136
256
222
140
214
117
165
214
48
291
206
234
69
242
137
118
111
59
154
120
22
26
103
300
95
95
159
156
104
285
5
87
57
97
296
193
245
71
149
157
97
280
189
255
41
70
44
3
149
192
137
203
75
162
290
97
104
144
151
186
251
190
289
29
281
106
247
76
280
6
207
145
125
1
167
0
209
5
265
60
253
186
49
151
73
51
66
74
24
12
449
543
681
313
419
424
824
568
263
274
174
307
444
249
225
568
220
630
583
588
790
425
454
732
711
263
292
382
604
228
393
639
391
319
416
660
209
316
250
763
148
696
452
190
612
652
664
441
202
416
222
483
469
474
76
504
288
199
243
535
697
262
112
327
432
411
554
726
401
566
398
360
865
101
745
350
811
171
336
561
653
749
553
429
307
594
444
504
473
343
325
548
614
615
393
450
563
582
88
161

8
100
19
9
7
13
14
15
19
10
8
18
18
20
12
9
19
7
19
12
19
12
19
11
20
11
16
13
8
18
10
5
19
20
10
18
10
18
12
20
10
6
15
6
16
19
6
10
5
13
20
19
5
5
15
8
8
8
6
11
10
13
8
8
7
18
17
15
7
14
7
15
13
17
12
15
11
19
13
11
14
10
14
18
20
14
8
18
14
13
13
5
8
8
5
14
6
19
13
16
17
16
0
145
126
219
113
184
40
198
268
43
238
261
70
245
180
80
85
165
255
199
114
114
237
299
105
232
239
212
194
88
181
295
114
174
3
157
309
194
186
58
205
148
308
122
116
77
10
67
13
291
104
67
26
210
177
301
67
180
53
136
252
252
159
258
138
263
171
54
62
24
273
290
32
121
226
167
108
187
270
103
262
299
23
274
160
95
29
170
37
8
202
103
236
154
141
305
257
315
41
151
42
307
398
641
722
209
575
845
348
140
420
323
342
519
700
454
620
774
685
251
265
691
289
872
200
618
878
779
345
95
275
751
698
283
258
341
790
727
356
121
265
777
439
753
450
391
243
665
423
948
213
673
387
351
498
407
95
249
300
183
487
349
793
667
529
668
526
505
86
319
400
710
682
152
356
529
604
525
829
725
866
767
208
660
224
330
151
652
664
520
524
173
737
764
369
711
470
486
268
710

9
100
9
19
18
19
6
19
12
11
15
8
12
10
7
6
8
12
16
18
12
16
17
9
18
14
19
8
5
13
16
11
17
16
15
12
18
20
19
8
20
6
15
13
14
7
7
17
18
6
8
17
19
17
17
17
17
7
9
6
19
17
17
10
17
10
14
15
15
6
13
6
8
10
6
15
17
6
7
13
19
18
9
8
8
7
17
14
6
11
6
17
8
11
20
19
15
15
7
10
6
9
0
92
153
113
229
50
63
203
100
223
183
164
147
163
197
58
135
241
177
75
15
137
79
22
230
50
281
129
281
113
198
12
293
16
95
83
2
21
291
20
205
302
17
181
142
122
244
268
293
92
106
145
261
176
73
307
258
170
244
261
1
57
271
199
41
6
28
140
285
267
287
8
99
100
272
200
131
100
218
114
129
93
131
182
147
132
1
149
61
247
272
83
54
153
230
25
128
262
67
19
116
398
505
563
303
475
506
780
124
621
632
195
268
236
239
121
622
850
235
279
619
744
236
511
602
74
408
638
817
448
730
616
691
513
386
317
252
154
933
165
804
637
263
404
198
431
443
351
604
694
270
375
664
507
540
933
490
483
570
461
639
392
806
544
77
372
388
437
896
684
301
94
641
189
663
781
436
434
824
449
458
174
481
589
398
340
621
339
561
540
355
286
86
602
836
667
333
586
123
448

10
100
9
6
17
17
13
12
13
13
9
17
14
15
15
7
10
11
18
15
11
15
6
11
18
15
14
9
15
6
10
8
13
16
7
19
7
20
16
13
14
7
18
9
14
17
19
13
10
19
9
8
9
17
14
15
18
12
19
19
8
9
5
6
15
14
8
7
14
9
9
6
13
17
9
10
8
13
8
16
10
17
10
6
11
19
14
14
12
17
16
16
16
15
9
15
13
10
9
5
14
16
0
306
291
98
249
297
219
75
133
142
48
180
200
90
242
226
31
124
146
68
2
71
51
300
9
50
41
148
53
303
60
96
57
222
224
76
169
293
184
158
159
205
304
173
92
285
51
218
280
138
88
40
189
82
28
175
227
198
238
34
171
94
252
184
24
113
0
273
185
245
176
150
165
266
121
3
227
165
179
205
189
38
28
118
70
42
250
286
267
236
206
104
3
266
117
59
163
270
79
16
426
675
693
394
812
374
521
702
192
771
507
638
317
642
760
516
463
573
771
208
92
456
598
517
187
516
559
531
237
420
601
669
468
830
320
392
572
620
311
661
577
614
759
653
212
407
239
301
837
354
559
287
795
266
205
525
359
584
515
110
655
276
308
704
383
135
603
536
479
357
453
194
710
539
181
278
764
513
337
466
810
644
397
237
293
623
710
758
775
620
833
593
53
411
190
374
549
587
234
577

11
100
16
9
20
14
10
16
17
8
7
12
10
15
9
5
11
6
20
15
20
19
9
12
14
11
19
5
6
18
7
14
14
9
13
19
13
15
18
14
7
9
13
14
6
12
6
13
13
12
9
17
15
11
19
11
17
15
15
16
18
9
14
5
6
17
12
12
16
15
9
13
18
16
10
12
19
16
6
19
15
10
7
12
11
16
10
8
13
19
11
14
13
8
16
6
7
12
19
6
5
9
0
223
146
54
89
128
217
79
198
297
88
307
202
98
306
175
263
27
35
72
108
261
190
255
121
91
186
167
310
261
1
261
180
124
14
184
171
72
310
107
193
196
58
307
299
27
192
175
262
309
11
179
296
91
10
139
5
87
271
172
281
278
188
161
256
219
106
27
270
4
10
110
131
44
228
192
226
136
218
208
51
5
94
235
142
248
17
13
134
252
243
257
161
119
62
86
183
54
306
10
248
602
501
291
129
579
575
230
298
930
466
354
534
283
814
396
523
53
627
178
296
378
658
518
724
263
297
341
765
588
93
396
811
439
190
414
691
496
816
476
345
241
486
824
866
89
797
392
304
503
580
300
643
599
431
622
46
205
860
478
515
625
482
668
528
736
741
170
445
354
145
639
587
394
482
787
593
667
677
277
398
378
274
561
377
436
653
483
452
479
799
826
740
324
200
329
283
316
653
478

12
100
9
5
19
13
8
6
7
10
7
7
14
12
16
13
11
10
9
11
17
14
16
16
13
11
6
20
7
19
11
16
17
15
5
19
17
15
19
19
12
16
10
15
13
13
9
12
15
18
7
5
13
6
20
19
10
15
17
18
12
19
9
19
13
13
18
9
6
14
6
19
17
20
10
11
8
6
14
9
11
8
18
9
9
7
8
7
17
11
11
11
6
7
13
16
17
19
13
7
14
8
0
175
232
249
184
179
125
170
286
276
203
16
65
275
91
174
120
83
86
184
65
113
102
97
230
247
201
142
68
7
262
221
165
5
174
297
40
212
262
84
190
57
247
36
256
256
160
185
209
209
283
68
164
166
107
4
125
151
218
153
240
180
274
88
83
280
79
278
4
195
34
151
291
77
199
18
253
179
143
309
93
244
74
99
232
2
133
187
42
232
208
283
253
235
261
230
124
143
114
81
368
588
701
800
270
577
607
430
836
486
723
608
685
744
178
525
228
193
527
207
314
458
705
577
533
506
513
179
285
465
336
680
215
204
421
696
565
653
526
534
569
410
525
129
766
533
230
572
811
624
524
524
781
534
495
74
647
521
698
561
799
482
461
700
499
495
635
587
41
532
330
501
595
696
393
534
468
532
349
422
265
534
641
561
329
230
374
205
535
676
656
628
442
421
550
708
348
689
293
527

13
100
9
5
12
13
19
15
14
17
12
14
15
5
6
16
18
14
14
8
14
15
8
12
14
10
7
13
16
17
7
9
15
7
10
19
14
9
9
18
14
10
13
17
13
19
9
6
19
10
10
8
9
8
19
16
17
5
13
10
20
19
18
8
11
5
13
14
16
13
15
9
18
9
9
8
8
16
15
9
6
13
17
7
8
17
13
18
18
9
18
16
14
20
10
13
18
9
13
11
11
20
0
101
224
283
9
258
183
105
59
18
86
91
115
299
224
194
210
210
102
177
54
312
79
269
258
82
159
244
89
106
100
241
105
71
97
179
143
238
185
155
78
13
168
243
149
2
100
176
35
244
277
209
130
51
158
131
90
48
200
270
307
156
39
202
119
101
165
249
314
7
183
239
250
49
208
275
13
212
50
214
124
81
197
69
56
16
226
241
102
170
213
14
250
276
137
163
290
143
23
209
392
729
689
866
503
808
553
190
573
48
234
276
648
576
823
465
351
671
715
823
622
837
521
554
723
580
562
597
590
351
724
524
615
350
706
412
213
550
477
259
709
391
333
481
650
291
375
538
513
654
305
771
750
243
797
306
287
612
735
594
855
631
344
537
493
418
796
387
849
189
686
763
496
188
713
599
412
518
58
326
512
521
568
598
405
131
374
849
460
378
841
553
881
358
248
477
620
640
233
340

14
100
19
11
9
6
10
9
8
20
16
12
19
18
6
7
20
18
15
13
9
5
6
13
17
15
7
19
18
6
15
9
9
15
13
5
6
6
14
11
12
17
14
12
14
11
5
16
11
17
12
12
9
8
19
14
17
16
9
15
15
6
15
11
18
17
16
20
11
7
15
17
15
12
15
7
19
18
17
13
17
19
20
19
16
11
17
15
8
13
10
12
6
14
16
18
19
7
14
9
19
15
0
119
308
104
86
157
111
257
77
141
325
314
102
122
214
146
191
290
182
50
7
143
208
240
275
143
6
65
61
85
192
155
76
55
260
302
36
174
216
197
276
83
33
112
221
270
146
113
315
278
128
139
9
179
65
187
37
17
123
323
296
317
224
77
218
12
224
230
183
132
214
316
32
93
47
88
114
172
308
252
285
307
233
215
298
253
57
284
306
101
321
167
319
298
49
213
281
156
117
219
557
588
827
609
477
181
676
813
314
618
798
526
631
731
539
324
671
454
501
151
638
472
392
739
764
382
347
364
650
429
837
573
596
89
522
415
70
525
453
775
491
513
155
647
490
344
165
377
413
334
730
293
679
440
107
485
162
377
221
743
936
795
293
168
853
100
732
647
421
370
335
343
423
496
543
384
451
369
398
283
656
628
373
351
329
486
436
374
938
631
571
503
647
427
492
561
636
538
171
811

15
100
13
14
9
16
7
19
15
14
5
18
19
19
19
14
19
11
7
8
12
7
10
12
12
14
20
13
6
20
10
7
10
19
18
18
19
8
13
20
7
6
7
15
6
14
20
17
16
14
16
11
18
13
10
19
13
17
8
18
6
11
19
15
15
7
15
11
5
12
8
7
8
16
6
8
12
10
6
8
19
14
6
19
6
8
13
14
14
8
18
5
18
12
11
17
17
19
12
18
14
8
0
304
269
293
298
79
134
158
90
21
68
303
211
289
29
34
273
69
275
190
96
52
26
19
210
177
136
211
105
302
159
94
14
146
163
48
73
100
236
2
84
224
41
0
101
290
318
48
281
94
74
136
226
46
271
200
85
290
128
284
124
289
6
17
84
303
205
225
138
312
69
56
302
78
102
79
104
3
46
288
164
117
60
262
137
51
193
313
101
180
188
35
176
112
236
82
318
110
238
94
440
414
526
693
788
509
262
654
574
210
458
605
714
727
215
329
737
515
387
787
510
255
618
566
558
457
450
674
203
443
403
454
245
727
400
251
670
446
327
323
688
818
624
182
376
365
341
618
369
337
634
582
758
416
476
531
261
571
517
649
372
796
73
630
166
563
646
683
411
388
485
287
630
282
259
251
112
137
84
669
449
761
426
818
318
327
677
579
160
687
829
327
262
710
569
722
931
154
608
491

16
100
5
10
8
6
10
20
8
16
19
8
19
19
17
12
16
12
7
14
8
17
12
7
5
10
15
8
9
19
6
10
15
9
10
17
10
11
15
15
5
10
9
19
11
9
13
20
8
5
11
14
17
18
9
9
16
15
20
16
5
6
6
6
7
10
14
16
13
18
20
8
10
10
19
20
6
16
11
16
13
9
16
11
13
13
15
6
12
9
18
12
12
14
15
18
16
17
6
6
12
20
0
289
153
149
17
211
138
212
129
73
42
225
157
203
227
156
280
282
204
108
114
305
257
116
136
6
288
248
39
168
66
223
59
194
250
56
169
284
67
2
118
103
242
87
114
159
303
268
232
243
74
269
170
193
15
149
204
136
97
19
62
228
149
287
243
111
134
228
35
285
235
243
158
56
126
81
282
109
55
240
263
64
65
38
268
290
278
180
31
184
104
262
85
37
217
239
307
220
254
3
306
743
306
680
418
580
688
395
528
96
672
505
719
465
318
591
764
827
753
439
449
570
545
155
157
583
538
862
621
530
463
447
573
293
529
92
476
645
226
279
338
222
733
116
390
732
729
711
311
317
158
357
561
273
221
184
519
268
541
175
460
289
525
703
662
588
655
381
463
612
681
504
404
192
461
623
885
423
529
776
359
157
308
225
883
404
694
638
153
634
424
506
126
485
664
487
903
813
585
205

17
100
16
6
14
11
11
9
19
8
18
9
10
10
12
9
7
19
6
11
12
14
19
6
9
7
20
7
5
12
6
19
9
8
7
7
12
6
12
12
8
10
12
13
15
17
9
12
12
5
10
16
16
14
7
15
6
12
8
10
17
11
17
13
13
19
9
18
19
16
7
12
11
15
20
20
20
15
19
15
7
13
5
15
17
10
12
15
16
6
11
15
12
8
10
14
11
11
10
17
18
8
0
78
255
50
154
136
153
250
167
106
112
164
143
120
225
8
221
283
286
234
291
41
203
186
146
52
168
181
222
138
197
74
198
53
273
212
101
284
100
253
266
248
19
236
268
165
256
294
134
43
75
73
8
250
46
273
82
112
216
154
285
239
146
47
17
178
229
295
170
110
282
244
143
10
268
170
257
150
51
108
170
297
21
274
69
265
76
70
63
93
40
59
38
85
182
276
226
189
90
175
420
415
313
479
602
196
655
420
469
226
226
200
600
600
642
147
560
636
528
634
573
521
612
415
410
548
542
780
610
643
317
543
300
198
768
583
439
584
434
829
812
527
396
289
357
338
354
413
159
110
226
276
402
270
612
523
654
224
472
727
395
293
684
326
367
224
512
802
402
196
669
417
322
37
572
540
553
514
236
490
595
628
489
646
101
638
298
253
617
139
122
399
218
553
545
373
513
536
469
630

18
100
8
10
10
14
17
13
6
19
19
9
16
18
15
18
8
5
10
13
6
16
13
6
8
16
13
14
10
7
12
8
8
20
13
18
17
19
16
14
6
15
11
9
19
19
20
6
7
8
18
10
7
6
5
16
11
14
18
17
19
8
7
10
10
8
11
17
18
19
10
14
8
11
5
19
5
15
18
19
10
19
11
16
9
9
16
11
16
10
19
17
19
20
8
8
13
11
11
15
7
19
0
284
316
222
292
232
11
296
77
159
32
275
82
101
9
316
10
286
145
151
97
264
228
206
196
109
15
148
188
184
143
17
298
230
314
310
64
272
237
148
248
12
88
52
84
135
265
199
189
288
36
55
31
40
263
92
295
87
283
66
300
201
153
269
163
60
248
236
117
94
202
41
295
236
309
273
77
47
69
86
299
37
159
220
125
1
295
235
138
240
232
9
267
222
164
157
310
215
146
313
447
592
760
383
318
806
411
877
494
435
448
800
536
707
432
428
47
393
283
613
290
633
529
541
718
427
476
638
370
578
160
661
697
458
508
877
91
772
604
457
270
467
701
627
176
634
604
214
245
796
205
478
218
399
831
420
629
231
704
199
935
485
382
458
621
310
401
821
494
565
252
110
405
882
571
886
181
150
686
687
697
472
208
776
721
336
744
335
641
650
414
114
527
629
341
629
781
607
588
949

19
100
20
7
9
13
20
17
16
8
10
12
16
18
5
6
6
10
9
10
12
18
14
5
19
15
11
16
12
11
14
13
10
13
8
10
9
19
13
8
19
16
20
11
12
7
16
17
20
20
8
5
17
11
6
9
13
16
14
8
14
17
9
10
6
17
18
17
19
12
5
17
14
8
19
10
16
8
12
8
7
10
6
11
6
15
14
15
7
20
7
16
7
12
7
13
11
16
7
5
9
19
0
258
192
163
74
233
5
32
277
283
61
24
233
293
145
177
284
172
20
133
265
298
274
166
138
124
104
52
50
11
134
301
46
162
130
27
61
206
299
264
119
30
44
265
148
206
84
183
243
179
294
114
191
189
87
48
296
208
112
168
187
32
177
238
96
235
105
291
60
165
275
100
2
25
303
284
131
182
253
78
19
134
82
117
85
82
182
65
166
191
258
59
129
177
0
77
275
124
28
75
106
799
484
602
354
334
152
103
485
773
199
411
750
327
432
356
674
653
355
675
877
353
599
269
590
351
290
612
463
293
705
610
497
697
374
89
434
630
816
668
559
624
355
633
478
521
440
374
402
571
808
216
418
224
473
588
559
798
155
263
567
63
546
620
370
451
375
583
507
355
485
218
513
330
823
340
608
190
306
101
337
156
219
161
135
499
782
198
273
573
837
226
181
496
272
652
572
599
234
566

20
100
10
15
17
17
16
11
11
18
13
20
7
13
13
16
13
11
16
9
19
11
12
7
14
12
15
10
9
8
19
10
19
18
8
16
18
19
11
11
10
13
6
20
9
9
10
9
14
6
9
9
9
7
13
6
17
20
8
6
12
13
14
17
6
11
11
13
14
13
10
17
18
16
18
15
15
6
12
17
8
14
19
9
12
13
11
15
9
16
18
14
18
13
6
15
14
5
10
8
15
16
0
11
192
108
301
230
305
302
55
175
314
106
208
51
47
142
311
285
184
233
216
42
274
10
31
236
19
151
99
171
55
98
112
210
155
304
175
233
269
114
83
252
123
270
230
243
242
195
140
189
132
7
219
215
280
262
204
241
221
184
221
313
287
63
133
66
238
20
268
80
161
192
125
81
20
229
64
251
70
310
57
275
90
306
161
162
301
245
292
20
11
285
167
273
27
189
140
137
113
317
30
603
377
722
343
729
804
905
314
556
803
149
790
615
677
424
821
873
496
807
292
289
386
290
83
648
361
342
322
734
665
209
260
628
563
427
242
845
865
423
403
728
631
835
685
581
853
394
196
481
771
479
720
352
802
400
503
291
367
570
467
873
772
658
415
475
375
408
795
214
555
462
550
183
576
264
142
615
263
656
622
889
267
569
753
706
538
418
814
162
204
513
359
598
525
678
515
377
639
382

21
100
19
15
13
17
18
5
15
15
5
12
17
6
13
13
7
12
19
10
18
15
6
10
5
19
8
15
13
7
12
14
11
5
12
10
5
17
6
17
7
11
17
12
18
18
10
15
15
8
14
13
7
15
6
7
18
9
15
5
10
14
19
12
6
9
6
19
8
12
6
8
8
10
7
16
14
20
12
20
6
7
8
6
11
9
16
11
12
16
14
6
6
14
12
7
7
11
12
19
16
5
0
199
83
43
80
44
3
192
133
5
124
169
155
75
104
207
220
189
92
143
104
96
272
92
218
213
105
2
75
31
209
287
185
147
102
71
121
128
279
150
113
4
85
237
50
243
170
230
86
131
102
274
184
177
209
73
193
39
277
65
123
194
94
271
169
30
285
2
154
271
282
53
255
101
28
114
90
102
211
277
43
187
65
252
172
171
55
222
277
11
31
160
267
83
181
72
29
272
10
24
546
782
226
269
140
530
395
280
570
388
448
283
512
462
654
501
697
682
640
381
276
520
435
619
409
513
265
154
368
260
604
456
420
356
509
326
214
248
313
736
605
560
411
336
605
706
636
349
287
318
252
464
394
376
333
225
626
176
660
611
177
603
271
609
361
162
360
213
346
291
674
127
494
633
69
200
406
268
400
586
527
405
266
468
696
745
562
745
735
508
617
682
388
120
560
114
393
354
38
512

22
100
17
18
7
17
18
13
8
6
16
8
11
8
12
17
6
6
14
14
14
7
14
6
10
11
9
13
15
5
15
6
16
8
19
8
12
11
8
11
17
14
19
16
8
5
18
17
8
13
10
7
19
12
19
7
10
12
15
8
16
19
12
12
9
11
19
10
17
14
17
8
13
6
14
15
6
5
10
19
7
14
18
11
17
15
6
13
15
15
18
18
9
9
12
6
14
8
8
13
14
8
0
226
108
276
76
63
292
209
116
167
79
54
229
33
5
82
147
185
86
163
74
125
126
64
273
205
25
104
211
6
289
235
285
145
143
24
256
65
102
34
129
257
32
114
30
262
197
244
281
290
222
47
33
221
148
188
203
207
41
273
296
260
193
92
7
25
195
19
19
50
137
167
188
7
94
164
124
26
245
30
42
274
207
116
253
120
220
277
194
166
70
155
187
39
171
164
189
45
108
194
497
619
649
628
461
328
352
385
209
599
643
141
490
538
206
629
554
791
499
635
105
663
608
176
811
385
411
181
301
491
613
476
665
258
221
601
369
626
153
640
355
691
216
219
174
609
356
347
553
353
672
146
172
725
529
587
626
696
398
859
342
674
444
491
437
303
521
517
197
606
300
659
689
59
205
622
217
368
535
273
495
509
359
300
669
162
815
589
569
311
142
276
266
617
630
498
746
109
351
521

23
100
20
10
6
16
19
18
16
16
19
16
11
14
16
12
12
16
7
16
12
6
18
6
17
10
7
10
15
20
17
17
19
17
14
16
12
11
16
7
19
7
14
14
17
14
9
7
12
8
12
15
7
12
10
19
9
7
7
7
14
15
13
9
8
13
13
20
13
12
5
19
17
12
8
7
5
6
17
6
12
18
14
7
12
14
15
12
16
14
9
5
14
6
19
9
9
19
10
15
20
6
0
20
163
61
114
277
289
178
56
201
313
90
36
214
263
96
58
292
94
199
12
256
119
288
136
173
167
3
174
236
290
293
118
301
298
268
231
36
313
165
65
152
241
266
166
20
52
281
201
14
25
49
23
92
4
97
250
143
292
83
53
206
80
246
70
115
140
144
264
136
305
104
14
263
58
287
17
60
306
286
71
163
169
133
178
98
94
292
306
150
86
236
267
31
258
132
76
200
73
185
140
368
785
601
383
818
374
297
648
647
732
372
663
552
529
408
485
721
191
403
383
311
412
361
734
354
356
102
727
732
662
766
503
502
742
459
722
203
603
290
446
365
332
865
604
576
351
437
728
197
632
334
625
346
221
644
304
485
817
465
222
467
542
425
151
587
336
375
510
502
363
416
556
283
589
482
631
105
628
657
547
319
631
553
362
194
665
599
421
401
190
797
546
584
286
465
154
835
420
247

24
100
10
17
19
11
16
18
17
18
7
8
10
8
11
17
19
16
12
17
6
9
11
13
13
13
7
7
18
15
8
11
14
20
12
17
7
10
15
7
12
9
11
7
18
17
7
11
14
18
10
11
18
13
9
16
16
11
18
17
13
17
11
13
11
18
10
19
13
12
7
8
20
14
15
10
5
19
12
14
9
14
9
17
10
12
13
20
7
17
5
7
12
19
17
19
8
7
10
10
8
18
0
38
212
272
144
221
258
202
20
83
36
11
291
196
76
152
10
76
145
145
162
221
44
64
25
296
135
263
119
226
188
95
179
247
57
69
223
292
124
231
182
198
254
172
83
136
278
141
94
212
132
55
185
235
112
35
312
176
313
218
229
117
60
276
168
179
202
225
213
202
154
85
233
306
221
293
132
176
122
107
35
140
99
53
181
265
10
233
123
228
226
220
214
17
45
18
185
72
19
159
69
634
336
465
629
854
912
762
396
483
132
213
475
492
573
723
277
366
207
535
777
709
611
261
121
485
241
303
421
740
608
304
260
630
173
609
671
686
173
590
430
224
369
532
392
674
604
325
372
706
200
246
327
409
695
338
615
427
666
245
764
482
521
510
342
360
782
866
576
294
412
581
765
945
298
472
347
221
416
653
282
684
250
303
590
359
240
702
326
476
449
376
367
102
537
274
507
304
258
729

25
100
9
6
14
16
10
12
10
15
10
17
15
14
11
11
11
13
13
13
20
6
18
8
8
19
6
10
12
16
7
6
9
14
15
9
13
10
16
8
18
7
18
8
12
8
6
7
7
10
9
19
15
7
15
11
12
11
18
10
14
9
6
9
6
11
11
16
8
18
9
16
9
18
10
11
7
15
11
10
14
14
19
5
13
5
14
13
6
19
16
13
7
9
9
18
14
12
8
19
15
7
0
187
109
266
92
254
6
73
173
194
25
182
281
172
256
196
85
8
199
186
288
271
213
50
181
136
75
203
4
138
128
86
187
240
69
210
222
195
271
149
58
204
109
219
58
83
221
148
50
218
263
148
256
153
244
9
238
169
233
175
96
214
74
127
77
88
56
94
186
219
71
224
45
197
256
32
29
259
73
159
100
260
275
174
10
151
43
36
226
0
166
91
207
90
168
212
140
275
262
289
230
228
344
298
499
370
55
390
463
319
162
463
310
198
474
505
634
488
347
213
882
589
476
343
473
408
612
752
170
148
600
476
468
514
100
492
543
329
415
412
187
733
576
273
649
167
505
446
644
342
795
455
544
376
291
237
277
359
250
713
203
328
138
651
300
506
166
343
760
342
291
825
120
565
483
279
353
609
327
447
586
480
439
446
472
225
559
621
678
571
734
549
354
424
664
765
515
541
316
472

26
100
17
18
10
20
7
18
16
13
12
7
6
5
18
20
16
19
19
17
6
18
6
10
7
16
6
14
16
15
17
9
9
17
12
13
16
17
9
6
16
18
7
6
6
10
16
13
5
7
15
17
15
10
11
11
6
7
16
8
12
16
13
14
13
16
16
17
19
14
11
13
17
16
11
18
19
9
6
12
5
11
5
19
12
9
9
17
16
14
19
15
9
8
10
18
5
20
5
15
7
5
0
183
170
105
253
236
200
288
148
158
46
10
113
215
159
304
92
63
109
97
219
257
226
91
17
296
128
35
222
90
163
65
184
265
62
76
270
24
226
304
14
210
239
172
190
277
33
171
188
234
179
82
112
40
148
153
238
8
109
141
42
8
88
304
95
81
174
193
255
270
299
289
270
90
152
119
1
108
244
98
29
152
309
105
174
27
136
165
158
92
253
308
216
67
52
282
281
286
178
263
479
279
534
346
529
305
447
684
502
375
663
120
327
252
175
675
396
376
450
665
301
578
730
697
613
554
662
232
699
689
234
448
744
530
190
485
848
545
478
704
261
625
592
682
497
304
617
337
433
624
261
591
188
308
294
680
647
402
325
291
588
341
671
826
497
578
713
762
341
471
550
320
796
500
657
545
261
213
862
112
512
353
877
312
558
575
727
453
569
413
340
645
809
590
480
767
607
815
789
304

27
100
13
10
7
17
10
7
10
5
15
7
9
15
9
19
5
9
11
15
14
18
20
7
6
18
10
6
20
19
9
15
11
18
9
17
10
6
13
13
8
18
10
15
18
12
15
11
6
8
20
15
19
11
18
8
13
15
5
13
9
6
16
6
12
16
8
14
14
12
8
16
5
6
11
13
16
16
19
7
19
13
12
18
11
15
16
18
6
6
15
12
5
10
19
7
16
5
14
14
10
14
0
64
79
166
44
52
175
181
88
26
36
29
133
181
32
141
203
283
280
259
27
172
72
135
28
25
176
109
212
222
229
2
202
223
15
40
154
269
181
92
21
133
250
66
249
248
120
153
163
74
163
107
153
218
50
237
280
137
217
224
195
81
28
277
278
298
190
140
91
96
141
147
112
116
84
156
127
65
219
231
231
141
159
144
256
221
192
42
234
167
95
237
139
195
182
77
301
107
12
194
287
630
130
611
512
351
207
527
548
349
113
287
202
544
155
471
473
831
327
596
558
191
500
621
360
590
394
217
699
485
767
131
625
718
240
308
207
561
305
324
61
233
650
378
620
678
367
300
403
151
712
647
544
628
496
495
311
654
435
607
505
609
175
298
578
736
364
176
360
228
363
324
386
203
320
182
477
147
544
668
568
762
510
159
792
500
655
513
824
634
563
613
486
551
652
349
394
162
503
701

28
100
9
16
15
7
16
8
12
18
14
10
11
12
14
17
14
15
14
12
16
11
20
16
16
19
15
14
14
8
15
20
19
19
8
8
18
7
14
15
5
17
13
18
14
12
6
11
14
12
8
19
6
7
15
11
11
10
20
6
13
12
20
7
17
13
9
5
6
19
10
14
9
13
15
13
20
5
6
11
6
20
9
11
17
10
10
8
19
12
15
10
16
16
15
20
12
13
16
15
7
12
0
95
229
123
214
100
83
37
289
211
10
184
210
211
111
126
250
310
42
209
299
135
303
308
301
24
163
311
285
17
260
66
76
111
88
212
228
83
26
319
80
207
33
260
273
180
175
285
165
168
254
243
38
8
158
176
155
147
142
168
134
27
76
58
9
83
96
114
24
160
79
59
200
191
57
133
267
137
284
278
34
198
170
179
138
211
258
100
37
241
44
92
267
293
301
120
31
185
139
251
62
315
329
641
867
657
375
105
799
860
286
470
543
659
330
385
347
802
598
611
961
602
709
630
801
621
197
737
354
429
908
262
702
305
290
505
706
462
495
676
574
400
262
404
299
767
701
670
432
188
724
466
508
559
504
389
637
622
675
444
181
328
668
209
559
258
361
321
416
589
432
407
695
565
85
375
573
325
447
648
259
477
653
778
293
521
410
169
155
454
514
486
559
955
827
776
537
441
362
281

29
100
17
17
5
18
15
12
19
14
19
14
14
15
19
9
9
10
19
15
15
6
11
18
10
15
7
18
19
6
15
6
6
18
19
12
5
10
9
16
18
7
6
10
12
12
6
6
20
20
15
10
12
15
16
19
11
13
10
14
10
18
11
19
18
14
19
20
19
16
10
15
13
17
17
19
7
11
13
16
13
19
13
7
5
7
10
9
18
18
17
9
11
19
16
6
19
11
9
10
20
6
0
119
190
326
249
166
148
158
303
33
111
306
266
69
144
55
329
61
287
251
217
210
330
186
254
124
215
261
70
243
111
289
68
316
64
110
300
319
253
22
205
112
85
43
191
230
164
191
189
100
53
106
154
80
171
199
308
269
85
26
101
177
208
18
16
167
168
295
194
126
188
44
25
260
64
131
298
133
100
164
119
185
247
305
142
184
134
33
4
185
231
197
191
97
193
208
196
113
257
35
471
368
403
712
851
753
234
227
924
151
544
883
846
561
499
126
481
654
306
436
656
890
387
384
546
167
476
492
644
716
480
702
493
910
229
701
766
947
420
508
395
248
126
192
565
570
637
562
841
707
364
769
486
377
688
365
853
420
710
437
666
680
658
117
246
435
432
500
308
270
259
721
184
372
653
676
335
467
573
233
410
693
683
803
280
203
439
527
136
615
904
513
631
413
340
634
389
557
607
461

30
100
20
17
12
16
12
6
9
13
18
7
10
16
17
19
9
16
13
18
5
7
13
14
6
14
10
18
13
8
13
19
8
11
19
18
13
19
9
10
6
19
15
19
13
15
19
11
18
17
8
6
17
7
11
15
12
12
7
17
12
20
13
18
18
17
16
10
13
17
11
19
5
8
7
7
16
7
6
12
14
12
19
11
8
10
18
20
9
6
6
5
16
12
12
12
14
15
7
5
8
13
0
93
15
171
73
261
307
139
231
27
289
157
243
219
254
8
206
176
310
95
27
129
60
245
68
258
54
112
123
17
225
141
204
226
109
287
155
173
181
178
309
100
259
140
194
63
296
122
54
166
169
64
264
118
286
312
274
256
266
261
48
95
37
146
247
27
288
43
54
3
305
80
218
214
240
1
136
111
143
194
19
146
291
125
106
66
205
63
99
27
231
160
232
245
257
236
221
103
72
10
78
729
85
781
594
645
755
503
456
71
858
388
686
590
784
74
370
324
825
407
396
667
377
676
444
521
248
170
345
598
345
269
691
413
624
526
432
209
812
362
376
279
706
457
546
407
525
287
603
600
615
198
780
625
423
539
778
332
872
602
542
597
91
775
425
480
821
360
568
337
570
126
302
791
387
148
322
519
755
599
136
774
594
763
344
205
416
308
178
583
296
407
394
554
629
588
501
200
608
402

