1
10
19
18
9
7
17
6
6
9
14
12
0
12
21
18
5
10
13
10
7
27
23
44
61
77
64
39
72
43
39
45

2
10
12
8
18
8
16
11
17
8
13
15
0
12
23
11
28
18
2
25
2
19
21
37
43
40
104
53
35
60
31
88

3
10
20
6
5
20
9
19
12
6
16
9
0
15
25
4
1
16
20
7
19
11
35
74
67
62
35
64
76
61
43
22

4
10
12
14
11
20
6
19
14
18
10
20
0
10
1
24
24
16
26
12
27
6
31
68
57
85
97
61
70
101
71
88

5
10
9
13
11
15
6
15
9
19
6
18
0
8
5
25
19
30
2
25
6
11
61
22
34
94
36
56
68
99
21
86

6
10
5
9
8
8
11
19
8
8
11
15
0
7
23
15
13
25
20
23
10
10
27
20
58
53
61
56
29
75
56
62

7
10
20
14
11
7
8
7
14
16
18
18
0
7
4
6
19
8
25
1
20
14
59
24
47
25
36
25
95
19
84
70

8
10
6
6
12
18
19
16
14
12
5
18
0
23
30
19
6
28
22
8
3
12
55
49
50
89
74
49
42
60
54
57

9
10
18
7
13
9
12
17
17
12
17
12
0
19
32
23
26
15
33
33
16
8
58
81
95
52
97
35
78
77
90
51

10
10
20
9
13
19
15
18
13
10
12
14
0
8
1
12
28
4
33
10
5
30
33
36
72
90
46
40
92
46
26
102

11
10
5
10
17
16
10
15
17
19
14
7
0
17
20
18
16
26
16
18
17
26
64
48
66
45
48
70
37
79
60
57

12
10
9
6
7
10
6
5
15
6
18
15
0
10
20
5
1
6
13
23
5
20
25
19
64
38
49
37
35
50
34
50

13
10
17
6
14
13
11
6
11
10
7
13
0
0
14
18
4
17
16
5
19
24
59
14
80
62
46
57
77
25
35
39

14
10
19
9
13
5
19
20
12
10
7
7
0
15
21
16
10
13
18
26
4
7
52
49
65
49
46
42
78
86
37
36

15
10
7
18
14
18
15
13
20
6
15
17
0
34
14
22
24
10
25
26
30
4
67
84
96
42
40
85
112
37
66
58

16
10
11
12
6
8
13
11
18
15
6
16
0
21
11
21
3
15
27
29
26
14
35
50
53
40
62
49
91
57
86
63

17
10
16
19
10
19
11
12
11
13
15
11
0
13
26
19
7
13
24
15
32
3
47
85
59
46
77
47
74
56
60
34

18
10
5
8
6
9
10
17
17
6
7
7
0
11
10
9
3
5
2
22
8
16
19
51
27
63
34
65
25
72
23
36

19
10
13
18
9
11
16
14
12
10
14
10
0
22
26
17
19
22
17
3
27
4
58
83
42
86
66
70
51
62
47
29

20
10
11
19
11
11
16
15
14
20
17
19
0
17
15
34
26
15
5
14
1
6
57
40
94
62
54
81
37
85
29
48

