1
15
7
18
5
6
13
9
20
9
12
17
9
19
14
11
15
0
8
5
8
21
5
16
30
9
4
29
41
0
13
12
88
35
26
19
94
98
52
56
62
58
127
103
56
57
80

2
15
20
10
12
12
13
8
19
13
18
9
13
13
13
12
15
0
34
6
47
6
8
10
7
11
43
46
22
26
16
3
74
88
76
83
101
68
57
46
80
128
148
116
102
59
86

3
15
10
12
16
7
12
17
9
10
10
5
6
6
6
11
7
0
9
25
35
1
25
15
30
7
33
25
14
3
34
11
69
62
81
83
15
71
70
77
74
83
65
39
26
88
32

4
15
11
8
15
16
16
19
16
7
5
6
11
16
20
13
8
0
43
35
30
4
5
22
20
40
33
2
6
3
23
29
25
83
86
59
80
42
111
72
122
84
83
107
38
114
48

5
15
8
17
15
15
6
16
9
10
9
9
13
10
7
16
20
0
13
44
13
37
6
37
8
21
18
2
23
8
36
21
42
94
101
70
81
23
81
68
73
41
42
38
59
138
58

6
15
9
9
12
16
17
12
16
13
12
7
18
15
13
20
19
0
7
19
43
0
12
32
48
8
3
45
3
28
4
46
34
105
64
99
47
63
136
104
112
12
89
62
91
74
134

7
15
18
14
7
7
16
11
9
18
13
5
20
5
7
11
16
0
34
30
0
5
17
37
2
2
26
8
39
29
17
24
33
135
83
7
98
40
112
30
85
102
108
120
102
85
54

8
15
18
9
17
13
9
13
16
13
10
14
14
20
9
7
18
0
30
50
40
38
19
34
38
29
18
21
21
24
43
17
66
77
163
142
65
78
97
90
115
120
89
136
112
122
43

9
15
15
15
19
7
11
16
17
12
14
11
9
19
20
13
18
0
17
25
44
34
21
34
24
2
47
38
5
50
31
18
40
122
149
111
122
82
134
124
44
148
144
66
98
44
41

10
15
14
6
7
18
16
14
20
19
16
7
13
19
17
6
11
0
21
19
17
50
39
37
39
49
37
32
14
8
1
27
18
124
92
71
161
79
70
102
72
57
114
72
31
69
125

11
15
6
14
18
11
12
9
18
14
5
15
11
17
15
13
17
0
4
22
37
16
17
42
32
34
38
44
31
1
8
5
98
77
42
132
102
40
85
75
40
134
122
59
66
87
61

12
15
8
14
10
11
12
15
13
8
6
13
15
13
9
6
15
0
21
34
8
20
31
23
2
11
19
5
13
38
8
29
64
113
72
92
94
55
57
76
51
33
96
52
114
93
48

13
15
14
9
9
10
18
20
18
10
9
7
9
18
12
15
16
0
19
13
39
22
1
34
5
5
5
28
38
28
27
20
44
37
35
142
108
43
127
15
45
17
56
63
136
93
119

14
15
10
12
15
13
9
17
15
11
7
13
19
10
18
19
6
0
42
27
38
13
28
8
40
2
29
21
48
48
38
0
102
91
85
56
86
114
109
56
102
57
125
69
138
135
36

15
15
14
9
11
5
10
15
9
7
5
13
11
20
15
13
9
0
21
39
22
20
3
21
10
19
35
36
30
30
21
35
24
89
97
78
69
86
98
72
46
91
110
70
127
38
101

16
15
16
8
7
18
15
13
13
17
17
17
8
16
18
18
8
0
43
52
47
11
31
36
29
34
27
3
31
10
13
24
77
59
61
164
52
98
88
142
69
89
24
115
111
131
135

17
15
6
13
16
18
15
6
13
19
12
16
10
19
9
12
6
0
26
7
1
28
38
7
23
47
27
15
37
12
8
47
46
64
117
69
133
92
34
77
103
104
32
106
77
72
94

18
15
13
13
13
14
16
9
18
11
13
14
16
6
10
5
8
0
23
11
32
18
10
3
37
40
40
44
27
1
30
16
94
40
100
84
49
88
49
101
113
93
117
88
14
99
57

19
15
13
18
15
10
9
11
10
8
12
5
11
16
17
18
18
0
16
16
39
38
30
2
24
22
38
44
33
39
48
24
18
71
51
56
102
59
34
56
39
96
90
90
127
142
116

20
15
13
10
7
16
16
15
19
16
16
13
5
5
18
8
18
0
19
26
32
49
11
15
33
19
24
42
1
18
17
27
57
113
112
74
158
48
81
125
47
97
97
50
126
72
52

21
15
12
9
11
10
14
15
10
7
10
19
7
17
7
11
15
0
30
14
40
27
3
25
18
18
17
24
7
15
4
16
32
92
30
109
64
67
101
96
82
36
87
49
65
54
71

22
15
13
7
19
6
7
7
8
9
10
8
12
7
6
20
15
0
37
5
29
29
4
15
37
23
11
35
36
3
21
2
64
78
43
102
106
40
23
72
66
94
108
115
46
115
58

23
15
8
7
10
8
17
13
19
10
10
8
18
19
18
16
11
0
28
25
6
21
24
22
7
44
13
7
20
18
21
3
46
127
72
97
69
58
77
102
98
107
26
56
66
131
46

24
15
7
18
12
14
12
17
18
6
19
7
5
14
15
19
5
0
27
42
34
14
25
33
33
17
29
11
7
43
15
25
78
99
112
101
44
79
100
89
119
76
50
56
134
117
88

25
15
18
8
16
7
19
6
12
18
11
13
19
14
6
5
5
0
22
38
15
24
20
19
4
43
7
16
39
37
13
12
25
57
71
96
92
61
71
40
121
63
54
91
94
46
62

26
15
8
9
18
18
13
7
19
5
11
18
14
12
12
14
5
0
14
24
23
36
5
14
36
7
27
1
1
10
28
14
66
25
48
94
130
76
97
125
63
120
18
54
69
86
51

27
15
7
20
6
11
11
12
12
8
6
18
9
5
8
16
6
0
37
13
37
28
20
30
24
22
15
6
3
24
31
6
79
78
84
107
77
53
47
77
31
44
35
65
41
53
70

28
15
18
15
7
9
17
20
8
14
16
5
6
10
11
17
17
0
3
17
34
21
44
26
33
47
18
11
12
12
14
44
23
38
56
98
71
73
89
129
109
67
87
81
62
79
141

29
15
14
18
5
8
10
9
5
15
14
12
17
19
17
17
19
0
8
3
27
19
44
21
0
20
48
30
26
33
34
15
103
103
55
105
100
57
124
93
105
136
60
137
51
89
114

30
15
9
7
18
17
13
15
12
20
16
16
7
12
19
11
6
0
41
40
18
24
32
28
9
42
43
41
3
2
21
24
86
111
122
126
93
103
70
96
148
103
127
43
52
121
55

