1
150
20
9
10
14
8
19
14
13
18
10
12
17
9
6
15
19
19
12
7
15
9
15
16
16
10
18
8
19
11
14
15
7
19
17
7
17
11
7
15
8
9
7
13
6
6
8
17
11
6
19
17
19
6
19
15
7
9
19
12
19
8
13
6
9
6
9
17
6
13
18
16
13
19
11
8
9
8
11
13
7
16
8
10
13
15
12
9
16
15
18
17
14
12
7
8
10
19
7
9
15
7
17
9
19
8
19
15
19
8
10
13
9
15
14
10
13
18
18
15
18
12
14
13
20
15
12
7
9
10
10
6
14
12
14
11
16
17
17
14
10
9
12
10
8
15
16
20
20
8
18
0
111
143
37
344
287
353
368
231
457
57
64
189
414
303
169
433
142
420
321
380
15
347
150
184
267
367
365
421
351
241
420
95
459
422
404
64
98
188
273
185
288
157
227
134
471
195
128
259
21
195
337
89
194
440
426
349
257
465
51
392
267
271
354
259
428
419
176
185
4
115
199
132
445
260
275
257
17
124
186
111
277
327
41
362
279
299
96
67
287
63
4
408
369
206
128
339
451
376
174
263
32
170
161
149
343
345
396
116
21
158
257
366
372
173
53
406
395
145
44
137
460
395
447
391
59
62
286
243
443
192
344
106
404
282
8
327
301
46
374
474
216
261
92
465
200
175
118
152
384
209
198
991
771
1249
810
447
1090
706
985
812
631
948
880
814
403
1011
913
1019
572
558
169
1250
273
781
742
1056
547
1296
476
783
989
434
801
1058
428
673
640
723
466
268
826
547
727
423
1281
316
590
986
686
570
407
822
949
1136
697
382
455
1307
665
856
750
733
993
766
1099
815
802
505
951
739
619
437
1178
516
566
799
178
303
458
415
586
561
471
1265
944
826
690
122
1029
428
278
1232
670
738
1002
698
1057
1236
701
978
875
486
949
452
1234
653
751
595
920
586
959
572
404
673
731
466
469
299
223
830
759
548
956
485
691
785
888
444
720
1134
752
966
885
382
126
387
756
541
424
761
1029
410
405
683
933
734
178
860
612

2
150
17
12
18
13
8
15
13
17
14
13
8
12
13
19
6
9
20
12
8
12
18
14
11
16
6
19
18
7
17
14
19
15
8
9
7
19
13
19
16
6
7
15
10
14
11
15
17
16
13
13
10
15
11
9
15
12
14
19
13
12
13
10
17
5
17
5
19
13
8
11
15
6
20
14
8
17
14
6
19
14
17
9
16
13
7
5
5
10
12
5
9
15
10
8
19
6
11
9
10
6
9
7
12
13
8
9
12
17
5
13
14
17
12
6
11
5
8
18
18
13
6
9
20
10
13
5
19
18
11
8
11
18
17
5
15
9
11
19
9
6
15
10
8
10
15
16
8
18
16
16
0
337
269
183
102
148
326
360
236
459
172
306
151
381
30
14
426
415
187
392
162
312
329
257
309
194
167
35
211
379
221
396
156
251
6
378
387
347
321
245
165
167
442
311
231
63
128
28
278
119
15
89
312
275
185
345
281
117
130
407
395
279
384
358
197
213
281
150
207
231
398
172
38
306
11
186
31
289
404
49
318
14
238
311
205
283
249
149
78
430
264
391
441
353
286
321
270
425
134
191
366
266
196
414
64
365
66
167
344
177
402
184
341
368
162
30
275
62
82
183
116
456
412
114
84
126
81
400
151
301
60
54
15
356
117
342
408
422
27
272
307
124
426
94
98
200
88
304
228
156
33
453
903
409
167
978
678
1190
702
994
236
929
492
400
698
633
1255
946
741
854
787
933
674
1125
639
960
622
115
1000
661
1069
585
545
859
145
1092
443
456
1028
370
368
278
552
546
568
223
900
596
740
184
419
328
1240
901
918
1073
415
643
882
572
645
582
1302
763
565
417
574
1022
1113
936
1311
479
650
1076
662
1081
656
492
1074
727
1182
892
689
504
464
526
496
189
910
1150
618
778
975
943
586
878
826
481
757
585
495
506
294
955
755
457
964
785
1254
493
560
1070
976
1277
826
626
1070
623
623
820
968
1273
687
847
141
736
893
1331
503
700
700
217
909
847
650
1038
533
731
901
711
475
309
760
993
951
1095
124
468
479
503

3
150
18
12
7
9
13
14
7
10
6
16
16
15
15
10
6
6
9
13
6
19
14
17
8
5
18
9
11
15
8
14
7
17
15
20
8
11
19
10
11
8
14
14
8
5
19
13
7
17
11
9
12
11
16
11
10
13
16
7
16
5
5
7
11
15
6
13
10
17
11
19
14
8
17
10
8
19
14
11
7
9
16
10
20
8
7
8
17
7
10
13
18
17
20
7
19
9
10
9
12
18
15
11
14
19
8
10
15
17
16
7
8
14
10
14
17
19
12
11
6
12
13
11
15
5
15
10
18
10
9
5
6
9
8
8
13
12
18
18
7
6
9
5
11
9
14
19
17
6
10
15
0
383
437
185
93
262
256
227
313
279
162
27
214
231
228
290
13
249
160
55
360
419
40
62
291
91
224
236
385
236
118
80
317
403
239
314
200
305
192
352
232
256
65
157
59
268
100
181
353
24
370
387
19
428
198
39
433
59
396
170
330
115
45
168
306
75
236
180
112
318
268
342
146
153
53
56
90
390
18
359
338
243
232
141
41
351
279
362
71
387
277
386
309
363
111
102
428
332
404
421
253
37
56
258
421
311
101
351
313
239
279
43
199
318
284
45
132
290
87
406
302
117
184
44
282
325
173
413
90
403
60
76
57
378
30
123
219
252
422
70
196
194
306
187
294
180
407
118
344
197
664
1178
696
473
556
808
486
393
532
809
488
95
420
530
624
950
493
980
477
98
635
842
931
134
1155
843
668
788
943
480
507
722
1077
536
248
485
820
574
218
1239
732
436
633
856
682
335
815
296
933
64
553
679
749
717
852
604
613
336
669
589
822
956
896
749
468
946
374
355
327
789
447
935
243
757
553
785
631
789
267
372
853
896
1116
885
534
1038
987
1159
240
1015
933
668
357
872
827
201
808
884
688
1130
271
928
774
571
1033
1071
922
1255
818
1063
930
150
640
818
1121
162
259
523
161
733
991
815
821
549
1124
1053
362
965
336
579
387
623
389
1168
621
855
375
660
1103
449
806
535
1014
864
873
272
920
896
961
762

4
150
10
7
17
8
12
18
15
16
8
10
12
16
12
12
8
16
10
13
11
6
12
9
14
6
18
19
9
17
15
19
18
7
5
6
7
15
12
5
6
18
14
6
17
8
6
9
20
12
9
15
9
10
15
18
14
16
8
10
15
7
10
11
18
11
11
13
16
13
12
19
15
5
5
11
6
11
18
6
14
13
14
19
17
14
8
17
10
11
16
9
7
10
19
11
12
14
14
15
13
8
14
15
12
13
17
10
6
6
18
8
15
15
9
17
18
9
11
14
20
14
8
14
6
14
7
9
18
7
10
8
13
6
7
13
19
6
6
16
15
19
10
6
6
19
20
10
12
14
14
9
0
209
119
82
50
369
55
332
193
411
376
139
268
336
153
315
387
79
361
350
28
364
231
382
89
208
44
100
128
301
326
313
284
3
287
3
441
352
373
21
273
388
26
390
392
78
28
89
109
318
83
300
179
175
121
115
142
398
12
141
8
237
331
277
402
217
205
347
71
186
301
237
258
267
216
86
345
415
132
365
176
296
71
94
231
169
265
307
138
435
67
137
275
54
273
323
148
117
384
159
112
84
212
421
126
224
85
112
300
38
435
447
76
305
19
310
374
340
338
235
90
386
119
21
345
262
99
271
177
113
155
193
224
275
440
142
382
218
314
349
272
368
410
218
274
422
256
70
189
245
859
635
306
303
583
539
837
397
530
552
1007
961
1067
745
888
524
1133
93
852
356
860
627
494
631
889
507
851
240
930
732
363
1038
520
445
853
309
1090
426
1179
701
953
864
917
536
1097
648
713
619
609
876
785
335
322
260
164
725
593
1112
332
618
466
436
369
826
1044
973
1117
1134
685
1077
815
988
1113
428
361
582
1082
1308
603
633
743
316
204
174
350
398
1071
504
456
870
493
915
648
800
709
389
317
144
1270
266
928
824
389
961
577
967
380
185
401
328
1345
1342
429
661
358
478
1271
919
792
411
877
631
951
418
1180
680
171
576
630
908
489
1006
411
597
1154
404
1086
649
955
667
481
545
1063
514
398
589
575
906
424
1056

5
150
7
18
12
9
12
6
17
6
7
14
11
12
7
13
18
7
19
9
7
11
15
11
7
19
18
20
20
7
7
11
18
12
18
14
10
20
7
7
9
12
16
6
12
8
11
19
12
12
6
17
17
8
16
19
9
17
9
16
6
9
19
8
8
13
9
16
16
6
6
14
18
7
13
19
8
16
13
11
7
11
5
9
18
16
15
5
9
13
12
9
10
18
7
14
19
6
14
15
16
12
11
16
14
11
18
12
8
5
18
5
8
19
12
8
12
6
9
11
12
19
14
11
16
13
8
7
10
18
18
17
9
13
16
14
17
9
15
6
14
8
20
7
16
15
14
18
12
16
14
10
0
156
232
207
432
7
34
367
95
416
235
302
275
156
382
234
297
150
329
290
8
383
390
341
334
366
445
222
377
320
131
350
209
434
204
230
352
403
310
378
215
288
129
89
244
309
63
257
416
148
160
2
298
433
325
451
179
82
67
281
251
448
363
51
67
308
376
402
340
432
342
106
108
405
140
187
54
0
272
350
423
191
278
350
173
12
391
358
71
431
81
110
261
435
221
56
88
149
206
162
354
332
452
74
152
208
219
398
414
433
272
81
354
285
321
233
291
22
284
163
278
257
388
124
204
82
412
197
429
55
433
170
369
295
172
421
48
246
217
365
210
10
375
6
29
161
288
232
401
407
592
255
1034
1079
1103
246
757
509
889
1186
477
937
911
185
1143
269
485
1030
741
968
708
460
758
972
559
974
1331
627
534
953
686
657
973
919
738
598
488
776
468
610
655
526
646
124
1030
370
806
381
1303
967
872
36
808
671
652
665
243
636
148
381
1067
1007
639
101
379
614
1234
945
569
972
617
796
208
1180
854
761
402
799
1013
413
910
618
1213
1150
983
464
1306
1206
858
928
720
1033
339
913
741
650
707
482
783
790
1223
619
1205
868
553
947
573
633
1334
912
1094
910
1276
862
924
255
786
645
307
1006
641
557
851
260
1053
348
1275
783
950
626
1265
326
1215
994
605
1045
408
781
577
561
416
692
534
528
729
589
943
932
516
677

6
150
7
9
16
19
16
20
9
12
6
11
5
9
13
20
14
16
20
8
8
16
10
7
10
18
16
19
12
8
16
15
20
13
8
18
10
13
9
11
18
9
14
9
11
14
18
12
10
17
7
11
11
6
8
6
11
5
17
17
6
8
16
17
9
7
18
16
16
11
11
15
7
14
7
11
9
7
16
10
7
6
17
20
16
10
16
12
10
17
13
16
18
6
11
14
18
15
6
12
20
6
20
12
9
18
13
6
13
11
11
16
16
10
16
17
9
15
19
9
16
13
7
12
10
12
17
19
14
8
15
18
8
6
11
17
11
9
11
7
10
10
18
8
17
6
17
11
12
9
12
16
0
445
139
418
170
100
127
313
22
376
273
215
239
401
109
289
74
130
331
254
301
17
348
277
355
323
178
459
157
370
189
282
219
134
325
42
405
303
239
67
269
395
97
203
394
373
221
19
226
232
281
369
191
210
367
214
338
270
16
83
41
126
316
2
294
314
26
16
124
456
165
449
281
350
86
244
135
23
412
312
21
202
48
446
84
253
325
460
407
184
215
161
459
30
336
433
326
410
156
36
354
392
58
184
280
162
127
330
68
439
328
12
250
109
3
423
285
277
414
95
177
402
350
228
135
303
167
77
270
209
75
278
213
76
146
105
209
116
412
3
292
46
158
72
32
389
355
252
125
79
865
1074
924
887
783
713
289
1056
555
407
816
873
1010
430
475
434
615
860
739
1060
394
448
1148
678
690
935
329
1350
622
1111
786
395
711
578
524
561
906
1102
890
550
732
726
490
902
625
1087
642
275
853
1082
514
675
768
342
1158
277
755
831
675
156
921
688
362
507
833
516
884
128
570
667
928
593
656
839
280
668
1080
317
864
581
583
1139
968
1039
874
406
821
953
857
793
276
612
954
925
1110
1245
402
461
857
65
529
1197
481
462
995
570
578
809
423
612
549
264
668
1003
135
903
1037
884
1117
573
637
1316
1212
452
463
1145
295
792
523
845
913
1141
1146
952
499
867
371
626
571
335
540
874
463
559
487
604
955
688
298
819

7
150
8
6
15
9
12
7
7
12
6
8
12
9
20
8
19
14
9
18
11
17
14
8
8
5
9
15
7
17
17
17
10
16
15
12
10
17
8
18
8
16
15
12
7
14
6
6
16
7
17
20
10
16
13
7
11
7
14
14
20
8
10
14
9
17
13
10
5
10
6
18
16
17
16
6
5
20
13
12
16
16
10
17
6
10
7
17
17
19
15
12
17
11
10
16
15
8
10
13
10
7
12
7
10
19
8
16
18
7
8
8
17
15
12
10
18
9
20
19
18
6
15
16
11
6
12
18
18
8
13
8
6
6
7
18
10
7
16
16
16
12
11
17
16
9
11
18
5
12
20
17
0
387
59
386
68
406
101
239
184
347
98
100
328
115
208
115
283
398
328
0
126
283
391
295
223
334
423
173
10
68
315
245
255
232
435
102
327
210
251
424
241
14
236
320
396
440
96
172
5
231
409
214
45
409
287
28
208
363
426
255
280
429
14
190
51
177
109
374
331
218
87
189
111
446
237
8
279
216
347
227
156
275
430
273
57
446
346
44
252
241
329
442
353
102
92
370
79
290
367
232
346
208
392
67
148
234
294
83
100
103
19
458
317
62
68
337
261
208
319
281
200
94
333
248
420
11
191
138
98
26
201
42
307
30
349
320
144
115
155
36
117
371
257
309
427
347
398
60
427
42
414
1199
581
1095
462
548
784
719
582
1179
569
227
355
378
784
262
908
445
843
433
220
770
902
1183
528
1014
1082
879
439
956
1231
992
752
765
555
832
602
723
456
1356
731
939
308
1227
761
1066
1021
801
827
743
546
253
431
615
495
575
1030
1071
873
327
561
664
762
783
980
891
246
832
1143
585
661
1094
584
818
934
360
748
960
837
981
346
1201
1337
779
832
1183
965
748
550
969
722
752
1128
1023
773
1122
496
1186
752
971
1031
435
816
132
814
554
447
768
352
171
194
1230
1236
610
772
546
1156
911
838
880
418
305
839
972
906
74
551
806
1016
75
646
279
726
596
879
368
202
509
762
221
748
1134
479
494
555
1213
1224
940
779
546

8
150
18
15
16
18
14
10
18
8
15
18
9
10
15
6
15
17
6
18
18
15
11
12
16
9
8
13
6
5
15
9
16
12
17
10
14
5
9
14
10
8
16
5
12
12
8
7
20
9
9
16
8
13
11
20
12
14
20
14
15
9
6
10
15
17
19
9
19
9
16
17
13
13
7
19
10
15
18
18
7
5
19
16
12
18
10
17
19
17
14
9
12
12
19
6
18
16
6
11
13
15
7
18
20
17
13
15
6
11
12
14
18
9
20
11
14
18
15
14
9
18
13
16
12
18
16
18
7
9
8
15
14
14
12
8
11
10
6
10
12
14
11
6
17
19
14
9
9
8
17
16
0
278
293
176
73
126
41
0
16
114
150
394
133
477
23
177
72
160
212
447
122
377
273
445
370
421
23
132
40
200
464
372
171
9
413
47
449
403
83
371
139
434
398
240
227
2
92
136
247
246
193
371
453
445
32
43
420
383
171
415
346
337
285
192
22
384
120
462
297
398
272
476
62
471
262
90
357
251
346
227
390
302
151
220
480
110
117
346
82
206
288
190
102
109
466
164
84
59
180
218
445
175
48
172
335
156
73
45
338
444
336
463
99
202
99
70
96
292
312
191
62
313
197
112
372
320
173
5
358
127
343
184
340
56
19
180
369
402
114
344
61
60
296
266
260
320
9
132
242
229
238
780
1139
542
402
142
774
192
471
722
543
886
774
1280
988
466
121
469
987
866
412
1171
1214
1028
717
1246
303
288
631
748
1437
1162
533
215
553
534
1230
1026
707
896
490
553
850
395
706
141
1013
713
429
449
1027
418
1148
893
307
358
639
584
750
1137
1016
1312
1189
293
818
812
503
497
483
702
402
1402
581
777
1126
648
791
1200
1206
514
1297
1170
871
881
1262
1044
447
1131
947
958
523
458
1038
961
1159
516
807
958
849
1149
1147
659
89
381
1224
835
370
169
918
669
662
650
252
1156
915
394
856
1216
809
295
533
805
866
748
1300
1063
1043
150
1094
293
1108
471
921
978
334
787
1133
1003
1086
578
1014
172
1171
854
395
1169
225
176
977
553

9
150
11
17
13
6
6
17
7
12
8
13
17
12
6
6
18
16
7
6
18
8
18
10
13
7
11
10
14
16
14
19
16
9
15
20
18
5
6
15
19
7
13
8
10
17
14
12
12
7
17
18
10
9
14
19
5
5
16
18
14
13
11
5
15
8
8
10
19
14
8
9
13
8
19
9
7
7
6
13
11
17
15
19
14
13
10
12
9
17
7
6
15
5
14
13
11
19
6
19
11
18
12
14
8
10
14
10
11
6
19
12
10
13
12
17
16
12
5
13
18
19
17
10
15
15
20
14
15
12
11
15
11
16
15
16
6
12
17
16
16
20
6
11
6
14
18
9
19
9
9
15
0
157
397
51
327
3
381
370
189
69
44
243
267
234
317
59
336
1
397
27
79
82
40
113
280
37
162
373
10
35
443
84
237
85
256
329
312
160
249
45
100
156
179
457
248
295
95
437
333
5
32
40
412
63
154
360
132
452
264
172
456
111
141
338
300
346
81
143
128
383
319
252
129
335
102
187
380
74
218
365
393
409
420
313
330
211
225
302
343
59
113
365
341
0
421
187
349
133
82
376
40
454
424
209
413
311
348
277
117
389
202
12
134
151
207
365
453
170
35
241
126
407
310
200
175
151
51
185
241
456
136
117
97
347
296
368
172
212
184
242
93
390
395
314
117
454
33
257
255
241
405
808
620
460
709
812
889
925
245
597
687
1099
769
1031
591
524
407
195
488
276
910
368
567
804
510
419
1083
726
433
294
1236
990
835
196
1183
1210
605
866
617
567
719
507
1093
520
446
1202
528
1318
534
924
421
205
588
271
842
841
993
963
957
1044
917
433
866
493
830
714
961
563
612
1284
868
650
710
1272
292
474
1190
183
634
637
1144
457
1152
487
871
846
882
833
1235
109
890
370
748
384
1172
1104
1180
910
563
1198
449
942
767
936
791
554
516
707
497
1287
633
78
514
1093
802
538
1031
448
916
866
361
967
859
1002
899
334
926
806
291
761
317
203
809
886
748
942
444
782
885
465
948
713
645
569
458
566
462
1173
399
993

10
150
12
5
11
12
10
14
9
14
15
19
9
12
12
17
12
12
8
10
9
7
17
8
18
9
7
9
16
9
16
9
9
6
17
8
19
14
14
11
5
16
7
17
13
13
18
17
17
14
11
16
9
16
8
19
19
17
19
18
13
7
6
16
11
9
6
10
19
14
15
6
10
16
17
17
14
10
19
13
10
16
10
6
17
15
19
17
6
10
5
8
10
17
20
17
8
12
17
16
13
17
5
14
18
6
18
18
7
13
9
13
18
14
19
19
10
8
5
7
15
10
8
19
14
8
7
20
15
7
9
8
12
20
8
17
12
9
20
8
11
9
13
7
12
6
14
10
19
20
11
8
0
48
135
451
24
262
428
50
276
459
334
31
32
96
403
330
113
200
441
144
286
265
192
170
332
259
185
107
332
291
198
50
62
145
35
103
446
135
40
282
396
330
449
184
425
84
280
38
278
57
466
261
72
238
235
191
181
372
344
164
439
48
286
109
453
173
273
216
214
260
271
145
426
297
320
467
364
226
46
430
159
155
195
458
170
437
333
189
135
57
248
442
114
419
116
407
311
316
419
324
369
442
422
453
393
401
413
68
57
9
425
386
416
39
170
160
77
146
410
46
198
359
166
251
132
133
335
68
36
418
115
211
271
381
100
156
278
345
329
298
376
220
105
211
257
324
72
447
417
421
461
306
805
678
910
458
537
389
323
689
1259
957
71
876
1220
633
435
399
488
1012
726
1022
283
458
1189
708
708
817
588
913
465
735
710
838
945
401
609
627
221
1178
1243
629
494
347
1188
458
366
389
983
449
1371
593
639
720
834
911
641
945
1289
290
725
823
736
689
704
483
1127
282
291
847
650
813
1044
871
1109
1377
615
509
123
1071
696
898
229
660
896
561
805
998
219
588
1135
1383
195
737
143
558
984
1186
580
1127
1176
616
442
491
663
759
1208
242
299
209
541
1075
984
289
942
1103
738
698
608
444
746
507
466
970
602
733
1182
750
145
807
400
496
1103
731
767
308
703
1188
775
1125
1155
519
899
955
511
989
872
940
772
757

11
150
14
5
11
7
19
7
15
15
12
12
9
16
16
10
15
18
14
5
12
12
20
11
7
10
10
19
15
6
12
17
18
11
5
6
17
11
14
8
18
19
11
11
13
18
18
6
17
6
7
11
9
13
15
12
13
14
6
19
14
11
6
7
11
9
7
15
11
16
19
7
13
13
6
7
7
17
18
7
9
13
9
18
13
11
13
19
12
17
18
12
11
15
16
8
10
20
5
16
17
6
13
14
7
18
18
9
15
14
20
7
18
17
9
16
13
11
14
19
14
9
7
19
9
19
16
19
10
7
9
6
6
11
17
10
11
8
18
20
14
9
9
9
18
14
18
6
7
7
18
7
0
334
442
223
203
354
102
460
185
27
377
323
40
421
276
92
236
142
457
237
206
7
426
309
319
211
122
85
374
7
4
56
54
376
67
3
458
174
318
211
61
171
316
331
47
372
313
438
251
378
220
239
212
256
311
40
40
71
366
353
264
178
234
42
14
450
367
105
142
52
210
449
399
137
422
9
75
375
306
111
50
58
150
54
302
280
316
145
154
251
270
242
383
70
81
198
83
214
155
24
425
312
321
124
279
10
92
350
50
307
278
86
82
274
345
432
203
90
63
18
271
176
285
373
373
407
275
312
78
330
350
371
53
186
280
4
307
413
364
213
260
348
268
362
463
329
222
454
3
465
245
1145
719
772
577
689
596
1195
522
298
1213
616
574
605
1205
393
638
835
1049
608
628
94
1287
427
989
1093
228
220
1129
656
330
397
308
668
239
225
1331
485
1037
903
149
749
806
1243
797
704
691
488
629
1253
564
409
640
1180
667
487
180
504
654
1011
750
997
398
285
461
1184
593
621
906
319
310
695
822
1008
887
577
106
1147
1216
1004
842
949
176
104
917
1152
1139
305
223
309
911
584
1296
819
127
530
249
773
887
868
539
492
1152
646
430
402
628
589
386
821
439
1012
157
332
372
1344
592
164
241
209
882
535
872
608
402
513
538
1165
746
1236
681
1180
509
562
542
420
1150
557
1058
327
640
1162
423
1094
894
732
298
525
581
1384

12
150
17
9
8
19
17
14
6
17
19
19
12
6
17
7
6
16
7
12
12
6
10
14
10
13
19
14
10
8
8
14
15
15
6
15
18
8
6
19
6
11
20
5
17
18
10
13
13
9
9
16
14
7
18
7
19
16
9
12
8
9
14
6
13
12
6
11
7
12
17
18
11
16
20
12
8
11
9
6
7
16
6
5
7
7
9
12
9
20
16
18
12
14
19
19
16
9
15
7
7
20
10
5
8
7
12
7
7
12
10
19
14
6
17
18
19
15
14
11
9
10
15
8
14
5
19
6
9
8
12
7
11
19
13
11
18
8
13
15
6
18
13
12
9
15
12
11
19
13
10
19
0
36
26
71
97
57
95
352
127
298
377
439
148
97
190
210
24
217
5
138
138
232
82
23
33
384
148
9
177
409
30
95
87
274
11
38
266
270
350
383
306
452
112
165
160
28
159
199
89
303
45
230
417
34
22
227
211
347
129
438
106
407
355
67
223
80
180
64
234
264
113
370
206
408
380
294
213
174
282
43
94
241
157
326
33
147
420
305
185
396
70
325
19
390
450
197
128
308
353
354
401
313
29
296
447
230
195
270
270
306
7
153
280
325
23
130
442
402
91
304
385
264
436
199
257
361
420
279
80
239
77
111
102
253
252
270
361
222
115
347
139
204
98
159
54
183
416
153
222
188
160
839
839
840
247
144
292
1039
807
785
1237
1052
1054
600
860
1001
906
380
531
192
1004
696
851
277
793
946
664
295
245
1131
173
647
995
1151
743
120
765
624
390
1081
730
682
574
710
199
487
407
463
500
473
184
1082
932
865
110
879
513
1128
985
1052
131
693
464
203
967
853
1061
387
615
1023
813
1250
252
602
1221
553
713
776
568
573
141
871
618
692
506
979
942
664
325
517
455
577
656
764
664
926
709
1014
1257
507
749
969
722
713
767
276
617
540
409
695
61
592
957
429
774
364
1083
565
563
1155
919
916
722
563
646
624
1307
599
398
472
625
632
583
396
318
658
504
898
574
987
938
1020
364
905
396
222
766
889
551
351

13
150
17
6
18
8
6
19
19
5
13
14
17
6
15
7
9
19
10
6
7
12
14
6
7
5
13
11
16
11
15
19
7
7
18
11
6
13
10
7
11
11
14
11
15
9
8
6
14
17
19
13
17
18
12
14
18
13
18
6
12
12
9
5
8
6
19
17
10
17
19
6
10
6
17
14
15
9
13
5
15
5
18
8
16
14
19
19
9
18
6
16
9
16
19
20
19
18
17
20
13
12
16
6
16
10
7
7
9
14
17
7
8
19
17
9
10
17
5
9
19
10
14
9
12
18
16
10
9
6
6
16
12
9
18
6
19
11
11
19
19
9
16
6
10
11
5
6
17
17
19
9
0
22
428
296
325
278
21
274
442
201
1
315
405
437
74
272
271
347
107
14
420
457
209
388
96
216
133
226
456
182
152
0
121
8
252
392
447
420
241
392
205
100
401
263
144
285
201
138
316
140
231
49
60
350
272
8
119
270
34
389
168
100
98
317
15
338
357
307
40
284
435
406
380
317
273
68
424
17
305
260
412
90
335
171
274
170
209
105
253
449
46
166
287
132
314
298
410
223
3
75
46
386
92
111
311
164
407
242
289
310
315
47
139
192
90
100
167
412
39
279
425
158
215
450
95
240
102
310
318
442
193
29
39
275
218
298
49
66
109
214
180
416
287
366
242
165
449
324
244
142
759
436
1145
1055
389
554
582
972
1006
883
768
557
1308
1131
220
1052
488
1241
814
369
1291
816
404
398
925
847
809
997
1309
691
355
466
334
190
1144
1252
969
909
505
1060
1009
954
580
1085
504
522
611
487
515
356
995
780
91
698
369
179
283
1130
556
422
756
172
631
554
208
760
1263
867
421
851
1184
453
697
799
500
763
613
272
408
1134
806
649
1237
631
615
311
299
578
638
1297
287
704
804
472
1056
557
1257
1131
716
238
804
482
787
393
882
1028
1289
404
945
461
644
269
309
602
513
161
665
497
328
1185
1261
261
736
905
884
280
176
439
1051
1079
966
399
797
472
863
1154
619
785
901
1010
1087
1264
683
1069
297
378
500
723
1166
389

14
150
17
13
7
8
16
8
12
12
15
11
14
15
8
11
8
17
9
9
12
16
19
19
18
8
14
20
19
14
5
19
18
10
17
19
19
19
14
12
9
14
18
11
9
7
12
17
13
12
7
14
15
16
18
20
6
10
6
10
20
11
9
11
7
16
12
19
11
11
12
15
15
8
5
13
8
11
15
13
7
9
5
7
19
18
14
19
19
10
10
20
14
14
6
19
14
11
19
8
19
15
9
10
5
11
10
20
18
8
12
19
8
7
14
19
10
9
19
6
16
16
14
8
12
9
10
7
16
6
12
7
7
20
10
14
12
9
10
19
7
5
6
18
15
14
15
18
6
9
19
8
0
218
434
160
14
298
338
265
450
392
16
192
155
454
388
279
413
383
206
173
154
92
403
31
203
63
352
452
9
339
243
133
236
392
369
440
223
162
169
294
388
5
123
470
16
304
367
262
7
361
51
397
93
191
307
349
114
76
190
161
28
100
275
127
235
195
441
397
200
75
372
14
243
65
190
272
247
317
283
91
142
355
114
114
175
223
278
389
143
466
19
307
342
311
153
296
85
258
297
257
327
431
355
378
109
407
358
245
450
391
93
14
195
470
197
31
283
177
468
285
6
309
371
360
293
225
345
305
438
160
370
264
466
339
71
227
272
291
129
101
181
82
299
58
203
235
415
398
260
175
334
1075
613
1098
421
861
600
628
1354
542
525
856
1073
868
1270
1217
458
535
748
767
703
199
1163
86
341
140
1167
509
506
483
1013
1086
498
445
412
1010
581
241
254
616
649
475
286
726
399
1004
410
617
611
775
638
1214
946
790
345
439
183
992
723
365
886
607
1048
214
768
1074
608
1200
898
265
761
594
374
592
614
781
1166
382
987
897
429
776
637
225
341
489
1159
571
1074
928
823
622
554
939
1091
973
256
1137
909
1136
572
1326
781
1102
290
1124
717
928
640
468
457
639
742
1310
751
914
1218
713
584
801
533
1044
785
860
632
366
916
563
630
176
1177
1003
796
693
432
805
442
322
454
902
455
488
496
375
322
1122
769
1033
791
241

15
150
8
14
14
14
11
16
17
16
18
11
19
15
15
7
6
13
8
9
5
18
8
16
6
17
10
15
17
10
19
12
17
10
16
7
8
7
10
14
17
6
17
7
16
17
10
12
7
13
19
7
17
9
7
19
7
20
18
16
13
10
17
7
8
6
6
7
12
8
7
14
6
19
13
14
8
6
12
7
18
12
11
17
17
16
17
17
13
15
16
18
14
17
16
12
5
17
13
20
15
7
7
6
9
6
19
10
6
12
8
7
11
14
10
10
10
12
8
12
7
16
17
18
8
5
5
18
6
8
10
8
11
15
6
20
10
11
17
7
8
15
19
12
10
5
12
19
5
19
17
19
0
189
412
384
209
391
369
152
272
428
53
276
332
68
127
6
56
124
288
417
35
317
295
244
261
41
454
165
52
233
146
220
405
230
52
256
446
74
284
345
311
334
80
180
307
355
370
281
61
193
323
385
225
319
83
148
453
268
352
218
290
319
135
205
348
85
103
240
406
406
165
350
423
133
80
285
222
99
325
364
172
424
238
73
14
263
194
440
410
235
290
102
275
272
23
173
390
411
72
107
439
448
218
115
422
47
418
66
402
252
428
423
9
260
1
136
270
384
46
251
123
82
412
405
169
170
141
154
100
345
392
37
116
239
438
228
22
137
109
319
395
19
449
351
452
350
52
280
172
73
425
726
1211
898
1067
1031
912
498
596
1165
688
752
637
413
219
710
362
327
692
1056
44
1197
954
343
1069
516
496
728
849
582
948
549
677
1092
264
487
540
741
436
397
1163
921
867
706
810
656
469
375
647
651
372
1032
323
753
995
408
626
931
930
982
543
986
874
569
1156
961
727
749
1139
423
427
440
780
279
202
1188
759
141
500
439
573
1223
756
510
452
905
701
713
1288
598
360
873
638
969
245
577
501
737
375
476
896
874
648
344
958
66
1043
543
863
764
883
812
796
475
449
814
322
414
495
291
898
920
794
1012
460
579
590
832
412
539
441
399
716
1099
863
701
833
443
548
803
788
758
920
1256
957
1201
152
1143
957
759

16
150
8
13
20
6
13
6
8
15
7
17
12
6
13
16
17
7
10
20
8
14
9
6
12
14
20
17
15
15
12
7
18
5
12
20
6
7
5
10
7
8
7
7
19
19
8
11
11
16
10
19
5
16
13
17
17
16
19
7
19
14
12
6
8
20
7
16
9
15
10
13
10
16
13
14
16
6
9
19
7
8
8
17
9
6
13
6
15
17
14
7
14
9
14
7
18
14
13
9
11
15
14
10
6
18
18
6
10
8
17
12
12
6
16
6
13
10
12
19
8
10
15
12
10
14
11
10
6
16
7
8
15
14
17
6
13
8
17
14
17
13
14
20
8
16
6
14
16
14
7
5
0
355
408
431
336
255
15
430
210
371
148
376
215
421
140
338
352
435
0
181
211
306
278
60
433
364
155
340
124
246
218
86
290
292
356
278
330
26
106
130
360
191
449
292
435
227
2
424
23
337
311
413
7
29
187
383
268
47
67
216
36
14
387
19
361
56
130
35
186
79
184
55
171
16
178
439
371
113
151
312
88
88
213
419
358
261
133
390
326
349
94
118
111
371
46
406
52
256
258
21
408
367
58
442
392
403
24
213
149
258
161
46
82
304
214
132
229
176
17
42
382
263
229
178
63
44
430
344
390
169
332
232
221
182
168
83
272
128
182
35
416
182
237
22
280
268
332
60
4
82
746
572
539
720
1192
674
268
932
750
744
164
1243
923
1122
693
1144
840
1182
511
642
938
316
475
261
1089
550
882
708
322
1027
508
246
518
985
683
987
601
317
403
487
883
509
581
1003
961
541
741
1124
390
1013
655
1209
455
724
1032
1275
440
921
641
706
706
180
898
142
628
901
156
800
453
177
303
427
968
878
631
709
1236
201
946
351
247
646
537
1110
925
367
1032
616
868
896
720
580
193
429
155
683
399
973
477
357
885
581
649
1226
1190
683
35
257
718
356
801
283
503
1078
616
660
475
314
435
83
438
363
442
951
880
731
800
825
662
329
1041
477
689
557
233
615
601
431
412
545
590
914
544
495
517
913
556
735
355
233

17
150
13
20
5
9
7
7
17
17
7
7
9
15
6
12
15
14
15
19
13
15
11
11
8
18
20
11
5
7
5
16
18
17
15
7
12
14
20
18
8
6
5
5
19
15
9
20
10
7
18
17
19
17
11
8
5
8
6
6
13
19
15
19
12
5
10
9
14
13
20
17
12
13
5
14
10
10
5
17
16
13
10
14
14
19
17
14
6
7
5
8
5
15
18
5
19
19
8
11
7
7
20
13
20
16
9
17
17
15
17
19
6
13
17
9
5
8
16
9
13
7
14
20
8
15
16
12
17
6
8
10
9
10
13
16
19
8
6
6
9
10
15
13
9
11
8
9
19
8
6
18
0
263
28
271
79
454
24
78
390
246
66
97
162
183
358
329
59
139
443
344
177
454
379
137
265
176
177
264
281
236
314
149
77
123
422
18
8
431
326
353
369
290
83
224
74
255
13
221
210
98
104
425
164
268
230
49
126
109
105
111
401
223
432
299
417
256
61
32
145
400
161
330
443
170
230
148
39
20
128
126
234
247
221
150
7
52
185
47
348
273
396
251
52
388
65
402
415
146
148
450
187
25
191
399
11
439
322
83
438
266
264
111
44
52
241
377
431
20
177
445
110
64
246
23
417
22
87
218
446
146
195
121
70
65
76
340
304
245
301
313
75
151
337
86
23
295
197
215
130
112
98
348
878
681
772
869
429
934
1126
777
962
330
765
662
1225
541
637
615
1046
473
663
1038
920
915
614
708
407
985
782
668
953
167
940
478
510
928
310
1000
614
1025
795
1170
818
843
538
740
646
918
759
997
791
1044
838
1135
838
106
877
578
655
186
871
369
745
1205
525
779
974
195
424
909
862
468
851
257
545
240
709
211
919
736
836
837
897
1073
932
730
514
371
602
981
416
1104
261
418
948
700
966
1004
1033
707
240
426
668
600
741
483
855
927
823
867
655
308
234
636
667
1177
747
246
332
898
728
797
699
692
1222
749
823
627
601
563
533
604
269
622
825
715
623
766
736
720
868
258
1179
183
353
995
946
1087
140
927

18
150
6
15
16
15
5
16
19
9
15
10
10
16
13
5
16
13
12
14
16
7
6
18
16
20
11
12
6
12
15
17
14
8
16
11
19
6
14
6
8
11
17
8
12
6
19
16
16
18
16
7
9
16
10
10
18
17
11
16
6
18
19
18
19
19
7
17
14
12
10
18
16
10
7
18
15
11
5
15
17
12
14
15
8
7
12
18
12
10
6
19
17
16
14
13
7
5
19
7
16
19
9
5
16
10
20
10
16
10
8
15
15
7
10
8
13
15
12
11
20
12
5
10
14
12
14
7
14
11
9
9
9
6
14
13
19
19
9
9
12
6
5
10
11
7
18
11
18
12
13
16
0
89
55
225
322
248
52
12
368
8
122
384
202
379
158
174
31
46
308
231
238
91
252
6
191
117
333
329
45
397
80
376
282
44
256
49
47
174
218
424
286
182
4
386
85
339
343
400
186
224
141
255
197
104
144
346
196
413
106
358
283
329
57
229
332
468
34
67
63
363
418
146
284
440
58
3
264
105
435
111
48
228
363
446
352
252
275
373
382
80
136
270
306
250
156
384
272
227
91
170
345
65
202
171
319
95
122
304
469
135
121
361
325
400
68
350
304
438
117
385
450
139
301
86
175
94
220
28
319
197
263
29
122
304
370
99
304
463
111
258
153
310
335
342
273
274
302
232
318
462
783
545
178
901
486
407
354
351
1178
490
484
1296
1133
449
616
436
344
85
533
604
262
157
998
854
1089
527
424
1249
677
684
844
425
773
468
702
178
931
733
581
820
719
636
898
877
489
1055
861
1110
242
249
183
1006
900
132
165
614
444
616
529
914
983
1058
440
481
458
910
103
635
184
500
1327
703
1125
770
593
779
1185
1043
479
678
647
646
948
1225
1000
1073
335
1238
946
497
883
522
832
317
368
873
467
482
962
548
451
943
947
984
780
540
423
1106
1371
343
1009
494
701
902
455
783
575
908
493
1048
1007
621
437
224
1102
924
681
549
1119
826
1117
109
513
971
400
1056
435
741
293
1083
880
663
936
775
595
861
1007
1060
453
837

19
150
18
9
13
18
12
15
5
12
16
17
19
12
17
13
15
15
8
13
12
9
6
12
5
19
19
11
6
5
18
14
20
13
16
6
9
20
14
12
18
12
6
14
18
13
11
19
17
13
11
18
16
18
17
12
12
20
20
15
19
7
19
11
17
12
16
11
12
11
9
13
17
10
16
18
17
15
8
14
15
16
18
6
18
14
6
19
19
20
12
15
17
10
6
10
13
8
18
7
10
13
8
8
9
16
15
14
12
19
17
10
13
19
12
20
11
20
13
10
13
6
10
15
10
20
7
17
12
11
15
6
17
5
20
19
5
6
6
8
11
7
13
6
15
13
11
10
14
15
15
9
0
262
411
20
262
419
320
51
158
10
56
14
441
183
220
6
281
372
108
230
117
299
144
406
38
217
222
114
304
148
88
440
388
107
205
193
70
89
378
346
433
330
11
122
422
138
211
353
105
224
289
484
381
433
209
420
450
271
41
473
1
32
104
285
43
70
243
306
14
458
424
312
315
60
148
15
53
191
303
187
118
106
55
12
385
298
274
380
198
365
185
5
261
41
204
471
343
487
132
182
260
166
240
242
35
108
326
240
272
107
343
97
156
146
127
210
489
419
374
310
320
461
396
97
3
102
241
86
205
293
234
333
378
141
112
381
453
477
172
71
437
466
190
132
191
56
15
216
453
162
144
641
471
250
648
1163
331
985
339
311
403
967
836
1173
867
340
974
1259
336
756
258
1219
723
827
481
821
897
357
1269
861
948
860
1186
974
475
1016
717
370
1278
792
647
599
830
354
1212
328
1054
1008
646
388
582
704
724
598
1099
533
1070
399
748
882
134
342
975
431
964
956
507
446
677
1288
1248
848
740
1018
663
718
87
680
1125
329
561
872
760
497
1147
890
1129
550
932
995
432
507
352
722
1019
657
1046
584
392
892
315
1012
939
941
646
268
671
1096
1225
694
1174
377
251
1038
476
1189
1306
771
652
694
961
1322
755
663
10
825
582
974
562
360
1012
588
1308
343
360
436
1087
997
696
370
1390
1023
1090
376
435
578
396
697
840
174

20
150
16
9
8
12
11
17
13
15
18
9
7
9
14
14
19
6
19
11
11
15
13
17
19
18
17
18
15
14
8
19
18
13
15
18
10
19
6
13
17
9
13
19
10
7
18
18
10
8
6
7
17
6
8
10
11
12
8
14
7
5
14
11
9
8
8
20
19
17
7
9
14
14
11
9
9
19
17
7
18
15
15
12
17
6
12
19
10
13
11
15
13
12
13
8
6
19
9
6
6
10
19
16
8
6
8
8
9
18
8
15
15
17
13
5
11
7
17
18
8
18
14
17
16
14
9
15
10
16
13
8
14
17
18
15
10
15
12
10
16
6
19
7
14
15
10
10
14
9
16
13
0
42
245
335
212
259
22
199
189
249
160
302
36
290
179
330
70
139
332
229
447
53
265
54
25
17
206
219
160
204
356
90
246
262
12
202
345
459
103
365
62
378
308
363
63
91
77
232
113
457
405
204
6
370
103
155
118
358
391
29
408
459
253
160
233
340
140
124
195
447
239
224
342
357
41
6
195
194
53
259
117
341
126
77
48
117
422
144
323
82
445
46
124
158
264
303
161
107
311
232
430
218
91
438
102
258
209
102
294
183
51
223
295
217
214
163
220
3
153
46
221
93
133
147
267
309
313
399
42
116
398
83
144
254
219
389
374
402
438
4
63
133
444
70
460
294
168
201
5
282
156
75
1069
605
936
486
480
311
760
1173
1031
765
979
445
505
550
480
271
1101
1077
609
824
1190
329
330
729
272
403
461
822
649
660
1123
943
307
582
995
594
430
1204
999
699
473
532
673
142
429
816
162
548
1129
573
156
1115
854
714
884
1015
1135
630
485
1399
763
718
311
377
497
173
942
563
387
442
729
819
358
102
893
422
505
1033
379
578
415
679
374
1004
1320
581
1225
767
674
69
868
418
836
514
1103
248
1045
492
630
270
642
799
396
566
269
601
889
1076
368
1142
1137
588
448
575
743
942
556
216
369
893
739
994
1215
377
351
524
926
622
821
713
576
784
1123
1021
443
1336
599
280
168
222
742
311
1048
899
713
318
963
748

21
150
18
5
16
10
10
10
15
16
5
5
6
19
11
9
12
6
8
11
19
18
14
17
9
12
11
18
6
10
11
13
11
16
14
11
18
17
19
5
9
10
10
14
12
9
18
17
14
17
6
18
7
17
12
18
17
13
10
6
18
8
5
7
15
18
13
14
17
5
7
6
11
19
14
15
7
20
8
11
15
16
16
14
16
14
6
19
14
15
11
7
10
6
18
18
11
16
10
6
12
8
16
7
11
6
18
20
19
14
18
16
16
15
7
19
15
15
18
6
7
19
13
10
17
9
13
6
12
5
9
9
19
16
17
13
17
10
6
11
15
18
15
6
12
6
20
9
19
13
11
14
0
33
99
220
19
310
86
379
400
1
58
94
297
423
135
201
443
257
452
232
315
17
48
153
55
343
162
192
90
137
461
202
293
330
59
203
278
447
323
257
326
369
138
371
309
102
407
468
312
57
458
184
358
322
287
402
94
457
277
185
71
205
82
399
319
287
60
185
182
361
381
394
311
410
247
117
412
249
337
455
240
143
95
239
262
48
57
189
63
453
327
230
333
470
236
338
396
380
200
454
404
38
421
424
159
353
286
224
399
192
177
460
390
145
121
133
2
337
294
124
127
420
157
434
205
237
300
120
340
335
8
190
217
359
267
54
397
150
50
11
79
156
314
385
233
357
245
379
35
401
375
883
580
568
934
859
985
750
918
782
500
252
949
1029
794
770
1139
276
1248
1073
671
127
485
805
713
772
1031
839
251
927
1199
918
1187
1202
284
568
1068
1374
1142
1171
773
1281
844
707
1242
337
473
741
857
335
906
321
852
878
647
1116
878
1345
324
666
193
915
225
921
443
377
449
502
1059
682
1207
877
1189
732
959
1028
637
664
463
829
785
874
566
432
701
971
616
882
765
1004
629
305
486
1082
465
610
442
690
680
521
491
505
1051
547
845
1106
524
1168
960
317
625
872
818
604
241
696
865
760
1070
811
484
1161
883
1041
905
425
462
979
428
1021
530
945
1039
1264
1193
921
1275
448
494
897
954
949
978
1147
497
885
387
609
326
1221

22
150
17
16
19
7
18
18
8
17
6
10
19
13
6
7
14
18
13
17
19
6
8
14
19
17
12
18
10
10
18
12
19
15
11
15
20
9
17
16
13
13
6
8
13
6
7
7
13
6
8
15
11
10
18
9
6
18
12
16
8
9
6
5
17
6
9
10
9
8
6
17
16
20
11
10
6
20
10
8
12
6
17
10
8
14
8
15
14
12
10
15
17
5
9
6
16
18
11
13
18
19
17
19
9
13
9
8
8
19
17
9
8
19
6
11
14
13
15
17
13
19
19
14
8
10
8
7
9
12
14
18
6
15
15
11
16
8
19
11
13
17
9
13
8
12
6
13
5
17
8
7
0
311
444
433
221
446
62
168
70
426
454
345
368
292
313
406
377
84
312
300
78
128
247
392
284
329
61
270
52
152
184
98
285
291
40
85
88
337
261
339
243
349
112
377
393
178
259
65
159
304
91
365
421
344
180
146
299
365
10
289
293
241
191
327
234
351
200
228
212
234
397
367
9
335
295
351
167
249
441
320
212
423
349
313
374
271
307
421
37
127
408
76
174
436
39
96
235
102
369
340
436
267
199
262
367
259
124
268
267
265
317
154
30
230
452
319
446
332
393
201
364
356
67
96
253
100
372
347
337
433
295
374
100
235
384
280
207
350
397
139
309
113
338
170
215
333
70
114
185
160
562
514
524
1066
1033
1206
316
399
210
1288
1102
940
429
892
1001
554
1121
103
1212
867
842
1046
919
950
507
940
424
920
253
883
234
986
923
368
609
255
809
383
785
510
991
1126
386
1115
1155
359
1075
619
341
658
767
535
623
1013
802
1014
737
875
879
578
959
956
843
605
314
740
652
428
433
1164
730
841
630
461
1090
1019
496
660
1298
585
276
1222
856
604
1031
863
720
1219
861
1019
1024
279
1062
1106
157
509
1064
257
594
839
734
1046
641
1140
1057
1156
257
671
938
653
380
985
560
381
1040
900
1107
1144
1135
462
475
677
501
913
1013
263
1238
984
709
1131
979
971
733
892
1020
781
427
422
644
867
915
275
702
523
306
771
611
623
391
734

23
150
12
10
18
15
16
13
18
15
16
15
20
7
10
18
15
17
14
14
12
15
16
11
13
17
19
20
7
13
12
9
19
6
20
12
6
11
7
7
10
18
18
9
9
18
16
8
10
11
17
15
18
13
14
15
12
10
13
9
10
15
14
16
7
13
19
11
18
14
19
14
6
10
17
14
5
20
6
15
10
16
17
15
8
19
7
17
6
6
5
6
12
14
19
16
19
9
15
7
11
18
14
10
14
16
17
8
6
6
18
17
19
7
18
15
9
16
6
16
16
6
8
11
14
15
15
16
17
13
14
5
7
8
6
18
6
17
19
17
12
7
7
20
8
17
10
8
19
9
15
9
0
244
277
272
315
386
417
208
67
92
353
397
264
243
168
410
83
213
126
185
186
226
439
59
261
307
122
157
447
197
208
234
408
6
399
357
255
171
228
135
2
482
93
275
295
140
183
295
132
60
401
42
115
189
254
304
186
302
380
481
395
443
325
217
397
289
45
65
454
343
221
326
102
408
163
410
161
155
4
272
405
142
151
458
459
370
331
394
147
40
405
149
78
440
451
472
136
116
329
45
51
223
136
232
201
1
289
294
62
294
221
145
168
367
253
367
184
130
295
118
409
296
417
79
250
470
335
415
44
281
443
420
253
175
453
466
31
195
214
338
333
154
229
394
29
477
152
108
324
353
74
1113
625
740
658
753
1125
1045
1024
391
1248
1288
437
855
1128
733
1015
1002
500
809
556
1086
1410
826
610
820
148
267
1005
1128
459
370
753
143
1280
912
1016
784
1081
581
330
1351
252
479
1116
529
702
687
510
150
758
947
998
989
548
755
1045
501
438
1348
588
907
1098
836
655
1027
477
528
1181
902
602
1117
907
1058
220
452
491
341
511
1074
1193
428
911
648
1047
454
463
1363
557
132
1147
902
213
625
769
969
296
1037
909
449
809
909
1060
400
281
25
874
947
209
1122
786
1072
513
675
476
1300
251
270
625
304
1239
1087
935
907
596
890
407
645
956
586
1262
666
741
642
934
1317
258
975
773
394
1034
327
801
742
664
919
198
546
1215
721

24
150
20
20
14
11
13
18
18
11
14
11
5
18
11
13
13
8
9
12
19
8
13
16
14
17
16
15
19
11
10
13
17
6
12
12
13
9
15
8
16
10
16
17
10
20
10
12
14
7
17
14
12
19
17
20
10
12
13
17
17
10
5
16
11
12
12
19
8
8
16
20
19
8
13
10
10
13
11
19
11
11
19
7
12
19
12
15
13
12
16
16
15
16
17
8
11
14
19
16
13
14
9
18
15
20
12
6
6
15
9
10
13
7
16
6
9
16
13
10
17
11
10
14
7
12
8
17
15
13
5
13
7
20
12
9
6
13
8
10
6
6
7
19
19
8
12
14
14
8
14
7
0
361
213
282
334
300
467
163
27
395
92
154
473
28
221
217
103
89
284
316
191
214
360
132
258
152
256
450
438
418
237
75
8
39
424
89
267
447
442
173
21
373
160
282
5
409
235
38
169
150
416
31
423
353
84
274
275
241
416
469
273
437
182
215
211
240
398
462
373
205
226
24
287
166
343
427
307
322
450
469
21
308
444
452
227
48
85
353
94
171
429
393
76
52
432
239
282
357
149
38
69
6
85
0
84
191
466
280
35
80
43
273
139
207
120
44
17
97
6
123
93
370
96
460
220
185
258
56
135
281
127
465
286
56
478
285
427
403
307
143
317
254
299
24
356
463
113
283
282
115
348
765
235
928
614
476
870
367
212
1261
105
966
1000
378
452
901
390
1049
799
905
363
1139
1253
609
878
550
960
999
614
1193
543
981
241
260
1149
1040
789
927
530
699
147
576
1039
593
859
638
530
303
982
283
892
685
1306
1069
579
544
871
622
598
1025
537
785
681
765
369
778
549
1152
633
491
938
908
345
343
1090
1280
1227
1179
653
1280
799
1010
1293
476
342
167
338
1017
550
698
1153
762
702
219
1109
1112
1247
1315
778
880
718
154
816
380
174
933
517
719
333
909
549
1197
880
493
537
697
937
927
147
158
574
558
770
827
501
639
755
322
157
1190
413
947
1147
991
1157
781
1134
1071
1130
1039
720
284
1233
724
1052
582
643
962
762
122

25
150
9
7
11
11
20
5
7
16
16
13
19
14
17
15
19
19
10
11
19
11
19
9
15
12
11
16
6
9
9
8
16
18
20
11
11
8
8
17
5
15
10
6
18
18
14
12
16
13
11
16
19
9
16
13
10
15
18
8
14
13
10
9
12
6
16
17
18
6
13
8
15
11
11
16
9
13
15
6
7
12
6
15
13
9
10
15
14
8
14
16
13
15
6
7
14
12
5
14
17
13
20
16
16
8
9
6
6
6
17
14
18
17
12
18
19
9
12
16
13
7
18
13
12
19
12
18
17
8
16
19
14
18
5
5
17
16
10
6
13
18
8
10
14
17
18
14
13
18
12
17
0
84
311
113
214
203
296
159
379
309
368
347
114
472
22
450
297
105
406
50
61
249
422
463
197
408
22
426
306
169
224
197
10
205
154
158
314
405
319
426
40
305
418
34
258
28
408
272
88
204
345
188
173
22
30
357
76
54
209
42
131
361
138
13
255
44
455
467
476
265
400
75
23
95
248
5
195
198
414
214
177
321
388
33
156
327
16
409
410
357
48
144
161
234
129
314
241
428
298
64
382
377
312
376
476
314
479
443
451
4
211
366
415
57
406
89
59
174
104
126
393
8
227
234
89
348
77
146
68
216
342
453
448
91
210
35
122
110
422
169
366
105
343
171
190
410
406
454
187
211
794
675
716
233
486
946
985
212
864
948
1049
647
977
1142
815
1250
582
1061
627
114
90
1213
471
1262
791
1120
716
1263
415
861
516
853
821
385
183
280
764
827
649
835
587
330
838
892
332
800
753
397
176
347
616
364
697
710
467
1329
878
86
814
85
333
371
646
210
276
934
532
497
815
1115
436
304
478
488
861
521
666
1037
428
1151
639
1094
1213
552
978
812
233
742
1211
437
934
313
1118
710
433
913
1121
834
1265
780
838
1087
565
653
551
712
1114
925
1060
653
991
979
1303
922
834
1036
699
688
199
941
1256
325
667
1167
693
370
483
991
923
1128
628
513
1066
772
255
792
161
463
1261
1095
633
194
572
925
798
1381
900
730
1093
337

26
150
10
19
6
18
7
5
12
13
7
10
5
11
12
15
5
16
19
10
17
8
15
19
12
8
10
12
14
11
14
6
19
16
17
10
7
14
17
18
10
8
9
18
8
10
6
8
19
17
20
18
13
13
11
12
15
8
17
9
14
19
9
19
8
6
18
11
16
18
12
19
7
10
8
14
7
5
15
9
8
9
18
19
9
15
15
10
10
13
14
20
9
7
7
11
13
18
9
14
9
16
6
13
7
11
16
6
9
10
18
7
14
10
15
10
17
11
18
11
12
15
12
20
18
10
17
17
6
6
13
6
18
20
15
18
18
20
11
11
17
16
10
9
13
14
6
8
15
12
13
9
0
91
149
283
427
256
123
411
191
85
373
286
112
219
20
118
86
84
405
53
438
378
251
310
409
200
371
152
119
80
1
99
306
24
153
315
436
116
243
54
212
238
146
422
418
399
445
413
201
91
444
145
238
31
236
297
40
55
321
53
241
226
426
236
451
353
325
438
257
299
123
93
13
7
11
205
145
238
204
317
276
134
156
10
159
71
79
446
449
317
139
334
203
229
349
9
295
160
273
79
321
93
152
411
64
428
235
349
63
338
402
356
246
61
115
366
26
202
322
179
220
227
359
436
405
407
331
186
451
56
144
314
316
82
93
438
325
340
226
419
200
268
122
138
2
315
39
315
323
24
838
776
600
474
823
355
206
510
808
396
554
931
436
503
267
697
131
267
916
279
1245
846
874
1171
716
654
1029
310
501
360
666
983
545
753
864
985
1105
201
931
433
311
720
549
1271
698
763
1004
710
796
535
793
629
847
626
893
660
407
548
492
157
1075
967
1278
970
1279
750
1258
691
489
542
967
863
214
640
673
1081
1063
1043
385
1130
691
739
931
856
226
1001
838
821
866
977
1006
595
599
970
906
108
836
667
982
396
1077
600
221
563
836
985
1142
563
360
472
451
989
791
634
556
401
461
917
973
322
365
492
693
1172
429
906
698
303
1196
95
673
975
643
467
224
1386
701
429
290
876
565
454
599
968
770
618
710
1093
640
638

27
150
11
14
17
13
16
20
17
16
11
19
14
18
17
11
19
17
10
16
6
20
16
15
12
13
10
11
14
16
19
12
10
19
13
13
11
19
9
12
8
14
6
10
17
6
16
17
17
10
12
12
15
7
14
8
19
7
16
6
5
18
10
12
11
10
18
13
14
17
6
9
15
20
9
20
17
13
15
12
10
19
13
8
15
11
10
12
12
14
9
8
16
16
8
13
10
9
17
18
14
12
8
12
17
8
9
8
14
12
14
11
8
9
7
14
7
17
9
11
14
19
19
9
9
10
12
16
11
12
19
15
10
12
13
14
11
7
18
9
5
17
15
15
20
12
7
7
17
9
18
6
0
170
431
43
108
290
412
107
179
392
196
268
361
224
136
437
196
225
33
14
15
184
341
350
368
291
19
438
81
51
348
180
477
340
258
282
455
214
182
132
31
37
448
38
419
97
176
27
471
45
480
159
141
354
154
312
217
44
134
61
332
79
117
0
365
413
268
294
30
83
27
210
331
371
239
222
214
217
131
299
298
263
169
321
266
373
385
79
355
298
409
456
270
330
417
399
175
74
83
373
472
386
37
195
194
316
35
22
338
374
275
74
451
119
50
171
56
411
169
443
447
255
477
443
191
28
327
415
27
46
61
50
431
8
315
375
315
313
77
279
315
191
415
49
396
375
367
57
29
469
207
644
1037
358
578
1264
1007
439
955
417
561
613
1042
253
899
596
241
310
203
828
794
406
444
537
1125
1099
463
1300
457
142
597
970
1089
637
895
902
1029
724
533
336
382
116
566
722
1082
454
550
216
965
723
1415
562
670
853
745
955
1168
627
392
502
822
845
442
637
1249
1136
469
569
197
344
646
251
867
1139
609
389
624
563
355
1068
658
1198
474
1093
739
799
888
114
502
870
428
962
520
504
1117
891
541
171
742
585
1031
773
207
989
751
1047
555
834
1095
1004
901
305
1375
241
801
676
313
757
1123
564
480
1099
1143
735
453
600
942
1371
399
548
831
603
1114
482
786
625
973
826
311
301
481
490
1135
540
1031
643
602
313
67
513

28
150
19
11
10
11
14
7
15
17
6
11
10
6
13
14
19
13
18
15
7
13
12
7
12
16
10
8
18
12
17
18
12
15
5
6
19
7
10
14
9
19
16
15
14
18
8
17
10
18
12
5
8
7
10
17
9
18
8
14
5
15
18
11
17
18
16
19
13
18
16
10
7
13
9
10
15
15
10
15
9
10
7
19
9
13
12
16
11
20
15
15
14
16
8
5
17
14
11
12
6
8
19
7
7
15
19
17
5
10
16
20
17
7
13
17
15
19
13
18
13
15
5
18
6
11
15
5
15
10
5
17
11
18
11
6
13
15
18
18
8
14
14
15
12
18
20
11
17
11
16
9
0
290
41
109
287
466
151
307
411
167
366
196
309
194
148
367
89
73
144
480
57
326
2
111
376
181
248
408
255
60
418
124
57
130
328
45
316
422
37
280
99
44
86
79
236
31
465
30
405
162
370
456
386
41
74
176
245
56
255
24
163
30
114
392
412
304
177
86
301
180
76
162
405
384
90
330
204
163
84
262
233
469
326
94
381
6
216
457
113
401
349
180
371
55
134
142
476
164
211
400
340
39
451
1
347
423
391
68
92
113
78
364
345
234
14
468
300
47
108
110
230
97
160
183
197
385
328
425
100
277
290
86
371
312
341
460
452
132
239
228
94
379
34
253
152
390
109
146
235
6
715
992
941
526
1249
867
630
973
460
226
714
249
1262
333
493
1118
744
925
885
922
139
733
492
192
1296
1113
455
833
362
1025
661
572
155
356
746
278
1030
995
892
607
944
578
511
101
322
409
1039
193
1285
825
959
849
1153
519
866
357
970
505
687
377
997
618
497
555
808
1131
1093
972
336
956
226
511
938
766
675
552
1018
550
429
796
661
1089
371
751
678
941
728
693
443
1061
645
309
501
551
223
994
1046
1063
841
627
1033
757
926
409
755
1307
553
1028
665
536
208
1073
533
444
787
793
943
948
740
504
674
662
300
959
1131
1216
478
830
609
414
1120
618
424
1158
1080
644
1103
801
831
399
153
879
82
767
1089
590
843
1059
571
230

29
150
18
18
17
11
13
20
17
14
6
14
20
11
5
15
16
12
12
10
12
14
13
7
11
12
19
16
12
15
19
15
8
13
13
18
19
14
8
18
12
10
19
9
15
18
16
6
17
12
17
15
16
17
17
16
7
18
8
9
11
5
14
7
13
8
15
15
11
6
19
5
8
16
14
10
7
7
17
14
16
17
13
19
14
16
9
11
9
7
5
6
9
17
6
13
5
12
18
13
12
18
17
15
16
18
12
16
19
19
8
17
12
19
9
19
16
6
5
8
7
11
7
19
12
5
17
15
16
9
13
17
13
9
20
14
7
19
15
10
11
9
19
13
8
10
20
13
19
19
11
13
0
265
313
486
479
204
385
254
321
90
226
250
394
395
485
389
14
374
329
427
98
400
248
144
214
378
57
287
236
461
226
352
204
302
256
321
60
170
303
20
176
135
250
251
452
166
458
358
362
291
366
287
154
226
142
325
236
89
102
243
382
108
144
295
223
470
282
428
201
208
130
165
38
155
372
389
281
84
149
210
30
434
263
414
355
210
244
298
133
475
160
403
161
133
126
369
349
276
41
22
441
354
376
266
320
10
153
143
97
110
284
338
415
164
106
184
248
362
152
410
448
28
476
160
41
231
232
25
398
401
55
106
336
106
217
465
227
248
27
292
131
160
258
229
237
18
363
272
375
158
199
501
383
1244
900
645
435
365
670
617
1128
778
895
511
1371
1171
898
390
747
739
751
1342
544
366
422
1249
934
784
1088
893
859
381
1064
1092
1121
1141
773
393
512
367
757
504
912
1148
1346
239
1123
591
1353
615
1308
645
718
511
935
860
1129
271
597
851
458
779
447
853
603
1187
341
798
927
602
762
475
162
1069
677
928
976
229
353
451
943
1076
305
1386
1342
334
617
1102
401
1265
457
1129
830
795
1050
977
379
629
877
974
499
743
809
1231
542
708
734
634
186
1083
974
745
530
1051
282
1107
1218
1049
743
937
630
366
1262
693
816
625
1028
731
772
588
80
622
436
326
891
731
644
596
767
440
190
1086
670
472
537
166
755
664
691
1036

30
150
7
5
17
12
5
8
8
13
7
10
10
18
18
11
5
14
13
20
13
15
14
10
10
20
14
8
12
14
9
18
13
8
13
14
14
8
14
8
15
10
9
18
20
8
8
11
18
18
8
17
14
15
13
10
12
17
15
13
19
16
18
10
6
18
15
10
9
12
13
13
13
18
12
13
17
7
11
15
9
6
18
12
6
12
11
17
16
15
17
12
9
20
18
9
19
15
7
11
18
13
13
13
20
16
7
13
13
17
11
17
17
17
16
11
14
10
13
16
10
13
13
8
9
6
10
9
8
8
16
17
16
16
16
19
6
8
14
19
6
12
13
16
17
13
7
7
6
15
19
14
0
22
19
66
366
55
426
27
307
208
241
88
155
159
278
411
448
244
126
194
370
366
290
392
422
174
41
174
422
345
78
6
131
272
210
55
31
107
202
101
453
86
215
187
401
283
376
55
30
428
217
426
445
71
368
345
15
149
96
343
477
28
237
386
15
160
319
439
464
133
401
264
84
327
236
81
15
306
77
127
146
257
25
273
100
27
338
123
183
152
69
276
290
412
285
395
259
273
147
20
114
122
220
173
353
472
364
191
244
429
330
288
20
265
468
459
153
289
153
469
259
390
415
163
370
90
253
58
424
133
286
8
255
196
367
217
209
439
15
474
380
31
248
452
27
399
381
287
421
90
645
951
535
94
1308
480
879
405
805
490
783
334
591
556
689
694
838
429
607
282
1090
1227
589
536
1337
799
571
240
1132
427
485
482
1062
1076
932
941
756
420
753
177
1350
518
661
215
770
1051
769
733
165
824
725
1256
1391
145
729
701
430
726
208
1003
1134
965
575
850
574
841
349
734
552
605
1215
430
390
546
1071
1018
628
1090
867
836
1054
776
555
677
580
551
561
411
735
349
772
1181
442
1323
324
757
283
539
737
711
665
557
1183
979
684
1264
847
416
310
535
1292
1070
888
769
496
1138
825
605
1117
1200
398
783
1225
964
708
728
908
735
1388
844
401
498
680
934
945
751
1056
1357
470
1127
569
378
362
988
295
1190
1113
732
1043
569

