1
200
20
12
14
7
6
9
8
6
19
6
10
18
8
8
15
16
18
8
15
17
6
18
14
16
17
10
11
5
19
5
8
8
18
16
10
15
7
17
13
18
14
14
8
16
8
13
10
11
16
8
7
11
13
11
20
8
8
6
5
7
17
6
6
18
17
17
16
18
8
6
7
14
12
19
20
16
15
14
15
17
9
10
17
12
12
5
6
10
19
12
16
6
17
19
16
17
8
18
10
17
15
19
13
6
9
11
16
7
13
20
20
12
14
10
14
13
12
12
6
19
5
19
13
6
11
14
15
6
19
9
12
15
6
18
12
18
7
14
12
7
15
20
16
6
14
7
9
11
7
18
13
13
19
18
10
17
7
13
16
15
15
10
10
18
8
19
10
13
7
17
20
14
10
9
20
15
15
13
14
10
11
7
11
12
5
16
18
19
16
16
20
6
17
12
7
9
19
15
16
9
0
473
421
14
278
500
139
76
292
610
258
75
416
95
310
43
565
122
68
631
445
77
486
67
531
89
626
593
553
271
23
509
24
171
401
172
580
360
368
598
127
155
416
234
68
363
464
200
418
625
319
144
295
237
457
73
91
243
238
435
51
517
427
623
414
369
182
190
361
181
456
430
319
604
149
492
420
607
149
216
288
408
317
69
572
437
127
264
622
488
48
172
310
318
441
120
428
152
137
368
141
463
323
596
481
118
74
423
374
485
555
468
463
26
446
47
621
278
217
529
85
141
365
295
6
13
476
455
287
284
28
316
615
539
229
483
86
436
193
176
275
382
50
326
461
454
477
289
593
93
521
382
99
199
254
609
521
37
14
178
72
49
267
219
128
477
133
364
366
548
531
473
16
153
495
50
294
548
202
317
187
313
535
227
246
177
63
223
255
292
137
626
357
409
23
198
365
440
333
139
1054
1470
1427
175
875
1268
737
395
1247
1041
393
541
1510
508
509
237
1786
138
404
823
1077
391
1235
542
1175
519
1398
1235
620
393
427
1706
503
370
716
638
781
1343
560
925
312
972
1468
342
978
1159
1725
718
1376
685
935
1071
473
924
1602
495
583
1477
1339
1615
1098
1178
562
1136
1079
811
627
600
1323
1409
903
1326
348
1792
500
1288
720
1306
386
1492
869
1158
875
618
1370
1297
700
547
1244
567
836
806
847
1224
1667
937
858
655
449
1333
436
1243
534
1416
1146
157
345
1510
440
1004
618
715
1159
662
1431
639
1342
455
342
1518
1117
1076
1189
342
799
693
1087
621
1171
1523
210
768
1619
834
455
1162
821
962
801
889
408
1212
604
1141
790
822
753
1501
1641
775
782
552
377
1214
1277
958
1165
96
1008
1138
338
621
592
1094
1366
1159
803
610
1500
821
1724
1005
771
1300
1451
612
1080
720
846
1504
911
1133
1371
1302
569
1084
1298
1278
801
848
814
1606
747
1430
1089
497
1101
932
1460
1263

2
200
19
8
12
20
5
19
19
6
11
18
11
10
8
11
18
18
10
14
5
9
20
6
18
18
8
15
8
11
15
17
12
9
5
18
20
17
7
16
11
10
9
19
16
5
13
19
18
14
14
8
19
20
7
11
14
8
17
11
14
12
14
19
19
11
7
9
12
9
6
9
7
15
14
12
9
16
11
13
7
16
5
20
15
11
6
8
20
7
19
20
12
15
5
8
14
17
8
7
18
14
6
19
15
15
12
10
19
7
9
12
14
13
9
6
7
15
9
8
15
15
8
19
7
6
17
20
9
10
16
19
8
7
17
5
6
13
17
20
15
16
14
12
19
13
18
6
13
6
11
12
7
6
17
15
5
15
9
20
8
9
8
16
12
18
6
6
19
15
10
12
9
6
8
7
8
16
7
12
16
15
14
5
6
7
18
5
13
12
17
19
10
9
16
9
18
19
8
19
10
5
0
397
327
476
286
163
211
571
293
62
218
588
214
120
145
600
521
227
386
138
173
117
551
577
265
166
507
238
97
358
200
533
589
564
401
108
153
111
124
225
396
381
226
173
36
448
329
429
515
547
445
331
486
300
557
19
194
367
333
138
281
578
217
486
111
146
544
294
359
387
532
99
253
199
550
530
352
66
323
422
8
555
134
20
409
12
154
12
494
133
48
328
337
194
112
476
509
272
593
454
350
357
419
323
239
380
591
545
362
302
593
561
435
394
411
165
276
240
217
543
132
260
480
317
48
6
92
35
275
94
173
24
125
175
94
127
368
427
151
351
434
201
474
540
414
69
182
521
367
304
487
83
165
185
407
247
369
373
461
247
605
473
538
303
241
166
574
291
288
324
48
100
268
209
11
379
38
67
597
246
287
308
189
497
59
438
235
279
355
599
390
67
490
293
278
152
582
215
518
84
1033
1471
893
1647
526
843
1371
1422
831
333
506
1319
623
1191
1134
1209
817
613
709
1334
656
445
1317
605
1070
474
966
836
838
1130
1256
1193
1715
890
436
380
518
384
1233
470
1316
1329
541
303
476
853
705
753
1289
1163
792
678
828
1411
1354
590
1076
1360
1127
634
1457
1139
338
1141
577
1372
633
688
1549
1527
1096
1035
724
1313
1623
1365
1109
1145
347
1368
754
1184
196
902
960
742
1204
453
1177
997
1198
631
1012
798
1136
1130
835
510
1302
1239
777
1024
807
981
370
1061
1340
599
485
1324
1000
772
1599
761
1472
1019
1484
651
833
699
309
537
1184
656
1078
863
730
590
323
993
338
711
714
375
468
385
507
939
880
370
1297
1139
1387
750
1403
881
1022
1272
1438
796
519
945
1264
758
1076
1249
539
700
1384
1190
1274
782
587
967
590
452
1145
1530
1489
1492
841
568
526
856
1138
1600
929
245
714
1405
306
717
219
1224
773
803
844
498
1246
1463
737
647
586
539
537
185
1370
763
1659
911

3
200
16
11
8
5
10
9
16
11
16
6
10
7
8
20
8
17
11
11
15
16
16
17
5
6
9
17
8
13
9
16
6
12
16
19
12
17
15
11
6
15
7
13
10
16
8
12
13
18
19
7
7
18
9
14
5
15
9
6
10
13
19
11
9
9
17
8
8
14
17
15
8
15
16
12
16
9
13
7
6
19
9
17
11
6
8
12
13
17
13
17
11
15
6
5
9
11
7
19
16
11
5
19
10
15
17
13
14
10
17
16
19
13
17
10
16
15
13
20
18
14
19
13
6
12
9
10
17
16
12
11
9
8
17
15
20
14
17
8
19
13
11
8
14
17
10
13
6
10
19
7
14
16
17
14
11
14
17
12
18
14
15
18
13
19
9
8
16
18
18
15
9
12
15
17
12
12
6
20
5
11
8
5
12
11
18
7
11
16
6
17
12
6
9
9
19
16
14
12
10
12
0
226
610
479
516
546
6
222
474
405
599
482
334
518
86
173
136
95
55
336
296
108
617
1
318
48
209
286
352
532
374
476
525
47
580
167
201
88
404
16
208
102
393
147
182
233
165
4
327
164
77
612
367
176
5
487
604
219
338
568
361
609
583
25
611
156
64
184
424
332
500
307
308
26
552
595
177
142
258
522
39
60
447
355
510
237
45
254
603
460
125
394
561
515
99
270
271
321
538
3
412
2
523
563
20
85
251
77
99
439
558
46
89
618
71
497
585
239
427
382
355
183
240
408
428
104
142
203
175
565
217
139
36
267
253
350
178
444
407
379
370
11
185
122
373
421
223
504
473
68
394
174
231
304
593
414
81
421
233
169
77
537
304
261
438
361
272
583
67
269
548
572
183
187
312
518
498
187
161
254
76
180
614
281
312
118
330
0
286
578
69
608
58
144
617
453
277
81
85
399
1133
701
747
758
526
1278
845
1175
1291
930
1127
555
1468
1225
207
592
910
952
747
1184
1468
630
917
375
1397
401
633
1460
576
1391
1628
1055
1249
84
767
616
823
1090
670
1173
915
1341
660
1243
1439
790
913
333
1465
965
317
1019
1397
818
1045
818
1374
1023
1344
1174
1393
1497
1587
420
1353
473
793
1170
1129
1330
1594
825
969
484
1557
1363
629
639
748
1469
137
268
1012
674
1080
894
362
298
715
980
667
986
949
1284
836
648
1428
793
1532
831
451
407
1329
1169
41
491
401
980
1270
1417
1431
643
595
1537
177
1073
816
1072
599
1563
1033
240
310
1227
1238
999
1026
1034
315
649
1362
1107
1031
304
1267
1030
253
490
1531
725
1271
1051
1388
446
1180
758
1000
1176
955
90
893
780
1175
839
963
978
1133
685
1183
1162
313
1108
1428
995
1334
964
1419
785
335
391
1329
592
1131
1110
1509
601
657
282
665
1231
645
960
926
643
385
1164
1000
1157
1432
860
875
921
970
185
1182
688
1213
282
1105
459

4
200
13
12
14
10
6
13
16
6
15
18
13
7
18
11
7
7
9
20
19
17
20
16
13
16
18
16
6
10
17
11
14
6
16
14
18
9
17
9
13
12
16
16
18
7
6
7
19
6
18
19
12
12
7
17
19
8
8
18
20
12
19
13
17
10
18
8
10
14
6
16
7
17
7
9
7
7
13
15
13
7
15
8
19
19
12
7
13
13
19
8
10
15
7
17
19
19
15
14
13
14
5
16
8
15
10
10
16
19
19
13
11
13
7
16
16
19
8
12
11
5
17
17
19
15
12
7
6
9
9
9
20
11
17
6
6
17
10
10
18
7
15
10
6
17
10
17
9
17
13
13
16
19
20
9
11
18
5
15
11
17
13
10
17
13
15
8
6
7
14
19
15
20
11
12
12
13
15
8
13
13
15
18
9
18
9
14
6
9
18
8
13
8
15
8
19
12
17
16
5
15
0
92
262
501
198
529
241
461
213
138
607
289
506
560
571
516
214
604
5
144
382
102
437
157
232
297
446
134
52
384
43
539
475
378
140
554
425
336
169
197
127
354
419
415
582
302
2
301
154
551
234
496
135
69
470
385
104
187
28
80
68
183
309
562
431
3
228
164
146
138
206
616
97
498
155
351
548
493
300
453
333
236
521
305
78
580
3
637
485
6
574
640
524
141
147
437
13
10
124
56
539
397
401
446
254
336
39
230
167
79
299
147
188
230
591
547
1
508
17
52
277
10
197
596
112
498
281
68
306
499
326
178
4
317
104
516
190
615
554
43
263
591
54
17
536
164
433
140
113
26
152
510
400
155
470
510
507
232
97
181
576
631
310
337
560
401
526
557
236
499
522
284
160
376
202
239
371
8
294
422
403
607
629
231
597
96
24
164
602
260
199
400
191
546
456
200
166
532
257
478
380
375
886
556
687
1266
328
1517
372
303
704
351
1802
1661
1230
872
358
1563
649
1123
1105
601
1438
1229
1323
482
690
1291
868
1624
830
1282
1619
411
1213
788
506
781
326
472
371
1114
1328
453
1329
454
1272
705
241
1231
1223
1152
401
1075
861
1496
1191
343
446
502
209
1338
376
1568
626
625
539
1429
383
699
465
1459
972
1733
1385
403
974
675
885
1151
1427
955
1750
983
269
740
696
1918
1515
773
1729
1178
1108
847
452
527
286
572
773
496
976
878
1594
1147
1120
761
1150
621
1257
514
1448
545
1082
807
1274
1297
341
1774
112
1017
697
1220
411
1592
287
1583
1028
580
788
779
1369
1364
974
1258
1162
1246
665
998
1614
1054
772
817
287
314
1801
541
937
460
270
1246
641
1759
687
165
1384
1524
789
1242
663
268
713
1556
1275
591
939
579
936
1421
418
520
1377
680
1310
564
334
506
692
959
1386
1535
1583
1434
1695
1174
1143
375
775
957
1217
714
240
1160
1483
1007
892
702
814
816
1215
638

5
200
12
7
14
11
19
16
10
11
7
20
14
14
13
16
16
11
6
12
8
8
9
14
12
17
18
6
19
13
13
14
10
11
7
18
10
11
16
14
12
11
14
16
16
9
12
17
9
16
10
10
12
10
16
14
18
18
13
10
12
11
10
6
9
11
19
20
17
11
8
8
5
17
13
8
18
15
18
16
13
13
17
15
13
12
13
11
7
6
8
8
6
14
10
10
14
6
17
15
14
10
17
8
11
15
7
9
17
8
15
8
13
7
18
7
6
18
5
8
7
8
5
7
11
12
16
7
9
18
19
18
11
19
18
9
18
11
16
7
19
7
10
19
9
5
10
16
8
15
9
7
14
7
11
9
12
8
10
8
7
12
15
16
14
14
8
5
16
13
16
14
5
13
19
17
11
19
6
6
10
15
19
10
9
6
19
8
17
15
14
12
19
16
11
9
18
14
9
9
6
19
0
531
100
103
133
182
373
480
15
102
184
237
351
239
93
433
380
176
34
59
374
393
459
276
529
491
456
118
573
167
373
541
458
522
392
569
447
564
159
6
350
469
19
360
460
377
455
224
324
200
289
443
302
185
569
127
253
389
112
73
272
37
568
98
273
393
298
174
297
555
391
371
148
154
286
394
256
166
263
396
536
47
410
196
364
607
571
428
74
507
606
314
427
59
607
437
443
204
403
352
387
18
421
23
571
72
207
394
333
403
317
522
19
429
231
574
587
505
434
206
26
290
107
412
48
317
389
191
362
106
398
356
74
428
228
392
521
22
543
52
547
461
223
117
378
332
517
41
264
337
147
255
313
494
143
186
442
80
439
366
200
349
299
294
402
12
419
418
289
504
554
525
10
111
212
464
349
52
534
348
372
355
325
94
94
148
138
305
354
229
86
89
297
61
442
518
464
436
402
202
679
1114
974
471
424
457
1446
1205
132
1293
1151
1153
1453
1454
887
1251
1430
582
926
1015
815
850
1473
800
1664
1068
1024
962
1450
416
814
1341
606
670
557
688
1223
1535
647
729
1160
1680
545
698
1031
988
1231
1419
1315
1145
1332
525
979
1244
1474
1103
1171
1085
467
535
973
654
1619
856
897
437
981
636
436
1167
847
1102
199
281
510
719
591
753
1023
413
1111
608
704
1014
893
962
1608
1093
534
1019
1059
1197
661
498
978
580
817
1020
1480
1173
815
744
819
436
902
591
1377
643
392
1587
1215
1258
714
907
298
985
658
1376
681
1266
621
555
593
1546
290
458
1390
1340
850
889
1075
1483
1021
1618
1183
945
1374
291
811
74
926
1303
406
731
537
1280
535
269
604
1406
1171
1298
390
869
838
935
1646
1055
1187
1308
1356
1204
966
848
1159
263
795
1026
1404
1625
1670
554
472
1278
293
917
915
1183
959
1290
1240
563
1347
713
512
381
914
1284
1298
348
1187
371
789
991
878
547
1574
1051
1005
1331

6
200
17
6
14
19
10
17
16
16
7
10
17
6
16
14
10
16
18
13
18
19
13
10
19
17
12
19
5
17
11
16
20
6
13
12
9
18
20
18
10
6
6
16
16
10
14
19
11
10
11
7
6
16
19
12
19
19
8
10
6
9
16
12
12
9
14
20
13
11
5
12
9
16
11
17
19
12
7
13
10
6
6
20
14
14
15
8
9
19
18
13
15
12
8
17
13
14
16
14
12
12
18
14
17
5
12
14
16
13
9
10
9
12
9
8
9
7
19
18
10
20
5
18
10
17
20
15
6
8
18
15
15
10
16
18
10
6
6
8
6
8
10
6
12
8
15
6
13
10
17
10
10
9
12
8
10
19
20
13
15
5
11
11
11
18
14
14
8
6
7
18
10
10
17
20
8
13
7
20
10
15
9
8
18
17
12
10
10
7
18
13
9
20
18
11
9
7
9
16
18
18
0
27
45
336
266
447
114
444
630
615
386
35
620
589
553
133
360
211
128
339
607
96
294
330
561
62
177
368
508
138
519
472
291
158
244
63
126
561
141
249
456
384
429
485
384
137
112
579
244
494
39
426
268
53
539
250
264
166
586
23
485
521
101
215
396
393
351
42
559
11
268
384
564
534
59
612
120
228
453
291
11
501
129
30
581
446
500
466
118
491
196
593
270
122
411
100
49
173
302
622
52
333
463
469
364
474
579
453
512
231
466
236
82
394
70
296
163
533
39
290
449
218
359
72
360
138
544
468
271
382
135
588
506
399
478
141
466
419
235
376
606
10
85
133
184
512
261
178
412
65
61
316
263
599
2
577
244
362
13
422
132
185
614
328
293
207
481
320
161
133
527
458
335
555
292
358
619
111
573
231
459
548
624
528
396
538
42
140
300
453
4
345
532
188
79
561
564
247
421
54
1161
406
1119
1307
1317
842
1301
538
1371
1658
1082
199
1273
990
1178
747
1111
986
616
932
1679
1223
763
360
1417
1167
430
1283
920
634
601
1081
787
305
349
1173
840
1092
654
697
944
553
962
1128
933
619
1381
1154
780
538
913
1147
1411
187
892
1192
1445
814
1690
277
977
1332
289
523
760
554
856
1024
1598
162
775
548
1304
1494
1065
1839
533
1225
1193
1339
247
821
1326
58
1158
646
1243
1003
1112
550
1451
696
422
480
1470
1308
178
261
1302
1529
262
474
600
573
718
1297
685
1110
1084
310
1672
1140
1139
1183
333
1339
1098
1350
1074
1292
776
914
1037
860
1613
398
1384
752
575
1634
673
1180
1122
1490
910
1385
1064
463
1314
1239
1183
628
703
420
479
1584
1178
855
886
1212
222
1080
700
1081
845
1365
1301
484
1085
1313
145
431
1380
763
459
992
1249
1089
278
677
1606
1134
844
756
557
1040
779
1225
1687
506
958
683
1048
1383
1524
798
913
649
1468
987
286
457
1348
540
1106
762
1616
791
496
1027

7
200
19
14
19
15
16
18
17
17
8
19
8
12
9
7
18
17
15
19
6
18
19
11
10
6
9
7
15
10
16
6
12
9
17
14
8
8
10
10
14
10
6
13
12
11
17
17
20
18
11
17
11
10
19
7
9
10
18
18
19
15
11
8
10
6
8
18
17
17
13
19
15
10
7
12
12
16
9
12
10
16
14
9
13
16
10
10
20
16
12
19
14
15
17
8
16
19
16
19
6
14
19
18
14
6
18
17
9
14
10
12
11
11
17
7
9
14
8
15
18
6
17
6
16
10
9
7
12
19
19
17
13
12
15
7
15
17
12
19
5
17
6
17
10
15
11
12
18
18
14
12
7
7
16
10
14
6
13
6
20
5
20
14
19
12
8
12
19
6
9
12
5
14
19
10
18
15
16
13
11
6
12
18
12
17
18
18
14
19
18
14
9
6
9
17
20
13
12
11
19
6
0
200
254
534
431
523
471
248
191
629
3
251
152
455
569
257
611
480
213
193
342
535
209
133
165
601
140
456
571
515
176
649
189
390
535
11
272
639
195
629
436
144
505
219
613
601
79
11
342
555
349
259
568
227
318
54
358
647
546
154
257
552
130
33
110
45
179
279
453
95
169
222
551
349
8
634
199
18
89
61
326
375
401
517
399
565
108
647
45
305
651
570
296
504
38
450
114
361
338
1
571
262
364
583
606
544
119
104
634
224
128
28
556
123
634
335
585
112
133
414
612
152
195
37
626
63
339
102
531
511
390
558
570
163
608
429
36
621
16
606
73
390
232
615
391
575
190
491
266
311
150
249
198
51
407
256
228
491
17
233
406
260
548
165
89
392
587
214
259
414
366
298
282
605
298
341
519
486
355
557
233
255
427
164
233
455
88
417
389
50
530
556
107
619
557
404
421
504
497
166
216
903
398
661
664
1682
639
491
882
1666
1288
678
796
1685
1453
1478
1031
1403
581
1140
618
1618
1374
1259
230
1761
843
1165
1766
1153
971
1235
928
651
824
422
389
1157
1173
1867
1615
1324
678
1283
724
1320
403
982
893
1319
1375
1163
832
409
377
388
1535
1404
609
1132
1515
1695
501
763
1246
165
1222
1311
1088
1195
844
917
642
1536
1055
823
1410
66
250
944
1572
1365
1252
1559
580
1329
1234
1385
525
665
1743
740
796
1115
623
1657
623
1116
1589
401
824
1525
877
959
886
1234
229
468
1123
1078
1243
524
847
846
849
873
751
275
1019
1671
823
343
1041
997
965
334
1007
751
1099
1727
596
1654
1305
1387
769
749
719
1118
483
1066
445
451
1205
832
1127
837
1379
601
1306
474
976
654
1497
432
1047
1267
549
1072
928
1419
881
693
671
827
730
846
898
271
586
1712
732
1136
381
937
1478
1629
992
1562
1290
1206
612
744
1291
301
1053
1355
954
1229
1040
1277
1797
1165
833
1759
1545
1167
958
717
547
214

8
200
15
17
17
14
15
16
8
12
20
12
16
13
9
5
12
12
17
8
16
16
15
17
7
6
12
13
11
12
9
17
14
8
6
8
6
17
12
11
9
18
19
6
10
7
6
16
12
9
12
15
14
18
6
16
15
11
12
8
14
18
13
20
17
7
17
10
15
20
14
11
14
6
14
12
10
14
9
11
20
19
10
17
10
18
12
13
5
15
7
16
8
10
9
19
10
8
8
12
11
7
12
13
11
16
14
12
13
7
10
13
6
14
10
7
11
14
6
15
8
17
19
17
10
19
20
10
14
10
16
14
8
9
7
18
14
7
10
16
10
9
19
18
13
5
10
9
13
10
15
19
7
9
11
6
10
15
16
7
17
7
16
16
13
13
9
18
7
6
11
16
8
14
12
15
19
15
11
13
14
9
16
13
13
12
7
19
20
16
8
16
20
18
16
16
19
12
19
11
11
6
0
228
45
599
572
508
318
425
375
240
227
17
567
77
20
488
81
474
609
72
345
301
9
524
256
90
242
248
273
495
473
562
296
574
41
457
134
234
275
609
373
211
583
155
543
125
267
107
545
539
280
30
362
158
100
614
242
351
223
24
149
10
439
410
35
423
11
558
360
58
559
463
31
182
243
74
569
587
87
443
542
84
384
181
329
452
514
463
12
317
157
220
431
202
203
382
227
204
77
63
162
272
444
444
13
196
491
469
598
508
620
119
604
175
389
402
147
391
26
147
122
354
359
53
494
598
90
283
355
367
303
191
425
253
85
246
141
314
44
331
54
522
124
125
421
17
328
120
436
143
170
231
288
222
455
167
436
430
54
411
317
126
67
457
255
332
515
53
24
619
68
81
337
339
247
61
95
89
178
191
40
208
230
516
9
324
16
133
456
518
303
296
419
595
569
552
110
550
519
536
624
1414
890
1243
1469
533
1096
472
674
773
1205
818
1380
410
771
578
995
1397
1488
727
802
579
109
1703
523
909
1139
948
1369
567
1265
1273
625
1246
552
1581
313
1291
660
1776
841
1064
1534
281
1670
1245
1040
531
657
1435
1348
97
618
428
120
1708
1395
512
527
1047
819
222
545
1466
921
435
1168
1562
1039
267
947
1059
910
1169
1395
1229
1132
1327
728
1285
897
321
1039
1391
405
1352
1549
1547
335
656
307
1472
871
1301
782
518
1228
973
930
77
1124
1089
1538
681
35
973
1552
1188
683
878
1545
1194
776
1331
1211
1275
1214
602
645
515
569
1567
1486
1010
1365
1061
676
986
633
1162
405
977
1476
876
923
632
1090
447
77
1394
923
1100
399
746
586
941
445
1331
1306
800
632
623
1491
412
482
1419
504
900
280
632
651
614
603
1709
1430
862
1456
1186
61
855
1148
1075
834
419
536
1278
605
664
907
1165
1072
547
517
1617
654
1347
1076
1279
584
707
425
1210
1555
878
1718
1506
605
1410
1282
1542

9
200
14
18
15
16
11
14
12
11
16
19
17
11
15
12
8
15
7
19
14
20
15
12
7
16
16
13
15
17
15
6
7
14
17
6
14
9
8
8
5
16
14
6
9
11
16
14
20
9
12
13
12
19
16
14
13
13
7
15
15
11
12
19
13
16
18
20
18
11
9
10
12
16
7
18
12
15
17
17
12
19
20
15
13
18
11
12
7
9
19
8
18
5
12
7
14
10
10
14
12
7
10
8
14
17
6
7
17
9
16
16
6
15
16
12
17
6
5
12
19
16
16
12
6
11
17
20
11
11
16
6
9
6
10
11
19
10
16
19
12
14
14
12
14
11
12
5
6
7
5
11
13
15
17
6
5
13
11
12
11
14
20
11
7
19
7
7
5
9
11
10
17
10
13
15
8
15
11
12
8
19
19
16
18
13
6
12
11
18
15
19
13
13
18
19
18
15
6
6
6
12
0
400
234
506
338
567
422
391
620
462
17
541
407
406
305
139
300
55
170
439
586
598
326
64
278
450
502
33
424
270
282
391
397
566
47
297
240
123
72
490
296
20
572
407
457
614
82
246
368
34
51
249
395
540
386
548
273
318
127
164
293
437
33
396
54
139
372
459
260
54
194
77
74
420
218
47
559
13
445
323
394
537
330
536
83
75
182
593
230
577
273
602
590
329
111
278
25
194
38
241
281
243
31
309
430
391
396
354
87
11
488
92
107
3
161
203
569
400
75
537
556
165
492
316
145
456
409
521
287
326
420
98
360
39
430
74
438
343
37
268
486
221
268
163
364
446
613
624
419
281
129
342
255
330
360
109
491
162
522
596
47
542
385
424
102
156
43
410
297
466
621
563
221
352
184
137
618
501
249
585
276
480
114
230
91
207
100
97
183
156
383
237
270
2
86
293
555
140
386
86
148
622
1224
641
1271
1005
1100
1415
1009
1449
386
701
1074
1606
579
241
415
1292
1366
1126
1558
1831
848
202
1330
816
1167
1272
1263
813
593
452
1025
1120
1108
400
299
815
1116
754
593
1012
1102
995
1078
1265
1357
1289
1643
521
466
631
983
1625
636
1191
713
1180
200
842
1196
1030
576
683
399
1199
1134
1451
1149
295
706
1345
391
1252
1005
996
808
187
1411
568
964
757
1302
972
1269
692
734
1072
1342
1612
373
1106
1277
413
304
1474
1140
534
703
312
785
791
45
554
1219
1443
1334
1207
1076
826
816
262
1037
748
1111
796
604
1176
289
1712
621
181
1680
1244
1326
670
1596
1650
999
741
570
935
498
804
1607
298
946
931
858
1361
1334
250
1273
210
1610
1134
1590
1134
1501
450
1286
1292
648
579
431
858
1674
1182
1597
781
436
881
1531
771
215
378
1261
1387
785
849
964
1599
936
888
398
1016
742
1289
756
1551
1321
620
1097
1319
1176
1469
1177
1296
1330
444
983
476
1403
1239
667
849
1670
1135
991
332

10
200
8
17
13
19
12
7
16
9
16
5
8
6
14
16
10
15
16
15
17
15
12
17
19
19
18
20
10
15
10
8
10
6
8
6
11
15
14
14
11
11
11
15
17
16
7
11
17
5
14
7
10
13
12
5
18
14
15
13
8
9
12
12
19
11
14
17
19
6
13
12
14
6
9
6
16
6
15
15
16
7
8
19
5
9
8
15
11
6
10
12
15
14
16
13
9
14
10
12
7
11
6
12
8
16
10
10
18
11
16
7
12
15
15
10
11
11
6
12
11
9
16
10
12
18
17
17
16
14
7
6
6
15
11
14
16
7
13
12
15
17
8
15
14
14
9
9
6
12
18
13
20
17
16
10
9
8
13
14
11
14
12
10
17
18
17
18
9
12
9
19
6
11
6
9
13
12
18
8
14
18
13
20
19
15
14
8
18
12
9
13
16
8
15
15
12
17
6
12
8
12
0
47
515
453
52
415
91
5
29
96
249
427
596
302
63
364
27
458
316
598
436
253
192
499
326
486
66
199
149
10
557
433
101
610
15
288
466
463
329
205
403
344
419
617
563
156
243
482
475
70
239
280
430
505
521
162
12
436
185
290
552
601
407
221
571
593
600
61
113
120
563
237
578
210
346
142
527
446
296
539
597
340
389
85
105
332
101
122
340
30
371
96
200
266
281
185
391
431
502
301
29
133
560
342
601
329
136
76
510
33
86
473
115
401
434
550
468
568
287
169
247
143
7
393
7
113
94
117
334
426
206
322
575
188
180
474
150
581
298
278
472
421
193
550
238
486
443
383
1
369
64
418
155
278
114
123
215
189
473
140
191
126
602
74
205
145
616
296
391
96
513
9
317
201
61
129
572
79
278
161
213
298
363
80
118
425
266
98
391
98
291
85
3
180
519
142
398
38
71
416
547
735
1028
1268
1079
1638
1027
278
763
848
659
1390
784
1269
795
1466
931
1342
1219
1681
533
742
952
740
467
1469
921
1246
376
163
1661
1508
544
937
26
563
912
1638
1160
1365
1062
1527
965
836
1369
1324
1392
1369
1399
128
1075
1157
1385
1617
1327
357
612
803
1328
1473
732
639
1305
364
1187
902
700
814
936
1062
1095
1373
1006
1023
979
709
577
1373
1008
1711
1290
388
1090
185
1022
1465
394
570
860
292
1144
874
1010
1104
476
1402
837
675
1385
1245
297
474
1471
672
628
352
1309
959
964
306
912
1000
1223
1342
862
1090
1593
1680
507
1001
1013
1021
627
1541
913
427
1238
846
1412
1182
1074
1103
1069
948
785
1181
1325
694
1288
309
1225
1281
819
1184
1299
644
1169
690
148
1147
597
1000
365
1208
1280
1299
597
444
1560
850
642
1092
1175
327
811
376
1478
311
1541
999
1472
625
1134
1134
715
283
1801
1061
968
191
303
487
482
891
829
515
1499
1160
663
451
369
218
694
1114
583
756
1213
861
772
726

11
200
8
13
9
9
10
9
10
15
8
8
7
9
11
17
11
15
16
8
10
17
8
13
14
18
14
10
8
13
5
5
12
12
9
20
9
14
9
12
16
8
18
14
19
14
16
7
18
13
5
11
10
20
19
8
19
8
20
9
10
12
14
13
17
13
10
8
11
15
6
16
13
7
16
5
6
14
12
6
6
16
6
17
19
15
19
19
13
16
16
17
12
11
8
16
10
13
15
7
7
15
10
17
19
13
18
8
13
18
19
18
14
9
6
9
19
6
15
13
19
17
8
8
10
11
17
10
18
12
7
15
10
20
10
15
6
20
20
16
17
7
11
18
13
16
13
10
13
12
13
8
6
10
6
11
8
16
19
13
10
13
6
8
16
17
13
15
10
13
19
19
6
5
7
17
17
9
12
14
16
9
17
10
18
13
14
7
8
14
11
16
18
14
19
7
14
14
6
11
10
18
0
48
31
74
181
67
481
387
323
68
86
94
480
368
430
267
269
184
609
580
87
379
300
503
111
608
301
546
385
65
353
459
64
157
568
330
424
220
4
246
362
176
619
72
231
31
133
25
230
108
132
462
455
27
484
321
68
333
122
124
207
420
263
230
579
387
145
265
612
469
64
387
114
82
573
345
308
95
120
83
202
384
580
381
396
26
514
385
548
313
568
521
102
450
218
161
356
481
311
384
8
63
572
609
346
140
292
36
367
497
112
186
487
256
623
111
120
534
79
542
299
94
41
445
361
63
27
356
489
436
605
356
390
66
368
180
283
333
607
556
84
492
6
173
472
475
43
460
478
400
288
110
273
96
552
259
46
356
298
392
528
505
429
257
434
234
338
340
107
274
339
600
404
524
500
606
498
169
360
151
468
287
558
377
504
371
230
115
110
495
569
569
359
568
297
574
86
264
297
554
666
964
133
1132
1027
780
1676
948
1564
1265
1008
475
1204
736
1395
750
503
1390
997
1740
655
816
1416
586
518
887
1480
1218
1504
911
834
1241
1166
904
879
1281
1403
842
188
1364
1545
471
1307
299
1109
1263
1022
1117
1061
302
459
686
1074
893
765
1383
1262
776
709
549
1388
1002
913
478
714
1158
782
997
1337
539
473
1263
1102
1226
1529
1332
1063
527
875
857
1351
970
1309
565
1532
319
1770
693
1638
748
847
628
446
469
745
439
1140
1505
431
1459
899
783
1513
1099
608
453
1510
928
1393
575
946
560
639
1007
1110
988
565
828
873
965
324
863
230
667
1543
641
1201
939
957
1204
650
1334
1441
443
1524
988
789
1422
1234
771
1190
1379
441
1145
1708
1327
782
937
1133
1531
1229
593
1364
123
1782
1110
1305
1444
496
1462
1582
1503
587
499
1273
716
1183
703
244
1292
908
688
897
1522
1005
651
1442
455
1474
581
635
727
981
1401
1052
1365
527
495
806
728
1183
1160
420
1334
1472
1328
1242
1361
390
977

12
200
14
13
16
19
19
16
18
9
8
7
16
11
19
14
14
8
8
14
8
11
16
9
14
13
12
15
18
8
11
16
12
19
15
18
6
5
8
17
5
16
14
17
11
7
15
12
5
9
10
12
19
6
15
18
11
12
9
6
20
16
17
18
13
10
14
7
18
7
18
10
12
19
18
19
19
14
8
19
11
18
10
19
10
19
15
15
8
17
5
7
9
16
6
20
8
7
10
19
12
16
14
9
7
13
10
14
7
14
10
14
18
7
10
17
20
10
17
9
12
9
17
17
12
10
20
17
16
17
9
10
16
7
8
17
7
8
18
12
14
15
19
7
15
7
5
10
10
10
11
7
20
15
11
9
20
10
12
18
12
8
8
18
14
6
10
17
19
5
18
12
16
18
19
6
13
10
14
10
14
12
16
15
18
6
18
9
7
7
12
16
10
9
16
12
15
5
19
7
8
5
0
270
593
384
616
188
572
186
121
455
459
428
124
112
89
288
400
5
529
611
514
527
498
177
16
474
185
142
80
445
311
603
269
592
406
159
264
584
588
130
242
445
74
262
241
3
491
247
437
48
267
187
124
400
191
441
490
519
88
293
136
377
378
305
432
283
485
227
179
530
269
456
460
196
242
205
427
395
430
375
461
541
582
471
421
541
319
120
569
618
55
199
456
305
627
219
221
325
567
274
197
42
349
379
132
538
524
463
226
282
550
168
246
423
389
446
184
344
323
412
605
507
410
310
476
183
90
245
89
142
11
481
570
425
241
555
606
109
109
467
231
578
167
564
297
233
126
222
503
490
218
167
417
254
468
309
45
616
269
461
593
125
333
255
66
470
563
554
170
410
337
148
182
317
438
150
587
215
487
405
355
415
593
308
555
265
436
369
63
334
77
492
488
368
141
133
398
256
609
124
756
521
1165
1518
1111
1105
1715
635
1233
1090
1527
831
933
534
261
373
1211
55
822
1676
1683
1762
1041
467
1082
565
602
1174
1157
1482
814
1531
938
902
1457
331
948
709
1222
843
983
823
458
1380
1117
1211
1317
269
593
1241
899
294
446
863
722
482
1092
1591
635
1081
1122
570
1480
1083
1482
1233
544
506
605
776
360
1051
1056
1081
864
1037
534
1332
642
1199
1300
1029
606
1679
1043
1515
452
690
801
1477
756
1232
559
1100
1879
614
749
640
1596
469
1423
829
404
1594
267
810
657
1357
1277
1426
832
843
1206
575
1363
1490
1047
737
827
1677
1412
1571
589
777
634
804
439
949
554
1074
399
1377
976
443
1238
825
925
1237
492
1604
982
1487
511
1266
369
797
224
1363
1161
666
357
817
1211
403
493
365
1138
650
427
878
1741
1145
426
860
1240
494
1296
1418
1158
791
1099
1262
1039
927
1312
1233
1064
472
1410
588
833
967
1790
387
741
1362
950
834
1288
1015
1175
1685
1030
1039
248
1160
1634
670
1317
254

13
200
16
13
19
6
6
13
16
18
15
16
18
9
9
11
13
6
9
19
20
15
16
10
16
19
12
13
15
18
9
15
17
12
10
9
15
15
11
8
14
9
6
19
6
18
17
9
11
6
11
16
16
5
7
18
18
8
15
5
16
12
11
17
11
7
19
14
13
15
19
18
11
7
17
9
11
8
11
10
6
7
18
9
8
10
16
13
9
18
5
14
10
12
11
13
6
14
7
9
16
18
14
20
7
14
10
15
7
10
5
18
16
12
9
18
9
8
18
15
18
10
11
14
6
8
8
15
16
17
12
12
18
17
7
19
14
11
9
14
6
8
9
8
16
12
11
14
6
7
12
17
14
9
5
15
20
6
7
5
6
17
17
6
16
16
14
10
16
8
11
6
12
12
12
16
8
5
8
19
11
11
5
12
8
15
8
7
12
19
12
12
15
6
8
8
19
18
5
14
7
8
0
300
389
564
271
304
486
153
68
394
23
150
513
532
76
183
484
276
465
188
478
530
2
45
165
441
472
52
56
582
146
291
468
427
251
265
276
43
548
479
81
19
243
113
230
538
226
289
122
228
594
455
95
511
298
407
265
438
89
276
19
379
549
175
378
136
591
250
279
241
286
435
420
419
106
49
319
370
482
129
412
464
377
246
262
274
566
490
489
382
107
382
98
541
111
593
424
251
293
415
146
247
595
493
425
111
3
137
387
154
12
536
211
349
60
179
477
271
205
437
566
39
174
372
437
189
423
543
147
487
362
295
212
408
586
463
208
112
42
203
510
411
416
480
351
549
208
517
107
142
443
332
389
473
256
493
445
42
80
171
465
49
320
275
80
262
590
101
51
329
52
314
33
251
298
79
27
15
501
560
193
527
114
203
26
435
41
33
1
9
107
170
55
46
7
381
424
345
358
311
825
634
762
932
1428
1082
681
1366
903
815
717
1072
1403
644
1056
233
1116
1444
753
861
609
1328
700
1206
524
1401
862
630
1229
1360
678
569
647
1046
831
1004
312
261
1045
959
951
543
329
1331
1096
831
1087
911
1029
1109
1131
1575
563
712
393
711
1157
879
377
1265
760
1385
714
898
1360
849
1711
1175
906
889
333
733
1233
430
612
905
707
815
560
769
1240
963
1310
530
289
680
1134
557
565
528
221
1518
210
1750
565
1637
724
1415
885
1038
692
1266
1620
944
795
1292
238
563
887
346
98
1454
867
1053
1071
1261
1576
1072
936
576
830
647
1086
981
1225
1001
1483
715
576
824
1003
1498
997
1505
1428
1055
1064
561
684
1164
1283
1538
1544
1418
1390
1662
1127
1450
1028
472
824
492
866
647
1018
1201
840
1249
511
727
798
412
1462
1201
956
488
1124
390
330
789
167
712
527
1124
1403
157
538
390
768
704
281
1669
712
1039
148
1408
777
854
1117
1019
846
1076
582
1233
222
1328
464
1321
1539
505

14
200
12
11
6
14
19
7
10
5
10
16
11
14
7
7
6
9
6
12
7
15
5
15
11
18
14
11
7
11
16
13
9
15
11
18
7
17
7
13
11
19
18
11
5
9
19
19
20
9
12
7
9
17
5
13
14
14
15
18
11
11
17
17
9
8
8
12
14
9
18
18
14
5
17
15
10
13
10
7
8
5
12
6
12
17
5
11
6
13
5
15
20
19
19
15
19
19
10
6
9
6
14
17
9
11
19
19
8
12
20
6
17
16
17
17
17
17
20
14
16
9
8
13
11
15
14
18
10
6
13
15
10
10
15
12
17
6
13
19
18
7
9
18
17
12
10
15
17
10
15
9
12
9
5
6
16
12
8
18
13
15
18
10
16
20
8
20
15
19
5
11
8
10
9
9
8
10
8
14
15
9
12
7
8
18
14
7
14
17
14
15
15
15
14
10
18
20
6
17
9
17
0
144
191
382
127
43
364
101
112
601
195
608
565
458
441
607
268
238
526
112
291
536
8
461
620
285
131
368
564
587
182
95
316
116
488
615
106
209
569
524
554
178
560
566
24
322
618
507
60
20
217
91
408
302
134
616
279
133
315
219
438
172
168
547
381
130
55
490
107
377
580
245
121
128
330
111
481
401
461
473
600
323
619
440
614
568
200
361
439
38
618
77
437
181
201
0
425
566
399
612
326
109
614
10
462
19
337
10
411
460
213
555
24
59
180
376
298
208
8
453
231
278
367
253
405
2
415
70
107
111
16
56
590
80
53
583
56
215
267
119
402
126
521
205
137
179
551
72
347
448
386
423
591
59
228
147
436
124
112
525
272
116
608
89
359
202
552
266
432
11
523
2
54
134
581
132
202
566
375
27
36
514
85
446
536
9
344
108
255
285
240
535
465
239
242
446
587
255
445
482
1164
394
926
742
1070
976
1599
1003
209
685
714
1525
839
695
703
797
798
860
1198
518
1222
714
608
1539
974
927
523
1516
1812
1605
864
493
401
509
1274
1103
1090
886
589
623
675
309
1103
616
882
481
804
900
1140
147
1285
464
508
757
502
1306
410
859
1500
688
537
1093
1417
1031
728
210
172
744
1105
532
1426
847
1249
1002
1530
576
1100
1286
1559
1198
994
1176
883
761
845
640
600
1231
683
1132
1453
400
1603
386
681
500
1246
1121
694
812
1248
1098
994
319
1650
1002
870
827
576
1515
297
1018
1041
546
746
1486
623
1352
926
557
812
1509
1573
566
1317
1083
1177
996
358
1042
647
326
606
885
1160
1391
775
938
812
558
930
374
1699
323
516
938
1285
592
1428
974
797
1080
1461
1013
908
882
482
618
499
1648
1269
740
1221
1156
853
904
621
323
468
723
1418
581
888
355
1143
417
1001
627
1354
767
65
1553
802
1551
1298
460
613
160
1290
386
1141
953
786
930
1398
557
718
477
570
1442

15
200
12
13
8
13
13
5
8
9
14
15
10
15
7
8
14
5
17
8
19
18
12
5
16
13
9
5
16
12
16
19
20
8
19
14
19
13
7
16
10
16
17
16
17
13
20
10
8
18
17
19
19
19
17
7
20
7
13
9
19
6
10
5
10
18
12
5
8
7
18
7
18
8
18
18
16
12
17
18
16
10
20
14
12
13
19
7
15
14
12
6
16
12
9
12
10
7
18
12
9
12
16
16
10
9
8
16
5
11
8
7
11
11
16
12
19
15
12
10
14
14
13
9
14
18
10
6
5
12
19
17
16
7
19
18
19
14
9
13
12
15
9
10
19
7
9
6
6
14
12
7
11
16
6
8
19
19
18
10
18
12
11
9
10
9
9
16
12
16
10
14
10
9
10
11
15
13
15
9
12
11
10
12
9
16
11
10
12
18
12
14
7
15
17
10
17
16
17
8
12
11
0
371
412
457
392
223
83
420
390
65
38
136
275
557
108
627
151
341
285
34
242
62
32
496
414
417
443
156
383
51
591
131
221
75
379
107
486
305
599
448
341
277
587
198
506
193
499
73
7
396
440
427
471
188
330
179
5
242
274
481
481
1
289
281
199
593
425
128
150
256
118
91
263
353
337
10
10
156
447
494
504
381
261
309
483
563
456
534
244
178
523
431
305
570
628
435
45
613
241
350
52
114
570
625
257
144
513
448
88
467
44
521
259
213
156
500
485
95
73
216
298
362
309
303
380
339
373
56
268
24
322
73
564
171
609
597
444
74
6
599
492
147
497
451
416
377
81
36
389
460
594
177
614
245
180
491
309
25
35
277
141
538
83
578
511
347
5
220
337
505
396
279
48
358
366
367
258
45
166
561
443
449
148
523
399
476
233
231
29
604
620
130
211
40
374
106
306
186
277
122
204
1354
1017
528
1269
233
1263
700
1091
503
235
250
1475
1293
1124
1664
443
1119
534
275
1133
395
1005
1140
1256
672
1128
437
531
308
1197
311
1298
609
1180
1096
1513
568
747
535
1600
1412
1301
900
1542
470
782
1012
690
1424
1013
835
1008
574
1029
311
197
1142
1370
1200
979
412
379
914
1369
632
972
1154
390
533
342
357
1143
536
1025
511
363
1314
1557
1391
1031
492
453
341
1359
1642
804
1084
1187
1371
1500
1566
1055
823
1889
717
994
1648
922
963
121
799
1744
1160
1045
617
1053
1521
1156
931
1192
1204
1157
341
893
1398
1163
221
912
942
882
577
1240
342
1005
1224
1387
1259
1141
1153
1422
414
832
222
640
748
1467
1091
1077
1013
1234
1021
835
1301
829
899
447
1229
1044
1223
878
522
1012
921
841
1660
833
229
1070
1491
340
868
864
1612
1734
1600
1032
669
709
1215
1266
744
144
859
1175
660
511
684
344
1126
1353
923
450
1679
879
634
427
1158
259
959
777
371
973
1115
733
1288
573
315
911
1203

16
200
7
15
7
15
11
11
13
19
9
16
8
6
16
17
17
13
16
18
19
16
8
8
14
8
12
12
14
13
9
12
5
5
12
5
15
8
9
5
9
9
13
11
20
19
17
15
15
19
13
16
13
11
10
11
20
9
10
19
15
17
7
14
7
18
11
13
19
18
16
20
17
9
5
15
6
7
13
8
14
10
18
12
17
10
6
18
15
10
15
17
16
20
8
11
10
6
7
18
6
18
14
12
6
16
17
15
13
5
6
5
18
19
19
17
17
8
10
18
18
19
6
14
12
12
11
7
20
6
18
15
10
14
7
19
15
19
18
11
13
7
10
7
17
8
5
9
7
6
15
9
14
8
6
18
17
17
11
14
6
16
17
14
10
13
20
11
19
20
12
16
14
7
11
19
9
15
10
11
12
19
6
7
15
7
11
18
17
18
6
19
13
18
8
20
19
10
13
9
7
14
0
415
299
361
527
155
195
16
122
60
372
488
8
86
12
421
120
446
617
614
241
23
394
626
424
236
176
144
469
359
98
127
43
400
238
352
114
70
302
422
304
438
134
229
451
596
589
587
364
393
180
27
319
277
393
535
116
414
463
438
496
301
214
558
307
385
33
579
201
566
50
303
518
275
300
513
358
71
137
375
79
572
570
22
261
561
177
204
14
247
330
14
355
88
230
442
308
519
23
191
333
624
108
353
106
442
319
611
173
515
420
365
218
190
507
152
296
344
224
259
301
615
466
137
221
624
135
610
252
342
485
415
155
202
130
496
92
562
215
605
437
461
285
367
244
383
557
149
118
68
1
555
307
515
233
346
369
609
172
483
130
43
368
121
44
228
30
515
14
274
589
124
522
48
105
51
36
400
591
557
154
513
503
169
411
233
199
356
536
354
212
614
347
471
466
261
478
63
614
55
928
1450
461
861
1603
941
1237
468
1181
367
1220
884
618
617
916
1599
421
613
1121
758
1370
1033
1167
928
1345
1419
675
278
737
449
917
1185
1123
1038
1115
984
202
857
1308
944
1360
803
1018
1451
1546
847
729
1800
537
1140
550
395
1088
551
1266
1796
972
442
1224
841
1122
701
413
631
1091
454
386
1586
1450
1732
1207
428
1561
1168
944
1154
1041
1315
1139
676
1267
948
1387
665
326
1707
910
780
35
799
752
519
1410
623
1491
1099
1489
538
593
1204
601
1674
578
380
442
978
1031
1817
1200
673
1616
966
1296
1253
1732
709
866
925
1129
1046
1570
1423
1053
1358
983
1273
204
1636
705
1575
1385
841
848
521
1170
1203
383
1092
422
1315
615
1116
489
482
1197
1403
1421
210
325
96
1151
869
1020
669
1227
1533
788
920
955
831
237
745
904
772
1256
958
369
1624
606
1168
1292
1233
691
777
672
504
294
1478
779
1302
1052
869
1006
1333
762
743
1430
977
1437
1360
750
652
1594
1001
1596
1160
1127
1019
790
1218

17
200
11
9
18
16
13
8
8
9
11
14
14
13
17
11
17
19
10
5
14
6
14
18
13
20
14
8
9
14
12
9
9
11
6
9
7
8
10
19
9
14
7
18
7
16
8
8
8
12
16
14
8
12
20
15
13
17
6
16
16
6
10
6
20
18
8
17
11
16
13
17
18
5
20
9
19
10
5
18
5
11
18
15
8
16
5
6
10
6
9
15
8
12
13
16
17
15
7
18
11
19
12
9
15
17
6
14
17
13
10
9
7
12
6
5
18
7
6
10
9
19
15
17
15
8
19
10
19
16
20
16
20
18
11
11
14
7
8
15
16
7
11
15
16
20
7
8
12
9
13
9
5
11
11
19
19
6
10
12
16
20
10
14
17
14
19
18
7
20
19
9
12
20
17
19
14
10
14
19
6
20
6
8
17
11
9
19
16
7
17
8
6
7
14
15
11
17
18
17
8
19
0
195
199
390
206
53
314
461
311
395
18
461
303
272
110
72
262
478
418
392
493
325
137
177
285
481
82
173
101
577
507
611
365
91
411
533
405
24
160
396
173
17
125
248
118
391
318
597
568
618
16
140
403
544
467
14
155
292
228
536
513
117
79
87
91
557
132
389
445
375
417
111
167
184
163
566
514
442
116
412
627
441
599
601
385
214
295
243
293
12
409
256
67
522
300
481
434
395
589
211
360
532
447
421
528
356
29
626
231
584
445
4
400
217
259
107
561
385
411
547
547
249
213
91
424
111
73
202
26
83
513
189
362
18
575
506
91
402
265
213
75
444
62
111
342
628
251
80
602
313
47
235
629
137
512
110
276
449
525
434
515
508
540
458
207
346
201
435
74
608
178
311
400
377
575
472
140
252
595
623
355
617
31
131
113
481
303
322
380
52
601
96
258
455
69
461
463
607
321
528
604
1026
918
1577
1173
479
622
1369
1528
1604
170
1518
1265
523
656
200
922
1704
1424
494
1329
450
563
705
1549
1251
904
612
1336
1825
1263
832
1253
685
672
567
1185
1026
1042
994
1206
913
1370
1047
1181
934
1037
775
1710
1172
282
1034
864
1410
907
711
820
1358
966
1141
1148
727
367
1363
202
1608
403
466
1216
1623
974
1124
994
638
1047
892
1054
620
612
1521
1881
946
909
764
1325
1435
1444
332
1233
590
455
1504
147
1139
998
580
1289
1419
1346
484
895
683
616
1610
614
728
520
1276
738
1730
873
318
690
1172
815
1332
764
673
1010
1689
762
440
462
851
1280
321
447
857
443
262
1051
928
398
700
1834
1103
719
1060
577
324
1233
1103
542
856
1428
745
686
1093
868
1414
65
666
744
479
833
1340
1085
1545
1387
1541
1313
778
1497
677
1063
1295
1178
1001
242
1511
794
1063
942
1490
1840
1270
1269
1028
1311
721
1327
1237
96
287
867
1519
853
1160
1086
159
1208
208
283
552
977
1585
1591
1116
1264
864

18
200
19
8
10
13
15
6
9
13
7
8
16
7
5
17
14
10
13
12
5
7
9
12
20
13
15
11
12
13
12
10
16
16
14
5
7
9
14
9
15
18
6
10
13
9
11
16
9
14
14
13
9
16
19
17
6
19
13
14
7
18
13
12
5
8
17
17
7
8
13
19
11
14
8
9
14
14
16
10
7
17
7
20
13
16
5
7
5
13
10
15
5
12
12
19
13
8
16
17
16
13
6
14
5
7
13
17
16
9
18
16
17
10
12
12
8
11
8
12
17
17
14
9
9
18
19
6
14
17
13
20
9
11
6
18
16
7
6
12
15
8
9
11
12
18
12
8
14
15
11
7
16
17
16
16
8
13
17
10
9
12
7
5
6
18
14
16
7
19
12
11
7
10
10
17
18
14
19
9
8
15
6
14
19
19
16
20
7
16
10
8
18
7
6
7
16
17
7
7
14
20
0
132
231
595
278
72
347
109
78
263
88
238
118
346
237
442
555
294
464
192
523
6
327
309
590
554
171
341
53
178
127
435
224
350
562
43
160
386
366
106
243
182
84
433
73
515
172
129
598
393
184
121
586
392
124
389
426
484
21
94
308
76
195
528
282
356
82
171
222
205
522
87
486
390
91
396
83
602
104
561
452
395
346
91
79
170
165
206
243
458
387
9
433
526
572
511
49
44
483
315
170
565
293
553
66
212
457
461
524
240
69
568
126
431
101
362
202
158
587
118
338
345
597
426
165
28
424
597
265
391
204
441
259
238
470
500
318
59
99
369
495
453
196
522
483
499
221
605
270
127
399
197
39
489
378
487
404
300
235
99
90
413
519
532
82
604
113
467
389
211
165
488
260
608
102
510
198
463
46
508
149
20
537
229
138
493
468
572
165
183
582
485
149
212
57
592
389
167
204
97
579
541
986
1806
338
559
566
786
126
374
1179
1022
641
1482
655
1101
1479
1175
817
1136
997
1060
964
1318
801
1297
746
422
164
268
1342
1604
722
437
1028
1052
1255
956
408
351
926
357
116
1607
789
937
1218
761
1518
922
1044
1327
841
1408
496
1259
1337
701
52
347
940
671
274
1274
626
813
598
196
387
1439
1208
704
1633
438
549
864
348
645
650
1237
1352
1186
580
444
1069
345
1090
755
520
1151
980
607
1508
1641
1370
697
425
1024
791
687
1157
689
1225
1461
835
1053
1050
1082
1407
293
407
1078
920
1431
804
880
493
213
1141
834
668
430
881
506
226
35
1620
745
409
1286
220
971
1349
386
1455
1380
894
985
778
1584
1000
1262
975
1051
1474
765
669
833
745
158
521
413
1172
1428
723
578
1346
1204
770
796
999
769
1176
796
394
1466
1293
1407
1302
1097
702
1125
899
1227
135
1020
1380
1532
887
964
246
1106
1261
1229
954
1119
868
1457
1053
598
1305
628
928
738
438
1155
1183
1126
1103
993

19
200
7
17
15
17
7
11
6
16
9
14
10
17
6
15
19
14
10
19
16
8
12
10
7
18
15
18
12
5
17
14
16
20
15
6
11
13
11
14
12
10
8
5
18
11
19
17
11
9
9
12
11
18
14
12
19
13
5
5
16
17
8
14
15
13
17
10
12
13
6
12
10
14
17
12
9
6
8
17
10
19
7
9
7
18
10
18
19
10
11
8
14
16
12
13
14
16
13
7
10
14
7
15
14
12
12
7
10
15
11
15
8
11
19
10
7
14
6
19
12
19
18
12
8
16
18
13
12
14
6
19
7
13
10
10
14
12
18
19
13
9
18
14
15
17
10
12
11
11
5
8
16
14
19
15
9
17
18
19
15
15
7
16
16
9
9
15
15
15
8
14
19
17
17
20
13
20
6
7
14
15
9
15
9
7
11
11
7
19
13
9
12
5
17
14
12
14
12
9
13
14
0
61
402
198
160
270
431
537
174
329
488
574
506
511
298
456
528
407
28
1
145
8
301
314
99
425
99
346
339
332
561
454
176
321
215
10
487
487
425
453
314
260
243
220
138
378
102
546
380
179
489
322
444
238
476
288
149
366
609
436
0
455
471
137
250
530
487
71
260
521
182
268
19
539
563
307
261
286
301
420
501
279
349
37
302
335
345
134
562
552
173
203
626
226
135
22
50
562
486
198
187
298
82
266
496
234
605
360
562
69
292
148
206
394
73
436
442
194
378
499
183
180
92
329
331
398
623
229
7
547
611
622
368
318
52
197
124
568
20
319
115
130
282
532
410
465
624
58
336
287
588
234
90
602
265
11
414
396
14
344
257
241
487
90
284
388
195
541
150
491
219
538
544
184
24
576
467
62
292
391
111
390
535
185
432
264
451
129
295
222
366
51
3
289
237
299
74
256
158
613
521
1030
1567
1259
825
1317
597
577
312
889
1286
934
1607
970
1497
535
1396
1222
589
164
247
914
537
1135
218
1100
1057
737
1408
834
1380
1389
1126
1566
876
404
1504
687
1556
1612
1312
1364
684
1139
1249
545
182
931
928
1388
1454
943
1240
897
1309
324
718
878
1442
1252
1112
1696
1081
591
1276
556
1428
1108
702
1220
1156
874
479
1742
875
659
853
665
769
1498
1465
449
1175
843
668
960
437
401
1119
988
947
343
1331
842
204
329
919
1609
1665
887
1286
538
722
1224
1658
990
1580
1533
1823
246
656
960
261
837
1163
1177
792
515
1402
919
1350
1429
1277
356
603
582
1805
1393
16
1547
896
1037
469
493
188
1414
256
802
172
671
1142
1187
961
1568
591
687
1782
72
1388
698
1266
1060
456
1085
1198
435
687
512
1250
461
1446
1081
1185
933
1214
891
1303
1118
236
1047
579
1354
913
785
141
1392
1105
801
440
701
396
606
754
973
1029
1505
1570
974
1517
663
752
818
219
1105
983
1215
867
1321
643
1565

20
200
13
13
5
19
18
5
8
13
6
19
13
9
16
7
19
18
19
15
6
9
18
18
10
12
18
10
17
9
13
9
12
13
15
6
18
17
19
11
13
7
10
7
6
15
16
11
10
6
15
15
15
7
12
13
16
18
18
15
13
18
11
11
10
14
10
19
8
12
7
12
17
7
10
9
11
18
14
8
8
8
8
16
19
16
9
6
14
7
12
7
16
13
5
18
10
20
16
14
7
17
17
18
7
11
14
19
19
15
15
14
13
9
15
18
18
12
15
7
5
16
10
13
9
7
10
6
8
17
16
16
12
12
13
8
20
7
8
8
17
17
11
13
15
14
12
14
9
6
10
10
14
9
20
5
16
5
9
14
19
10
15
15
5
15
19
5
20
11
16
13
7
12
8
18
8
12
19
17
16
8
17
7
8
13
8
9
13
10
17
15
17
7
11
19
7
8
14
17
7
14
0
227
398
388
346
418
240
91
271
333
489
320
615
472
531
568
327
220
153
502
508
615
327
190
412
250
343
60
422
109
491
409
202
479
509
531
442
155
504
382
126
346
174
509
231
504
540
47
198
292
279
322
548
499
212
183
491
356
561
567
174
196
184
43
124
92
431
101
84
314
444
54
378
425
236
330
525
405
211
233
108
610
431
243
359
208
92
546
257
251
509
237
531
451
278
111
48
145
190
415
449
14
373
197
408
99
376
212
362
0
231
468
316
555
141
585
389
423
560
278
381
563
326
55
562
84
185
44
591
182
68
169
8
260
542
206
314
472
550
450
262
375
604
272
557
458
436
284
248
605
285
419
389
384
402
247
368
194
505
70
603
77
595
408
132
208
525
277
291
491
340
579
529
148
32
582
39
358
109
9
575
231
365
317
526
381
138
279
459
29
531
592
276
35
69
179
109
281
457
154
35
346
818
1646
388
1312
790
148
1391
357
643
911
1740
567
1742
818
1366
845
1021
721
1542
837
584
845
1468
1443
659
578
954
711
1336
1189
1189
506
1010
1463
1368
1256
1574
1392
678
540
664
1087
1042
880
739
329
531
789
1422
658
1753
1163
883
224
1456
620
1096
646
320
392
1041
934
808
712
764
1043
636
1063
1613
807
1484
1268
594
829
748
780
1030
752
132
1831
595
537
1553
228
633
1733
269
1161
685
268
630
766
1165
1314
360
1298
1331
940
794
989
634
266
1149
1055
976
809
540
464
1300
1511
468
1109
1384
988
703
1110
1040
392
992
1799
652
1175
1567
773
922
151
1811
542
952
1273
1236
690
723
289
392
628
620
1309
1317
1398
668
1332
1467
1095
1162
1019
1406
716
1295
1005
779
1580
532
326
902
1343
618
165
1839
165
1098
545
158
549
613
1330
1504
527
972
1553
861
1401
573
694
279
920
579
1101
1532
979
1597
876
1391
596
571
1111
1391
286
1579
872
1143
410
307
1169
662
993
759
1228

21
200
7
9
16
10
5
9
7
12
19
6
8
17
7
7
7
14
6
15
7
14
8
9
11
6
15
13
15
12
5
9
18
18
13
6
6
14
11
7
7
8
16
14
12
16
8
15
11
19
19
5
18
15
19
7
9
13
14
18
16
11
7
10
19
19
9
11
9
16
10
18
11
17
9
5
16
18
13
10
17
12
7
10
14
10
14
15
17
14
11
18
19
14
17
5
13
10
16
14
10
14
11
7
16
20
13
15
7
7
15
8
8
17
11
9
14
17
17
18
10
17
6
16
19
6
17
10
11
15
9
13
18
19
18
9
18
17
14
11
9
9
14
11
12
14
17
20
15
8
12
17
20
17
18
8
20
9
12
12
12
18
13
15
17
6
14
19
12
14
17
16
19
18
19
8
11
18
13
8
17
11
11
13
18
13
6
10
16
16
17
14
11
5
9
19
12
10
8
14
6
5
0
361
384
274
77
81
418
389
630
573
94
383
567
580
29
603
154
105
4
112
339
323
587
447
409
237
569
404
413
561
609
74
546
267
353
361
119
85
67
409
321
288
369
38
125
91
343
128
306
552
279
465
468
581
462
625
281
605
358
268
565
327
370
611
234
78
389
280
572
398
489
612
177
514
513
317
290
475
90
257
37
619
284
154
43
9
172
398
264
144
315
253
380
396
92
563
617
358
219
370
579
587
604
599
294
496
417
438
404
59
16
178
40
289
233
595
35
283
546
603
542
364
500
337
82
251
214
39
260
505
543
593
409
4
619
543
308
210
309
505
308
120
251
288
551
274
43
299
12
328
535
116
209
342
43
123
390
425
561
354
438
17
496
537
192
315
126
558
38
364
121
250
335
447
315
291
87
121
599
564
35
119
374
289
435
519
310
101
618
601
346
232
73
387
181
47
553
434
4
65
228
1372
642
870
173
1318
1184
1325
1661
795
1287
1224
624
675
670
1643
241
460
952
904
1500
818
729
926
751
341
666
1394
579
1225
1662
741
689
795
918
869
390
1315
79
1192
433
1527
1011
835
937
659
372
389
1426
1690
360
670
1624
1584
946
1119
1534
727
812
927
1347
1085
497
646
748
120
941
1522
1594
835
554
1079
773
943
1321
411
659
761
859
838
1059
1726
500
1126
310
816
455
523
804
758
1459
602
1235
607
472
1088
1770
845
444
889
1230
1051
724
767
1251
740
1493
1274
672
1328
959
631
1108
939
697
1687
1137
329
1176
754
1808
667
1765
862
589
444
1420
568
1176
974
829
974
1386
22
1291
1774
1566
941
583
1126
820
146
1499
985
855
663
629
592
903
1303
712
1338
752
971
637
1059
1267
571
1323
1166
771
83
1316
1356
1179
1444
1118
1650
710
1293
530
313
1173
661
1423
1076
751
1214
1618
705
447
468
463
361
1275
1242
1147
655
919
958
1384
991
316
1200
255
1177
1238
746
405
916

22
200
20
5
9
8
13
5
5
5
13
20
9
7
7
15
9
16
20
18
12
6
12
13
8
16
12
12
14
18
17
5
14
8
9
20
16
9
11
16
5
7
10
15
9
9
9
14
16
8
19
7
9
16
15
11
11
11
10
7
19
16
8
16
8
7
13
10
18
5
10
8
13
10
10
19
16
20
15
15
13
15
11
19
6
16
17
6
7
17
11
10
10
8
6
16
15
5
10
18
11
12
9
5
9
16
9
7
6
7
6
16
16
6
11
11
10
19
15
12
20
7
9
17
11
10
11
17
13
11
10
14
13
8
19
9
18
11
19
14
11
20
6
14
10
12
11
12
6
14
19
19
17
11
9
14
13
12
8
13
12
15
15
16
7
6
17
17
8
12
15
19
8
7
17
15
14
15
20
11
17
9
18
17
9
14
13
17
12
14
7
6
6
8
12
13
11
12
6
7
20
16
0
553
510
342
418
297
550
402
274
97
379
335
16
387
509
114
342
543
517
340
524
424
229
0
72
305
313
170
97
472
230
600
15
306
163
20
49
549
29
402
295
101
411
7
196
118
292
259
64
116
75
386
8
54
537
20
360
341
163
37
140
471
227
65
83
298
134
457
114
429
249
515
212
306
160
167
602
136
535
499
535
392
150
66
55
209
480
529
395
496
356
402
155
393
343
117
405
139
543
237
177
188
1
291
319
590
145
9
181
133
503
159
298
460
3
541
351
168
556
182
142
430
250
316
115
468
42
92
98
210
396
78
48
550
285
509
247
396
379
255
539
271
465
402
254
181
196
273
225
289
452
67
109
577
509
362
239
186
395
556
37
458
604
416
384
296
80
150
177
543
361
137
509
580
481
591
39
193
180
462
457
190
254
84
145
331
76
233
389
116
453
279
432
398
362
194
277
488
574
30
481
980
1102
1182
1181
1010
1363
630
1170
305
590
765
545
1535
1398
429
450
1495
1341
1442
670
618
769
952
549
948
660
1166
660
970
908
1366
974
1447
1108
750
191
1700
1001
770
1069
629
823
326
817
474
460
671
373
354
140
1272
481
891
1111
1104
653
478
193
617
1264
1229
488
546
725
1317
272
791
837
936
574
965
1291
354
604
264
1211
227
1418
908
800
1192
1329
1182
599
310
758
1587
809
1054
1494
578
872
1049
1404
1074
1030
829
884
938
1102
414
937
858
947
757
1290
1081
556
1084
850
383
744
787
400
678
1184
664
1504
1139
948
1508
672
569
814
536
189
449
807
1257
706
1140
925
807
1161
1343
803
665
1560
701
873
1121
728
1486
1437
729
359
808
1335
906
1443
1026
233
1779
1340
1052
720
1187
640
1047
612
1415
765
536
1549
575
236
377
819
563
919
928
673
1652
1221
1171
335
1265
909
1186
863
1405
1113
109
678
1135
750
1042
1594
491
478
1068
1417
1201
600
1033
751
1386
1438
185

23
200
12
13
14
12
20
7
8
20
8
13
6
17
13
9
12
15
10
6
16
12
16
16
7
14
7
6
18
14
10
6
17
15
19
6
16
6
11
8
10
12
20
15
20
17
14
14
17
19
12
14
6
12
9
7
17
18
19
20
15
11
13
9
11
7
13
9
9
8
11
10
7
7
10
17
7
17
18
18
6
6
10
6
16
16
18
9
17
7
14
12
12
6
6
9
8
16
15
19
5
7
8
16
9
5
8
16
8
16
9
18
8
10
9
11
19
17
6
15
17
19
9
6
5
9
13
14
12
16
16
9
15
16
15
12
5
11
9
14
8
17
20
8
17
7
15
20
20
16
16
17
18
6
9
12
12
19
18
17
9
13
19
14
8
11
18
8
13
11
6
15
9
20
15
5
10
15
16
9
12
8
11
16
18
8
13
15
20
18
10
5
7
11
13
17
17
19
13
12
11
9
0
165
468
456
395
223
333
359
250
351
140
72
234
421
240
203
63
85
618
558
95
492
163
243
486
371
439
395
520
300
393
572
213
135
426
601
421
328
378
163
448
161
557
461
565
532
288
244
358
593
13
480
312
212
173
619
53
64
415
137
8
124
442
91
541
179
440
366
360
22
555
389
35
457
450
228
22
309
277
542
267
483
373
166
89
350
390
335
470
592
139
72
598
280
374
426
124
452
198
218
209
95
515
372
541
528
251
97
313
371
369
146
317
194
544
131
519
268
400
171
173
593
130
42
439
271
593
519
429
431
187
100
294
344
397
475
414
222
567
270
370
346
590
372
434
102
165
367
540
202
271
74
103
510
460
607
491
472
128
340
461
155
443
53
29
201
203
226
601
573
314
421
80
116
210
463
564
528
295
342
41
18
560
394
596
104
135
560
183
272
353
266
485
224
559
213
399
588
419
182
430
324
1377
1118
965
1101
788
519
354
1350
747
571
1211
1342
1136
282
368
733
1025
636
1139
1605
215
1177
821
1502
1061
796
1000
706
721
716
684
659
912
1552
952
1234
891
1157
696
577
1273
1173
1681
597
711
571
1123
981
1256
1487
984
1367
671
1143
918
909
898
800
1145
1063
951
107
1388
445
1170
795
944
378
1356
1052
331
1308
767
1084
1050
1509
1502
1494
1151
1551
1012
1017
214
1340
630
347
1172
1009
1094
915
1106
1448
696
1520
1272
1432
1082
673
851
1106
538
1283
865
1762
730
741
944
1478
1241
1134
572
728
1003
580
1378
430
1350
1137
721
1199
260
800
1181
1516
1495
794
1405
830
729
224
354
521
713
1052
825
606
646
1494
921
1141
942
596
1431
307
630
1210
648
1400
566
792
1235
1312
658
1017
1374
1036
737
610
1682
1324
1288
1222
95
852
1294
763
1273
1304
1159
635
843
674
573
1011
844
653
1050
1121
689
952
1195
1618
1329
358
1321
1780
825
535
390
1141
803
1023
1425
818
476
1357
624
199

24
200
5
15
19
9
13
19
7
16
8
8
12
10
17
10
9
8
7
12
17
18
10
14
14
8
11
10
19
11
7
12
8
9
19
10
15
17
11
7
18
18
14
11
13
8
9
5
19
6
7
15
9
13
20
11
8
17
8
18
9
15
18
13
17
17
12
10
9
7
15
13
13
10
9
10
17
14
17
11
18
6
12
19
9
13
18
17
16
9
13
19
16
10
12
16
15
5
18
6
8
7
13
19
16
8
19
18
12
7
16
15
20
12
16
9
19
14
18
8
16
8
8
7
15
12
12
10
8
19
11
8
8
14
16
13
5
10
13
11
5
15
5
8
7
20
16
15
16
18
11
15
13
15
8
7
16
13
6
19
14
7
10
5
10
13
10
7
14
8
6
13
8
6
7
18
19
7
9
19
10
8
12
13
11
10
11
8
17
20
6
16
17
5
19
18
6
6
6
15
14
17
0
258
416
70
292
16
33
405
80
138
501
475
8
293
357
119
469
504
522
26
331
430
107
343
292
362
535
608
401
202
426
509
600
350
50
38
47
146
251
342
418
252
600
200
397
333
601
408
593
253
160
4
600
437
100
297
104
431
146
7
423
490
36
537
61
332
595
408
178
496
30
323
166
453
603
334
418
116
193
196
431
133
370
255
183
265
9
529
225
409
574
203
515
507
29
90
145
232
291
508
416
199
293
174
1
85
185
171
512
307
349
266
224
179
585
193
383
431
270
494
5
566
551
271
554
165
217
496
75
96
373
447
586
542
379
197
389
344
187
397
604
62
87
48
6
449
181
13
158
554
347
122
416
582
582
68
513
306
48
508
83
600
188
506
607
87
488
562
365
2
169
38
104
82
508
59
208
406
306
81
391
577
561
430
389
153
505
231
461
271
441
576
192
606
247
527
495
160
454
81
1178
861
927
327
1001
381
1073
564
976
433
955
1134
484
619
888
1071
1426
954
743
744
1459
1105
362
1161
733
807
1339
1665
1132
1374
1155
1497
1180
419
1016
107
712
1083
1244
1032
666
1033
1316
677
682
1338
1153
1189
1415
1298
802
391
1535
1392
1110
673
844
785
975
163
1268
1045
1133
1222
661
1305
1100
1427
889
889
910
1049
676
547
1529
510
565
280
1055
569
1080
524
787
837
1221
1072
409
1657
313
1626
644
486
1209
1145
746
1035
252
1233
530
627
832
471
317
424
897
1076
656
794
637
580
789
966
500
641
1795
480
1513
688
1273
982
502
1473
840
341
1650
718
246
1312
1228
439
1531
1248
1373
868
1018
375
531
467
1270
1030
1102
852
1258
1283
354
1325
1060
69
1229
588
1382
585
1566
1611
1303
979
1095
421
1250
711
612
1024
666
1226
1160
1064
1097
1718
639
338
895
563
642
720
1120
1229
1297
1644
1173
850
1327
816
991
763
1183
900
983
1126
800
1231
1205
627
891
905
421
862
1596
1018
1146
1223

25
200
10
15
16
17
16
12
10
14
18
20
6
5
17
10
15
9
7
11
17
16
11
11
13
17
5
8
16
11
9
10
17
8
12
15
11
14
20
14
8
16
17
11
15
13
10
15
14
12
16
14
19
15
7
12
15
17
6
12
14
17
5
15
14
14
8
14
15
17
5
15
10
9
16
6
14
15
18
17
8
12
11
15
17
19
19
17
11
6
17
10
7
18
16
8
19
17
18
5
13
18
18
18
10
12
13
16
12
10
6
6
8
19
15
20
9
20
11
19
14
12
16
8
13
19
7
17
19
9
9
10
16
14
16
19
8
16
15
9
6
16
17
8
11
7
17
6
7
16
8
19
10
16
9
11
19
18
7
7
11
9
6
5
6
17
19
8
9
5
9
15
5
7
6
11
10
9
16
12
6
8
9
10
11
9
9
10
12
15
18
7
10
15
12
15
9
18
18
11
11
8
0
46
423
493
256
611
355
404
95
40
390
506
543
433
99
385
133
275
249
23
490
285
308
191
225
280
456
535
151
154
577
506
546
342
209
519
272
519
30
385
302
612
133
495
240
412
39
323
395
599
48
349
468
220
166
85
551
301
562
183
502
520
415
64
264
487
370
292
315
56
445
512
450
234
503
291
442
339
110
558
180
485
533
502
310
39
73
94
363
502
476
609
397
363
7
193
8
322
285
581
102
226
614
163
62
487
26
105
52
543
110
611
459
294
156
286
131
173
144
36
364
175
609
122
76
370
563
542
368
101
599
227
148
261
502
218
399
245
367
88
20
200
165
255
196
169
509
73
225
526
197
604
498
269
137
91
575
81
505
385
553
485
108
506
523
113
408
562
87
39
92
332
223
458
111
141
91
43
86
174
434
475
385
252
572
270
133
579
613
378
457
502
258
50
121
142
220
457
337
87
237
427
1000
1005
455
753
591
1518
273
568
1429
951
866
681
1250
757
653
438
1143
729
1161
1039
576
308
807
840
663
1135
726
547
598
1381
720
668
543
1402
1246
1260
131
689
1502
1233
813
1317
653
985
677
1534
1079
1845
651
1528
560
1264
541
731
691
1430
839
589
624
909
574
829
429
1437
846
683
1393
664
688
1188
552
455
1678
789
1111
357
398
761
594
722
946
1631
814
287
809
776
632
666
1183
1149
1045
693
626
587
146
662
1053
1820
570
552
1096
751
992
1713
945
980
949
1146
680
644
1209
932
280
492
841
1080
417
129
859
769
1155
602
340
1495
871
1354
1307
1280
1644
758
760
923
561
342
1629
319
1201
851
109
1036
275
371
1376
673
1346
519
1398
1298
1236
1057
593
1443
237
921
1816
152
557
1492
1262
1166
1255
763
1419
191
539
1678
836
360
734
390
1461
1089
795
571
1016
61
1264
201
619
752
1172
363
1150
487
1092
1408
1795
1340
570
1356
1289
724
1122
1164
1246
1469
352
1043

26
200
8
6
6
18
8
6
17
7
7
6
18
14
6
6
10
10
13
12
17
15
11
8
7
6
13
20
11
15
18
18
16
20
7
13
8
17
16
15
10
8
7
6
10
12
20
17
8
15
6
18
14
19
5
15
11
14
14
15
16
6
7
11
18
9
13
14
15
13
18
14
8
17
10
5
12
18
10
9
19
18
13
18
13
12
16
16
15
6
14
6
18
8
10
19
10
16
11
14
13
15
7
13
19
12
11
16
8
19
17
11
20
11
10
18
19
11
16
19
9
17
19
7
15
8
10
19
17
18
10
16
13
13
11
8
14
7
12
13
15
17
12
11
7
17
13
16
10
14
12
7
7
13
16
14
11
6
9
7
10
14
20
16
17
15
17
11
18
10
15
13
18
11
16
12
15
10
6
6
7
18
16
10
13
9
20
19
6
17
15
12
15
8
12
19
8
9
15
8
18
16
0
544
255
616
403
60
102
419
289
357
107
537
625
384
318
277
361
287
100
543
92
104
540
528
317
628
340
545
314
496
505
155
361
414
335
85
173
304
7
280
79
294
559
37
362
236
8
185
210
396
577
570
581
559
337
401
365
183
127
468
316
34
332
158
318
293
588
343
14
25
507
5
430
4
498
198
112
413
170
45
555
512
357
259
464
54
531
175
621
11
212
606
163
477
565
392
333
302
174
255
307
142
275
546
545
131
62
131
162
212
538
179
585
52
80
393
95
233
164
337
420
365
625
394
434
254
350
393
40
423
577
614
104
481
630
19
521
543
441
235
106
376
308
613
382
199
167
505
403
376
285
442
622
92
539
561
372
519
206
39
606
499
518
326
304
411
447
52
76
333
65
295
113
557
47
439
285
91
185
144
349
576
136
380
440
439
181
585
435
57
115
181
274
235
409
223
476
116
604
71
932
1275
910
867
994
1237
964
1141
810
1632
359
859
845
1331
984
1047
1608
1516
512
1753
870
871
859
728
511
1582
1238
1605
588
1697
872
1123
379
590
1307
421
301
1262
606
562
1128
407
1301
302
1239
1275
622
950
711
1015
1345
819
1700
1837
1370
502
553
1439
1333
853
1555
991
830
344
1279
454
1042
891
97
845
1569
1057
1007
503
1465
831
313
534
660
1329
1747
1221
955
1433
1675
342
921
1404
1745
1254
1467
847
288
1456
713
1658
496
609
728
880
618
378
652
628
1121
1012
903
804
930
1325
1358
1169
1832
401
1235
965
287
860
573
729
710
860
743
1560
1094
751
976
1042
968
1652
1619
941
685
774
1272
238
1019
1202
1584
1198
1254
1267
1384
1135
799
841
855
642
1333
745
1074
533
1183
933
790
1773
488
911
1049
599
1323
1208
1762
1064
807
1593
842
1215
385
607
978
1135
1227
1078
1015
1587
498
1231
1047
472
1442
1113
282
1388
707
1721
1305
1611
1171
717
1350
274
287
315
435
648
1319
997
1482
807

27
200
11
18
5
16
8
7
9
17
7
18
9
9
14
19
18
13
14
11
11
20
14
9
18
8
18
9
16
12
17
8
17
20
14
12
11
14
13
8
11
8
8
16
19
14
18
8
6
18
7
16
14
6
17
6
5
9
11
18
14
17
7
13
18
12
6
13
6
16
11
11
12
16
17
10
18
16
14
16
7
19
15
11
7
14
15
17
8
20
9
7
14
12
7
17
12
19
11
15
19
17
9
14
16
13
16
13
7
7
14
14
14
10
13
19
7
9
12
13
11
18
10
10
14
11
20
16
8
17
15
20
12
11
10
7
16
8
10
18
7
10
13
19
7
10
11
10
12
16
14
14
14
18
8
11
19
15
17
20
15
5
7
14
18
9
19
11
8
6
6
16
9
17
19
7
14
13
11
13
15
14
8
16
8
11
14
20
15
9
14
16
5
5
16
9
6
6
9
9
20
16
0
86
103
175
147
214
627
601
193
42
163
590
400
256
540
370
320
537
429
362
214
265
258
112
550
415
388
352
307
192
559
12
351
575
67
504
119
113
350
258
208
204
605
46
370
129
119
175
434
354
467
611
12
38
401
278
53
330
595
276
215
21
334
306
191
163
150
5
204
474
76
166
594
312
561
369
143
327
153
18
13
506
156
565
293
192
238
120
465
236
265
351
258
204
553
432
195
281
14
483
198
171
179
621
615
203
52
389
231
104
507
460
64
24
35
28
546
519
548
617
272
411
614
245
327
598
540
51
273
88
444
366
548
548
580
126
504
599
226
612
534
552
595
263
34
91
507
478
281
121
393
319
188
127
194
41
331
369
428
187
41
261
194
395
458
361
113
438
198
584
196
66
340
174
5
184
339
249
572
19
291
568
275
402
4
177
575
236
199
520
527
67
84
473
407
460
416
201
318
256
1212
366
511
362
590
1370
1438
1508
1133
658
880
1256
664
699
1047
875
1284
1239
505
1340
1250
467
398
674
678
463
785
832
913
1406
1346
575
1215
792
764
1574
388
403
1290
478
696
816
1571
737
1618
1145
1180
1378
771
458
1467
1019
1240
1276
1065
774
1220
1051
1430
1165
1465
325
979
345
1426
882
1322
821
312
1202
726
620
1510
1441
874
443
331
960
689
810
1032
922
1337
1604
1249
958
804
380
642
272
1343
974
362
1233
1126
1192
1311
1018
262
1272
1426
438
723
715
1283
997
759
1247
333
772
595
1604
256
268
180
855
785
808
1158
954
1280
1098
1650
511
1154
904
567
942
1469
1098
1492
1023
1689
916
889
512
648
1852
276
1503
776
1709
1813
827
834
1275
1423
1627
684
1359
1061
502
782
906
550
1260
1103
1634
509
263
352
506
369
1325
1650
1502
1367
679
619
1458
1190
150
1515
889
779
239
470
595
1752
391
559
1681
1230
1091
353
395
1486
876
1365
1097
1391
777
618
690
615
867
620
214
1600
292

28
200
13
18
15
10
16
10
16
15
19
9
15
8
20
18
14
10
18
13
11
9
14
18
10
8
14
13
17
20
15
12
18
9
16
20
11
17
8
19
12
10
6
12
16
15
16
16
19
14
10
11
12
10
14
12
14
9
12
12
14
7
16
7
12
12
8
6
11
10
16
5
6
12
19
17
14
10
16
9
14
11
13
19
14
11
6
11
13
5
9
15
5
15
11
15
5
11
5
11
18
12
5
7
7
11
13
12
14
15
6
7
20
8
13
16
14
18
20
13
11
19
15
5
9
11
19
15
18
6
15
17
17
13
14
16
14
16
10
10
17
14
6
18
15
11
9
14
16
18
13
18
16
16
6
6
9
14
13
15
17
12
8
10
7
9
7
7
14
8
10
12
5
17
18
18
14
15
18
6
8
20
18
7
9
9
7
14
18
9
14
6
18
17
7
13
9
9
8
15
14
15
0
161
239
598
343
575
391
481
557
201
500
41
382
68
94
65
258
183
517
288
59
227
87
159
328
343
300
414
455
380
318
217
121
52
24
10
551
269
196
442
592
552
606
611
488
321
305
425
213
241
268
287
194
102
103
373
85
83
294
256
291
7
427
531
9
301
495
258
253
501
91
61
612
293
99
301
93
187
428
387
208
510
281
587
567
240
165
456
216
10
185
274
620
116
123
248
298
383
240
80
256
256
130
590
164
319
221
561
31
466
110
538
519
318
215
482
309
267
298
491
1
559
89
280
282
573
593
357
56
108
616
585
525
426
308
314
145
601
588
191
291
90
197
387
263
584
612
388
218
455
466
109
76
610
376
574
415
6
452
143
337
246
94
235
181
38
562
211
299
187
442
366
16
526
216
249
543
48
385
580
249
470
578
376
543
8
417
64
55
206
144
320
404
20
543
494
12
23
140
176
941
867
1327
1083
404
820
937
1720
661
798
1690
1190
684
1333
1069
112
977
569
1455
363
1146
1182
199
1220
842
831
949
788
1653
542
572
792
1292
393
1282
186
1115
1028
978
973
718
769
651
1348
594
1576
1508
1351
1075
1053
1072
1037
1139
335
1112
1530
1282
416
1377
1210
1092
1085
951
850
111
937
670
319
1343
1096
1209
148
844
1250
572
1200
1158
560
469
681
1302
1004
995
996
802
954
1161
1366
950
45
314
1390
999
1150
635
688
830
1518
1122
237
934
624
280
1270
1013
761
1311
1672
121
1092
733
981
1659
832
402
1279
669
1374
788
1168
966
1246
1160
426
1341
1344
1374
1243
475
850
1245
758
1050
1110
422
1260
302
1357
1607
728
1524
383
1092
638
1194
723
1132
1246
1179
618
1517
1217
196
932
504
1447
1391
1106
914
863
731
535
1056
1042
241
954
1168
1310
578
1058
1572
970
574
696
1452
441
1159
588
1374
1113
315
892
901
1120
989
134
759
856
449
545
1278
907
485
76
732
1732
870
559
1262
675

29
200
17
10
9
19
19
18
12
18
11
18
7
14
8
14
16
17
12
13
7
16
9
13
10
8
11
16
15
9
8
8
17
6
18
16
11
13
16
8
10
9
18
10
15
15
19
20
7
18
12
14
20
14
8
10
17
17
10
15
17
11
7
15
15
18
14
16
9
15
13
18
14
15
13
13
6
20
14
14
12
12
15
17
11
13
9
12
8
16
6
12
11
7
16
12
16
8
10
15
8
15
19
15
6
12
6
10
10
14
8
16
10
13
12
9
12
16
9
16
12
14
17
15
16
17
17
10
10
13
12
9
19
12
6
10
15
13
10
12
6
11
13
11
13
10
10
13
14
7
15
20
9
9
6
19
12
16
19
18
12
18
15
19
14
5
16
17
6
18
11
20
20
19
18
19
13
11
20
16
14
11
14
5
10
6
13
17
14
20
7
18
8
10
16
13
16
18
10
17
19
18
0
351
380
293
467
142
390
617
335
224
409
493
26
561
500
201
265
549
80
486
191
278
109
336
178
366
413
181
209
28
278
514
127
1
286
82
582
139
409
40
472
251
206
488
209
584
80
397
50
5
247
452
176
112
311
140
328
185
43
425
397
404
314
45
454
222
178
68
292
118
233
141
263
190
367
410
189
521
33
428
88
73
356
499
189
355
431
39
646
93
243
388
427
315
633
93
383
138
220
579
99
58
92
398
128
258
404
568
510
214
348
495
602
259
91
431
329
216
378
466
4
359
372
188
115
473
576
172
227
289
270
237
357
366
234
226
16
118
181
228
263
590
375
80
24
168
139
317
554
648
85
477
84
40
137
206
448
51
162
390
484
6
534
558
624
571
274
291
58
191
565
232
361
379
145
572
259
166
224
492
17
409
160
379
126
267
254
434
299
623
87
135
521
33
253
41
310
629
501
543
1161
1051
681
1070
1013
278
1129
671
566
371
1253
1002
750
576
1669
1055
701
1165
1027
1451
939
797
940
443
1286
1504
1090
350
1524
584
1437
944
328
1121
1276
247
1796
1220
1306
732
1563
1129
1197
1407
1119
1314
114
664
1280
350
725
862
1299
250
1442
271
947
1343
162
1165
652
1068
645
938
1700
694
641
705
1381
1180
1199
398
385
1475
1464
974
837
953
955
994
1009
1372
1634
1305
1437
961
1692
92
1389
1026
968
784
1101
450
1193
755
1174
564
843
1331
959
1016
1243
1414
1434
531
1209
1492
1565
318
1600
1069
1376
1551
1123
766
672
848
558
1263
403
515
1534
1105
343
1503
1842
664
1182
510
410
1162
1252
1605
663
1432
1130
1045
583
326
595
832
1523
361
1147
1175
845
638
1848
1754
864
1000
217
64
892
836
703
1067
786
1353
759
647
1501
1349
652
1185
657
532
359
1459
1487
887
668
1304
895
1457
306
1460
883
528
126
1543
927
1597
1064
895
1129
1501
765
1845
849
1358
808
1341
807
583
977
1876
588
576

30
200
20
14
6
10
19
10
8
14
19
12
12
11
10
13
11
14
7
16
16
8
9
17
19
9
8
14
16
15
17
16
19
17
10
12
9
9
9
11
19
17
14
7
17
15
8
14
9
16
15
7
17
16
8
13
9
18
18
10
16
9
10
16
7
17
14
13
14
14
6
19
19
17
13
8
11
11
6
8
15
14
17
9
14
15
11
5
9
17
10
12
7
14
9
14
8
8
14
19
6
17
17
15
13
7
9
18
14
16
6
11
18
9
13
18
8
18
16
16
15
7
17
9
6
11
15
16
11
7
8
17
20
19
18
18
19
10
16
14
10
5
20
17
10
18
18
16
11
11
18
17
10
15
18
9
8
18
8
19
7
12
17
16
10
9
8
12
12
15
9
5
6
8
13
15
12
8
9
17
9
20
10
6
5
9
10
8
16
12
13
18
19
9
19
9
15
16
17
8
12
11
0
165
545
546
315
66
560
459
149
292
243
431
343
241
30
365
393
303
547
349
204
573
467
141
119
223
101
576
274
134
230
154
422
342
16
107
397
625
61
392
440
232
454
546
309
18
498
574
193
392
152
531
450
295
329
341
11
148
168
417
4
610
531
166
361
97
375
45
415
90
335
429
152
167
186
404
402
73
52
576
544
306
305
279
278
66
481
264
230
616
422
625
296
142
163
587
38
287
488
97
42
235
43
290
284
439
480
223
124
155
243
335
442
34
560
455
445
317
430
276
471
146
364
314
143
637
569
436
10
33
598
339
486
146
173
351
504
296
566
562
507
510
492
471
95
381
569
348
58
64
99
126
371
625
228
213
71
42
424
24
138
551
405
547
27
45
223
371
417
440
411
407
294
607
4
351
291
422
85
223
395
96
469
222
145
295
350
113
225
623
94
320
224
48
350
199
389
14
107
131
439
1131
714
1265
1132
902
1184
1739
1130
398
724
531
1239
1102
815
1082
1568
572
1614
646
962
689
1216
953
145
429
785
1363
1034
1410
562
302
442
736
783
253
572
1424
421
587
573
1436
1136
798
487
601
1301
1240
1225
1662
201
824
1553
924
1397
366
925
1230
902
1680
624
1474
1509
1446
1385
483
980
431
701
584
449
555
705
1003
1055
1316
607
176
432
1805
1742
1496
502
824
1076
195
1086
588
1294
854
1480
920
591
822
873
1383
934
1517
884
933
757
511
409
1521
1066
1574
572
459
632
1328
1231
1167
792
526
989
1265
1375
1100
1315
1536
1377
754
1165
1115
351
1690
712
1415
810
1045
1703
643
723
401
1347
1543
1039
1038
674
1400
1651
658
1605
976
976
1636
1717
567
612
670
536
1301
1069
1033
784
259
1351
792
1152
334
665
1296
1669
1357
747
278
1060
614
1060
1679
760
1376
386
1350
111
1615
1498
1279
469
1391
909
1277
1668
1161
743
1042
1477
1135
1397
1427
1057
1441
1205
560
1316
1470
1143
1043
1191
1338

