1
20
7
12
11
19
6
8
16
13
13
9
8
20
5
11
6
11
15
15
18
18
0
8
27
52
48
12
36
13
18
42
52
50
20
28
56
15
52
41
48
32
27
51
109
84
129
92
106
46
122
117
148
108
36
139
178
85
164
131
77
145

2
20
8
16
8
19
10
20
12
12
9
9
19
17
19
17
7
15
12
9
16
11
0
50
66
55
50
2
22
33
56
28
1
26
57
56
36
48
17
12
9
52
127
190
119
206
145
117
90
59
109
79
86
139
175
73
94
182
104
125
87
173

3
20
17
7
7
11
19
19
12
16
19
12
10
6
12
10
5
7
18
15
11
7
0
44
40
24
40
40
8
6
12
17
3
27
31
2
27
43
19
47
43
8
51
151
142
129
144
82
74
102
75
123
95
141
160
85
83
91
104
108
152
56

4
20
9
14
5
19
18
15
19
10
14
7
17
16
11
13
19
17
10
12
15
8
0
24
36
63
62
53
62
6
10
15
50
51
19
59
22
28
64
2
43
11
67
170
54
144
180
162
95
88
73
143
145
69
130
155
148
110
132
142
155
106

5
20
6
9
9
15
20
7
12
13
19
19
12
16
12
13
16
12
7
16
12
11
0
37
41
13
3
5
30
62
30
19
8
17
42
42
62
4
23
23
26
12
27
149
72
82
68
114
107
134
73
58
100
49
88
95
83
19
130
64
160
31

6
20
6
9
9
19
8
5
13
5
14
10
10
17
14
16
10
9
15
14
13
15
0
22
36
30
11
56
23
53
54
50
33
55
45
23
4
36
16
48
33
52
69
48
121
146
99
151
91
118
138
96
150
132
61
90
90
68
82
101
111
102

7
20
20
11
6
6
11
16
8
15
5
16
7
16
18
19
5
7
14
5
6
18
0
31
7
52
33
16
16
46
15
22
14
25
34
20
1
1
45
2
22
11
50
153
74
62
107
105
125
173
105
61
53
148
69
145
100
60
73
53
64
32

8
20
6
7
14
13
11
11
19
6
9
9
14
12
11
8
12
18
14
11
18
6
0
23
28
0
3
55
14
14
23
53
27
29
40
47
23
19
22
34
36
51
34
80
87
83
39
128
133
47
116
171
70
130
123
74
96
57
112
121
126
79

9
20
13
19
16
10
13
11
15
11
9
12
16
7
7
7
11
18
16
9
10
7
0
5
25
54
40
2
23
34
19
29
25
52
32
25
30
39
53
48
35
1
111
72
85
122
97
85
139
156
114
55
95
59
143
128
114
153
135
110
124
9

10
20
12
14
7
12
8
16
7
16
15
5
18
7
14
6
7
19
5
20
19
9
0
35
22
23
34
51
12
56
1
27
0
54
24
13
34
33
25
4
49
39
96
138
50
92
104
166
44
171
32
132
129
120
72
126
90
112
131
131
178
117

11
20
9
12
16
10
12
15
9
8
14
7
8
9
12
17
15
13
7
14
19
16
0
27
17
39
26
39
9
5
36
48
24
7
29
53
40
33
18
4
30
3
38
85
77
52
72
58
128
56
158
145
149
136
95
104
78
118
68
86
147
30

12
20
15
12
9
9
11
19
8
9
14
8
17
14
18
18
17
13
12
14
17
11
0
10
45
10
18
57
17
3
50
50
63
30
7
8
13
62
16
52
12
17
108
66
72
68
44
181
121
73
180
154
148
136
74
122
159
116
85
81
46
133

13
20
11
18
10
14
15
12
11
11
11
5
19
5
12
16
7
11
6
16
11
12
0
57
21
16
18
20
47
18
39
5
40
47
56
22
40
1
53
12
40
34
30
133
46
43
118
39
96
111
124
68
66
162
173
126
147
76
166
114
95
46

14
20
12
16
9
11
13
17
20
17
20
7
18
13
9
14
5
12
15
5
6
13
0
26
44
60
2
59
3
4
9
21
24
11
4
1
48
57
3
9
9
25
39
100
135
141
39
111
58
59
70
35
127
37
56
81
106
116
22
106
84
46

15
20
5
19
13
16
7
14
13
18
8
17
12
8
12
6
20
11
13
10
12
11
0
39
18
19
50
11
23
54
5
59
31
55
13
21
30
48
24
31
32
17
92
111
59
49
131
75
97
93
71
176
163
124
94
28
138
72
153
57
144
102

16
20
14
12
12
14
8
10
12
8
9
7
8
6
10
11
13
18
12
13
13
8
0
2
20
26
8
41
42
39
8
26
26
16
34
10
49
52
9
50
28
45
46
27
106
45
20
135
155
87
116
91
139
126
46
94
139
120
83
140
131
128

17
20
11
15
15
16
9
20
9
8
18
14
11
20
18
16
11
12
6
13
6
5
0
52
16
34
36
23
16
34
13
21
1
51
7
54
7
15
44
24
56
7
86
189
132
149
161
74
90
60
150
36
47
195
47
147
132
119
80
159
176
94

18
20
11
11
5
19
12
8
14
20
7
7
12
17
12
15
8
14
8
6
15
14
0
57
37
58
58
10
40
30
38
49
25
3
3
26
9
45
11
14
12
16
104
136
59
105
109
41
164
163
141
155
83
44
125
49
89
165
82
114
123
137

19
20
6
9
9
11
18
6
11
8
6
20
12
13
16
7
11
11
8
9
18
10
0
42
26
41
50
5
45
28
32
17
23
15
39
25
26
47
52
25
36
15
7
142
68
112
70
116
106
78
132
123
41
50
59
114
56
60
99
101
139
112

20
20
18
6
18
15
9
18
12
14
19
8
6
12
14
10
17
18
16
19
14
18
0
35
65
9
58
64
25
44
36
62
49
42
61
54
55
43
67
56
4
13
118
169
190
133
189
122
60
63
152
199
67
101
83
179
103
197
137
96
51
168

21
20
19
14
8
19
20
16
13
13
15
8
12
16
10
16
18
15
20
5
12
17
0
25
5
12
56
46
14
65
10
35
17
18
69
27
34
50
31
28
34
42
38
119
48
42
91
129
92
146
61
126
115
48
176
179
54
206
154
125
148
182

22
20
8
14
19
11
18
11
7
10
18
7
18
10
11
19
11
15
12
7
13
15
0
34
58
41
37
31
36
52
35
26
33
19
41
53
12
13
53
22
55
6
121
165
113
67
109
154
101
65
133
149
68
101
131
77
96
92
74
150
85
131

23
20
5
14
7
14
12
14
13
12
18
17
7
14
19
11
16
17
13
15
7
7
0
60
40
17
36
51
54
40
20
24
55
34
50
41
46
44
10
9
15
52
29
75
54
32
127
137
88
82
119
107
93
108
143
93
160
87
116
115
94
122

24
20
5
20
6
13
13
19
14
19
7
8
11
8
10
18
12
13
6
14
20
14
0
47
30
53
21
3
7
38
33
38
6
21
3
17
2
27
54
19
34
34
117
144
146
177
128
30
42
174
85
107
84
125
66
94
86
51
181
147
88
94

25
20
15
19
17
17
13
14
9
17
6
14
8
13
6
11
19
12
10
17
19
19
0
25
19
31
28
18
30
12
12
6
27
35
23
8
61
56
13
41
22
15
32
124
54
157
51
79
176
145
134
139
61
74
72
149
159
81
137
134
117
141

26
20
17
17
12
6
18
6
16
10
8
10
11
19
10
18
6
12
6
5
18
17
0
58
3
20
15
41
52
20
57
1
39
1
4
16
32
52
0
14
50
9
102
86
33
112
45
100
101
104
127
23
142
37
77
111
102
117
64
139
103
60

27
20
6
20
17
10
18
10
9
7
18
18
11
6
11
15
5
18
9
11
19
12
0
16
11
44
46
33
49
57
7
29
53
51
57
10
43
11
11
7
16
15
90
158
50
163
145
49
90
82
53
93
107
180
136
57
159
74
68
130
74
106

28
20
8
19
10
11
13
15
9
18
15
20
19
8
13
9
14
7
11
12
15
9
0
1
14
18
30
62
17
22
41
37
26
13
5
49
47
0
33
9
41
49
111
30
122
125
83
148
61
119
60
71
122
68
78
77
84
49
82
51
71
81

29
20
18
14
12
11
13
9
19
6
19
15
17
10
19
6
19
14
6
12
10
16
0
19
53
38
13
17
26
19
42
21
4
58
39
52
30
10
65
13
28
45
46
134
157
109
41
154
102
157
183
83
114
104
120
130
154
109
155
96
71
90

30
20
11
9
12
15
9
13
6
8
20
7
7
10
14
16
15
15
9
15
11
17
0
41
35
30
42
24
21
43
15
39
38
2
20
43
48
48
53
25
36
58
129
103
90
123
104
43
125
135
52
55
117
60
62
104
118
163
159
56
67
127

