1
25
7
16
18
9
8
11
16
15
14
11
8
20
16
12
18
15
18
10
12
6
14
7
12
19
15
0
80
58
27
61
7
61
64
58
64
54
37
26
79
75
76
1
62
5
34
29
49
5
50
70
109
225
167
44
206
45
105
164
216
153
148
177
178
176
187
166
28
206
93
108
89
196
38
103
96

2
25
12
9
20
18
6
10
18
16
13
19
20
18
13
18
10
9
17
8
8
15
5
12
18
9
12
0
6
37
63
44
46
49
24
60
50
51
50
17
8
43
3
37
70
58
50
33
29
10
31
14
154
157
111
89
114
154
171
76
208
234
212
202
155
149
202
125
104
227
87
188
98
124
123
190
143

3
25
6
14
16
11
5
19
15
16
9
16
10
11
12
19
5
5
10
6
13
13
11
19
13
5
7
0
58
59
66
53
61
39
53
55
20
13
67
27
17
49
61
36
52
30
70
38
29
15
59
24
123
123
89
149
186
202
82
106
70
110
145
121
174
100
190
203
79
127
77
177
63
51
36
114
65

4
25
18
17
18
19
14
6
14
16
19
16
6
19
15
6
18
9
17
12
11
11
7
7
14
20
8
0
72
42
72
75
81
23
17
11
70
65
70
37
44
33
36
70
18
28
48
36
45
25
77
44
93
163
130
160
233
112
62
165
129
203
138
243
211
105
151
126
149
154
39
101
136
139
111
166
125

5
25
15
5
19
12
11
12
12
15
19
13
15
12
19
10
15
13
8
7
7
8
9
11
8
19
10
0
65
5
33
42
30
3
50
41
71
29
31
57
39
30
20
43
4
45
4
54
15
3
8
7
161
213
112
127
162
96
77
126
111
128
70
148
76
193
108
139
130
81
155
104
144
148
127
55
105

6
25
9
14
6
11
8
19
15
11
8
19
7
13
6
18
17
19
16
14
17
19
9
13
19
13
8
0
33
70
11
20
75
66
34
20
57
15
58
15
81
26
36
16
57
70
2
22
53
50
52
55
46
97
235
44
28
147
107
48
106
80
176
87
139
192
94
127
179
213
223
26
108
166
167
152
94

7
25
5
9
17
12
6
20
15
12
12
17
11
9
19
9
17
14
10
14
16
13
17
14
8
12
14
0
45
53
73
24
77
23
39
51
34
37
25
52
6
62
40
3
25
2
80
8
16
66
18
51
126
95
212
243
42
130
92
146
175
191
58
74
85
161
148
121
126
182
77
220
104
100
103
115
105

8
25
16
6
9
17
16
14
12
7
19
15
16
7
15
11
14
6
11
6
13
7
9
15
16
10
15
0
13
19
28
39
19
5
38
15
54
8
30
45
56
70
38
50
9
61
52
9
22
3
46
68
40
61
142
150
148
112
101
94
110
203
81
75
89
131
227
47
123
67
224
194
89
174
110
126
169

9
25
8
7
12
10
7
7
18
6
19
7
17
12
12
15
8
12
16
16
10
9
6
13
15
19
19
0
1
40
28
66
19
13
59
71
36
14
49
39
50
59
51
68
74
55
15
70
74
46
28
68
24
121
133
47
95
120
86
206
158
163
154
206
90
142
181
114
110
231
101
133
91
236
88
186
172

10
25
19
14
17
18
16
19
17
17
6
17
8
18
7
5
15
17
11
19
20
13
8
17
17
9
19
0
74
75
43
67
6
75
61
34
14
69
59
68
88
79
56
10
69
78
53
32
45
37
15
37
151
154
255
186
152
175
147
223
198
126
222
113
86
193
200
128
63
96
241
174
180
200
207
57
184

11
25
7
12
12
16
17
6
10
18
8
10
13
12
8
11
12
16
9
7
12
9
9
8
12
19
14
0
52
17
57
20
25
70
62
54
35
37
61
41
45
13
56
23
58
8
4
57
7
25
26
2
92
127
156
104
154
169
98
85
192
114
165
128
123
139
49
82
148
120
72
90
138
41
157
57
57

12
25
15
15
14
14
9
15
14
9
6
14
18
11
10
13
14
18
6
18
8
9
13
11
7
14
19
0
78
60
68
8
6
46
62
32
70
70
50
28
27
23
27
12
27
70
31
41
38
13
9
53
51
238
78
185
17
126
204
210
158
147
151
72
86
127
96
110
139
189
132
89
164
73
172
77
101

13
25
19
16
18
10
10
9
17
14
6
17
10
10
20
6
19
20
17
11
15
8
11
7
15
13
9
0
40
10
79
71
32
22
50
1
78
6
2
22
68
74
67
13
6
27
39
8
21
45
18
39
105
178
41
109
106
67
152
143
64
131
35
133
178
145
146
108
40
73
101
194
104
86
69
187
195

14
25
15
9
15
16
9
10
6
8
16
8
12
14
14
6
12
16
11
19
17
14
9
10
13
15
8
0
71
56
74
32
59
26
64
75
27
3
59
33
41
25
10
32
38
59
50
59
58
17
73
75
144
177
216
93
189
164
146
172
103
179
147
116
156
104
41
52
70
81
189
114
98
113
144
228
192

15
25
6
13
9
7
17
19
13
9
14
10
5
17
19
6
6
19
11
19
5
18
9
6
14
19
15
0
75
9
3
5
74
64
30
76
34
50
66
39
1
13
23
51
74
24
45
13
54
13
34
45
152
176
107
63
40
238
170
168
224
180
62
220
82
27
145
179
166
145
160
183
44
104
144
115
118

16
25
20
13
8
11
8
9
15
15
18
11
7
18
12
20
15
18
15
13
9
10
8
7
16
13
15
0
29
20
65
63
29
9
78
80
7
76
25
55
74
34
77
60
11
31
50
56
48
54
28
23
176
153
170
210
89
74
82
239
235
118
241
190
149
206
77
118
216
132
76
169
165
110
166
175
199

17
25
17
6
14
17
7
18
14
9
19
19
8
12
14
12
8
7
17
8
10
12
16
13
9
18
15
0
34
45
36
44
40
61
30
39
39
43
50
3
69
25
40
78
73
79
52
62
27
48
17
73
93
72
82
138
137
203
139
102
173
82
84
192
111
92
189
129
211
133
100
204
229
45
73
160
90

18
25
7
18
11
10
6
13
7
12
19
11
19
17
16
19
13
12
15
13
14
17
8
17
8
7
7
0
61
71
53
23
58
48
63
7
4
62
74
44
47
66
18
35
66
38
66
17
26
64
40
55
125
230
96
122
40
71
154
172
53
168
183
172
114
192
143
136
56
201
149
202
87
133
143
53
177

19
25
11
10
16
15
8
9
10
6
15
12
19
11
13
14
16
13
15
13
6
8
19
13
7
11
20
0
71
31
7
2
23
33
18
44
70
40
27
68
56
71
35
9
1
77
41
42
73
66
65
9
153
97
169
113
62
36
105
121
117
91
83
43
156
180
125
124
64
141
84
49
106
141
165
133
143

20
25
14
14
20
8
18
19
9
14
18
19
16
14
12
9
14
14
9
10
14
9
11
12
10
7
16
0
51
3
82
73
2
12
63
55
6
76
31
78
29
41
19
31
61
19
47
78
64
39
12
32
123
214
87
170
154
185
52
121
136
113
152
71
95
174
91
50
129
169
194
180
169
87
153
116
138

21
25
10
6
9
16
11
16
16
12
9
8
8
8
18
9
10
17
9
12
8
15
11
9
15
20
11
0
8
23
35
56
42
28
1
22
26
46
36
21
72
44
20
6
35
29
3
15
16
54
54
2
140
94
156
144
82
58
133
140
82
42
90
55
168
157
63
126
68
163
92
106
119
29
73
82
108

22
25
7
14
16
17
8
8
19
17
5
7
17
19
16
19
16
18
18
13
7
11
15
19
18
12
17
0
35
49
37
7
76
84
52
86
53
82
84
36
43
18
66
78
2
82
5
25
73
74
23
81
135
169
77
139
22
239
202
95
150
226
117
226
90
186
160
240
155
175
182
166
95
115
97
185
210

23
25
15
16
6
9
8
17
19
8
8
16
11
9
13
7
16
17
9
12
16
17
11
5
9
20
12
0
37
76
44
19
25
0
76
23
17
34
53
0
13
1
73
62
32
60
42
75
12
58
14
51
79
189
177
103
175
164
95
233
152
59
114
96
150
147
146
216
218
126
180
146
185
102
195
69
70

24
25
20
10
11
7
5
14
19
16
18
19
18
14
16
14
14
12
15
11
18
13
9
16
18
9
12
0
16
34
1
42
39
77
57
20
11
19
14
53
85
42
33
20
32
50
41
57
67
86
39
53
65
59
131
105
220
171
207
126
108
49
140
38
103
245
104
151
193
215
201
56
77
166
144
122
186

25
25
8
15
13
10
14
18
7
20
9
15
12
16
8
11
19
17
13
9
20
9
17
5
7
18
12
0
6
13
27
53
21
68
6
46
65
58
24
40
70
9
74
39
38
10
64
7
12
12
15
47
63
79
115
73
217
166
134
93
174
140
82
112
124
204
172
214
56
60
119
129
100
101
125
66
178

26
25
5
18
13
9
16
14
11
17
15
18
6
8
10
9
20
19
11
10
19
18
11
18
20
5
17
0
61
46
75
10
9
6
79
10
39
34
34
27
24
22
7
75
58
4
83
50
41
22
27
28
166
215
147
211
180
109
19
176
60
72
86
143
105
170
50
151
209
122
30
176
220
153
66
74
99

27
25
13
12
7
11
15
8
16
13
13
13
19
10
19
16
7
8
15
18
14
5
11
13
15
16
12
0
65
45
35
72
41
42
69
39
73
47
45
47
23
49
44
4
73
62
50
65
35
20
55
50
156
161
155
177
166
204
88
205
108
93
214
56
100
171
81
150
107
149
211
178
220
87
52
94
210

28
25
7
14
6
19
14
11
19
15
19
10
11
12
9
16
16
10
7
18
17
17
16
18
8
15
18
0
35
85
76
37
17
13
60
60
35
48
54
35
76
23
38
85
27
38
41
48
63
40
34
4
11
95
169
108
117
75
144
127
193
81
157
120
138
105
116
69
152
130
108
120
141
236
153
57
55

29
25
13
9
7
9
19
10
17
11
15
16
10
19
11
17
19
10
13
18
13
16
14
11
19
7
7
0
34
41
17
67
44
16
69
31
72
71
28
44
68
36
19
29
68
13
45
77
43
65
33
23
47
199
212
32
228
142
137
234
186
134
82
146
153
160
111
160
54
224
117
140
209
186
109
177
99

30
25
17
19
16
9
18
7
18
13
6
12
11
6
10
7
12
7
13
13
13
9
17
7
17
6
16
0
33
43
61
54
2
59
57
54
48
37
29
9
8
61
23
46
1
20
33
36
7
36
11
46
50
138
200
79
210
100
165
135
97
99
190
167
163
20
161
177
65
74
100
85
74
154
140
138
104

