1
250
20
14
7
7
16
10
12
20
6
15
8
19
7
11
15
16
15
10
13
8
18
19
7
5
20
17
13
7
10
7
10
7
10
11
16
9
9
5
10
9
16
7
11
15
16
6
10
7
8
14
16
14
15
10
12
11
12
16
8
19
15
13
7
15
15
10
18
9
11
18
5
14
7
13
11
7
11
12
6
17
10
7
13
17
15
19
10
19
9
6
20
13
16
15
13
15
9
15
13
15
14
13
19
9
14
5
6
9
18
14
7
17
18
5
20
7
8
9
11
18
16
5
11
19
14
19
16
19
9
10
16
14
17
11
19
15
12
5
10
10
10
8
14
11
11
14
8
12
19
13
6
12
20
7
19
17
13
11
13
7
18
8
15
14
11
17
17
7
18
8
9
9
11
16
6
18
11
13
11
8
17
19
7
9
9
10
10
10
10
6
12
6
19
15
16
20
7
15
16
5
19
14
8
11
19
14
20
11
12
17
7
9
10
10
10
13
13
15
10
7
8
14
16
12
11
9
12
10
8
16
16
16
15
12
13
18
12
17
8
10
16
14
19
7
12
11
19
17
17
15
0
50
353
545
337
72
172
40
638
365
712
62
434
234
614
675
301
673
747
515
246
366
30
477
351
444
627
252
421
594
346
701
705
495
54
670
695
9
100
471
410
482
380
625
387
596
485
344
128
736
637
624
546
19
639
153
65
723
617
526
772
392
15
446
331
301
190
58
3
481
63
520
611
694
265
578
506
22
588
52
716
524
742
367
330
640
84
431
452
73
120
456
591
283
29
381
361
614
619
110
450
544
767
585
235
338
228
530
710
504
573
277
51
80
350
527
538
374
245
512
229
215
368
419
487
188
47
175
438
376
56
218
178
534
619
220
44
421
541
629
746
666
108
651
207
346
707
655
394
202
702
298
654
666
676
333
123
535
526
195
423
199
731
89
263
523
372
454
243
520
341
563
194
415
441
731
378
57
375
614
497
61
285
395
105
290
774
433
543
711
399
739
393
45
636
519
58
317
31
694
482
335
723
337
13
169
514
4
753
395
649
582
507
399
172
562
275
395
27
492
296
613
173
482
644
766
496
294
299
227
399
274
626
460
98
266
216
76
72
206
186
340
139
279
685
620
17
484
752
89
1091
1256
535
1837
1107
782
466
543
1998
511
721
684
1947
254
2146
813
1083
1104
2060
565
1128
1742
187
1562
747
1485
1338
1537
971
1696
1491
1000
1045
1256
975
1009
740
856
890
1166
1236
538
1061
1283
1194
1853
1311
1853
214
1434
1081
1431
1785
1408
1623
599
537
901
1023
751
2055
993
1062
1843
925
1402
622
1269
912
1904
102
2011
802
2061
1782
1737
920
990
782
846
1240
1278
2235
1489
1201
1075
401
975
675
925
1667
1905
725
1779
194
1231
1114
1810
1274
138
1911
1262
1165
1482
1374
1378
1308
1165
1321
829
1690
399
704
751
398
1232
1536
1746
964
807
395
604
535
536
1740
1219
1003
1123
1019
1000
168
320
1584
560
2124
525
1511
1791
1250
767
866
1033
965
999
1595
1483
1321
974
1769
984
1223
719
726
2032
2008
438
1214
1473
648
1290
1074
1372
783
1226
751
999
754
1756
1631
1122
1715
760
1055
875
633
1765
1787
404
1594
758
696
1318
346
735
640
1090
1175
563
1336
1991
1411
1720
1185
648
2044
1268
129
1803
705
1811
841
1051
1351
1151
141
1502
906
394
943
655
1697
1996
912
988
269
1820
1742
1379
229
1973
1851
1034
1379
992
765
1142
606
940
1855
1028
661
578
847
1671
433
1721
1658
582
1602
218
1323
677
678
438
1015
1736
297
1996
1209
276

2
250
6
7
20
16
7
18
6
15
15
10
7
11
10
16
10
12
9
15
11
20
16
7
12
12
17
16
19
8
11
17
10
9
11
18
9
6
17
13
6
12
15
14
10
5
8
6
7
19
11
15
19
6
6
18
14
10
19
15
11
8
7
13
15
17
10
17
16
18
5
16
19
18
17
11
16
14
8
20
8
8
6
14
17
14
19
17
18
16
11
8
14
18
20
13
10
16
17
12
10
15
10
20
11
10
13
11
9
9
5
12
19
12
14
16
12
16
13
13
15
19
12
11
14
9
17
12
17
16
12
20
18
20
14
6
11
19
7
20
20
8
17
15
8
13
8
5
10
9
11
18
17
15
10
7
13
13
17
19
10
14
17
6
11
7
19
18
15
20
16
9
5
9
18
17
9
12
15
20
19
6
9
16
15
5
5
14
11
14
12
17
11
15
8
8
19
12
16
10
10
11
8
19
12
10
16
11
7
17
15
19
17
19
7
10
7
12
9
19
11
8
12
8
10
15
14
11
10
8
15
16
20
9
5
10
13
10
10
6
8
12
15
17
10
11
11
17
16
19
13
18
0
569
84
713
190
622
659
766
341
678
230
649
282
761
256
576
393
245
665
632
405
394
705
727
25
163
74
501
529
341
561
109
505
403
12
2
211
759
469
638
531
355
675
248
599
731
397
369
77
68
380
489
536
356
558
311
755
792
346
574
363
545
443
146
259
16
367
321
618
503
746
443
125
212
595
579
447
127
196
172
383
73
616
393
501
92
80
722
305
256
627
675
738
445
475
416
464
419
716
763
335
93
175
325
486
365
641
690
479
395
318
587
502
482
103
352
480
52
517
19
698
683
331
366
770
499
285
634
576
246
555
646
4
192
164
258
300
156
587
658
670
205
155
443
152
744
697
595
783
313
242
86
484
229
394
235
495
788
627
340
575
559
101
313
398
289
49
36
377
551
134
781
322
251
221
791
375
330
181
778
242
575
352
231
336
272
81
293
80
221
178
500
165
43
299
332
12
298
289
81
454
142
507
783
462
53
559
110
339
339
261
781
215
164
669
388
653
615
179
776
614
529
343
303
377
608
418
696
665
556
69
641
792
746
457
614
642
356
733
701
537
293
168
711
585
432
540
317
759
289
1204
1672
323
2067
1095
1369
1393
1159
1259
737
846
1114
1289
1145
1419
995
917
1156
1753
2110
1689
1786
1487
1821
1358
376
1215
2017
1412
1158
1572
1613
1277
1010
1436
56
527
1421
1691
2144
1184
1088
1085
1253
1831
1156
1043
1153
309
1453
1906
1231
1500
1249
1824
1632
801
1404
908
844
1081
652
965
702
441
289
1726
342
1071
1415
1792
996
1470
1762
906
1770
1592
1021
717
1727
669
785
1460
1390
536
334
353
1207
1196
1247
2213
1473
1999
641
716
1150
886
1202
2307
844
693
163
205
1855
1410
1471
784
960
590
1233
1036
786
1310
1078
856
1058
667
1105
1896
1038
850
862
496
1537
1342
1295
1723
941
1274
323
1332
2217
1277
1339
877
799
683
200
616
2245
2038
838
731
1025
272
2312
709
1400
1407
1708
1471
702
812
849
913
609
1110
2073
2211
1119
683
1853
1067
544
702
757
301
115
952
1572
399
2099
1080
511
772
1027
1625
1798
1014
2274
1417
1131
1053
454
919
714
793
1685
855
883
1026
1013
918
139
1614
1043
1613
614
333
1196
1010
956
1997
2070
1671
1007
1059
1665
967
439
1109
1412
935
858
796
1246
2194
2009
843
850
1721
1326
761
1418
1814
1149
1591
1144
1043
1661
1040
2127
1680
2115
1775
1583
2130
773
2086
1255
1499
1274
1333
773
983
863
1454
667
1216
1173

3
250
10
16
11
5
14
15
12
12
7
14
9
17
6
11
8
8
13
11
15
12
8
17
20
5
19
14
8
16
11
18
13
20
12
10
13
15
14
9
9
13
18
18
5
9
9
18
12
11
18
5
19
11
8
5
6
6
9
10
19
13
17
8
17
7
8
18
10
5
19
14
8
5
7
7
14
16
16
19
11
12
18
15
8
19
11
12
9
17
16
19
9
8
13
19
6
7
8
19
10
10
6
17
7
12
7
19
16
13
14
13
20
17
15
6
11
16
6
19
18
12
16
17
14
19
8
19
9
15
6
13
15
15
19
6
18
19
8
10
10
17
16
10
5
6
13
15
16
9
6
20
7
15
15
17
14
16
17
19
9
10
17
10
18
18
9
13
6
14
19
18
20
13
13
7
10
8
5
10
19
16
17
11
6
10
9
7
12
11
9
17
17
10
10
10
15
14
11
13
10
19
5
16
12
10
8
19
14
10
15
10
19
9
13
18
18
13
9
18
16
15
5
11
11
20
19
9
12
10
11
7
6
18
10
14
20
17
12
13
11
6
9
15
10
14
6
8
10
17
14
11
0
308
619
98
510
514
692
765
267
695
108
628
623
541
279
676
525
191
66
615
658
150
51
609
653
767
291
700
144
331
656
270
482
594
758
315
365
29
761
716
193
25
66
772
590
428
636
643
500
259
242
231
653
329
358
203
588
139
700
102
505
630
461
610
57
486
109
210
642
686
345
342
189
309
711
711
292
633
678
410
609
547
227
569
382
293
435
753
748
485
271
454
356
128
284
240
610
122
18
632
558
341
597
284
84
688
124
148
27
462
343
355
689
180
500
389
636
208
766
230
390
324
516
545
397
47
564
383
231
737
96
595
134
686
547
527
124
623
120
85
115
708
571
201
209
164
586
525
670
166
488
630
748
55
430
461
570
752
396
38
550
760
566
410
200
212
223
394
187
673
781
470
122
530
178
571
618
255
623
762
541
185
522
167
345
398
399
16
63
193
658
675
487
500
698
118
43
466
657
113
567
151
454
205
418
573
541
649
651
532
576
617
333
210
447
302
465
42
640
320
430
152
105
754
161
582
372
274
543
573
755
33
411
251
443
263
615
632
134
523
244
607
240
119
153
114
61
273
460
341
841
1627
877
1657
635
1380
908
1551
430
1471
627
1383
1481
1807
408
962
1172
1344
785
1475
2219
970
1124
1431
712
1963
569
1668
482
794
871
1526
1261
644
2266
1484
1346
1519
1725
1517
487
957
283
1577
1757
735
1199
817
1028
272
406
999
1860
1566
1763
580
901
1638
1588
597
941
1467
1183
1653
556
1089
165
885
704
1756
961
1586
1595
815
1254
1425
1867
817
2018
1746
1159
1152
723
724
989
419
1204
1775
2160
1671
1183
1708
1683
1055
792
250
1250
1587
795
2159
1857
965
1761
1524
447
747
425
1397
104
1470
1308
1245
1080
1311
1666
1513
654
391
1545
1600
1947
1593
1312
1405
1645
202
632
652
1713
1342
871
887
1451
2099
1301
1040
1582
1719
1608
1599
1502
729
855
1453
1158
1058
657
1499
830
1399
1228
1349
942
750
1411
1881
1015
2109
1077
1466
1970
917
885
1628
412
509
1662
1379
1034
2212
2266
900
1379
1478
1230
1404
1828
406
2037
2316
1163
409
1363
691
1457
1375
814
263
1183
1539
2017
1318
513
641
1993
705
210
1041
2148
675
1118
422
1247
1692
999
2097
1642
851
2062
771
650
2012
1736
839
962
1648
1982
1610
1866
1079
1709
459
452
1132
1444
620
1329
1076
1172
1703
2266
903
1176
617
471
477
1314
1875
807
1090
1632
980
592
618
1566
1531
1610
1502
1850
1657

4
250
13
19
14
7
19
10
14
8
17
14
19
15
18
15
17
17
18
18
7
19
13
11
12
12
8
7
20
8
8
9
8
6
5
14
9
7
19
8
12
15
17
6
20
18
8
14
20
6
12
6
19
11
9
18
6
16
18
8
6
19
9
18
13
11
14
9
12
17
16
13
10
6
17
6
5
6
18
14
12
6
11
14
11
10
10
17
19
12
5
7
8
19
19
14
7
19
18
17
19
18
10
13
16
14
8
17
17
6
12
9
12
10
20
9
14
7
6
12
8
16
13
14
17
8
11
16
8
15
8
19
18
8
10
17
8
9
12
10
11
6
20
17
19
7
18
15
17
8
9
17
14
11
10
7
15
18
13
8
13
7
8
8
15
18
16
11
19
15
5
15
7
8
6
15
16
9
14
11
13
8
8
20
17
18
11
7
15
9
16
7
18
14
12
8
19
6
8
16
18
7
9
14
16
19
16
16
11
12
17
19
13
19
18
14
8
8
14
18
8
17
17
6
15
19
14
10
15
8
17
14
18
13
15
19
20
15
17
9
10
16
20
15
5
10
14
16
18
8
6
15
0
535
113
208
74
103
498
185
762
134
643
254
185
365
304
654
300
82
143
238
38
435
86
692
729
253
382
278
593
685
170
605
502
796
4
776
462
233
741
13
220
702
426
706
235
760
799
193
421
469
245
8
112
22
13
118
648
68
537
475
427
670
271
601
632
208
267
347
276
764
536
531
370
503
186
199
652
387
198
416
702
135
35
132
62
362
527
425
389
222
251
267
266
270
227
125
94
684
167
529
497
559
287
726
455
406
718
546
195
768
537
216
667
705
441
431
630
235
698
610
760
96
781
79
634
519
338
81
375
360
693
155
27
710
125
407
444
703
542
786
348
50
376
110
567
27
114
348
479
643
116
496
92
96
311
762
776
676
627
597
488
798
558
81
495
531
703
209
232
313
705
382
523
203
402
637
578
178
232
554
203
12
500
731
640
53
349
393
266
624
43
228
171
586
202
790
653
762
3
795
437
779
776
22
452
624
226
766
798
255
494
543
716
596
91
388
587
21
127
672
599
73
460
753
686
134
190
789
381
368
528
447
3
670
451
21
196
534
785
288
454
384
730
234
59
472
58
164
440
282
1221
1604
925
526
643
1664
553
353
1600
1368
2024
1349
1222
1736
719
1425
1019
733
427
1415
727
1685
690
930
915
1808
1599
1772
1586
2259
1435
1692
1432
1017
437
1246
507
1292
929
1001
393
1529
1410
2107
845
2018
2058
1239
1273
1419
644
881
267
44
416
170
1165
1138
992
1966
1260
1872
1704
2069
867
1784
500
932
1737
1291
1197
616
651
2054
1466
333
2237
881
1776
1106
2173
1102
1215
915
273
1783
2071
632
1620
1629
966
1093
602
1013
566
547
276
1432
1170
792
2062
1070
496
843
536
1030
2185
795
530
1410
816
448
2040
2199
1020
1570
1149
670
931
1777
2184
1112
1449
734
1845
731
352
375
850
930
1666
523
1388
737
709
1333
817
1584
1850
1901
1098
193
1275
756
1744
1061
466
588
694
753
727
1112
461
860
1541
976
2247
1915
1345
1300
1594
2336
1202
1530
1793
1851
948
1471
794
1580
1984
546
1826
845
810
819
761
670
1544
1378
1261
331
711
2253
1474
864
1142
1913
406
1361
1002
360
855
813
1371
1222
1906
1082
640
1068
786
2307
1674
905
2052
1299
679
1487
1939
322
633
1038
1802
1582
1312
1244
1607
573
1709
2184
1100
517
1152
1425
1956
565
1318
1159
984
1334
2025
1257
1255
1360
755
1598
813
935
1713
1688
1090
1145
1271
1499
1005
985
983
1057
1409
482

5
250
6
19
9
10
17
6
8
9
18
12
17
13
12
17
7
7
8
7
5
5
20
7
8
17
10
5
12
10
16
15
14
13
18
14
11
17
14
18
10
13
7
10
5
13
16
12
14
12
12
13
14
19
8
8
9
15
7
18
6
15
10
19
6
17
7
9
16
18
11
5
19
6
18
8
14
8
8
6
13
13
10
13
11
7
19
12
20
11
11
19
17
12
11
12
10
14
17
9
17
17
18
19
18
10
16
5
15
7
9
11
13
15
13
7
14
19
16
12
17
16
19
14
15
17
18
19
8
10
9
11
6
15
13
11
8
11
5
13
7
18
11
17
11
6
8
9
15
13
6
6
12
19
9
6
10
18
12
6
12
16
11
13
13
19
16
11
8
18
8
11
14
8
18
14
19
8
18
12
6
8
8
11
15
17
20
10
9
17
20
19
5
6
12
7
17
18
18
7
9
17
9
19
7
16
16
14
9
8
12
9
15
10
13
20
11
17
11
6
11
17
20
20
6
10
7
14
7
16
7
10
19
16
13
8
16
8
8
17
13
16
10
18
8
9
8
11
17
16
20
18
0
335
111
35
631
661
679
263
764
427
8
507
556
668
753
690
194
565
313
146
354
120
737
151
128
659
311
195
561
114
83
596
771
521
54
460
304
648
471
483
116
505
15
362
364
720
90
330
540
290
64
452
146
467
401
215
14
491
83
565
156
676
616
104
437
88
690
754
719
469
5
646
594
546
173
406
772
113
315
587
33
354
53
152
651
440
528
93
733
99
668
399
302
432
243
674
339
303
729
335
712
707
49
184
215
497
68
525
769
523
461
685
422
343
165
565
429
683
156
537
219
456
116
321
97
735
525
137
207
621
454
100
115
517
237
398
701
34
86
531
337
651
745
162
191
352
305
613
581
411
284
293
107
720
371
106
406
732
340
509
376
232
170
96
524
723
610
574
504
118
636
166
447
93
250
417
753
213
406
697
103
509
0
743
317
556
308
233
762
468
522
253
238
378
209
300
655
722
75
319
233
669
603
644
744
116
18
69
253
261
423
368
529
434
351
487
594
139
370
332
142
109
770
466
563
491
150
616
218
32
273
323
326
567
444
13
313
558
726
373
538
568
335
657
517
539
472
762
520
150
516
1829
248
1471
1487
1143
1496
1287
1530
637
1401
1748
881
779
1312
2191
1484
805
330
1359
1107
1280
1122
497
434
1052
1301
1249
1950
176
652
1073
1701
856
1496
1209
1850
1709
869
699
1140
629
1342
1735
1664
808
470
1007
856
1114
317
1140
1037
957
1839
508
1346
1787
714
990
521
969
1934
1190
1877
771
1061
1510
1568
997
412
1104
1026
905
1187
634
2243
887
1831
1602
606
881
850
1608
1751
485
1262
1179
1511
1076
826
1016
493
816
1704
1023
417
1528
1990
1548
2175
1258
1063
237
1621
636
104
1441
2005
1959
860
1931
505
1396
196
1681
1774
884
747
1288
561
1374
261
542
975
1442
858
739
1243
1117
1591
662
797
744
755
1777
958
140
1623
1125
575
1053
1599
1264
1730
1235
1700
1125
1490
828
1756
1695
309
1626
465
1248
555
1385
396
1070
1252
1760
768
687
1834
1635
2156
685
1609
841
2012
1430
950
1367
439
1781
2278
1636
1426
1489
1560
1310
404
2278
966
1149
1794
1125
1999
791
1357
1720
1057
1392
833
518
1407
2174
235
980
570
1470
1048
1241
960
677
1543
768
1515
1103
578
602
1335
952
595
1156
985
1137
406
657
550
471
1795
1453
1151
661
1247
779
546
1374
1668
1058
928
1073
570
1092
1814
594
2237
732
1063
850
757
1099
1202
1434
918
1641
1881
1645

6
250
16
10
14
10
7
13
20
5
13
18
11
12
11
11
19
19
11
13
16
10
15
15
11
12
13
7
11
13
6
11
13
17
20
17
13
17
10
12
8
20
10
9
6
7
11
20
16
9
16
18
17
9
12
18
20
18
13
20
12
19
15
14
13
14
16
16
9
9
15
18
5
12
19
8
13
18
13
16
11
9
16
17
8
9
13
15
19
20
7
11
13
16
6
11
7
13
11
7
12
18
7
17
10
18
10
16
18
19
8
18
20
13
11
12
12
19
17
11
9
5
14
6
16
14
7
18
16
20
15
12
11
19
13
6
7
13
19
7
14
20
11
5
8
17
6
12
12
14
19
8
19
10
11
17
19
10
9
14
16
19
10
7
18
12
13
6
11
15
9
18
16
7
8
17
20
14
9
8
19
17
13
18
6
20
9
13
10
9
18
17
12
11
16
17
8
16
12
18
8
11
9
10
18
19
10
8
9
12
18
12
17
12
17
15
14
7
8
11
18
6
5
13
12
11
8
10
9
10
13
7
15
15
7
11
6
9
8
5
20
15
20
7
17
5
18
16
15
16
13
16
0
710
772
478
249
115
529
549
472
321
400
605
292
696
389
280
657
35
404
78
580
148
488
785
188
35
247
453
617
337
527
749
783
232
315
232
308
22
774
80
593
456
525
619
409
734
528
477
554
753
258
98
271
674
316
463
762
158
403
392
106
798
562
180
574
423
257
434
536
525
757
654
27
157
582
111
230
800
749
737
140
361
709
75
494
8
112
596
500
388
175
52
683
458
446
473
576
453
66
464
579
468
115
346
726
211
23
129
37
249
770
498
492
662
581
511
754
632
683
579
615
519
385
394
477
297
665
375
723
726
344
329
612
336
16
677
741
222
234
738
641
74
231
233
397
662
640
117
283
223
341
34
24
772
572
588
562
513
16
469
266
463
408
668
534
635
753
175
666
223
514
216
157
486
311
638
380
601
368
651
452
508
547
421
191
184
600
436
127
526
445
763
196
117
707
332
770
288
121
9
414
675
489
693
454
111
499
223
285
342
377
473
743
19
270
203
285
639
661
369
497
585
599
682
17
571
409
413
665
657
676
770
24
49
111
94
706
18
210
138
81
176
803
185
361
536
12
487
410
419
954
2000
1397
806
1575
1498
880
1991
1721
767
594
2045
432
815
1343
1233
1602
444
1653
1074
1386
462
1842
824
1197
461
1564
1744
1026
728
2125
2070
934
1295
978
958
1788
1339
1577
1471
1302
1413
1044
1152
1803
1787
1394
1388
1677
1146
1107
583
920
1194
1670
876
1278
1769
954
1506
895
946
929
1148
1838
1888
757
1823
652
1925
1954
1109
1159
455
1554
1615
345
1226
1387
1871
1154
1745
836
876
2065
1347
962
1998
1260
1205
193
1076
766
1057
1763
1018
1433
789
651
1904
935
1139
1661
983
944
1064
1256
937
840
1502
2142
869
2024
1707
653
1578
938
1078
1472
1131
2040
1604
1136
1963
812
1248
1510
422
1711
747
1135
1932
988
584
507
2189
1959
1629
670
2175
2024
588
1379
1685
1423
2194
1721
542
1287
1023
1131
1184
1221
1025
2182
698
739
1344
409
773
1381
1315
866
1737
1912
748
931
503
2189
675
920
1787
1369
1027
1912
2253
495
2006
1779
1984
788
1498
1195
1262
1256
784
1495
949
1453
882
513
2170
1588
1365
2269
1042
1983
967
1487
1618
1266
1563
1272
1799
1586
919
1801
805
349
847
729
1904
1547
37
771
1540
1333
1514
1886
606
978
651
835
1777
986
1400
1150
1818
1470
1827
935
1859
1177
543
753
1608
909
1333
989
673
1249
1690
2302
226
1989
1144
674
931
622
1496

7
250
18
5
11
14
19
16
17
10
9
13
13
17
17
6
7
19
6
16
10
13
12
17
16
8
18
18
7
15
6
20
19
13
17
11
20
17
19
15
17
13
15
7
10
17
17
15
17
14
10
6
14
8
10
7
6
11
14
20
10
7
17
14
9
15
6
18
15
18
17
14
9
10
13
8
7
6
8
11
7
8
12
19
6
15
18
11
6
12
10
7
15
9
10
11
17
11
6
19
6
8
12
11
9
14
10
13
6
9
9
15
5
13
15
12
16
6
6
19
16
8
19
19
12
19
12
6
13
18
13
7
16
14
18
8
12
19
8
16
10
10
11
12
15
7
13
16
14
15
19
18
6
9
17
8
15
7
9
18
19
6
6
8
19
6
8
17
15
19
6
15
19
12
8
11
16
8
12
18
12
9
16
14
18
19
8
15
9
10
16
15
18
13
18
15
7
20
16
12
8
17
11
5
15
9
11
12
10
18
13
6
8
17
17
10
6
12
19
6
7
6
10
15
14
17
17
9
12
18
19
6
19
14
9
14
13
11
19
10
17
20
11
12
10
11
16
15
8
15
11
10
0
8
293
316
661
621
74
283
522
48
452
401
14
650
78
476
279
68
58
556
91
120
145
298
219
465
568
233
503
20
215
655
154
489
311
503
419
407
365
577
519
768
253
135
123
438
719
610
50
50
422
15
325
458
685
409
640
286
368
203
770
656
637
761
499
423
506
628
529
204
555
585
782
111
411
690
734
38
336
725
513
769
354
155
351
625
199
359
265
54
583
527
686
225
413
202
429
196
699
638
563
709
323
685
371
312
704
571
244
521
625
641
46
216
572
592
734
692
244
391
129
1
709
555
36
350
369
627
688
122
147
601
510
582
744
201
727
389
347
762
614
136
754
694
193
239
444
277
100
263
629
480
507
287
462
547
595
618
372
276
477
441
684
711
775
372
366
543
171
72
344
12
290
591
505
165
167
256
344
644
636
46
212
329
126
214
568
99
627
147
118
256
592
532
438
496
611
161
708
495
192
589
352
336
496
773
274
422
776
395
80
104
231
286
30
158
94
578
399
502
385
734
701
621
283
488
114
393
474
353
760
140
734
736
247
729
514
673
282
204
495
713
467
333
334
757
168
703
760
533
686
66
1382
1459
2056
1377
876
948
1807
415
1363
611
282
815
470
542
540
702
157
1770
1268
815
526
1114
611
2034
1484
1787
1576
181
510
2128
551
918
1541
1522
527
1599
824
2152
565
1838
775
1018
1325
1739
997
1111
683
1404
1989
823
874
1662
2129
747
1647
730
1421
1687
951
727
1041
1126
509
1145
1553
956
818
1257
1886
892
1593
1501
479
1426
2013
689
1471
2248
1631
1591
564
637
1612
1604
1513
1592
1310
1437
783
1760
2167
1239
1577
527
492
1545
1952
1127
1742
2135
882
1868
854
349
1361
581
510
1479
2127
792
144
1326
1678
1766
1519
737
527
1841
905
906
2154
1886
685
1073
664
1284
2194
1521
411
1057
633
1875
768
705
1838
1069
1440
1875
1312
1382
2268
1769
1294
1705
1122
1654
1136
1287
860
853
1380
690
1336
1899
1424
1747
703
751
1481
680
1109
2047
1138
1048
453
1247
643
1023
1352
838
349
615
1835
1191
419
1597
1286
799
994
1351
1800
704
1036
246
662
1671
767
578
792
635
1021
1121
658
720
758
749
1858
1438
1696
886
1204
1609
715
2310
1454
1702
1175
827
100
521
1756
1163
62
668
1020
694
1975
1777
1416
1784
1496
1388
743
1180
693
1459
936
1896
1322
366
2019
2319
621
1249
1633
729
1644
1585
608
1009
487
1272
992
1521
970
2012
2094
1823

8
250
12
9
14
6
7
8
11
11
6
11
9
8
8
10
10
20
6
9
12
8
11
12
20
15
12
16
18
19
17
20
19
17
7
16
5
10
6
12
16
12
17
15
8
16
16
11
7
10
20
7
5
7
13
7
15
7
16
17
12
17
9
18
16
15
6
20
18
20
20
10
12
5
17
9
6
17
9
11
10
8
10
20
14
8
15
9
5
18
18
7
6
16
11
15
10
10
5
8
18
7
16
14
8
13
17
9
16
11
8
10
7
6
7
8
9
10
20
9
10
13
8
15
10
5
12
7
7
17
8
5
12
15
7
6
17
16
19
10
14
6
20
6
6
14
17
13
20
9
18
11
20
18
16
15
15
14
6
9
18
8
10
10
19
19
5
13
12
11
20
11
7
7
7
11
6
12
12
8
11
7
15
16
18
17
6
17
10
5
14
16
13
19
16
15
9
7
9
12
13
13
9
17
11
12
8
7
7
13
13
17
18
5
17
11
20
11
8
7
9
13
16
9
10
11
9
17
10
5
17
13
16
10
14
11
9
14
15
17
16
19
8
10
14
12
14
11
16
18
16
8
0
282
53
660
286
600
158
106
635
560
31
421
44
52
1
253
277
291
610
87
695
370
636
746
211
516
587
522
363
501
414
634
674
103
102
531
441
601
173
251
396
653
222
376
296
593
44
266
201
215
728
124
735
321
485
80
307
631
643
339
404
552
33
70
350
691
720
619
194
312
285
170
635
660
393
482
584
331
74
52
92
128
457
339
208
569
644
150
724
472
206
316
165
86
8
525
486
638
301
664
515
20
572
570
174
540
96
11
260
642
671
322
259
44
693
483
50
3
121
358
437
294
202
116
94
206
225
278
414
627
742
427
46
224
478
300
398
92
129
521
112
101
272
685
563
566
573
330
371
731
299
504
230
188
548
179
567
723
683
264
525
427
672
449
369
129
316
113
738
451
279
581
106
507
441
393
420
626
476
431
461
562
421
36
442
80
149
213
384
157
750
313
11
392
719
538
737
659
516
409
182
334
75
288
135
109
606
607
304
497
524
608
291
523
601
308
211
484
663
705
534
246
662
657
628
713
500
528
333
690
122
484
279
547
291
517
24
374
308
627
240
287
583
705
513
349
317
63
487
244
963
1611
925
2035
338
1447
1514
1443
891
1123
1093
554
1156
129
1261
730
1666
1620
1177
1548
2134
690
1779
2144
732
1715
1013
2019
1720
1923
969
1245
2137
1338
433
1792
556
1875
699
470
810
1499
951
1060
977
1918
796
1497
278
487
1892
229
941
413
1303
1563
1107
967
1914
1049
1655
1087
774
1411
441
1429
1763
1009
1406
1248
1380
647
1278
863
1021
1026
1323
1527
1047
1062
1217
1413
1555
1239
1442
658
2057
248
906
634
1661
919
179
468
778
1425
1583
1621
1676
1562
723
513
2076
1769
1303
550
175
676
593
2120
2109
428
1295
287
1619
1432
87
601
1051
983
1268
877
426
939
636
344
703
468
1110
819
1839
1324
317
1601
1287
1400
423
257
1362
1443
350
343
1055
2194
846
1241
1698
1119
1753
1944
1265
657
1651
1687
1728
1661
2024
2023
999
1508
1123
1552
2031
812
656
1475
455
199
1719
1066
391
692
1525
1396
1701
715
713
697
938
1817
1718
1383
1131
1459
486
1468
405
249
521
283
2057
1632
509
949
827
1748
1607
1073
1802
1174
1287
1695
205
737
773
172
1823
993
825
1027
1165
1724
691
1119
2102
1151
573
739
1456
1162
710
1431
1281
929
1689
2054
1730
1828
1696
1624
728
1356
312
1472
303
577
888
1643
1435
1311
1614
1425
738
997
1787
1388
1066
592
1452
1443

9
250
19
15
14
13
10
12
15
8
14
9
18
5
16
13
18
14
19
10
13
17
10
18
18
16
9
16
11
9
15
12
19
18
13
11
9
13
14
9
18
10
17
7
11
6
8
13
11
20
17
13
13
10
16
12
16
15
16
8
17
13
14
18
13
12
7
18
20
10
12
16
18
9
15
17
12
19
15
9
9
18
12
7
7
11
13
18
17
8
9
13
9
11
17
10
12
17
14
18
16
6
16
6
15
19
12
6
10
10
9
13
18
10
18
7
18
9
12
13
19
17
13
7
5
9
8
11
11
5
15
11
17
14
13
6
6
13
8
18
9
11
16
14
8
15
13
15
12
6
6
16
17
5
19
14
12
8
7
9
16
9
5
16
11
5
10
10
10
20
19
11
17
20
19
16
19
6
7
8
19
9
6
10
12
12
7
17
9
15
8
6
12
17
8
12
7
7
7
9
14
13
13
9
15
9
11
18
12
17
7
11
9
18
12
10
19
17
10
19
5
15
15
15
8
19
15
13
14
9
9
6
14
8
18
8
13
6
19
17
16
6
6
9
16
11
20
7
16
14
18
11
0
568
608
40
577
230
666
589
29
451
188
442
515
470
235
442
298
393
577
632
14
283
164
104
120
521
56
412
107
712
534
671
26
312
123
184
517
574
768
614
304
61
310
99
649
519
747
255
91
495
127
474
682
544
462
473
462
527
319
352
407
337
534
342
589
192
322
466
515
109
504
719
245
160
499
427
74
355
334
514
66
176
567
318
350
534
446
478
342
334
468
428
139
594
297
445
696
493
552
694
562
624
180
192
627
183
303
628
592
231
770
0
173
562
283
521
486
733
432
150
645
608
260
1
630
39
438
113
15
55
575
211
476
512
122
588
101
467
468
225
711
136
727
543
582
555
414
196
43
573
760
226
131
576
648
313
693
88
33
751
781
186
570
242
689
241
682
267
662
689
592
617
329
567
466
777
121
743
177
334
145
778
230
592
123
368
657
581
531
324
526
562
759
755
348
766
676
11
674
638
619
651
688
399
736
193
273
42
181
273
761
682
186
242
14
277
604
236
508
337
177
63
260
25
278
187
137
516
526
535
499
694
62
274
403
43
710
538
456
731
28
758
647
524
167
716
524
581
211
553
127
1010
1171
1441
2048
888
2017
910
1198
670
519
1836
1695
756
421
1224
1478
1085
1420
1679
1158
1253
1609
174
718
1018
1471
1535
1389
1499
844
1197
733
1081
1162
626
1187
1030
1494
858
1088
999
510
1437
1839
845
1625
1009
377
620
1403
1144
1065
2041
1236
1926
1633
1598
1675
757
471
493
1082
1830
1613
1284
1180
995
1720
1654
1169
1576
750
1180
1904
1158
527
979
941
1554
1557
1411
1378
1733
1301
1709
1493
736
1233
485
1159
1597
1650
2017
1621
1263
861
1930
801
1963
2092
1763
640
1757
1613
621
1484
1006
2092
387
2087
901
1343
1834
627
1566
1034
1787
1422
860
709
989
1460
84
1005
413
540
329
1157
974
1290
393
604
1560
1523
1005
681
1908
1593
841
1427
988
1398
1965
1766
1788
784
1686
72
1093
2089
1196
1489
977
1835
1404
1568
517
1086
869
2339
1056
828
701
927
1580
1232
716
713
1263
1522
1823
1068
1953
1993
1537
1252
1905
1286
1354
462
1116
340
1671
568
1373
804
1932
1527
509
1474
1727
2197
845
1598
891
1126
379
741
834
1561
1986
2176
1748
1881
473
1127
544
1615
498
1573
1168
995
1399
536
1543
735
753
898
927
525
1295
409
1140
321
1364
1167
1829
1499
1580
1497
738
1062
288
651
1369
737
1134
1273
1574
236
2065
1229
706
1114
1049
1992
1033
1095
1565

10
250
12
16
6
8
15
15
11
15
17
14
10
19
6
11
8
18
10
13
6
10
13
12
15
6
16
19
7
18
12
14
13
10
17
6
5
7
6
14
13
10
6
6
13
15
14
16
18
18
12
11
17
18
13
13
12
13
17
9
17
17
18
11
11
13
6
8
19
10
11
12
16
14
7
13
13
12
17
17
18
18
8
14
5
15
16
12
18
10
15
10
11
6
8
11
6
17
18
14
14
12
20
13
12
16
11
6
14
18
10
12
17
7
6
19
14
9
14
18
17
18
6
19
15
14
19
14
20
7
13
10
5
6
12
6
6
10
7
9
19
8
11
16
17
9
10
16
13
7
18
17
15
7
15
13
11
8
17
7
5
18
10
8
6
14
17
14
8
15
7
12
19
16
9
16
15
11
20
8
15
16
16
10
13
9
17
9
11
16
17
7
16
15
6
15
16
10
7
17
7
6
10
14
19
17
14
17
16
19
19
7
5
11
10
15
18
7
14
19
14
16
7
7
8
18
13
17
20
13
19
14
14
13
8
10
9
10
11
13
14
18
16
17
14
8
12
9
16
16
6
20
0
694
624
416
480
681
790
163
209
713
379
20
636
752
295
52
754
290
390
588
321
608
287
649
294
414
326
744
491
574
494
640
436
101
330
551
251
694
12
322
430
396
111
296
518
26
196
34
287
545
106
152
263
789
138
273
439
620
769
743
376
739
558
321
306
260
764
635
107
673
264
144
524
701
411
258
330
170
240
12
131
556
78
390
187
547
307
214
573
406
656
737
550
4
242
85
717
370
567
196
72
737
598
301
261
144
396
382
426
322
55
514
482
720
96
548
182
607
401
264
728
672
648
521
244
90
125
770
149
447
679
569
298
634
384
496
722
427
691
573
494
36
379
312
474
671
667
92
460
530
348
43
659
762
542
114
391
763
315
665
763
534
383
147
267
530
110
264
341
115
264
170
343
81
690
378
551
68
642
296
565
300
400
579
644
42
61
545
469
625
450
263
494
695
471
709
376
224
582
546
447
171
381
316
698
62
787
723
93
175
378
282
165
319
338
354
688
279
433
697
77
285
490
670
168
230
76
300
355
724
555
529
511
789
654
2
35
4
0
390
582
700
162
184
635
618
263
51
524
97
894
1637
1674
1962
1930
1597
1480
268
1494
1438
504
625
2014
798
1358
1284
2003
355
626
1304
1042
1866
427
1821
714
1155
945
897
1700
946
1314
1691
1207
1613
470
1278
561
1442
1029
894
1115
715
627
1874
1281
494
646
1376
1360
1788
1030
958
752
1046
682
1031
1728
1833
804
1424
1411
1316
1183
785
1226
911
1318
913
1137
1120
1611
781
1489
714
917
1274
606
1412
1473
897
1273
1849
1458
1648
1678
1712
875
1507
2057
672
2063
1402
1092
1067
1716
671
798
1431
1432
220
1416
1588
1748
968
1634
958
944
1524
2002
1259
248
950
574
2280
1263
1296
384
1302
1386
1091
1703
2201
1233
919
1206
319
803
1205
1666
1576
2202
1195
1499
1487
1332
1581
1732
1492
2031
814
1151
995
1848
971
1628
1330
691
464
549
2051
811
618
1856
1909
2078
1061
1323
1624
1579
1373
1249
1835
444
600
1509
1148
834
1068
772
1214
915
829
800
836
1431
1025
1628
898
1787
782
1056
1537
686
860
867
536
651
1664
1832
1305
1523
763
2067
1573
1045
955
1489
1727
2059
875
478
295
1641
1095
2111
1089
1853
1867
1284
195
408
952
1570
595
1539
1624
1438
1666
1077
1207
696
490
955
1265
1485
1396
1135
352
1521
2096
1076
794
561
1742
2083
1432
1450
542
197
1728
1706
2058
548
1572
949
881
486
255
1100
1401

11
250
6
16
13
16
14
7
13
12
18
12
12
14
14
16
11
10
17
16
11
13
6
10
8
9
18
12
6
14
7
6
10
18
12
17
8
8
6
7
15
8
20
13
19
9
10
12
5
14
16
13
18
6
11
15
18
18
12
14
15
6
6
13
17
19
19
17
11
7
6
19
17
13
9
17
12
5
17
15
18
6
6
11
7
12
15
13
6
12
19
6
14
19
8
13
7
11
18
15
18
5
10
8
11
13
6
12
6
13
19
18
14
14
9
6
15
7
6
13
9
6
8
9
20
11
8
6
12
16
20
17
13
7
13
13
16
10
19
8
17
11
9
14
5
11
7
15
5
6
12
9
16
7
10
9
8
11
11
7
5
17
20
8
17
11
16
13
7
13
14
8
10
19
6
12
15
19
11
18
11
10
11
12
16
10
13
11
6
15
20
18
18
15
17
9
13
16
19
5
14
18
16
8
17
9
9
5
6
19
8
20
9
13
6
18
8
14
10
16
18
16
14
9
18
17
13
6
19
14
12
15
10
13
12
12
14
9
10
18
14
12
14
16
14
7
10
7
10
7
9
17
0
196
629
500
446
716
564
274
72
515
323
489
191
158
585
726
611
393
515
420
465
474
595
704
383
490
318
422
96
674
333
33
510
205
65
111
695
647
417
555
342
556
272
157
417
97
222
334
391
684
710
532
751
227
415
503
43
170
317
752
473
590
254
417
683
288
259
585
345
199
322
134
555
427
238
492
299
651
14
314
362
297
216
245
521
591
456
327
596
346
715
310
355
534
668
632
479
348
174
662
329
571
671
306
51
13
756
74
488
58
119
374
62
49
572
448
339
66
76
12
445
675
447
207
404
228
321
67
400
596
127
339
79
612
549
206
97
268
676
261
140
284
152
344
192
305
113
248
28
129
369
273
678
364
560
531
546
81
453
513
588
30
270
116
573
619
15
608
81
174
203
631
714
182
700
174
337
218
46
12
200
659
359
422
505
451
414
348
733
432
239
76
70
241
587
227
533
57
101
124
558
541
136
498
650
55
283
689
488
13
654
607
727
707
45
651
302
760
726
743
178
28
586
22
559
85
136
649
224
601
534
525
204
208
347
439
696
136
677
556
275
220
530
356
746
10
402
510
89
665
1053
730
1442
1689
1130
1158
1311
780
267
1194
1723
612
1192
1497
1353
1944
1706
419
728
1604
608
640
1596
1031
1168
1227
680
1474
774
1535
915
1268
899
664
1393
1541
827
1946
1420
969
1747
1079
1764
1586
694
630
1362
1199
914
717
1567
2001
2087
1122
577
961
1572
1602
1308
1374
1453
989
672
1600
2098
644
757
1503
1469
1517
462
1141
1574
1171
1626
951
1481
2049
1349
717
1134
797
599
1441
1162
1930
1675
1022
1636
1262
975
1176
744
1492
1281
893
1660
652
1672
1791
1429
1478
914
1238
459
723
1058
1600
787
873
499
1903
339
530
1083
684
606
1375
698
35
1673
2044
1661
855
1440
1297
1747
1298
1386
1985
1585
710
1048
1397
1740
1201
691
1078
1215
1423
874
752
1352
764
333
356
1527
1644
1398
966
513
1355
1369
1738
1375
814
1477
1115
1275
1862
846
1138
901
1479
1125
949
599
1712
784
1074
1562
993
2197
957
2156
1699
1503
462
387
1256
1121
870
1205
1456
1199
980
1107
1779
760
1815
918
103
1211
1279
1389
826
632
751
1548
376
1670
850
751
1950
1079
906
1359
1432
1239
90
1270
1366
1632
2170
88
1355
954
1707
1704
1787
382
1356
1159
367
1444
759
934
1156
498
856
2009
1607
505
1100
1064
1024
1134
219
1548
1252
834
1294
1613
1134
1452
771
843
2034
1273
1834

12
250
8
10
12
9
14
19
14
10
14
8
12
11
12
13
15
14
16
18
7
15
14
6
8
17
11
10
6
11
14
15
15
12
9
15
19
18
19
20
15
11
7
12
18
11
6
7
15
17
18
16
10
11
9
17
16
14
16
10
13
13
18
8
7
7
5
12
13
14
16
14
8
8
11
12
16
13
16
14
15
10
12
6
14
9
17
14
10
8
7
16
10
17
11
17
17
16
15
10
15
16
18
11
14
7
15
10
14
11
9
8
15
7
11
19
19
11
17
19
8
7
18
16
8
10
6
5
10
19
13
16
19
12
16
13
18
6
11
8
10
14
15
16
15
13
11
12
15
8
11
11
10
15
10
13
6
11
10
18
19
7
16
8
10
8
8
10
20
15
19
9
6
6
16
10
10
18
7
11
9
8
10
8
13
18
5
19
8
11
7
15
16
8
15
5
7
14
17
16
13
8
16
9
8
16
14
16
7
17
13
14
16
7
17
19
9
8
9
20
8
5
20
9
13
18
15
12
16
10
13
6
20
14
10
8
11
18
6
17
11
19
11
16
7
16
14
14
19
19
15
12
0
664
713
683
643
94
279
63
521
752
344
656
663
456
349
58
605
576
567
332
751
51
210
501
375
698
760
724
424
479
83
512
774
245
22
268
777
652
531
233
565
679
689
671
216
232
758
472
512
302
625
365
49
32
510
109
230
564
59
543
414
178
134
628
215
758
318
376
599
710
329
588
459
626
709
119
632
719
57
353
324
710
566
423
233
704
396
665
480
469
239
179
601
343
302
536
637
391
206
703
436
266
661
704
105
298
698
653
267
17
240
162
413
97
229
412
227
27
719
584
602
622
93
322
671
550
494
709
30
674
756
579
153
706
683
184
113
403
293
438
138
740
691
385
299
103
353
648
52
474
503
653
778
668
100
516
627
203
348
85
220
235
34
529
708
124
64
214
241
307
33
395
15
644
523
752
206
247
237
304
47
442
64
118
338
471
79
719
9
97
16
747
615
261
136
714
258
347
549
445
170
373
577
302
770
441
144
236
288
265
85
526
87
502
230
595
99
117
750
523
235
77
161
119
551
602
154
145
398
686
487
552
291
407
365
347
463
669
473
176
625
114
223
536
365
272
780
598
26
692
1236
2105
2123
1884
1451
782
431
1153
702
1946
1751
1237
1286
934
646
938
1227
1301
1774
615
1965
809
1098
2020
1017
2205
1985
2257
1324
951
112
1276
2059
575
701
1038
939
1526
1951
972
657
1368
1233
1598
545
1785
2263
1876
1802
1442
1954
1572
313
1374
1425
582
549
1440
241
1485
481
976
1425
2023
914
1702
1767
1009
1822
1195
344
1753
1010
1477
886
142
2098
1450
1497
543
676
844
1454
1480
1713
929
1430
2127
1332
592
1682
296
730
1292
544
1086
992
1502
1512
1396
496
1087
954
1406
816
1762
2056
2024
383
673
536
342
775
1533
338
1523
1637
334
1556
2063
1378
1619
224
360
743
1788
1368
1284
1358
1721
2324
1059
1708
805
859
1422
1642
422
1369
774
1400
1687
1938
445
1277
264
1760
1377
825
1839
1817
1729
1139
2070
1464
1892
2089
750
1201
1228
516
442
1090
1288
1396
1380
643
641
1354
1392
118
1682
1506
1862
1590
1253
746
380
271
815
1370
587
242
1343
520
555
1608
2027
629
942
778
1586
1016
739
956
1114
1557
1404
1252
1456
1067
1053
1915
789
2329
1626
1226
1295
1060
1554
1346
1227
1231
1740
1472
817
1141
1394
1510
1883
1413
1157
1237
340
909
2044
1124
1168
788
1648
1681
2094
1316
751
966
399
580
1241
1378
355
1114
1387
234
1754
1250
1709
1172
2127
875
1376

13
250
18
16
19
7
10
7
11
8
11
13
12
14
14
14
8
13
10
7
20
12
20
18
8
6
17
5
12
12
16
16
13
16
7
5
14
10
14
13
10
5
17
12
18
15
8
7
14
13
17
13
8
19
12
14
16
7
17
15
6
13
11
8
16
19
11
20
6
13
11
12
15
14
6
18
13
18
14
12
12
15
10
5
17
17
13
6
15
8
19
6
19
6
9
11
7
19
14
16
8
10
16
12
7
18
19
19
9
9
19
17
12
7
17
5
13
18
13
12
18
16
15
9
20
9
12
15
6
8
15
9
14
8
11
9
15
8
11
14
10
19
6
14
12
13
14
18
18
8
17
7
10
19
17
6
20
7
16
14
6
12
9
6
13
13
8
18
12
12
7
14
17
6
18
14
12
5
11
13
17
18
11
16
8
13
12
6
10
19
18
6
14
9
8
16
19
19
15
16
17
7
18
12
10
17
6
16
15
10
10
19
8
18
13
10
19
16
10
17
19
17
15
8
13
14
19
12
9
19
11
10
5
8
5
13
11
9
9
12
12
16
20
14
10
9
8
7
5
8
11
10
0
461
767
504
399
577
725
134
146
685
148
641
456
583
91
231
626
720
666
55
174
254
712
203
34
208
148
163
479
25
240
77
587
447
538
266
538
236
215
35
615
434
232
265
555
558
778
642
140
437
556
734
764
671
181
428
304
577
636
362
516
664
627
210
560
689
166
127
583
349
167
98
631
665
720
155
108
636
297
105
237
502
129
182
663
702
391
468
477
71
234
512
265
337
30
113
621
133
674
337
759
436
656
295
471
741
591
444
468
75
290
136
469
116
420
174
204
316
62
455
352
261
666
322
19
704
689
290
235
576
768
293
731
139
611
136
241
541
410
415
86
596
472
225
217
550
145
70
723
390
671
58
342
109
557
207
290
425
572
780
260
424
737
98
381
2
152
228
657
453
767
55
753
139
190
180
251
469
389
719
652
355
207
40
687
651
119
507
247
623
408
378
600
158
117
564
594
691
600
713
703
597
715
59
580
671
770
127
390
608
697
553
205
551
195
705
675
312
368
711
61
204
556
540
208
771
27
87
131
655
564
492
755
46
111
268
235
375
47
508
285
656
642
273
593
656
233
329
206
371
23
945
1030
1581
871
1974
1154
1433
258
922
787
696
1731
1282
566
1692
1431
1630
1906
1426
542
1313
1104
273
1246
1227
414
1112
1164
1301
1390
649
772
1969
1069
1802
1799
1432
1777
515
1784
1349
938
1486
1043
1722
2261
1429
1560
1060
1506
782
1973
1609
598
891
692
1094
1562
1763
821
1711
1722
1781
880
2256
1208
458
1025
945
885
1141
1546
806
1578
1040
177
1188
1427
967
594
969
880
301
1475
1036
860
731
1716
1609
934
1708
1300
361
609
1688
1701
656
1459
1259
1268
806
1317
1546
736
1097
977
469
1011
824
659
930
1143
1238
1002
678
1485
1442
116
1843
1887
508
1282
1007
727
1116
1865
1278
292
1911
1495
1076
796
489
1354
532
339
1284
983
1882
225
1751
1833
974
965
2095
1026
408
1600
1490
2102
578
1015
530
1182
638
1392
793
1542
2052
1392
970
1449
851
520
1020
1631
622
2065
801
784
459
1850
402
1437
488
845
979
1311
1324
887
642
510
92
1884
1683
1212
1779
390
875
1245
560
1047
959
1160
905
1615
1027
2126
1725
1249
1776
1571
228
730
982
2278
256
664
1996
1132
1468
1055
1411
1587
1012
1714
1217
1673
1833
1330
1278
1848
1761
640
2208
894
948
809
703
1283
2010
855
468
1135
1391
1429
1415
202
802
1746
1765
1811
1423
925
1646
1456
1359
1500
614

14
250
14
17
14
18
14
15
9
6
18
12
15
14
7
11
17
18
9
13
15
17
16
8
16
16
11
19
7
15
12
19
20
12
6
7
16
6
17
11
18
11
15
8
8
19
11
16
9
13
14
6
11
10
6
13
16
18
18
11
19
9
10
8
18
12
14
18
5
9
6
6
16
8
9
19
8
9
13
13
9
9
8
7
5
8
10
9
6
18
7
13
15
11
12
9
10
20
18
8
16
15
19
14
13
15
8
9
14
10
14
19
14
16
18
14
6
19
9
20
20
10
11
18
17
15
18
13
8
18
17
15
18
19
13
13
5
20
11
16
17
10
11
15
6
18
14
12
16
12
13
6
14
18
8
7
15
17
7
9
9
16
14
18
15
8
5
20
18
7
19
8
14
18
12
8
14
6
16
19
14
19
13
13
10
6
10
8
17
6
18
8
12
8
17
14
6
18
6
17
18
7
11
14
13
16
10
16
7
6
5
10
18
8
13
20
9
8
19
6
11
7
9
16
15
16
6
17
14
17
11
11
18
15
10
19
12
12
5
5
13
9
9
9
10
7
12
17
19
14
9
18
0
189
65
316
770
724
618
414
453
193
295
220
45
486
498
708
394
772
554
388
327
601
724
574
273
162
337
26
686
387
351
785
26
450
296
86
575
91
480
406
84
371
202
718
368
37
492
210
586
28
546
401
43
673
298
669
300
196
697
684
703
338
704
54
757
140
704
786
299
234
341
506
650
272
435
172
84
27
172
24
163
166
786
438
528
649
617
310
285
620
658
206
90
105
739
531
256
300
726
363
786
400
294
632
228
353
610
719
66
396
694
27
479
466
479
721
519
577
160
316
334
527
784
251
373
35
394
232
726
25
119
529
242
649
358
138
167
701
662
387
127
326
779
317
652
629
723
516
58
528
485
151
677
212
383
729
443
503
323
550
558
408
535
464
544
276
478
174
363
247
59
180
598
594
648
425
706
771
574
489
490
598
712
288
92
391
658
589
494
330
316
731
627
591
9
747
145
179
524
536
50
701
165
146
753
430
448
104
5
641
195
348
529
121
675
634
628
620
769
185
453
727
91
247
355
141
45
212
381
491
294
455
158
256
299
157
380
663
255
118
395
407
69
414
192
29
134
529
522
89
406
1178
1600
1465
939
1466
782
1649
682
1548
1784
1395
649
835
845
2072
605
2188
1716
1544
479
1932
2133
1899
707
284
369
1029
1398
1057
1360
2333
662
1883
336
726
1859
518
1001
516
1618
1606
1074
2001
754
334
1426
608
1241
1075
1720
892
1252
1842
1597
734
660
256
1224
962
1012
1533
1930
704
1688
1562
1652
1752
1240
1643
1696
621
1725
1725
1993
308
745
568
1729
1283
1070
1265
1128
1604
802
1672
789
1779
1498
912
916
1707
1394
1217
1234
2076
832
543
1126
1943
1956
1666
1224
1225
1508
1767
1507
2096
499
1725
1027
564
1096
1980
1294
1037
557
1640
1329
1650
584
604
1049
680
1423
901
1404
1443
1817
91
354
948
867
1779
1255
255
647
949
1079
1165
257
494
1117
677
674
928
1763
1905
1553
792
1778
1204
718
1680
1399
1474
1902
1846
792
1197
2045
1495
743
648
1565
1318
507
1421
1163
1647
1166
666
642
1929
862
972
752
2225
1052
557
1237
1877
1727
1507
770
1887
1537
2039
1699
1074
1862
824
2050
611
1111
1274
916
1630
961
1659
306
854
443
1241
1057
538
810
321
645
1352
1430
1822
591
958
1703
817
1936
2149
1581
239
761
1585
949
905
1523
1272
78
1290
1652
614
1668
1292
857
1110
1290
279
1277
697
1748
982
1261
1794
185
1798
1751
876
837
766
636
1136

15
250
17
9
8
12
20
15
6
9
18
20
11
20
12
12
19
16
15
19
6
9
18
6
9
6
17
8
14
10
16
18
12
12
10
5
13
19
12
14
18
19
17
6
19
17
19
9
13
7
13
15
12
15
16
15
15
15
10
9
19
16
13
17
14
13
15
17
7
19
11
13
13
17
17
18
6
19
8
9
16
15
7
18
13
10
11
20
12
7
13
12
8
16
17
19
15
5
7
9
12
16
7
8
18
14
17
9
10
6
11
8
8
11
6
6
17
14
6
6
15
15
6
8
8
15
16
20
6
14
13
17
9
18
10
19
7
5
6
8
7
9
19
13
8
18
13
17
18
8
17
12
14
9
7
5
20
9
18
5
17
17
12
6
18
7
18
16
19
11
18
15
16
15
8
6
10
15
11
16
6
7
5
10
7
15
16
10
8
11
14
14
6
6
7
16
17
15
14
18
9
19
17
15
11
19
16
9
14
19
9
12
18
13
9
12
13
12
10
15
14
8
14
6
14
13
11
11
8
17
15
11
14
14
11
8
10
17
11
6
11
15
9
15
12
5
8
18
11
6
10
14
0
606
97
653
770
400
7
607
581
300
214
293
527
559
9
507
251
443
361
95
694
415
582
198
31
740
260
499
369
640
346
353
515
156
772
179
529
268
200
357
402
312
743
49
608
722
613
213
150
780
192
728
632
181
560
595
255
331
471
492
333
147
468
262
415
227
621
745
702
6
570
211
348
206
71
260
171
668
143
510
714
404
657
68
270
102
738
734
221
658
139
234
436
299
151
122
649
284
668
254
746
654
535
551
246
696
157
716
49
442
217
638
507
693
158
765
445
207
448
474
551
56
552
745
155
520
539
604
186
498
595
635
536
447
121
711
729
80
54
544
705
410
722
354
462
611
439
124
67
58
411
186
327
691
92
45
161
550
261
547
358
184
305
37
358
279
747
537
111
488
597
558
675
469
593
704
752
609
340
258
20
319
400
753
217
751
486
178
762
448
119
84
181
149
700
631
133
579
535
388
634
71
498
132
475
56
156
126
15
285
483
277
44
407
12
447
134
695
555
189
334
590
743
642
258
344
558
29
200
534
562
353
662
32
251
322
250
486
346
693
37
725
148
195
292
56
240
395
16
125
259
662
131
874
1292
923
880
1911
1481
1617
1279
1167
880
1081
316
1958
1404
1954
1492
637
1446
1031
1160
1402
838
1046
1377
707
1068
2009
1566
632
542
1226
1924
206
1530
1463
1372
543
1115
1004
2202
224
820
1586
1855
340
247
1520
300
1877
713
1191
1074
742
591
1132
977
759
715
798
1127
632
1388
934
756
869
772
1442
1750
1680
1361
649
110
1094
424
989
1180
1734
1930
1612
866
1139
1375
513
1207
2288
575
1741
1679
331
948
1164
1652
976
1558
1401
873
935
1484
1038
1296
1909
1361
2102
993
1335
1343
486
1495
921
1520
1990
528
1574
1651
1010
1548
1271
1708
641
616
894
285
1070
1222
983
1452
581
1279
1580
1543
1798
1456
1291
1491
130
891
1647
1350
1070
1237
915
1577
1868
782
1586
633
621
1939
1034
723
1253
626
1544
1241
1375
1738
1067
1098
430
508
806
444
1093
2063
1842
294
1356
1626
1886
2185
1142
1039
1142
1193
2115
1045
369
549
906
1328
2219
1044
1704
875
1367
923
1211
1001
1245
234
1590
2006
1323
1648
1590
1177
1223
2171
846
554
1110
1038
1268
1418
1438
1515
1476
1833
982
659
1683
121
1099
1071
1057
1658
1745
430
971
1461
1156
633
893
1699
299
914
1019
1506
1363
1881
97
812
696
566
1756
417
1969
1024
1991
1505
1753
1794
973
1688
1371
1274
887

16
250
7
14
6
13
17
17
7
14
13
17
10
9
12
9
12
13
18
9
19
13
8
19
12
18
12
6
9
8
16
7
16
17
13
17
12
14
16
18
19
7
12
19
9
18
6
11
10
13
8
18
15
16
12
16
18
17
7
11
10
20
7
10
10
16
11
12
9
14
13
5
10
9
9
12
14
8
13
20
18
14
17
9
12
14
6
17
14
17
18
7
19
16
15
15
15
7
17
14
11
6
12
16
7
17
10
16
14
19
5
17
18
14
10
12
6
8
10
12
16
20
10
18
16
20
6
10
10
16
9
17
13
11
18
11
13
12
10
13
7
11
15
13
12
13
7
14
19
8
14
7
11
17
13
12
19
19
20
12
19
15
18
20
20
13
20
9
18
8
17
6
5
15
16
18
6
12
8
11
12
17
7
19
10
16
6
12
17
11
8
9
13
7
10
13
5
6
8
13
19
8
13
18
16
11
12
10
9
16
17
17
16
6
10
7
9
13
9
13
7
18
11
15
12
12
17
7
15
11
19
10
16
15
19
18
14
19
6
10
20
16
20
10
14
14
14
15
11
20
14
17
0
593
483
338
458
224
187
767
29
479
294
441
427
375
84
34
461
590
160
718
177
386
81
71
719
564
500
293
379
59
153
379
808
33
239
46
582
650
57
802
597
353
497
430
99
591
43
216
552
785
706
201
202
203
455
146
555
428
75
93
372
44
213
420
28
256
371
134
692
167
663
569
191
404
319
292
719
289
219
528
347
793
198
416
470
60
28
623
337
235
480
273
299
236
434
52
267
489
172
505
473
730
378
302
734
724
498
443
440
372
531
603
334
155
212
66
222
7
469
738
132
794
295
453
697
37
394
738
560
590
271
279
342
484
125
666
436
418
686
512
568
352
217
506
523
662
433
306
242
321
341
158
335
316
244
276
409
688
606
335
275
238
213
219
639
222
147
328
259
33
255
159
718
779
257
731
444
692
266
697
428
699
756
595
51
66
774
221
629
428
94
357
721
555
71
302
13
159
2
4
687
745
727
680
430
4
142
583
764
66
453
18
604
256
529
150
333
323
438
791
52
146
431
327
304
59
451
532
271
737
186
29
107
322
111
167
783
646
296
607
52
42
653
308
518
759
218
585
137
385
1491
783
1539
653
646
630
559
1428
168
761
1741
847
1459
1104
1031
837
837
2152
892
2139
1109
725
971
263
1221
1358
1807
624
1405
166
889
749
1808
617
1437
402
748
1346
533
1456
1754
1917
1676
947
316
1752
60
1835
566
2106
881
255
1234
1508
1161
757
2075
1937
1275
1486
1551
773
1456
950
1326
946
1052
471
2177
1697
1953
1521
470
633
1616
1092
2038
1672
1259
1340
1962
1567
1819
982
1347
1396
304
1827
761
750
1864
1772
1489
1297
525
457
784
605
1323
1121
699
1303
1042
710
2080
2080
2059
1207
1901
1004
699
1185
893
1338
369
385
950
104
1466
2197
869
1287
1026
1630
2232
1622
1422
1170
1604
703
1118
696
1146
1604
437
1405
1604
756
2279
803
1878
1003
908
1668
1944
1251
872
675
1316
1679
389
660
978
1206
1472
1650
1807
1127
1029
972
1805
611
1313
1216
2046
1142
1122
434
1121
755
1129
1566
828
1587
355
1547
563
1011
711
1301
1462
761
892
949
1003
1325
2225
488
756
1866
192
1082
2345
1184
1513
1150
487
338
830
1161
1650
2022
1073
755
1052
1302
1525
1273
867
223
1758
1353
619
289
1905
1202
676
1494
1884
2153
699
1348
1393
393
787
745
1778
1089
1865
2301
504
1366
1596
1090
879
1001
1791
2247
404
2170
1066
1558
1370
471
1395
1952
1536
1268
280
645

17
250
15
9
16
9
17
13
19
9
20
15
9
10
10
14
7
17
16
10
17
9
10
11
8
15
15
19
7
14
18
7
15
18
7
9
9
11
6
6
15
17
17
12
15
19
6
20
14
6
9
18
7
10
16
16
19
8
19
12
20
15
9
6
8
16
20
16
7
14
8
15
19
20
16
19
18
20
17
17
9
15
9
17
18
12
17
18
12
13
12
19
8
11
16
13
10
13
19
5
17
5
9
19
18
18
18
13
16
10
12
13
15
18
18
20
13
11
9
11
10
15
13
19
9
18
12
10
14
9
11
14
17
7
20
12
7
12
13
19
6
9
12
12
9
9
7
15
17
14
14
16
14
15
8
12
16
14
17
8
6
17
5
12
19
20
9
13
8
18
16
10
8
14
11
18
17
7
18
10
11
17
10
20
18
14
13
15
9
17
17
15
14
7
6
13
5
9
12
8
6
6
11
19
10
16
11
12
5
5
20
16
11
10
15
7
15
14
12
5
17
6
15
6
12
8
18
11
6
6
12
9
12
9
12
10
19
13
6
20
6
12
8
18
17
9
6
19
19
16
17
8
0
247
414
200
245
694
5
500
535
251
129
327
288
579
480
592
412
491
413
219
722
734
726
135
130
703
787
332
732
336
179
280
252
798
742
500
268
381
542
305
242
65
537
767
758
732
201
698
441
79
485
307
319
68
792
330
124
95
343
65
280
349
217
548
478
157
406
275
595
558
208
129
451
704
295
89
152
557
351
385
731
261
246
109
404
645
232
316
605
58
107
615
266
2
78
308
528
325
21
286
748
458
700
700
786
291
424
239
52
322
326
60
262
294
527
550
9
760
351
381
105
383
112
482
581
629
774
734
293
219
629
16
71
643
530
262
294
280
770
281
258
19
348
57
642
361
173
475
396
35
78
737
592
181
14
96
135
77
135
516
694
486
487
77
139
600
643
194
654
648
800
407
398
167
668
632
499
771
65
656
245
224
768
722
248
293
698
211
72
735
27
676
472
295
688
604
748
338
402
196
561
696
409
330
725
207
755
362
290
354
704
590
467
398
597
397
689
82
265
304
558
701
735
555
196
544
342
453
717
395
1
695
542
650
720
93
515
106
107
157
697
471
612
99
194
154
171
553
548
641
921
614
1990
619
592
1153
1345
1810
1739
1086
721
800
1215
1464
1577
730
574
625
1373
944
2035
841
1177
556
828
985
2369
1182
987
942
770
1856
692
2339
1857
522
787
1340
1519
643
1454
1651
1244
2057
1589
1749
1707
1122
1336
352
1136
1074
996
1672
2411
1059
281
827
817
554
880
909
1422
1036
1578
399
1050
1456
1743
1437
430
843
1966
1953
1867
1138
430
1135
1846
588
1181
1289
1103
342
1063
2006
1409
878
1412
1638
766
2201
1443
508
1667
1281
1403
1541
722
1369
2133
1946
1102
1125
1321
412
1444
462
1478
1755
1061
966
1536
583
821
605
456
1347
1066
803
1621
625
752
1627
741
2034
1580
2140
531
513
2073
1233
533
1355
625
1178
1040
1084
2117
637
375
497
1254
1084
863
1746
768
1100
1308
406
723
1816
957
1407
138
492
772
964
1710
939
1209
797
1598
966
963
1767
2207
883
1340
728
2113
1224
638
1043
1648
1571
1981
1065
1462
827
1570
1837
990
1064
1382
373
762
267
970
1976
714
756
1146
1883
1454
1030
969
807
1473
253
1880
955
1306
745
1653
1010
1075
1603
693
421
1117
1764
1514
649
1349
1487
1087
1069
1371
555
1462
2066
882
1690
729
809
1516
1726
1932
1319
169
1946
1824
1673
2074
718
1870
1645
520
1349
1928
1643
2020
874
1250
303
979
581
976
1449

18
250
8
11
11
5
13
18
12
16
15
15
5
19
13
8
5
16
8
12
12
14
19
8
15
19
18
8
13
6
14
10
15
7
12
6
7
12
13
8
16
6
10
6
13
13
11
19
16
6
5
16
5
20
17
19
15
17
6
12
18
10
12
18
20
10
9
10
17
8
9
16
15
6
13
19
7
14
15
17
14
15
11
7
6
15
12
19
20
18
9
11
12
19
5
6
8
11
7
18
13
7
7
13
9
18
17
14
11
8
9
18
19
5
8
7
8
6
6
12
11
6
19
18
7
18
12
12
17
20
9
6
12
8
16
18
6
7
13
11
8
8
15
9
13
20
8
19
7
12
17
17
9
14
9
10
12
7
10
18
18
6
18
19
16
7
5
20
7
18
18
6
10
13
11
9
15
16
16
12
12
5
11
11
10
11
9
20
11
12
12
6
6
8
15
8
13
14
9
14
6
14
16
6
13
5
13
11
10
6
8
8
19
19
15
18
6
12
18
14
17
14
18
8
11
7
11
7
6
8
5
9
19
7
18
13
15
9
8
8
16
5
12
9
10
9
17
20
10
11
13
14
0
337
195
636
252
482
233
304
555
481
268
13
4
414
492
509
231
553
622
682
379
735
744
347
410
248
648
95
530
375
105
558
123
226
663
95
698
684
230
700
548
379
405
264
544
11
679
373
590
424
217
318
166
316
713
540
382
601
473
350
113
450
64
466
25
211
717
430
355
713
179
713
292
737
13
290
476
50
695
267
67
97
3
598
329
48
128
468
219
423
228
593
409
82
737
83
476
267
618
298
463
10
448
165
508
324
735
570
48
723
147
67
716
302
208
281
303
314
256
244
513
359
400
288
232
34
18
691
49
391
561
51
146
650
222
206
172
169
416
297
367
385
436
227
609
304
244
572
389
407
431
564
110
330
665
599
3
722
576
431
41
605
665
255
133
630
474
331
236
579
560
370
422
19
284
298
541
136
198
649
256
12
288
468
582
283
626
663
258
719
169
259
2
209
241
193
524
579
248
619
653
393
362
402
63
261
207
408
308
599
89
646
434
702
513
326
262
186
563
574
162
487
580
224
717
14
14
102
47
34
378
239
372
709
440
219
2
653
277
526
194
282
608
160
83
720
601
344
207
32
1381
1612
1173
913
604
925
1203
545
1856
1357
1321
861
1044
1289
1147
1352
1432
1766
1280
1467
647
1654
1211
433
715
1235
2080
491
1248
1517
1072
1725
915
1442
1910
457
1880
2077
857
1945
1520
1077
760
1394
1764
123
1577
1682
1722
1040
1180
1413
1040
1503
1081
2006
1868
935
923
1154
1352
720
331
1235
1013
1160
900
470
454
1686
619
1081
398
2186
617
1190
809
1547
1492
992
85
1135
92
1305
1701
845
760
1023
1516
726
928
634
1013
551
1115
570
963
1107
2107
732
585
938
1867
1082
1590
1094
945
1461
1016
1313
843
1504
724
1150
593
670
1653
1680
1505
908
1071
647
1840
1013
479
919
1422
1193
691
555
762
512
548
1887
1313
450
349
1424
1170
1463
758
434
826
1674
768
608
1697
790
1407
1624
677
1292
1530
398
1333
920
679
1006
1957
1429
1219
782
1181
1574
792
659
1406
631
1243
1997
1658
1441
1327
768
969
504
1413
185
360
1669
1398
1298
1363
1621
2062
1669
1688
753
316
802
1007
1048
169
1177
1130
731
1808
1656
658
637
1707
599
685
1134
1045
492
561
658
1198
1798
1141
2136
603
1444
1223
1275
1406
562
1651
1125
297
1912
1895
390
758
162
35
986
280
422
1860
1649
1036
2161
1163
1325
1166
832
947
1708
551
1078
2039
1198
181
2082
706
987
865
1132

19
250
14
5
7
11
13
15
6
7
18
20
11
16
16
11
5
9
8
14
16
10
14
16
12
13
9
19
10
6
17
13
7
10
14
12
9
16
18
12
15
15
15
12
5
5
6
16
12
9
10
17
17
12
17
18
8
10
6
12
8
17
13
11
16
11
8
15
17
20
18
16
8
18
19
13
18
16
10
11
16
9
16
13
11
20
18
19
9
17
7
12
7
15
20
12
10
12
20
6
12
6
7
19
18
10
11
7
9
11
12
18
15
19
16
13
15
8
10
17
9
7
9
16
6
18
10
7
13
10
15
15
14
14
20
10
18
17
6
17
18
8
20
14
6
11
13
7
19
7
9
9
19
16
11
13
13
15
13
6
8
6
7
7
16
6
11
11
8
10
19
14
16
7
8
8
13
17
15
7
6
14
12
11
16
9
16
16
7
18
7
15
18
8
13
11
17
15
19
13
19
10
9
7
11
20
19
8
16
16
16
17
9
9
11
6
5
15
13
14
8
8
10
14
6
10
19
8
11
10
18
7
18
9
10
13
15
10
17
8
5
19
13
7
6
11
6
8
8
10
9
5
0
221
51
61
350
162
291
616
434
155
710
127
590
621
148
621
273
744
377
719
577
633
473
29
335
483
181
209
680
396
575
429
382
292
567
651
650
531
507
502
186
390
734
272
708
339
176
236
668
705
473
226
440
357
68
261
543
232
556
330
80
50
556
126
708
690
177
657
351
557
517
124
316
721
596
524
119
274
657
526
587
502
469
272
257
91
25
534
307
724
453
453
715
697
293
6
602
511
260
730
755
354
171
125
623
417
387
32
37
45
634
728
217
533
128
230
575
678
300
404
395
618
263
359
367
5
85
129
70
691
495
493
126
728
298
499
546
586
33
744
165
728
130
197
152
742
577
737
436
594
301
307
448
413
210
336
664
162
445
678
290
179
394
69
578
121
414
597
695
353
55
517
232
267
149
705
624
618
479
639
436
538
417
37
516
154
349
406
201
224
572
422
553
535
67
86
423
725
249
653
557
683
45
10
757
359
380
316
745
725
626
48
428
372
485
270
289
197
570
327
655
706
644
547
554
565
222
140
293
73
515
258
25
558
188
379
752
336
727
276
31
410
112
342
292
654
558
273
628
444
1202
952
1389
1108
944
300
1089
929
1720
839
878
570
1818
1931
481
700
1295
1207
425
1171
1676
1487
1884
228
658
1189
1580
888
976
803
1592
1123
1876
1327
1436
734
908
1324
1699
1035
493
1402
1655
411
983
607
490
737
855
1080
1829
1702
780
1772
120
1288
1123
527
628
1543
1051
687
705
965
1507
1722
527
1307
754
607
1556
1387
1324
1170
1826
558
1040
616
1339
1214
900
1739
1014
730
543
956
561
1357
1562
1386
1560
966
2224
1200
1557
1476
1242
1700
509
856
795
1583
1659
1195
1007
1079
1363
733
211
204
2046
1828
644
746
562
282
1502
1796
852
1143
1117
1548
1653
1025
1017
1021
266
412
684
2177
1613
886
310
961
1676
1202
1800
1886
204
1838
249
799
363
1445
916
780
1384
2028
1614
1861
449
1386
535
1630
1135
861
1346
547
1585
869
327
1491
867
118
1246
1010
800
2075
2204
1790
392
2053
271
965
452
2031
1853
2033
1967
1084
803
1198
570
1208
637
1293
1614
760
1412
337
626
566
1504
1657
540
770
734
1836
816
1446
737
1867
63
699
2212
1729
1337
883
2124
2179
1494
1319
1732
756
1190
1295
1537
1488
1562
569
1439
1092
1883
1776
994
1366
479
755
1650
657
648
1487
656
697
1062
461
2262
450
1552
662
469
1702
502
1644
1413
920
1800
1494
1145
668

20
250
7
7
19
6
12
11
18
17
10
16
9
13
17
19
17
9
20
16
14
18
14
17
8
6
5
14
9
8
9
19
12
11
12
20
14
5
19
10
7
18
11
8
10
8
11
10
6
10
11
11
13
9
19
17
17
14
19
10
8
14
14
10
19
18
16
13
12
15
13
14
12
14
17
11
13
17
10
6
15
19
5
16
17
13
10
11
18
10
19
7
12
15
18
14
20
15
7
12
15
16
11
13
6
13
8
18
10
14
15
10
20
13
20
11
16
19
20
6
20
13
9
18
9
18
20
16
19
12
19
11
15
9
19
19
20
19
7
7
16
10
17
18
5
6
14
19
18
19
14
18
14
9
18
15
9
18
6
8
16
14
10
18
7
8
8
17
5
15
8
13
18
14
17
17
15
8
6
17
7
9
14
5
18
9
5
7
6
14
6
16
6
20
14
9
7
17
17
18
16
8
7
9
8
10
9
16
14
9
15
12
15
16
16
10
17
17
18
7
20
18
8
15
14
10
6
18
19
13
16
20
12
17
14
14
11
15
9
13
7
8
17
5
18
9
10
6
6
6
14
8
0
196
725
350
478
415
792
93
722
108
659
545
465
297
178
260
411
465
544
358
446
516
528
590
627
326
771
266
524
209
437
336
751
448
773
78
482
785
660
36
446
426
344
639
318
292
31
38
46
777
652
801
468
799
763
744
633
280
100
131
128
536
530
531
581
685
388
115
102
680
392
234
682
222
160
617
509
113
308
459
90
125
450
475
615
793
803
618
29
758
152
620
773
300
297
484
747
276
52
27
32
632
206
229
580
638
113
656
708
146
48
567
378
9
484
373
536
136
326
576
349
594
595
512
676
202
256
465
643
430
371
618
492
190
45
398
20
618
338
556
103
604
436
241
671
541
616
299
208
710
346
200
627
461
415
627
806
769
644
766
396
165
465
695
413
339
379
336
422
143
289
543
635
711
764
191
654
448
28
488
746
183
792
710
630
454
340
601
37
735
615
95
57
336
385
304
668
276
597
469
707
229
351
469
535
327
47
346
743
297
450
795
362
86
508
124
50
86
415
498
800
274
660
409
408
413
309
725
36
634
614
441
528
503
230
611
784
747
251
659
472
73
509
699
18
155
483
522
117
713
17
209
1154
733
857
1354
1889
297
1819
1006
765
1065
622
1776
735
292
1559
607
1094
1709
1745
1138
748
2194
1776
551
1171
1790
1777
1783
1187
1721
1194
544
1849
681
1974
2106
1222
270
1878
1999
635
1093
1825
750
523
949
1067
2322
1914
1254
911
991
2063
1745
1305
604
291
1092
1244
1746
1094
958
1925
1377
1100
626
840
1887
755
1463
1819
795
324
1927
754
635
1684
1507
366
647
1646
845
811
891
1976
1890
831
772
239
881
1642
1372
360
1488
1326
818
420
661
156
2109
1640
952
2138
1295
1628
1956
1153
1309
318
2056
1344
1048
567
1029
1225
592
1865
1575
1769
673
1989
1237
947
863
1364
1659
1793
1257
476
1787
1583
1662
1428
1943
1125
1198
692
2106
872
910
989
787
1163
2049
2175
811
1638
2151
1045
995
1699
966
1668
682
929
1920
1201
1905
1787
537
1108
1051
1675
893
1197
833
452
156
1682
1760
1587
1469
1431
398
2066
1598
229
895
2176
1790
851
853
727
1014
1013
1052
756
1305
2187
1526
1637
778
537
1219
1668
1667
896
1788
1158
1267
668
1162
699
883
486
1628
821
372
1432
1280
1093
1344
1349
707
844
457
1762
1040
938
449
1395
1890
979
2014
982
1070
81
864
753
586
2051
686
1802
662
1056
1754
1449
856
1595
932
1908
1181
450
833
1378
1372
892
1618

21
250
12
7
12
17
13
16
12
8
5
11
13
18
10
20
14
17
10
10
14
7
13
8
18
9
16
18
15
7
16
7
16
12
7
10
16
10
19
13
19
11
20
8
9
18
20
15
7
13
17
5
17
17
10
10
16
5
14
12
15
8
13
19
7
14
6
12
15
13
8
18
13
10
17
10
7
17
19
13
10
17
11
11
20
12
15
8
15
18
6
10
19
19
10
5
15
8
6
17
15
10
18
12
7
15
10
13
13
13
7
11
12
14
11
15
18
6
19
15
8
13
8
10
16
13
11
17
13
20
5
11
19
15
9
10
19
8
18
5
15
18
8
7
15
11
15
16
17
14
12
5
5
9
13
9
6
12
6
17
6
8
13
6
7
14
16
18
6
14
7
5
10
15
17
7
10
7
10
10
6
6
15
14
18
19
19
16
13
7
9
6
17
14
11
11
15
6
13
16
6
17
9
11
19
18
14
19
6
12
19
20
8
13
13
9
16
17
17
5
12
17
7
16
9
14
19
18
16
7
16
15
11
11
16
20
13
10
20
10
15
12
13
19
15
19
8
6
18
15
17
8
0
589
24
470
266
227
741
699
430
709
682
259
19
580
460
336
168
33
90
273
347
680
572
396
214
471
357
534
201
313
756
776
148
771
204
327
454
691
62
218
354
504
307
241
124
28
729
564
272
607
98
774
574
620
320
495
671
485
156
638
361
690
456
765
517
327
782
279
414
95
714
497
238
761
656
377
660
226
486
253
357
649
320
58
675
474
147
101
233
88
251
313
441
695
753
524
40
754
608
44
404
223
691
680
492
452
288
464
71
531
285
296
297
736
10
558
624
516
220
482
9
84
0
105
569
139
52
319
469
135
129
51
116
621
760
230
564
639
147
227
168
423
312
334
579
387
19
702
618
353
337
80
148
218
359
488
309
527
319
737
241
213
601
657
249
174
536
502
520
540
416
101
627
290
383
327
732
425
439
416
286
503
714
18
629
754
737
288
231
345
7
326
764
101
162
573
152
246
51
24
250
677
515
449
555
645
732
555
116
613
597
340
268
34
412
163
471
112
566
618
341
560
345
311
130
218
117
7
181
753
540
3
260
513
676
774
69
549
440
44
272
448
632
252
636
496
483
703
95
372
193
909
196
1859
1523
1571
1136
2121
883
2055
948
602
1051
1389
674
411
913
1053
687
1797
1509
1686
1022
1856
1647
1777
595
1373
290
1464
1842
1190
883
2092
1582
1065
1562
916
619
1548
909
1026
1887
674
1070
1413
2169
1591
1603
1751
534
1956
1117
658
1059
1303
1142
1221
1739
681
721
1902
1052
1485
737
1632
1707
577
895
181
1321
1440
363
1443
730
1165
1731
1601
1553
1472
922
1159
1545
544
1957
772
490
1155
620
1169
758
1196
558
1401
896
1582
892
1093
1207
1438
899
1419
775
1196
906
531
1665
1113
1000
1561
576
842
994
1399
252
688
779
1352
1187
1046
110
1391
487
1229
660
1180
789
629
638
1601
1181
962
1572
1974
2093
1533
1718
2163
686
1315
1072
1660
1865
1866
1440
1832
1528
1755
1677
1654
1182
441
276
453
1094
888
569
1558
1823
2202
725
1534
813
1327
1686
733
2113
1422
1021
1968
1336
350
1237
678
1029
1759
961
1397
478
1666
1184
973
1729
940
1670
2016
1668
416
1695
514
1250
1093
1754
1207
1384
1749
1008
1245
970
1142
1693
1422
575
1717
1039
1305
1635
675
1320
999
1352
938
786
869
965
736
779
1429
1713
1048
974
747
1839
453
1094
503
1431
61
1188
1562
1188
1547
949
798
1283
1984
336
658
1034
92
1738
1078
1761
992
681
1354
1870
985
277
755

22
250
8
5
8
7
8
14
17
17
18
19
13
8
6
18
17
11
14
10
10
11
12
20
8
14
11
9
9
16
8
9
18
18
16
16
10
7
8
15
17
7
15
8
7
10
20
11
5
14
5
5
14
5
10
18
9
10
13
7
8
20
7
14
19
13
6
19
14
10
8
12
8
13
10
17
17
19
9
10
6
18
6
11
13
19
8
7
15
18
9
15
13
12
9
16
19
19
13
10
6
12
11
17
16
8
9
17
12
11
19
7
20
11
16
8
20
13
7
6
7
11
9
12
12
18
17
19
9
14
13
16
13
15
15
8
5
11
7
13
16
15
15
17
18
9
19
10
11
14
17
13
10
9
8
11
15
8
5
20
14
6
17
7
8
11
15
19
17
9
18
11
11
18
20
7
17
11
9
5
19
12
19
19
6
10
8
12
11
19
16
13
13
16
11
16
17
15
18
16
17
16
15
18
7
16
8
11
18
14
8
10
19
15
17
12
20
15
15
18
14
18
15
16
16
19
15
18
16
17
14
7
17
17
6
18
20
9
10
15
9
17
17
17
14
9
14
19
19
6
8
17
0
353
244
160
392
710
688
132
765
606
349
712
233
480
176
737
60
412
775
252
551
172
379
266
682
427
571
173
722
620
270
596
616
691
742
536
206
514
527
603
503
214
650
386
803
62
591
157
525
690
564
584
574
730
253
184
209
652
676
300
335
252
141
419
339
188
632
53
186
620
283
479
546
133
358
8
573
73
790
230
618
547
601
0
628
488
632
256
706
100
734
449
236
372
124
13
420
392
300
164
194
37
709
110
41
710
246
688
443
435
404
659
623
133
634
271
434
481
219
546
577
540
473
31
784
108
616
3
804
59
463
541
616
216
71
74
675
305
604
138
229
291
596
571
146
29
733
576
243
159
60
537
768
143
750
696
447
227
327
429
758
788
549
675
761
218
582
372
237
119
442
727
275
418
38
121
529
437
494
721
28
608
318
745
739
727
337
699
641
713
307
758
477
579
317
688
462
739
357
423
665
173
709
619
649
8
549
498
18
376
643
338
290
525
276
300
77
514
746
532
87
772
728
681
285
276
657
528
85
84
652
680
804
109
261
221
337
696
652
701
206
99
623
494
451
240
751
171
104
566
1201
1384
1150
1047
546
955
1962
840
1526
2161
1400
1941
711
921
1049
2352
1474
1554
1711
490
1366
1714
1180
852
1106
1367
1495
410
874
2122
1607
2147
1524
2272
2157
1707
1768
549
1491
754
918
617
2198
1745
1253
1529
1086
841
1998
889
1110
2089
1756
1008
303
1065
811
984
2259
1354
1372
723
353
1669
1091
1208
1342
1022
929
2103
1330
2045
1362
1448
1121
562
605
364
1357
1126
1029
1160
1245
595
1246
690
1130
1219
1730
360
806
974
758
914
374
141
1999
923
749
662
853
1002
2298
486
1577
1846
642
1121
1625
1665
1801
773
794
288
857
1208
830
1622
1709
2058
2171
1963
1530
1180
2035
746
878
494
2416
1035
627
573
1507
321
1308
1027
1857
1525
645
1248
1025
1320
887
877
261
1137
1637
1820
279
296
1114
1426
2010
1128
1371
1287
1307
351
1283
1130
2129
1987
941
2173
1630
1254
1159
816
879
1083
750
1822
781
474
1334
1179
797
985
1085
965
515
1725
966
2255
1914
1300
1048
2161
762
1141
333
2358
874
1943
1487
1139
1956
2186
729
520
2083
1193
1986
1187
787
817
1190
1697
1356
431
2050
1902
1252
932
688
506
109
1980
1885
2054
1276
1005
1006
2297
811
1499
975
1055
362
1215
722
1057
1674
167
1137
1595
1367
2056
1890
1116
1652
935
742
1303
971
1506
1434
1261
406
1921

23
250
15
7
17
7
19
5
14
7
20
10
15
8
14
14
7
16
17
10
15
7
18
13
14
10
14
6
17
13
9
15
8
12
14
8
11
5
11
8
6
11
6
16
14
18
18
14
18
14
13
6
18
17
19
11
13
16
17
20
9
7
11
17
12
6
9
18
15
17
16
7
5
16
6
16
9
10
19
6
9
5
12
9
15
12
6
10
18
19
14
15
17
12
12
7
16
10
9
17
14
16
9
20
8
7
9
17
16
14
7
11
10
10
18
8
13
5
18
9
19
16
14
12
13
13
11
11
7
8
14
19
5
12
14
12
18
11
14
11
18
6
19
14
12
15
17
7
18
16
18
14
16
17
7
18
10
18
6
18
10
19
8
20
16
17
11
17
12
6
15
19
16
7
17
7
12
19
18
12
19
7
17
10
11
14
6
9
7
6
16
8
10
20
12
17
13
18
11
17
6
12
17
17
6
15
13
6
12
15
10
12
16
19
14
5
15
9
5
9
14
8
15
16
12
9
13
10
19
7
15
15
19
15
17
15
13
17
5
18
7
11
7
14
13
9
9
15
14
19
8
9
0
350
341
341
205
479
493
181
327
361
209
267
175
788
524
251
784
646
1
265
501
377
196
777
248
110
340
128
752
553
267
415
763
180
297
466
108
741
550
748
23
449
213
546
698
277
32
425
281
328
677
557
10
707
234
45
18
401
34
436
728
692
8
433
679
340
652
752
186
72
674
624
111
457
318
151
403
485
223
279
294
598
286
384
97
176
230
233
180
319
18
2
194
330
251
376
470
344
696
371
760
69
208
399
597
569
168
355
405
627
495
235
535
145
594
160
507
542
622
217
356
406
438
156
81
23
309
138
653
418
730
191
207
288
687
391
719
109
413
184
662
239
75
447
745
737
437
421
610
730
101
181
192
343
87
778
163
651
110
129
191
719
490
419
472
602
324
650
532
689
352
367
763
753
381
7
688
126
448
254
200
775
340
38
149
523
343
293
630
257
199
491
436
537
720
594
768
416
308
163
114
696
292
180
715
768
296
103
151
719
695
440
274
242
472
217
711
478
443
401
518
361
159
304
401
667
21
378
728
246
81
13
355
20
762
597
155
779
105
75
525
122
677
311
673
593
246
89
22
455
1280
1484
491
1218
604
1971
1906
694
1086
1065
1024
549
1169
1249
1718
374
1095
1359
1449
326
1938
1524
350
1977
498
334
518
1062
820
1227
660
1682
1958
914
1757
1018
757
1445
1343
2220
73
1284
737
1477
1980
1384
439
1513
712
1662
1714
1446
977
1475
700
828
1111
818
1547
1182
770
1821
428
1048
1124
945
1503
2328
1004
1158
972
1256
1338
1671
1109
790
863
1419
476
984
1437
1636
1158
1015
1592
986
432
296
1247
893
1296
772
655
565
1546
986
1330
730
1998
430
1005
295
1506
950
698
1149
1262
1805
1157
2162
1659
1572
1087
1317
1025
1438
1180
1480
1375
1758
1310
769
1340
328
1103
921
1377
1276
2206
1991
1066
866
1334
1712
1179
921
1540
1170
549
1450
1592
1014
506
878
1088
929
467
1158
1076
1009
516
1453
579
1603
1200
1137
1238
1365
1137
523
677
1879
1565
1275
1014
1804
1231
1900
624
1018
982
615
1688
1465
507
40
1778
1657
1254
907
1162
1329
1028
1491
1189
749
654
489
1853
1717
1093
1606
1268
1654
1830
818
2328
631
1238
296
1491
1682
1683
935
1088
2078
1098
559
790
1688
2286
674
594
1627
2027
1208
993
1302
1341
1217
620
1631
621
1486
1846
1180
522
1005
1320
423
656
736
1051
1207
1287
1640
280
1185
1582
379
979
979
1158
1137
1753
879
1690
324
689
979

24
250
18
12
12
13
16
19
5
7
6
19
20
11
18
6
13
13
6
5
12
20
17
16
13
11
16
18
12
10
9
14
9
7
15
14
16
8
17
17
16
19
6
15
7
12
9
5
7
8
18
9
12
20
12
18
15
20
7
17
15
20
7
19
19
14
6
16
11
14
11
14
7
12
18
5
18
10
14
9
14
19
8
13
19
17
13
11
11
8
18
12
10
14
14
8
18
15
16
8
14
7
15
16
14
19
16
17
6
15
19
15
14
9
19
9
14
16
11
6
16
9
18
11
7
9
17
8
17
10
17
16
13
18
12
9
19
10
8
9
9
19
13
6
19
16
12
13
19
15
14
13
7
11
14
12
14
13
19
14
16
17
5
12
20
13
19
11
19
8
14
19
5
5
12
7
16
8
18
15
6
8
17
9
7
5
6
19
6
17
8
7
20
10
14
20
13
14
8
7
5
18
15
19
11
16
5
12
13
12
13
9
7
12
13
18
14
15
15
15
13
7
17
10
8
13
10
8
15
5
9
9
14
7
14
14
11
9
11
13
5
14
13
14
17
10
11
13
16
7
13
15
0
762
130
21
483
103
734
373
398
394
393
236
594
461
576
189
606
654
605
749
650
142
728
386
182
568
360
91
481
747
232
208
426
743
152
118
314
13
330
701
490
19
342
419
162
776
515
749
571
128
615
730
488
259
605
329
63
177
727
279
214
24
156
699
150
713
161
397
747
203
742
730
578
777
651
112
224
156
20
456
72
585
500
538
118
21
537
768
422
358
468
662
465
774
40
46
774
44
656
351
341
445
482
374
325
712
267
296
412
703
107
415
731
518
228
468
435
99
286
246
294
255
766
255
429
67
170
753
520
307
282
286
747
733
557
760
507
66
241
393
280
784
332
573
536
621
285
46
681
600
526
97
616
420
163
471
20
732
163
207
307
530
576
534
376
489
520
269
639
494
557
643
99
572
376
505
171
626
95
410
20
266
475
497
270
442
92
375
661
285
555
169
584
355
432
660
731
154
43
76
557
309
140
518
69
461
43
204
640
90
393
345
709
440
265
457
46
526
129
639
534
417
418
451
538
45
52
255
75
387
508
195
419
28
14
306
312
278
50
86
103
771
58
244
183
311
149
200
262
707
765
1524
386
1379
1565
1099
1674
1341
717
1441
1518
1227
1117
1004
1997
1770
892
1299
792
911
1568
548
1161
991
343
1638
1472
263
1505
1504
1776
321
1742
1370
1415
172
777
314
755
2292
1307
607
907
1985
399
1498
1785
1503
1006
352
951
977
1753
686
1729
511
778
297
2100
655
741
947
474
1964
1183
1503
1753
490
1789
1181
2132
2151
968
838
1589
528
759
480
1096
1223
937
660
1393
768
304
449
1074
1916
1538
528
790
1593
545
1469
1023
774
861
1244
853
636
731
1710
550
1587
729
1164
1561
949
818
1856
649
1643
2222
1481
1720
2018
531
1547
1032
1168
375
886
924
685
1597
813
598
1101
1737
616
884
1812
1789
958
1755
2072
644
1214
863
1461
949
1875
377
2050
558
1186
365
1381
1195
1217
1789
1374
1186
1372
1510
1540
814
1706
1085
269
618
1841
2036
879
1440
1444
1196
459
2135
574
1423
1533
937
1060
957
940
194
1952
827
730
1210
889
1184
975
514
1081
1099
1099
1601
805
1190
1167
1248
1526
1673
760
1039
1185
1412
775
1617
1803
834
1951
714
962
686
1689
1932
1088
1502
1636
1248
731
1752
1681
1033
1334
1042
1515
1249
1410
1936
1276
751
61
1529
1647
589
866
1011
757
1636
250
192
1513
413
1823
987
1378
1648
1344
323
1357
586
1133
452
1263
1188
1781

25
250
15
8
14
5
19
20
16
17
8
10
9
6
11
9
11
11
13
13
14
6
17
14
15
15
7
8
17
16
13
9
13
15
17
19
18
14
10
7
8
8
11
11
12
6
7
9
11
13
13
17
11
20
9
16
17
8
19
18
12
14
16
14
14
10
18
12
5
19
16
16
9
13
8
10
12
19
20
9
8
10
20
13
19
13
15
12
18
16
13
13
18
13
18
12
15
12
13
19
8
8
18
13
10
18
7
14
19
15
17
6
20
16
12
5
16
6
6
18
5
19
6
12
17
12
13
12
6
20
12
15
13
5
6
19
9
14
15
20
16
6
17
6
13
13
15
14
14
14
19
15
6
15
12
6
7
17
16
19
5
16
7
9
10
13
6
6
16
19
9
14
18
9
15
13
9
15
19
8
13
13
9
13
14
14
13
5
7
12
16
7
9
15
6
16
9
14
19
19
8
8
9
17
14
19
12
14
9
7
17
16
13
18
8
17
14
16
6
10
18
5
11
20
8
17
14
7
18
9
6
9
12
16
16
9
7
12
15
6
10
18
12
14
18
7
13
14
20
16
16
9
0
640
329
678
96
735
95
750
46
18
408
408
558
175
754
651
653
74
475
145
382
704
718
177
341
780
251
251
715
112
544
2
369
435
199
538
90
162
478
249
169
535
430
396
393
591
194
471
588
14
491
206
235
752
225
126
84
316
51
81
318
160
318
337
546
629
480
689
184
331
266
603
510
769
178
599
606
770
47
752
387
586
317
476
533
210
64
236
641
662
368
632
473
735
691
282
69
331
77
652
430
492
325
206
530
159
745
321
313
386
688
565
657
167
259
240
449
172
318
451
789
127
124
572
607
583
66
59
54
359
695
268
707
412
753
555
705
647
470
773
42
431
140
491
642
434
249
692
567
668
305
643
324
319
251
482
765
558
47
610
253
73
493
496
720
382
83
687
149
330
493
316
150
35
413
248
601
10
642
172
506
662
157
605
56
587
513
470
26
447
675
423
639
539
435
234
0
419
50
361
578
607
793
14
26
436
371
267
223
27
627
520
505
431
34
60
228
408
304
174
470
561
430
293
616
569
315
293
286
268
32
54
757
615
178
459
472
221
490
117
216
152
607
722
626
774
120
241
509
173
480
1342
410
962
505
1043
1325
2139
760
462
1940
802
1019
524
1704
1491
1191
454
1548
313
1352
880
2159
541
1576
961
1792
1524
1975
1564
559
815
1456
1411
1117
1621
274
1412
1409
1742
968
1879
1317
781
513
1088
1233
855
2001
883
1810
1100
366
1511
1219
155
721
1587
1322
591
716
584
1148
624
1130
1400
693
1593
691
1766
782
2047
1929
1266
1253
2153
1757
1840
708
1229
1951
1329
1001
1775
1722
885
329
1237
1787
2090
1518
1457
1827
1739
1672
607
1194
715
845
1995
534
726
895
1636
1317
679
1765
1499
1202
1223
1425
971
1033
763
1210
1394
952
235
1169
863
1400
1351
1612
617
2120
896
1651
1173
1014
1063
927
583
1637
510
1297
859
1835
2139
1329
1564
1573
447
1137
1751
1942
529
661
1955
1463
1136
383
1063
1220
580
926
700
2271
637
1107
2098
1006
194
1161
2009
989
488
430
1057
878
1280
906
1703
687
295
497
1480
1258
1096
818
434
901
800
598
874
1556
976
2051
1710
426
712
2097
982
1080
1391
1078
366
187
1269
354
1322
916
892
1511
232
213
1906
614
592
599
1390
1632
1559
836
776
148
1091
1424
1329
494
1069
966
1314
797
1141
1414
1520
1860
654
1461
1359
1264
186
2291
2108
1067
780
1699
454
1476
536
281
1045
750
1860
1087
1378
1039
1084
1722
390

26
250
8
16
14
16
13
8
7
12
16
15
11
15
16
13
8
13
17
15
17
14
11
9
7
8
13
12
10
8
8
17
9
9
10
9
15
16
18
10
17
17
8
11
13
14
7
6
6
7
8
16
16
19
18
15
9
14
16
16
10
7
15
14
5
18
10
14
5
20
15
18
12
13
13
5
14
12
10
19
6
7
13
11
6
16
11
7
18
19
10
19
8
16
19
8
12
20
5
6
9
7
14
7
18
6
16
16
19
5
20
11
11
12
10
7
13
12
18
12
16
18
17
7
18
8
10
7
12
9
16
13
20
12
14
12
5
10
14
13
6
7
19
7
14
12
20
7
14
12
12
13
9
12
7
6
10
17
10
20
11
17
17
13
17
12
5
10
15
12
15
19
14
12
10
15
19
16
14
10
6
7
12
13
13
6
11
8
16
16
17
12
9
18
8
8
11
9
9
12
6
8
9
9
5
15
17
20
6
13
7
7
12
14
14
16
18
13
10
14
5
20
17
13
12
10
15
12
13
6
7
15
17
12
13
9
19
7
19
6
10
8
8
18
14
19
16
12
10
7
10
18
0
269
386
581
214
62
356
657
603
665
690
629
754
225
578
277
477
700
285
637
749
293
651
223
225
194
154
143
241
355
414
643
388
651
145
272
713
475
651
98
267
141
576
460
417
198
729
344
357
497
492
612
101
459
536
529
681
104
223
311
52
227
602
638
363
518
603
405
678
124
409
464
733
210
365
112
498
34
231
193
511
614
135
326
735
614
395
321
628
60
23
150
444
335
262
148
364
17
745
394
527
235
731
172
75
739
648
296
588
390
358
11
568
64
75
449
77
277
339
223
677
706
107
479
683
11
59
422
652
84
250
632
36
145
737
525
681
92
416
406
395
37
403
582
657
175
335
334
252
132
26
690
417
416
197
36
158
522
206
251
462
148
251
200
626
363
622
368
100
474
118
57
511
446
734
232
646
9
104
315
449
511
187
484
698
643
703
70
665
484
461
551
293
430
284
684
20
275
126
668
198
297
130
600
122
434
501
175
141
178
27
177
744
620
335
490
583
575
439
513
303
448
129
543
384
407
574
67
642
436
63
702
286
284
755
550
58
755
690
694
10
554
676
683
563
72
295
663
399
186
880
1784
1090
1806
933
155
1779
1360
1647
1410
1607
1207
831
918
945
1138
1892
1040
1313
1202
1380
1056
851
774
762
1245
603
978
649
425
841
1125
656
1422
1469
337
1321
944
1097
1189
650
1661
1766
1302
1826
304
1119
1801
613
1858
996
1753
527
1873
2038
570
2181
353
523
1402
1060
1225
1767
2154
1186
2028
1512
1373
1075
1314
1711
1540
1486
1467
402
757
510
319
991
1117
1818
1574
1063
1393
746
1983
1443
1316
1004
313
282
1213
1286
1843
849
652
1486
729
1963
1018
1714
1101
1593
1512
569
1454
860
1579
2106
1845
1416
912
2094
1008
438
969
892
1686
1851
513
1492
1945
260
621
1185
192
341
1056
1804
505
1412
1801
146
1028
2265
1618
1548
1121
513
709
1874
558
736
597
1486
668
448
819
504
545
515
1656
580
1213
1728
154
1392
1895
1545
847
1169
1679
1653
1111
1639
1074
1290
1462
1575
1242
1546
681
1177
590
907
1772
1108
746
317
1531
1435
2038
1351
2015
962
2140
835
546
963
1912
1724
1150
1285
1240
1628
1206
785
1320
1274
1299
430
701
1653
1996
615
1536
591
1316
189
352
993
930
911
2075
401
1041
1825
811
1475
542
448
1448
222
1467
426
457
1208
1554
2035
1143
871
1286
1331
1179
1823
1599
1483
1536
1343
1352
596
1371
2018
1651
711
1206
1124
1845
449
628

27
250
9
19
13
9
9
9
8
19
11
20
15
17
19
8
20
10
14
9
20
13
8
9
19
10
10
20
13
17
10
10
16
19
14
10
19
15
16
14
14
20
20
11
18
13
19
13
12
16
11
14
14
16
6
14
6
10
16
17
18
8
6
9
16
17
11
5
7
15
12
18
17
8
10
18
7
7
20
5
11
7
7
11
10
15
10
14
8
16
18
5
16
6
7
16
16
7
15
10
10
18
8
11
19
17
18
10
10
6
9
10
18
11
15
15
7
17
20
16
15
19
15
19
10
6
14
17
11
9
12
8
9
11
7
14
11
12
7
14
20
12
15
9
5
12
10
6
11
10
14
9
13
14
8
11
10
16
5
19
9
17
8
18
18
13
8
16
8
19
17
15
16
7
15
13
17
15
11
17
16
9
13
13
20
18
17
19
15
10
17
8
15
15
9
12
15
7
7
9
11
11
15
9
18
18
12
18
8
12
12
13
11
9
16
7
19
18
19
11
14
5
19
5
6
7
8
9
14
16
7
14
6
9
18
15
18
7
16
8
18
18
8
11
20
6
16
10
10
8
8
10
0
96
498
776
538
549
560
663
335
602
718
133
211
688
189
378
451
641
169
80
193
482
778
303
262
321
666
653
553
784
566
173
595
243
648
246
449
522
99
21
286
749
634
609
545
538
218
679
230
61
70
471
777
4
143
23
400
50
615
735
586
457
413
786
141
628
18
674
55
40
369
674
130
167
347
161
335
107
505
379
498
375
484
17
231
452
150
220
611
588
595
478
788
578
10
440
556
469
360
166
485
661
59
424
333
33
479
290
24
636
685
772
737
172
307
645
95
578
784
339
383
504
348
62
31
771
688
95
743
97
87
514
519
703
454
359
195
264
686
640
79
131
616
108
57
734
636
54
347
641
673
740
416
270
236
183
378
583
41
43
20
165
606
72
544
785
688
111
233
308
450
588
201
476
378
722
365
500
21
418
199
37
250
325
246
681
446
474
751
281
633
700
505
63
775
87
182
659
117
226
587
723
665
26
116
318
272
320
29
606
3
476
473
458
169
493
623
479
203
299
97
58
505
231
776
296
71
744
659
5
696
581
241
17
468
158
367
602
33
692
211
134
368
276
429
360
516
393
342
311
286
773
1615
844
1130
740
1813
893
690
1364
862
167
1512
1468
561
754
1274
1319
1643
1330
1015
1659
1041
450
1731
1108
973
1664
597
967
987
897
2037
601
1313
742
588
1089
629
1322
724
1146
1586
1026
2103
1670
662
1440
357
923
499
1233
2348
916
515
306
1471
676
1674
2260
2162
1575
1691
1424
1417
2140
50
2009
276
286
1011
1089
1585
920
360
248
1428
1229
1720
500
1343
432
922
1212
1780
612
1047
1003
1852
717
801
819
1614
1642
229
873
589
1161
869
966
777
1949
589
1609
1345
1608
489
1272
855
2157
1531
2005
2201
266
1507
1333
515
905
1970
1131
549
919
1569
162
1360
1647
2048
923
1487
313
304
619
760
1985
2002
1827
1237
803
1160
776
681
268
2091
1256
140
1374
1524
433
1785
2109
2100
841
851
666
1538
326
1091
678
212
1619
1387
476
1132
416
945
1980
1853
1520
279
1371
1422
1334
830
1863
1784
1463
1196
1373
896
1704
629
788
1343
1075
1392
788
1298
1685
1026
351
1509
2181
1604
673
2012
931
1727
1326
960
385
1438
2009
1826
1184
141
741
1545
1839
1165
1546
1001
1567
2036
755
637
1135
1630
1030
518
1073
202
909
1104
240
1133
550
724
1570
810
1196
1983
1306
1483
426
1187
1246
1884
1148
1092
1600
1456
631
1546
772
1954
1291
1207
1890
1906
973

28
250
7
13
12
16
10
9
13
14
8
13
15
17
14
9
7
7
14
7
8
11
19
6
15
7
17
6
11
10
11
14
13
9
15
8
6
18
15
8
11
13
6
20
5
18
10
8
16
9
6
15
6
16
15
14
7
7
19
7
16
9
18
9
18
11
8
12
17
14
7
16
12
9
6
19
17
10
7
10
13
5
16
18
6
6
12
17
14
6
6
16
17
10
9
9
9
9
7
11
17
11
7
6
6
19
8
15
17
16
13
9
8
14
12
8
7
5
9
15
11
10
8
19
14
15
11
9
17
16
19
20
13
7
11
19
13
9
14
6
10
17
15
18
10
16
10
7
9
13
18
13
14
5
14
16
11
14
15
12
12
10
6
19
18
17
12
11
15
14
11
6
17
11
8
12
7
18
9
17
20
13
9
8
6
16
9
19
19
13
19
10
18
11
20
6
17
11
7
6
9
5
15
14
20
13
8
17
14
5
10
12
18
10
9
19
10
19
10
11
19
7
14
18
11
17
9
5
15
10
18
16
17
8
14
11
18
12
13
20
15
19
12
9
20
7
20
10
19
14
6
17
0
486
81
589
235
263
57
396
234
5
733
549
580
507
343
273
27
534
311
242
450
744
61
657
76
405
472
164
281
12
323
483
580
370
289
640
359
554
361
218
300
606
650
89
664
667
638
173
81
116
720
272
415
645
317
454
723
33
244
172
390
400
557
230
577
150
21
660
375
244
655
162
489
130
576
97
145
233
762
344
53
48
534
723
160
377
510
624
457
257
65
624
444
174
393
260
164
596
215
315
711
535
578
735
239
451
430
246
197
459
195
247
223
443
370
699
268
675
151
537
591
385
677
250
625
504
324
49
349
400
402
442
575
170
273
172
447
601
249
614
10
143
443
129
37
100
199
475
103
581
14
353
76
703
650
478
662
106
582
619
542
763
230
755
252
18
384
556
409
592
191
157
614
206
464
264
395
327
112
735
104
498
611
255
81
183
199
85
593
581
371
727
80
40
233
611
335
15
527
171
111
649
530
531
294
639
474
184
601
352
320
271
256
661
663
450
177
306
425
547
4
307
162
682
521
627
299
536
201
695
55
381
236
450
136
739
700
501
432
209
647
384
390
579
92
373
157
403
626
474
517
1874
731
1710
571
375
663
1500
1114
1413
1349
828
1300
1085
1606
1580
613
922
1791
677
533
2117
989
830
103
1411
915
773
983
767
520
1101
1122
1383
726
911
1010
2002
484
884
320
911
1917
211
1173
1733
1247
1369
262
592
1492
340
897
1554
1614
633
1742
135
296
532
1787
1670
1020
1028
1347
948
458
2127
1003
283
1426
1604
538
1377
2065
1088
1356
761
1717
1551
658
698
1927
785
583
1708
979
1594
1002
1082
1530
1295
1229
1625
1005
318
1484
1409
964
452
1364
1784
1076
1520
412
1350
1387
1355
1168
810
240
1153
738
1073
1858
979
1041
1088
1040
642
843
611
794
593
1975
922
950
512
1359
844
1000
974
1140
1561
469
1186
1810
1914
1779
1996
451
603
502
376
421
1078
1547
699
464
1150
334
488
529
1468
1885
1367
1093
508
869
2036
918
2141
1593
1232
1455
1342
960
913
640
1379
1316
1027
1898
996
1951
1434
1302
1844
479
1311
607
1692
1538
1279
252
1327
1703
528
1551
1197
1182
1994
367
63
668
1083
1690
510
1219
641
1408
2120
1823
1902
371
2014
594
1622
2092
1680
378
447
775
888
855
511
402
1152
1685
1930
752
648
331
979
737
1890
725
1268
1038
2137
1063
814
359
645
1304
2007
1191
1231
1171
1039
901
731
1455
1161
798
554
1692
1503
745
683

29
250
19
17
7
9
13
12
20
6
20
16
9
11
8
17
7
12
10
6
15
10
8
15
6
13
5
20
13
11
11
13
16
8
12
5
11
7
9
12
15
18
19
16
9
11
7
18
10
6
17
8
19
13
9
15
17
17
9
12
6
16
10
13
7
6
16
13
17
11
17
7
11
8
6
5
10
15
12
14
11
10
17
12
10
8
13
9
14
14
5
9
8
18
17
7
11
12
15
20
15
16
11
17
13
8
15
17
19
6
8
14
19
11
12
19
5
13
15
11
17
20
10
12
17
15
14
19
18
17
13
18
17
17
8
7
12
16
12
6
10
10
6
14
18
18
7
12
14
16
12
9
5
13
15
20
10
18
14
18
5
18
5
11
14
10
12
19
17
9
15
16
8
10
17
16
9
18
17
16
12
5
11
12
19
11
17
13
18
10
12
7
11
7
7
14
11
6
7
10
11
14
17
9
6
19
6
9
9
5
15
6
14
14
20
15
11
9
7
15
9
20
16
10
18
11
10
10
20
17
8
18
8
8
18
8
5
6
11
19
10
13
12
16
15
17
15
6
11
9
7
14
0
733
553
737
67
200
198
488
126
599
204
383
130
155
17
103
447
675
488
211
425
635
80
172
560
700
722
507
2
150
164
34
287
5
393
368
417
571
465
175
335
736
258
570
213
580
434
331
297
15
459
755
276
397
19
381
590
292
269
178
50
44
238
179
639
151
253
479
6
411
756
646
242
238
671
468
355
180
653
708
259
421
741
619
635
152
46
124
314
514
323
362
154
372
276
468
451
719
145
464
78
30
338
443
567
224
590
508
219
158
332
145
718
153
587
699
545
655
401
411
751
44
431
301
470
91
527
349
24
220
100
413
555
624
426
731
318
7
731
284
454
301
308
170
354
286
42
280
36
468
196
251
441
371
164
706
600
586
108
355
265
755
179
343
35
435
337
676
647
174
292
82
386
513
288
320
758
91
716
114
123
587
490
508
67
411
657
675
363
281
83
561
369
305
463
202
412
130
563
529
227
279
33
121
327
50
386
440
271
115
395
110
499
586
442
48
142
356
758
2
565
34
387
587
135
439
287
633
717
501
469
81
643
382
742
545
35
599
358
690
148
638
735
107
304
160
389
361
242
131
239
2194
1936
845
1271
934
1679
798
1253
1949
607
686
1332
588
485
664
751
1992
1015
451
1163
654
1492
460
1245
2000
1601
1845
632
497
1267
380
1682
361
1264
1685
1806
842
637
1159
1645
820
1521
774
936
1717
919
854
1562
930
1302
1820
708
1817
1123
1749
890
1570
1191
1180
1237
142
815
1458
1961
668
1223
2005
609
1314
1869
1988
1731
1647
975
1949
1052
845
1071
1454
1716
1707
1034
684
864
237
896
537
1003
1476
669
1327
1132
588
441
1814
1424
1655
540
787
499
1339
1354
1338
1130
1671
997
1006
248
1272
889
901
1826
755
732
751
1911
1047
690
915
1510
1035
1129
340
1325
135
1267
1700
1396
695
1493
1032
757
1362
1292
864
810
727
966
349
460
875
1138
1284
849
1780
592
1250
1314
1624
420
1326
1418
689
1023
1072
1577
1626
1392
393
765
1699
644
1288
141
1119
1661
1209
901
1405
764
190
1582
1358
1136
609
2251
420
1237
1577
1434
885
1671
1579
392
1224
856
1899
1125
977
590
797
1398
1242
1182
291
1507
227
1715
543
619
421
698
944
643
1312
1823
1285
1635
1095
1478
571
1046
1558
624
471
1051
1521
2292
637
1027
270
1729
1786
1166
853
1371
791
1075
680
814
617
2147
1068
1544
1610
1170
879
1881
931
685
1715
1327
262
700
950
539
443
533
1552

30
250
10
19
16
19
7
6
7
12
13
9
10
16
6
10
16
18
18
20
10
20
17
19
15
16
14
19
5
16
10
9
11
19
12
10
5
11
15
16
17
6
19
8
8
13
17
13
5
8
19
5
11
6
9
15
7
19
18
14
15
13
10
19
17
16
8
18
18
14
15
11
14
16
19
16
15
11
16
8
9
10
15
13
6
14
20
12
8
14
19
19
15
13
9
14
16
6
11
16
15
18
7
6
12
5
5
18
19
17
6
9
5
18
8
11
18
9
12
11
8
15
18
7
7
19
7
11
18
12
11
13
7
5
6
14
7
13
18
16
19
13
15
9
17
13
17
15
17
19
17
5
13
7
5
9
15
8
16
11
15
15
16
18
14
9
18
10
15
14
12
15
19
15
7
13
9
17
9
15
12
7
7
14
16
18
5
17
10
7
15
5
17
6
9
12
5
9
6
12
6
15
6
7
17
19
20
17
18
6
12
14
7
14
7
7
8
16
17
8
16
7
8
13
17
5
19
10
17
6
16
15
9
18
8
15
6
9
12
16
11
16
15
6
11
15
11
6
13
9
12
8
0
134
639
399
633
306
679
216
424
610
776
669
281
248
319
563
49
426
66
412
327
311
12
368
612
370
721
227
565
220
168
441
545
225
301
401
273
178
624
694
300
411
768
146
495
235
231
589
217
613
166
41
601
512
44
466
430
66
317
689
762
764
769
637
482
266
250
693
259
25
705
573
203
6
201
166
150
242
386
523
293
610
677
456
219
684
712
122
286
392
442
81
288
212
14
199
112
82
427
87
464
428
154
29
577
586
359
179
314
372
675
113
460
60
536
384
85
643
431
398
300
413
208
486
76
618
476
146
456
686
315
334
490
436
457
231
435
646
511
242
231
748
140
96
248
573
547
714
58
228
651
243
708
385
594
712
14
177
772
162
328
400
486
684
453
681
698
240
464
649
241
242
436
745
78
655
82
287
276
610
506
81
422
380
318
201
566
173
503
217
222
151
213
285
277
217
198
261
664
108
697
693
227
673
417
535
163
636
510
81
382
623
755
92
270
194
386
164
182
442
121
536
405
231
721
264
116
172
84
631
71
109
509
512
683
306
172
318
771
658
649
474
285
353
639
171
651
67
740
214
1194
1342
1227
772
1629
1797
1188
1570
1928
755
1183
1009
514
1724
688
1084
1243
590
496
1061
1647
337
1050
511
1623
406
1733
758
1362
1429
1275
1871
867
855
1500
1497
1029
1575
1504
2102
556
475
1507
873
1236
967
426
1541
259
2081
1722
1592
684
1537
518
870
1042
893
1183
1327
1941
1344
2100
799
1795
1591
1038
2155
1504
183
2082
2063
994
33
497
1005
791
1637
405
1716
540
1715
1244
1288
1514
1354
862
707
402
1688
888
737
1666
519
989
748
716
476
978
1340
841
1761
1248
75
845
1729
1109
855
651
1482
1771
1013
566
1496
2097
986
513
1037
1244
771
1188
1227
602
1095
243
1981
1147
1281
1914
1536
1514
623
1083
1582
1363
1320
1621
1732
654
507
343
1796
450
638
365
2000
828
2242
705
731
1011
497
965
409
1437
1253
862
661
2048
1409
345
1103
1852
727
1529
1563
1092
306
838
953
891
1512
476
2016
1021
2108
1440
1518
1574
1762
755
298
447
405
1191
945
1900
771
832
1263
1023
1200
1011
989
932
646
1016
1013
1556
1161
715
1138
1024
1393
540
1255
538
1722
1450
755
1256
876
1300
783
1554
447
1722
1493
1113
1378
182
1213
995
236
1948
1562
1424
1605
386
2013
997
1285
1879
1805
807
649
310
640
1595
1546
1872
1260
1244
1496
1757
637
1877
880
1585
1612

