1
30
7
10
8
7
16
10
12
19
14
19
7
20
7
13
9
19
11
17
19
17
11
19
7
15
8
15
19
10
8
6
0
46
90
11
6
94
12
77
29
4
13
77
85
78
44
90
67
74
86
86
13
16
12
3
51
10
45
61
48
60
10
121
122
86
165
150
91
112
203
165
164
119
228
269
173
236
100
274
253
287
178
151
23
111
73
121
198
77
166
67

2
30
8
18
19
9
14
5
10
15
6
10
20
16
11
5
5
10
11
6
8
15
13
17
7
8
13
19
15
18
14
15
0
83
63
67
66
16
71
20
32
31
56
42
5
88
52
72
88
59
37
11
58
73
27
64
89
67
56
24
90
74
150
179
199
208
129
170
187
166
101
198
93
183
131
177
209
98
251
202
62
110
220
102
151
198
202
124
138
153
258
149

3
30
13
7
14
11
14
13
11
13
10
9
7
11
19
14
10
12
17
10
15
20
11
14
11
8
14
12
19
19
13
7
0
11
38
71
93
34
74
91
10
4
56
16
32
80
63
48
55
42
32
43
53
87
26
83
54
93
83
43
52
54
140
24
229
226
231
126
201
228
181
43
163
47
75
244
99
247
186
97
118
239
174
218
95
98
144
165
104
203
88
167

4
30
6
8
12
10
19
10
17
14
5
17
19
12
8
17
19
9
16
15
8
13
6
18
8
14
19
8
8
12
19
19
0
41
69
88
28
23
67
30
39
14
76
88
80
35
10
65
48
17
7
96
59
33
75
91
50
59
16
66
14
53
16
179
257
250
61
201
256
235
133
137
265
178
260
219
85
176
97
214
136
247
80
145
130
130
86
195
76
263
99
148

5
30
11
10
14
16
9
17
8
12
16
16
17
11
16
19
8
8
12
18
15
8
18
18
14
15
15
14
14
7
15
17
0
69
84
99
49
51
101
79
51
17
91
30
62
74
95
6
56
49
3
39
77
59
93
102
49
24
61
52
79
40
107
172
145
132
149
214
303
138
178
80
219
96
137
203
226
65
155
105
148
209
138
184
255
252
238
238
266
95
161
107

6
30
17
10
8
12
19
18
13
5
16
6
17
16
6
10
12
8
18
9
13
13
7
15
12
8
9
15
6
19
7
18
0
53
80
75
27
3
69
89
73
18
87
78
11
45
35
69
57
10
61
56
48
4
68
38
11
14
25
83
25
80
38
163
144
243
66
200
82
94
179
58
284
134
66
121
146
174
186
167
201
171
226
193
219
83
118
122
102
207
95
142

7
30
20
19
19
7
16
12
9
13
7
11
5
16
20
9
10
10
10
8
18
5
14
6
16
7
14
12
18
19
9
16
0
58
79
26
3
3
40
83
47
38
57
15
78
78
39
69
63
20
85
38
1
84
54
68
49
27
40
41
43
71
136
249
174
212
82
107
127
111
135
216
213
57
203
206
76
184
166
140
228
153
51
191
216
151
129
214
198
189
63
236

8
30
9
12
8
18
8
18
11
19
13
20
16
9
5
17
15
18
12
6
17
10
8
17
11
12
14
11
15
12
9
13
0
36
92
20
37
78
11
36
60
69
68
10
79
44
4
58
35
20
20
30
21
74
10
6
90
67
80
83
6
37
189
120
133
171
75
245
29
58
75
121
272
22
266
88
168
117
135
163
128
152
175
147
62
58
199
216
211
164
43
88

9
30
14
19
11
8
13
11
13
18
7
20
10
12
12
6
14
19
8
8
10
11
11
8
15
12
10
14
12
13
7
15
0
77
50
45
14
36
52
18
83
9
54
48
37
24
86
21
55
58
9
59
3
71
31
9
36
75
4
85
73
41
105
192
218
106
55
106
175
159
124
118
181
207
117
70
193
114
84
83
111
208
96
215
49
95
75
118
141
139
193
179

10
30
11
8
14
11
10
16
12
18
9
14
12
10
6
13
19
11
6
16
8
13
14
16
7
11
18
8
8
18
13
15
0
4
26
35
85
38
9
41
27
31
90
56
68
62
26
63
2
16
31
27
64
29
57
69
10
56
43
86
42
45
23
101
186
119
213
105
64
134
129
150
115
207
217
211
95
214
118
36
210
116
181
56
74
118
63
225
133
202
93
240

11
30
6
20
11
6
10
7
18
8
7
17
9
7
5
7
12
9
15
13
8
15
18
8
16
16
6
13
15
19
8
19
0
77
34
11
33
4
69
59
72
5
62
4
48
57
54
2
3
38
18
67
50
50
10
20
25
46
7
24
53
10
162
199
47
180
46
63
100
226
139
82
163
128
226
202
147
109
104
200
94
114
120
221
61
206
45
139
167
44
169
165

12
30
15
10
16
19
11
5
10
14
10
13
10
15
12
8
16
14
6
14
9
8
11
11
16
18
13
9
8
18
8
9
0
22
0
57
58
49
34
72
74
17
31
18
7
39
75
12
33
6
12
70
85
48
60
44
1
11
56
49
88
13
115
44
99
155
206
98
79
148
251
110
102
59
98
123
166
88
50
82
194
217
167
172
172
212
148
100
228
211
237
174

13
30
9
15
16
10
7
8
10
5
15
9
14
15
15
8
6
14
6
17
10
8
5
7
18
14
19
17
18
10
10
13
0
23
84
87
37
30
27
68
4
31
20
37
35
13
14
82
75
79
13
14
48
62
6
57
82
33
23
23
9
25
69
135
204
163
66
147
85
129
93
68
44
204
215
109
182
171
230
206
61
186
78
163
93
239
200
83
128
70
49
114

14
30
11
9
8
6
18
18
11
10
5
12
12
7
17
11
6
14
6
6
20
9
18
14
13
15
8
19
15
6
15
5
0
48
84
30
80
60
41
55
78
45
74
41
49
50
69
40
61
13
5
86
60
8
51
84
70
3
59
62
19
45
177
210
246
109
102
208
103
69
182
209
86
77
191
152
107
62
117
131
54
213
224
22
192
262
150
50
203
87
99
212

15
30
12
15
14
6
10
14
11
11
10
14
10
5
7
15
5
6
19
13
20
13
12
18
15
10
14
15
17
15
7
6
0
16
68
17
79
83
52
13
60
58
89
73
16
70
88
60
23
49
7
12
81
36
83
54
54
69
36
57
46
76
41
200
244
58
107
228
97
29
160
196
99
228
105
185
221
106
92
127
168
148
175
100
171
99
243
111
183
103
133
255

16
30
8
19
19
16
12
8
19
11
19
7
10
15
16
17
15
8
13
6
19
11
5
13
9
13
13
8
13
5
16
12
0
85
70
64
56
77
34
40
52
34
45
70
66
9
15
78
90
38
29
12
79
49
35
43
83
42
8
88
34
79
93
107
271
112
251
104
127
64
91
62
125
147
84
122
72
158
232
227
131
156
147
137
100
76
144
119
34
120
54
234

17
30
18
17
8
14
14
15
14
19
8
14
15
16
11
19
6
11
12
10
8
15
5
13
15
12
10
10
12
18
7
11
0
30
27
90
75
42
41
86
89
38
1
82
66
12
20
88
32
48
86
21
49
88
21
10
73
56
68
86
27
71
152
212
106
262
112
77
188
222
123
90
96
128
137
143
97
100
101
73
210
80
193
213
69
154
204
210
182
157
194
134

18
30
16
11
14
14
8
11
7
19
20
16
8
10
15
12
8
14
6
8
13
13
19
20
19
16
20
14
17
16
18
18
0
87
81
85
96
99
30
6
70
54
16
61
2
83
99
28
102
29
41
72
5
21
63
60
38
82
102
20
23
32
104
269
151
287
289
174
124
213
232
105
77
213
168
97
177
247
144
204
57
173
120
209
134
156
126
239
322
220
213
166

19
30
12
13
18
13
12
14
9
12
9
12
6
17
15
10
15
10
17
13
19
18
5
17
14
12
19
19
10
13
9
6
0
89
36
68
73
71
11
25
71
75
15
37
35
49
16
33
56
30
4
91
4
69
21
20
88
60
16
65
51
1
103
212
164
95
176
218
182
118
230
155
98
117
176
236
61
155
197
154
141
291
65
230
197
174
196
232
108
204
76
77

20
30
13
9
17
8
16
9
8
14
14
19
16
11
20
6
18
13
7
14
13
14
5
7
15
14
6
17
10
17
11
18
0
79
35
22
72
77
31
29
55
48
2
45
88
17
82
9
29
12
29
43
54
24
51
65
56
38
25
62
48
61
71
108
176
138
173
189
183
229
76
117
77
197
281
184
242
103
83
163
126
139
187
205
75
111
147
189
64
100
233
133

21
30
19
7
7
7
13
5
16
9
9
15
10
18
19
19
15
17
11
17
18
6
7
8
13
8
10
16
9
13
18
6
0
15
41
77
54
6
33
9
32
80
88
70
36
7
67
85
43
9
16
39
49
0
57
3
46
7
74
34
35
77
164
173
216
265
140
154
218
173
203
143
164
225
226
138
186
121
170
50
115
113
174
49
87
153
88
45
225
56
217
212

22
30
15
19
13
11
6
17
8
18
20
6
7
20
10
17
10
15
16
7
16
11
11
7
15
16
17
9
17
12
7
13
0
47
59
5
22
94
11
26
41
61
81
68
25
85
41
13
72
96
56
43
72
34
82
37
33
36
47
18
42
77
63
86
259
85
214
137
69
173
162
237
96
152
66
294
210
33
254
111
234
178
176
90
194
99
172
50
151
191
206
207

23
30
8
17
18
18
9
6
10
13
13
11
12
17
9
15
19
18
7
18
16
20
15
16
9
17
17
10
7
12
9
17
0
63
59
24
80
89
3
81
1
92
79
41
36
86
38
21
86
88
28
32
94
73
37
21
47
55
67
2
89
90
84
94
246
142
219
162
188
284
173
140
143
173
170
139
226
203
212
149
201
133
169
215
60
144
90
246
252
102
211
181

24
30
11
14
20
12
9
15
10
6
13
19
18
14
16
18
16
6
13
14
19
7
8
14
20
6
11
6
16
13
17
17
0
19
99
69
2
96
44
25
98
25
88
53
78
49
46
16
89
74
15
39
64
34
27
62
14
46
59
26
50
27
84
187
155
134
204
279
99
158
216
171
112
263
144
243
205
110
263
283
144
143
160
172
147
148
68
119
160
202
79
117

25
30
20
8
5
8
16
13
9
8
10
17
13
7
5
8
12
19
6
6
19
12
10
16
18
16
19
7
6
11
12
9
0
21
58
82
51
41
13
18
75
60
42
60
64
66
19
66
49
63
20
18
8
48
52
31
21
19
48
64
19
22
147
30
222
230
133
213
35
67
193
102
58
80
163
197
93
230
73
209
176
60
134
212
239
193
84
101
211
116
51
39

26
30
15
15
19
10
6
10
6
14
17
7
10
15
18
6
14
6
6
18
18
10
14
18
11
17
14
10
5
6
14
14
0
70
2
22
55
33
39
87
29
39
84
35
38
61
51
25
28
19
40
63
27
22
12
75
60
82
81
38
2
23
63
116
155
61
65
52
174
152
225
202
118
162
205
79
200
31
82
73
100
86
196
182
32
252
203
128
173
196
71
100

27
30
8
7
19
14
8
8
13
18
7
15
10
7
6
20
13
13
8
10
18
14
9
9
11
9
11
7
8
14
6
8
0
22
75
58
47
30
70
25
6
24
73
23
21
29
2
30
12
24
11
18
43
13
31
56
11
18
61
4
12
33
144
32
151
103
74
150
135
165
162
88
126
38
182
69
115
167
22
50
37
142
142
140
66
148
126
145
114
152
47
58

28
30
18
16
18
19
16
15
13
16
18
17
17
10
13
17
10
19
6
17
12
10
18
9
7
20
14
5
11
13
14
16
0
19
9
104
41
59
36
34
35
25
85
54
92
64
59
96
75
97
52
72
41
91
94
13
102
85
71
14
41
73
28
97
158
303
246
77
57
245
163
70
131
243
172
145
82
198
263
265
70
89
238
178
131
168
260
207
213
210
246
219

29
30
5
15
9
17
11
18
18
8
7
19
17
14
7
13
6
6
6
9
7
13
8
14
13
17
10
10
11
8
11
9
0
16
68
78
39
2
74
9
27
61
58
66
50
31
38
35
79
25
43
22
38
20
26
76
9
46
36
66
35
64
73
117
150
166
91
159
131
24
124
230
242
184
94
157
207
91
188
104
101
132
209
143
51
225
41
194
125
100
125
94

30
30
13
9
17
12
11
19
8
6
8
20
6
7
6
6
12
8
7
14
10
14
11
19
15
19
10
11
12
18
8
7
0
81
48
21
26
17
65
49
38
68
55
47
32
10
21
34
6
69
39
21
17
16
57
35
70
47
35
48
55
7
47
146
177
142
202
68
127
198
77
103
73
201
76
117
154
123
176
116
208
108
43
101
224
213
144
96
51
131
79
175

