1
40
7
20
14
5
8
10
8
9
14
11
7
5
14
13
16
7
19
9
10
13
8
16
17
10
17
11
7
11
14
6
8
7
13
10
10
17
10
15
7
10
0
67
3
64
55
61
91
55
21
106
71
60
78
1
27
5
85
85
15
87
56
106
46
23
104
3
72
39
26
10
27
42
34
75
22
99
108
106
77
97
70
161
91
177
109
77
227
188
105
265
94
68
226
97
158
20
145
188
208
148
259
122
279
150
231
24
206
126
227
190
127
122
99
290
41
216
237
131
221
309

2
40
12
9
7
9
12
16
7
15
9
15
10
18
7
8
16
7
13
6
10
14
10
15
9
9
7
16
19
6
19
12
9
14
6
13
16
13
16
12
5
18
0
115
93
3
81
18
43
57
79
43
28
25
90
44
114
71
107
35
113
94
54
57
56
62
1
15
56
101
109
85
84
7
57
30
15
58
51
102
3
20
122
160
156
117
173
214
195
247
218
155
255
241
109
53
306
157
222
264
219
127
134
213
141
91
37
119
82
282
192
101
143
205
247
132
238
265
117
127
65
57

3
40
9
11
7
18
16
6
16
16
7
8
16
11
15
10
16
5
10
19
6
10
17
6
15
11
17
17
8
15
15
13
7
5
6
11
7
8
17
7
12
16
0
19
88
108
48
73
64
0
86
75
85
2
39
0
44
97
113
66
55
24
95
59
40
22
114
103
112
101
84
106
43
86
45
67
93
92
26
4
95
108
70
116
310
284
148
140
297
183
255
98
260
81
203
186
139
111
234
209
254
81
289
112
213
235
331
193
301
155
209
169
142
311
177
267
312
132
178
103
251
134

4
40
15
8
6
18
6
20
8
19
20
16
6
9
9
8
18
19
9
8
12
6
10
19
10
7
14
8
11
13
15
14
6
8
5
16
12
14
12
7
11
16
0
8
24
112
38
79
83
42
67
94
114
98
80
62
32
58
20
62
61
36
35
98
59
79
15
110
39
11
17
109
62
12
7
32
47
16
94
113
18
62
58
162
98
185
126
162
283
172
202
193
324
321
288
261
75
223
166
222
228
125
157
318
282
174
50
164
241
140
99
276
118
125
190
278
223
85
239
198
149
237

5
40
7
8
7
16
18
19
18
19
18
11
8
20
15
10
12
20
16
12
17
8
13
17
5
20
20
7
15
15
20
5
16
9
17
9
7
15
8
18
13
9
0
2
65
51
1
127
117
92
72
60
105
86
96
49
120
17
99
16
54
75
104
54
20
24
38
114
92
70
87
107
15
62
32
83
25
66
93
92
82
80
101
141
285
197
222
386
168
231
138
121
132
279
351
270
157
56
221
103
250
83
160
277
143
104
96
389
337
296
271
228
75
219
203
272
96
193
195
195
120
182

6
40
13
17
13
7
17
9
16
20
7
17
12
6
18
11
9
18
6
7
18
11
14
18
15
10
7
13
18
11
17
20
20
14
15
9
7
6
11
6
13
18
0
111
85
41
24
80
22
72
117
115
77
80
42
109
116
113
15
91
16
62
52
83
54
58
38
66
67
43
55
2
93
45
15
79
118
72
86
92
82
95
52
202
277
192
186
272
162
335
250
335
182
313
98
322
201
327
38
232
71
217
108
157
258
264
186
152
133
187
272
182
258
266
257
264
215
114
339
330
300
278

7
40
12
15
15
19
10
10
12
15
18
6
11
10
6
17
18
16
10
13
16
13
15
7
18
9
17
10
7
18
8
11
8
9
11
10
8
12
15
16
18
12
0
10
26
29
10
104
121
5
111
14
94
74
8
52
37
74
33
118
20
40
33
9
57
11
75
23
75
84
62
65
88
81
117
60
111
21
53
11
2
37
65
242
90
119
139
357
248
264
202
228
110
275
236
84
209
132
46
373
69
196
265
119
120
56
209
100
272
214
299
165
264
301
219
75
332
59
130
82
83
147

8
40
13
10
12
6
10
15
15
8
11
11
9
20
14
15
12
17
19
6
9
19
7
6
18
6
12
11
12
20
18
19
14
11
13
17
17
10
8
9
17
8
0
12
61
29
82
84
58
8
27
98
101
90
29
101
70
113
60
29
31
84
60
108
103
77
77
74
115
32
72
28
17
36
18
14
84
116
122
18
125
105
55
251
314
47
207
225
90
75
228
314
155
293
251
308
195
341
318
124
233
263
119
364
246
297
187
309
328
70
93
64
103
270
177
237
183
150
253
270
329
289

9
40
16
20
9
17
19
8
10
5
11
6
18
15
12
9
12
11
10
12
7
8
12
13
10
14
13
13
7
11
18
19
15
11
12
20
19
16
10
16
18
7
0
12
73
29
107
17
100
125
30
67
36
35
78
100
94
115
83
32
69
1
54
84
17
94
81
3
79
3
40
26
1
52
68
47
13
11
49
94
42
3
216
213
206
129
219
258
303
343
294
108
299
300
145
306
208
348
123
234
134
220
298
208
216
138
299
192
215
71
145
151
196
162
302
265
198
217
140
255
270
212

10
40
18
16
11
13
16
15
13
18
16
7
15
5
17
13
14
7
17
15
8
17
13
20
16
17
13
16
19
11
7
6
7
10
16
17
19
11
15
12
11
10
0
103
95
44
87
4
90
55
71
100
20
132
40
73
117
49
123
26
116
120
76
20
65
2
131
67
11
42
130
72
123
122
118
84
44
18
28
52
90
114
71
119
106
159
301
222
160
185
154
218
152
355
306
259
237
237
161
78
309
317
311
197
219
272
151
115
274
197
292
200
132
333
401
184
157
115
169
154
311
354

11
40
9
7
20
11
14
14
7
12
19
6
17
16
6
18
10
12
7
9
13
13
6
14
17
19
15
15
12
10
9
8
5
15
9
13
8
18
5
15
15
16
0
95
106
81
100
17
27
20
57
71
60
54
74
43
2
113
37
108
46
84
42
35
16
116
96
71
15
102
1
15
66
78
101
86
65
103
81
114
31
46
238
224
206
102
320
167
177
217
249
126
312
229
82
91
151
219
120
199
209
328
87
106
143
209
163
261
80
345
158
205
159
108
342
109
241
335
284
176
59
166

12
40
7
6
10
6
11
17
17
15
9
14
6
15
7
6
13
14
10
16
11
17
13
9
16
19
14
8
17
15
14
8
19
16
12
19
13
17
6
14
19
19
0
98
48
107
27
48
91
85
18
73
82
117
46
93
75
36
50
116
125
4
40
117
105
53
127
92
126
126
111
31
60
106
102
116
65
60
12
91
92
65
43
239
85
298
217
115
159
302
143
108
121
182
257
317
309
213
157
371
250
124
174
271
253
82
310
317
350
362
357
197
84
253
250
316
281
125
45
198
119
277

13
40
17
9
12
10
10
7
12
11
14
7
11
16
20
9
11
5
13
17
20
8
11
6
19
19
18
15
9
19
5
8
11
12
18
15
13
15
8
6
7
11
0
4
56
110
33
104
7
13
115
17
112
71
107
60
64
32
87
43
5
112
97
119
27
1
6
62
68
120
99
116
36
95
112
89
117
98
61
96
30
11
213
196
193
164
208
174
37
49
304
236
224
132
129
255
188
38
179
184
58
184
272
180
96
228
78
174
276
365
162
266
199
149
215
202
334
151
210
327
97
31

14
40
13
20
12
9
20
9
13
19
19
7
16
16
11
17
14
6
9
11
8
5
14
8
13
14
7
16
8
18
18
18
7
5
11
17
19
11
12
12
12
15
0
45
53
82
80
45
91
109
79
96
92
40
83
118
102
107
0
50
3
122
58
19
86
52
56
73
29
57
84
66
87
115
87
93
118
33
21
39
1
108
23
128
79
191
202
282
265
367
209
180
171
174
128
192
366
157
23
294
200
340
319
118
149
81
222
110
283
316
211
142
345
120
183
123
322
227
208
164
50
319

15
40
11
16
5
7
19
9
15
7
6
7
13
18
9
14
13
14
15
8
12
7
11
11
6
9
18
9
16
14
18
17
19
17
15
10
14
11
16
15
16
13
0
6
90
39
43
40
13
51
98
56
68
10
33
125
45
110
19
61
90
82
42
22
52
95
124
70
61
122
88
61
9
49
11
0
115
81
17
106
0
76
94
238
228
49
269
50
267
88
265
147
105
240
123
331
89
253
259
261
227
252
197
254
194
329
166
163
271
291
134
195
207
99
164
91
193
140
116
156
92
266

16
40
10
6
17
9
19
16
19
9
14
10
10
19
13
14
10
17
11
18
7
5
8
15
19
7
9
14
14
8
10
5
17
16
8
14
7
12
15
5
9
9
0
71
98
95
75
17
26
105
75
31
92
66
34
35
110
83
106
97
108
30
26
45
21
14
38
118
57
116
86
102
57
84
103
11
6
52
45
116
24
14
76
228
285
213
212
133
168
163
298
65
298
240
88
72
126
152
335
296
221
75
270
80
260
52
187
298
153
267
182
268
296
122
267
241
181
67
157
256
198
31

17
40
16
13
11
6
14
7
19
10
6
8
16
9
18
18
6
16
7
14
11
11
12
18
16
8
18
5
8
7
11
17
14
5
7
6
19
12
15
7
6
6
0
39
61
5
65
55
79
50
5
42
61
43
92
16
34
84
11
20
49
111
70
69
11
32
26
11
14
40
78
24
92
76
9
78
53
40
28
93
24
66
182
112
235
179
182
207
239
84
177
274
110
131
316
187
185
254
39
183
237
311
150
266
230
208
169
29
87
76
128
130
107
284
214
309
282
152
229
274
166
257

18
40
10
18
16
19
10
20
13
15
9
6
13
5
15
13
7
9
18
14
17
9
6
11
16
15
17
18
12
17
8
5
5
17
11
14
7
17
19
14
19
5
0
91
91
66
120
120
34
48
11
73
82
37
118
39
91
8
24
1
46
25
74
69
69
88
109
92
2
14
55
78
23
9
49
84
19
35
5
6
59
50
263
284
266
252
353
195
259
243
150
197
120
157
362
238
132
132
226
110
103
208
249
325
102
132
216
266
32
273
102
254
93
39
230
199
70
125
64
224
315
159

19
40
15
10
18
7
10
10
9
8
6
16
9
13
17
11
9
10
11
11
10
8
13
10
11
9
15
8
6
7
9
18
18
19
15
19
14
16
17
17
6
16
0
40
42
74
104
61
22
53
6
114
4
0
33
107
31
52
108
68
102
28
67
5
2
4
10
33
16
48
16
84
22
27
18
7
25
95
46
107
28
106
145
112
284
127
318
126
159
147
240
291
111
197
202
315
182
220
285
144
316
158
289
203
128
75
97
177
140
157
105
206
118
183
74
158
211
174
109
135
268
354

20
40
11
10
8
19
18
9
17
13
14
10
11
10
19
9
11
8
8
7
15
10
13
6
5
7
10
19
10
15
7
8
8
15
8
16
18
6
9
13
12
5
0
87
109
30
53
107
72
52
97
104
96
56
61
25
4
66
92
45
46
102
15
100
5
67
59
57
3
36
85
48
16
46
37
9
79
43
68
106
111
105
140
206
313
52
102
188
115
108
247
304
313
66
164
128
59
153
163
122
109
267
196
212
221
92
108
185
211
238
233
179
172
261
135
247
130
170
173
158
215
265

21
40
6
7
9
10
11
6
17
11
10
16
8
12
18
6
10
17
20
20
17
6
14
19
12
8
6
14
13
15
18
15
12
17
12
17
9
5
9
17
10
13
0
78
115
112
46
25
38
115
65
105
74
79
82
77
90
77
52
113
44
109
38
4
39
20
105
81
41
52
37
32
116
83
22
118
7
122
55
107
119
122
52
205
219
243
229
65
104
305
80
365
217
294
245
258
102
312
119
195
139
209
255
228
194
78
286
251
130
100
298
102
193
103
128
205
119
216
158
273
146
333

22
40
8
19
10
20
20
17
9
11
17
12
10
14
12
13
8
14
8
15
19
18
14
17
19
19
13
9
17
7
9
15
14
9
18
7
6
18
8
11
7
17
0
56
18
12
47
59
20
107
8
62
95
24
94
13
21
46
19
99
29
96
90
14
28
84
131
112
76
116
122
30
96
28
86
91
109
22
132
21
68
1
19
127
55
125
325
255
79
188
123
91
211
124
281
37
64
186
73
281
276
155
214
134
86
241
398
366
278
195
306
138
296
273
241
311
326
243
392
231
293
37

23
40
17
8
18
17
16
12
14
5
12
13
10
9
14
9
8
16
6
9
14
7
12
6
19
7
18
12
12
17
17
6
8
15
20
15
10
12
11
19
18
14
0
118
88
114
61
78
81
80
124
100
85
9
68
38
70
67
100
94
32
39
101
85
65
71
56
119
105
1
61
14
66
46
32
3
120
29
39
62
89
32
264
194
304
184
135
127
203
96
303
217
310
106
140
171
195
176
205
112
230
289
170
147
174
260
164
281
360
163
112
63
292
81
288
45
159
254
62
275
243
80

24
40
19
11
18
8
13
8
12
8
20
6
9
18
5
20
20
15
19
19
8
18
12
13
17
9
14
10
19
12
18
18
5
15
11
15
13
5
7
13
9
17
0
31
29
3
118
27
70
16
22
69
92
112
90
94
35
66
25
35
34
29
20
62
11
40
71
40
85
12
106
84
40
11
8
91
15
66
14
26
125
117
76
81
304
258
203
163
110
79
112
266
307
357
282
341
290
102
302
183
57
141
59
213
44
119
98
164
302
260
143
213
96
186
36
217
97
134
159
123
291
258

25
40
7
10
6
12
14
19
16
10
9
10
7
5
7
11
10
13
20
6
14
8
6
10
7
19
6
12
12
10
5
17
8
7
15
20
17
10
18
16
19
10
0
96
75
51
63
90
95
67
86
25
87
43
23
112
48
68
79
92
102
96
62
103
64
40
25
80
7
108
88
30
24
83
74
37
105
1
20
68
57
14
65
171
115
155
178
205
157
124
128
246
303
76
32
144
113
146
140
190
232
323
208
164
159
117
44
201
34
173
301
217
44
133
210
256
227
77
99
222
129
159

26
40
16
9
9
12
15
7
13
8
15
5
17
15
14
17
10
13
16
8
14
19
13
6
8
19
11
17
11
6
17
11
7
9
8
18
7
9
7
7
7
9
0
70
111
108
39
38
80
24
69
111
76
51
42
81
16
77
50
105
11
35
27
107
50
47
66
71
103
35
70
111
107
97
44
28
94
52
71
2
34
9
71
198
121
170
79
206
106
82
229
224
294
273
190
180
215
277
272
171
166
81
207
198
76
156
201
105
182
134
214
291
257
135
106
118
252
283
129
171
192
167

27
40
11
16
12
13
11
13
12
20
11
16
13
11
11
11
15
14
13
18
9
11
14
11
11
13
9
14
8
10
7
15
11
17
13
13
10
7
11
16
18
15
0
36
108
32
64
91
107
72
40
14
96
108
69
87
68
111
70
114
106
31
44
91
26
60
61
80
28
9
121
70
116
20
65
65
109
73
43
37
42
23
113
274
128
88
206
113
287
128
156
191
333
306
275
151
307
276
242
224
166
164
66
210
278
129
165
105
76
129
214
98
182
195
273
177
205
230
180
140
299
244

28
40
11
18
17
15
17
9
19
9
7
8
9
12
17
18
11
13
5
16
12
19
12
10
15
15
10
6
14
15
8
16
10
8
18
18
19
9
6
20
12
13
0
126
69
59
23
26
27
86
25
39
37
100
41
27
1
83
103
16
42
1
126
116
80
88
39
15
110
120
95
123
101
34
22
14
87
17
103
102
15
112
20
160
193
170
296
186
82
311
38
64
138
121
165
134
263
206
287
173
297
203
310
170
244
342
205
165
338
364
294
297
290
284
168
86
275
237
245
164
120
322

29
40
7
8
10
12
19
18
6
19
15
14
7
12
15
6
15
18
19
10
7
15
14
9
12
14
15
15
12
19
15
5
15
16
12
14
11
9
15
10
15
10
0
26
81
48
90
71
62
89
35
99
76
72
70
0
100
45
45
47
50
34
117
28
101
52
94
21
51
52
104
122
8
112
58
107
27
60
23
34
105
103
26
191
186
83
131
317
294
278
170
356
178
158
110
78
270
172
240
277
224
133
311
83
114
115
110
251
266
112
355
361
273
250
77
238
249
207
290
117
304
151

30
40
5
13
15
16
8
5
7
19
8
19
13
19
17
20
14
14
11
7
19
6
9
17
11
15
15
5
7
15
9
10
20
19
17
18
9
16
7
17
15
13
0
89
61
32
119
41
11
103
44
122
30
26
105
112
36
13
77
29
76
62
12
36
57
122
73
63
33
32
30
32
13
110
26
42
8
128
113
82
57
15
69
249
178
93
325
186
274
263
68
362
99
72
223
273
56
111
344
151
307
271
64
311
221
395
197
92
62
47
121
173
62
278
162
84
141
273
202
229
239
232

