1
60
7
19
7
17
5
16
11
8
15
7
6
5
15
14
17
13
16
6
5
7
10
11
9
19
7
11
19
11
9
13
10
18
14
16
17
10
6
15
17
15
10
8
16
6
12
20
14
14
13
19
7
6
12
9
12
8
12
6
5
16
0
64
61
82
36
36
105
131
53
17
82
47
32
137
95
41
132
79
10
42
173
73
141
171
159
141
67
62
74
116
161
123
114
92
75
96
168
18
1
91
42
161
156
137
123
112
138
142
137
161
48
118
61
84
140
123
141
54
25
140
132
307
303
148
378
262
282
347
150
92
281
269
354
345
173
370
459
105
249
243
214
185
377
235
235
303
433
152
129
148
372
145
339
418
113
238
438
239
281
126
375
182
473
305
222
185
182
350
228
481
382
288
386
136
401
218
445
286
211
297

2
60
13
9
8
14
13
13
18
11
11
15
6
17
16
17
14
10
15
5
19
6
19
13
11
12
16
7
13
6
10
7
13
5
6
10
8
15
9
12
17
5
13
6
16
6
6
11
11
13
16
15
13
8
7
9
17
11
10
9
16
7
0
95
111
39
120
139
150
2
97
124
21
139
9
13
52
105
90
43
56
165
14
46
114
57
6
87
137
2
154
137
84
59
41
22
78
142
12
66
87
150
33
110
106
116
30
44
1
19
46
44
123
14
11
85
142
25
32
128
108
158
251
275
132
92
366
310
368
216
311
330
71
303
296
197
323
218
436
240
392
220
295
371
273
240
165
375
183
155
365
215
394
211
148
47
174
228
71
341
339
430
275
255
379
421
46
240
344
240
377
320
139
79
329
368
481
43
376
468
315
217

3
60
14
6
9
12
7
10
15
10
16
5
6
17
14
9
13
19
19
18
11
13
12
19
10
7
20
9
11
12
12
19
12
17
5
8
9
20
14
14
19
17
19
20
16
18
13
18
18
18
6
8
16
7
17
10
7
15
16
13
13
16
0
126
1
48
81
195
82
1
2
179
63
166
54
125
39
45
92
137
1
34
93
47
62
81
55
57
137
172
135
33
97
182
137
188
146
86
103
19
32
28
108
46
41
81
32
31
195
177
189
197
190
23
11
146
96
104
25
187
164
5
342
481
341
285
195
564
481
314
110
320
362
223
329
395
181
368
222
243
190
305
420
221
149
285
267
170
513
493
431
376
482
334
223
500
187
213
287
386
381
92
190
112
141
472
220
110
606
275
199
580
396
66
209
440
292
225
94
565
407
245

4
60
7
18
12
15
12
7
13
12
7
8
16
13
12
8
11
11
5
14
17
7
9
18
16
12
12
16
18
13
19
8
8
19
14
18
8
6
16
16
7
8
12
19
10
8
17
18
5
16
13
17
15
9
12
18
15
15
10
20
15
14
0
57
7
55
100
37
112
32
141
151
140
169
36
86
62
127
80
73
124
72
21
38
82
132
42
113
72
103
51
113
23
90
160
46
139
31
141
28
134
116
183
156
117
58
166
28
52
175
143
187
116
136
23
38
19
71
190
28
14
60
191
422
230
153
439
139
506
384
364
423
440
236
142
321
208
451
188
347
415
320
346
381
158
521
99
430
211
275
317
182
81
415
244
402
394
56
306
186
515
254
450
209
195
309
281
208
173
425
190
281
309
387
215
364
87
453
236
145
219
391

5
60
11
8
7
14
19
8
15
11
10
8
8
7
11
15
11
9
17
7
8
15
15
18
9
5
15
8
17
7
15
19
19
19
15
10
19
20
17
13
17
6
16
17
14
16
15
15
14
11
17
6
10
15
6
19
15
7
12
18
16
19
0
44
15
183
42
182
49
15
37
152
108
17
5
151
155
112
71
20
100
9
146
91
30
17
40
180
122
52
128
56
38
13
59
125
28
109
117
183
10
43
16
55
20
106
109
165
77
159
185
11
114
154
71
194
153
111
110
109
35
96
216
231
84
276
144
407
263
360
125
367
287
249
158
353
527
142
187
205
217
221
274
282
153
342
245
515
500
114
466
449
415
296
445
375
127
139
252
293
265
355
198
350
283
412
328
253
423
332
582
127
387
252
440
549
203
135
385
356
75
344

6
60
18
17
8
6
12
13
10
17
5
15
19
8
20
15
11
16
17
18
16
10
18
7
10
19
8
14
12
9
16
20
8
7
10
9
10
18
16
6
6
8
14
10
19
18
17
15
5
18
9
15
11
11
10
6
14
20
8
12
19
8
0
164
180
174
62
135
88
140
9
188
53
80
61
185
102
26
74
40
50
51
14
143
58
163
31
15
24
33
38
170
28
187
84
71
96
49
44
26
171
164
123
86
85
7
120
1
32
28
78
133
8
102
93
157
51
185
3
20
128
98
310
512
496
279
278
520
435
481
108
445
398
145
281
500
463
47
106
145
360
263
175
187
375
440
325
366
280
324
168
442
90
374
200
316
239
200
407
274
351
490
214
473
206
60
313
357
124
426
407
148
235
462
362
356
257
246
351
73
211
171

7
60
9
10
7
12
16
11
10
18
19
14
16
18
10
16
16
8
7
19
6
8
16
12
11
19
14
10
9
16
10
12
9
9
5
18
12
12
13
8
18
13
16
10
12
8
9
9
11
6
8
12
9
9
18
12
17
10
10
8
9
7
0
169
106
169
33
107
74
3
154
97
138
154
1
106
130
63
92
7
114
39
35
5
24
155
84
128
133
0
135
1
8
4
29
170
19
175
166
3
70
155
136
166
143
149
4
90
146
90
20
21
141
132
49
24
3
0
110
44
140
133
360
389
162
201
203
123
175
282
415
142
312
272
249
248
359
402
222
181
469
63
325
141
177
230
422
422
289
360
495
281
307
219
319
196
372
225
180
74
131
247
359
385
343
380
245
395
268
441
304
125
457
236
362
36
347
124
405
140
477
235

8
60
11
5
18
15
5
7
10
6
12
19
13
7
17
8
18
12
10
17
18
12
7
16
11
15
7
16
14
16
15
14
11
13
9
7
17
16
12
14
9
19
19
7
8
17
15
12
5
13
17
7
20
12
10
14
17
17
7
14
12
14
0
37
167
14
92
93
129
28
53
183
19
29
185
12
2
84
47
55
178
135
112
145
20
20
146
24
60
99
91
126
30
68
138
37
8
56
25
86
117
60
83
96
31
117
95
12
61
98
21
9
180
13
143
77
59
103
169
104
93
72
256
132
267
337
321
276
485
341
271
255
147
214
570
394
108
313
68
314
247
294
382
247
338
200
216
210
397
242
441
335
224
239
292
355
61
160
165
417
223
316
471
120
231
341
227
167
316
192
122
35
556
336
524
163
353
293
235
178
182
205

9
60
13
5
14
20
19
19
12
16
16
8
16
5
18
8
11
9
13
15
16
5
19
6
15
10
14
10
17
6
8
10
9
6
8
6
6
15
15
15
13
10
10
11
18
13
15
7
14
7
11
18
13
16
6
5
13
10
17
5
6
11
0
172
46
43
10
174
117
169
61
38
86
118
113
16
63
31
11
44
171
6
76
42
20
38
70
146
131
67
143
94
124
82
8
44
146
161
68
110
166
61
44
40
107
156
38
154
15
3
120
71
55
24
40
31
73
127
61
86
108
44
266
318
375
333
272
537
273
305
92
216
448
170
420
229
299
208
135
86
380
244
379
112
140
294
211
470
472
402
209
276
323
329
267
277
180
437
227
226
502
83
320
262
453
227
334
273
295
74
131
362
339
149
95
308
306
466
244
360
392
286

10
60
16
12
19
14
9
8
17
5
13
12
17
19
6
15
19
8
8
14
15
7
7
16
17
6
15
13
13
12
19
17
8
14
9
6
18
11
13
13
14
7
15
18
6
9
8
6
9
18
10
17
14
18
9
9
16
18
13
19
15
9
0
5
133
72
54
21
72
132
149
111
182
18
116
127
22
26
158
68
137
10
128
153
72
59
68
164
87
122
137
76
127
75
156
120
146
106
58
12
68
103
171
40
60
174
138
143
182
26
143
59
71
118
31
85
1
22
177
18
6
137
157
22
356
272
415
231
96
147
179
168
299
399
242
510
92
311
460
217
258
248
343
447
208
160
337
338
279
452
295
440
258
138
374
307
357
231
388
127
114
144
498
270
247
192
524
235
417
128
506
156
132
385
103
112
213
143
368
99
307
466

11
60
17
6
10
6
18
8
16
15
8
7
9
6
18
19
13
11
10
7
13
7
9
10
16
19
19
12
14
6
16
11
20
5
18
7
17
17
19
16
12
6
6
9
13
11
10
7
7
7
6
13
12
7
17
5
11
13
15
19
19
19
0
102
8
70
141
95
55
173
100
13
23
21
57
150
95
93
77
38
55
32
15
69
41
103
29
64
154
116
47
81
56
57
69
170
81
80
18
25
138
152
121
126
99
63
172
80
100
82
108
88
145
110
64
163
113
109
165
141
123
37
112
428
41
239
458
379
125
450
269
203
162
56
243
185
290
421
430
97
358
144
163
79
182
344
308
296
173
142
164
370
310
378
205
520
298
303
312
345
499
511
432
437
378
422
294
183
387
316
417
318
338
337
183
351
453
313
351
486
297
75

12
60
7
19
8
15
16
5
18
14
15
18
6
7
18
16
10
12
14
11
11
15
15
19
15
15
17
15
16
17
11
14
16
11
11
17
20
15
10
18
20
6
8
13
16
7
13
8
10
7
16
13
17
8
6
13
5
10
13
6
11
7
0
174
171
81
85
1
140
3
44
83
134
91
44
145
46
144
68
92
130
156
61
45
68
98
110
9
78
38
28
18
35
139
47
157
83
188
71
176
24
108
150
180
21
161
184
14
97
11
13
167
186
91
167
102
148
91
73
68
152
98
142
206
323
390
144
217
245
232
400
166
211
165
425
269
94
282
390
386
386
504
384
206
205
453
282
91
267
388
149
88
213
190
368
190
466
560
400
215
318
151
320
488
61
423
386
171
138
377
392
351
543
379
276
182
288
258
138
341
535
174

13
60
7
7
11
18
6
17
7
18
15
17
16
10
5
17
17
7
10
16
18
12
9
18
11
12
9
5
7
7
19
16
18
7
19
13
9
13
8
6
19
13
6
16
13
16
11
11
10
6
14
10
15
13
8
17
9
6
18
8
6
5
0
73
141
84
139
149
30
156
91
31
84
79
34
97
86
140
115
162
104
100
170
74
135
30
83
171
160
62
4
23
79
9
121
125
110
30
75
29
55
115
18
70
162
99
51
154
10
92
23
111
111
39
159
48
6
61
73
66
8
108
327
225
205
219
363
411
338
226
336
181
385
188
152
128
157
179
347
500
138
185
187
165
383
392
119
418
442
300
128
355
109
294
374
195
172
248
107
349
146
318
145
124
182
441
411
485
34
370
140
374
334
308
510
65
352
225
94
204
59
448

14
60
18
15
16
13
13
5
18
18
6
12
11
11
15
7
18
7
16
12
12
8
14
12
10
10
11
5
16
6
12
8
16
12
13
12
5
13
19
16
7
15
11
9
9
14
5
11
16
18
18
17
9
5
9
13
12
16
12
18
9
9
0
110
23
151
166
105
129
143
30
125
40
93
164
123
129
95
4
29
5
117
81
100
126
80
100
20
82
140
10
42
164
165
60
129
72
20
58
21
100
6
160
156
111
170
151
48
1
11
79
13
41
10
127
144
108
170
38
68
152
75
279
264
71
523
341
269
262
466
94
474
313
365
536
409
198
439
78
153
349
387
268
125
289
451
395
126
307
419
110
239
375
252
316
320
91
358
346
298
242
318
286
399
351
496
402
72
88
226
457
301
378
164
395
381
187
196
150
272
298
417

15
60
17
10
13
12
8
18
5
6
8
16
8
10
6
15
10
13
6
13
10
10
18
9
6
6
14
15
8
8
8
17
11
12
20
17
19
6
6
15
5
18
17
5
14
10
7
7
14
16
8
13
9
12
15
12
8
14
13
9
12
8
0
144
25
115
95
129
44
14
51
53
116
93
139
62
48
95
14
99
7
136
103
5
58
153
91
118
80
113
9
138
151
141
29
23
77
160
42
0
57
64
26
89
111
156
75
98
101
26
95
158
17
158
54
57
137
38
123
126
74
100
159
350
98
335
351
219
164
208
300
237
428
252
159
289
62
113
108
149
113
366
189
44
349
401
111
431
405
261
267
466
223
385
306
360
131
209
94
254
132
262
89
413
161
178
397
427
446
175
385
340
348
335
402
193
337
219
441
244
95
387

16
60
17
17
10
10
7
19
19
18
7
15
9
13
16
19
11
6
10
9
14
9
17
8
12
9
11
12
10
9
8
8
15
19
16
9
9
14
16
11
8
13
19
12
12
19
16
5
13
14
9
15
14
13
15
14
6
15
13
14
6
16
0
38
1
132
81
143
131
32
35
113
37
121
159
84
172
97
135
88
107
88
174
56
148
110
132
50
174
30
113
175
40
65
30
31
14
58
16
142
167
6
80
184
6
84
162
176
63
7
94
38
172
99
68
99
102
175
181
34
69
88
73
311
117
373
295
324
408
386
366
154
418
352
307
123
384
461
401
208
244
210
417
169
268
219
316
278
304
323
180
244
57
93
233
203
80
105
234
287
189
89
436
416
234
234
412
207
165
327
323
398
542
266
450
145
414
392
544
276
410
472

17
60
17
20
17
7
5
10
14
16
11
10
8
8
12
16
14
15
14
9
14
20
5
16
15
9
9
5
13
12
14
10
12
10
20
11
15
10
8
7
16
10
6
17
8
7
20
12
13
13
8
6
18
15
14
8
10
12
15
13
11
12
0
101
162
104
37
110
39
80
94
135
180
26
87
35
22
152
102
9
53
12
170
19
112
77
59
1
63
34
92
40
7
52
53
161
23
49
169
15
59
137
149
86
128
148
80
177
158
6
67
74
35
82
85
110
75
64
144
39
119
172
232
274
209
439
342
459
152
435
304
342
402
125
340
185
238
215
241
146
262
190
409
380
391
189
271
245
372
310
150
150
89
313
338
370
105
401
314
90
132
285
469
384
471
314
370
400
305
332
110
400
291
345
385
390
441
286
318
366
222
373

18
60
15
11
13
19
16
12
19
20
12
9
7
17
12
8
9
16
6
11
12
8
11
17
17
10
12
5
14
16
6
12
8
14
20
20
18
12
6
17
17
12
19
20
6
18
17
19
14
12
18
10
17
17
14
20
14
16
15
7
14
15
0
64
93
19
157
12
109
151
144
39
138
117
165
175
57
69
118
203
147
185
188
139
180
153
110
14
199
134
49
125
114
167
92
130
68
104
140
8
154
80
62
37
204
164
58
128
50
189
72
201
192
50
34
76
184
49
190
155
195
136
75
409
123
184
514
191
272
568
548
213
346
348
332
573
181
166
163
586
221
310
217
366
471
437
237
31
331
462
367
331
440
309
347
189
252
517
487
335
338
122
117
424
515
338
263
229
355
395
229
475
377
241
416
134
454
183
293
183
263
287

19
60
9
17
19
10
14
13
15
19
18
14
6
11
12
13
15
16
12
11
7
11
5
6
14
18
14
5
8
8
17
7
15
12
6
7
15
13
7
12
19
6
18
13
12
15
12
15
14
18
16
17
20
15
6
15
12
15
7
10
11
15
0
168
27
52
57
32
102
126
115
12
119
92
126
9
29
99
96
40
164
184
132
1
78
89
43
56
48
155
87
2
181
164
141
14
75
98
71
11
2
95
88
34
163
163
113
12
117
140
116
168
1
84
97
78
17
70
154
80
166
148
135
225
225
72
350
401
262
182
450
237
211
206
493
83
200
361
207
52
539
300
419
203
180
403
147
254
212
218
231
43
538
376
506
282
208
427
413
25
360
430
244
400
433
467
472
247
419
395
349
315
35
463
357
108
403
438
275
191
463
506

20
60
15
17
19
11
13
12
15
19
12
15
5
18
7
18
15
12
10
19
15
16
20
20
11
9
8
9
5
5
15
6
9
12
17
6
19
19
16
12
13
16
17
7
7
9
19
10
8
11
7
15
9
5
13
8
11
11
7
5
9
8
0
152
108
173
29
123
43
18
139
155
48
121
7
51
128
146
63
167
170
15
61
42
177
140
142
115
130
38
8
70
163
11
1
149
20
82
28
49
92
154
132
122
129
109
105
41
83
4
118
174
85
180
133
132
29
158
70
74
111
141
277
465
299
525
379
201
118
148
209
395
80
489
305
248
188
398
293
208
334
381
373
190
274
256
381
356
249
207
168
230
321
312
209
286
119
376
299
63
378
457
360
417
139
296
168
111
173
362
148
277
269
229
366
486
378
230
358
92
287
400

21
60
13
17
5
17
8
20
13
15
8
19
9
20
12
18
9
16
20
6
7
11
13
9
13
9
5
7
15
14
13
5
13
6
15
7
17
20
8
15
14
20
12
6
13
16
13
5
17
10
17
6
11
14
9
13
8
11
7
18
19
8
0
169
139
66
49
149
119
81
88
114
79
141
86
129
20
126
114
23
57
58
22
46
129
163
2
36
132
43
169
43
91
110
124
122
70
126
67
28
5
17
18
24
61
2
15
42
53
76
21
53
182
101
53
6
156
2
167
154
58
24
155
459
171
101
131
205
172
156
334
145
273
273
270
202
196
276
155
232
187
328
174
307
238
208
107
70
162
235
288
207
445
246
396
217
122
505
402
129
81
164
288
377
387
26
391
313
405
355
382
183
387
479
207
261
299
184
469
339
190
204

22
60
19
18
8
9
6
12
14
13
14
16
17
15
11
13
11
14
18
13
18
19
13
11
15
7
19
8
14
6
18
11
8
13
11
14
17
7
18
9
7
8
20
19
11
14
18
14
18
17
20
20
12
15
19
16
6
9
12
19
9
9
0
164
61
174
121
22
187
76
20
173
161
173
197
96
150
29
53
116
32
151
160
37
12
182
121
100
80
137
34
73
42
131
37
29
140
174
17
25
123
141
56
18
34
71
36
51
174
97
190
39
54
175
30
191
86
93
45
183
148
164
349
467
449
261
144
330
310
244
336
347
246
391
467
449
473
365
300
259
273
484
450
342
115
452
485
342
260
303
451
116
118
319
323
196
466
296
383
324
491
195
390
282
353
321
87
342
243
475
334
241
373
374
250
389
274
128
175
274
158
177

23
60
9
9
9
5
14
6
19
10
14
13
14
9
16
9
8
16
11
12
19
18
19
8
6
19
9
19
13
14
9
14
18
15
8
18
18
13
19
7
11
18
6
17
12
14
15
14
19
18
9
11
19
12
13
18
17
17
17
19
9
9
0
190
108
43
127
22
164
160
98
50
170
153
62
7
113
181
81
196
129
26
157
73
156
42
4
64
117
154
86
169
141
97
115
194
77
17
81
190
14
28
197
137
46
44
45
39
13
73
95
86
52
105
89
28
80
174
62
37
50
122
187
586
331
159
405
162
329
190
260
347
582
212
314
301
138
470
159
248
482
236
242
183
176
287
322
100
219
252
375
301
375
323
285
497
150
371
145
383
214
198
600
263
145
108
229
148
375
376
396
188
350
134
243
78
240
330
379
215
262
407

24
60
6
9
19
11
19
13
12
14
6
8
12
20
16
11
15
15
7
13
5
13
13
19
16
5
12
19
11
14
11
12
17
19
18
6
14
17
14
15
17
20
8
16
20
12
8
17
12
12
18
11
15
19
9
14
11
12
11
9
6
17
0
137
61
186
131
193
20
119
168
34
99
115
147
147
138
50
6
168
21
26
66
86
159
136
108
102
62
49
133
122
169
35
180
152
11
5
169
182
45
148
91
58
19
135
139
78
37
90
113
60
147
81
59
195
74
156
95
18
45
58
31
216
84
262
427
480
280
309
397
320
369
375
207
434
357
133
351
351
269
232
333
173
235
269
319
248
73
235
375
414
319
350
277
387
170
159
395
436
413
513
112
414
40
362
533
158
340
264
269
329
497
111
242
250
340
243
213
325
59
424

25
60
10
7
14
7
17
18
20
17
12
15
14
9
15
12
10
16
18
12
14
6
12
11
7
13
17
17
12
14
6
7
8
8
19
8
16
8
17
16
10
11
7
6
12
18
20
7
5
5
9
12
19
5
16
13
8
9
10
18
15
11
0
96
141
109
19
20
139
101
7
30
29
45
127
162
4
180
25
127
172
180
29
53
175
66
94
133
71
3
44
11
36
62
149
78
116
155
52
67
119
123
2
26
162
10
38
139
145
132
170
127
115
84
118
135
162
90
9
41
175
26
107
431
320
266
117
295
206
441
54
338
331
284
408
201
53
345
75
283
432
200
155
418
312
115
385
171
141
316
188
76
292
231
507
206
305
427
198
252
206
162
259
108
215
343
105
316
338
288
295
172
490
172
365
407
481
449
206
182
449
308

26
60
14
14
13
8
14
12
6
6
8
19
11
8
5
20
14
16
11
20
11
13
15
17
6
13
13
9
11
13
16
10
13
13
19
18
6
7
12
7
7
20
6
14
15
11
17
9
8
12
20
12
12
16
15
8
9
19
19
6
16
15
0
22
89
120
92
27
48
43
68
74
140
108
28
96
171
113
47
94
134
186
58
127
164
19
56
124
98
13
118
10
145
45
134
180
151
14
121
8
73
131
67
27
82
53
185
67
125
56
147
86
148
4
47
95
66
23
171
137
133
161
173
168
183
400
218
220
81
388
95
399
511
323
54
189
545
211
389
389
416
337
215
412
367
172
177
428
178
365
402
310
295
108
220
423
281
245
336
250
320
244
310
394
415
228
495
387
412
213
210
120
204
379
374
149
310
108
307
191
456
314

27
60
9
12
16
11
14
18
9
17
19
7
13
9
9
7
6
13
9
7
18
17
18
5
5
16
10
10
12
14
7
11
18
19
11
8
16
7
11
11
8
15
11
13
13
6
14
12
17
13
15
18
6
13
9
13
17
19
13
15
6
17
0
70
143
15
109
105
57
160
5
9
173
113
56
55
21
156
158
66
38
77
118
86
131
123
113
42
173
179
60
86
77
17
177
132
129
70
153
87
132
78
106
7
52
19
30
52
175
108
170
16
172
69
125
125
13
147
39
135
130
30
53
264
347
352
272
357
394
483
274
114
279
212
228
323
253
311
272
259
395
235
321
179
330
260
462
284
226
241
232
312
338
109
245
318
405
241
303
301
274
342
379
206
240
342
150
192
339
251
278
221
423
285
459
205
80
201
127
183
428
55

28
60
13
12
18
6
17
15
13
11
8
17
11
9
5
7
16
12
17
7
11
6
7
8
14
6
11
8
8
14
18
8
18
12
14
6
17
18
17
16
10
6
8
13
14
8
8
14
8
18
16
6
13
16
15
5
19
14
11
12
11
6
0
148
107
155
32
169
153
173
153
127
110
28
75
127
175
130
28
86
107
135
112
137
45
33
115
155
111
119
61
48
5
128
115
91
38
19
80
151
56
76
98
69
158
161
9
39
27
3
168
88
64
22
152
136
89
161
74
97
39
100
130
315
451
331
348
484
322
413
258
353
388
158
259
240
327
234
126
132
458
432
341
311
217
307
259
347
343
334
319
367
149
199
174
221
75
111
179
287
94
218
207
261
328
246
185
208
161
243
497
394
181
343
289
200
414
506
313
417
174
211

29
60
9
15
5
17
20
12
8
16
13
5
10
19
17
19
13
18
11
10
12
9
14
19
18
7
11
18
5
16
17
16
9
13
8
7
14
14
18
11
7
8
15
11
17
17
16
10
6
9
9
6
18
7
15
19
11
17
10
11
16
18
0
116
181
169
178
100
27
158
84
45
102
67
185
141
103
91
26
133
18
12
162
65
27
186
8
174
68
87
98
142
7
38
10
97
98
122
99
121
9
182
191
77
105
92
141
167
21
155
181
188
127
68
38
3
146
134
106
174
156
90
19
285
468
202
437
339
185
498
305
411
390
295
484
247
129
458
214
328
118
254
180
273
252
473
106
502
281
238
120
494
370
375
195
211
449
249
409
367
240
478
420
118
350
348
498
270
265
544
339
229
363
117
396
333
252
491
163
343
430
354

30
60
13
15
10
18
8
12
11
11
11
20
7
12
11
17
14
14
12
15
20
19
6
11
10
19
19
8
10
11
10
15
18
15
6
18
16
16
18
9
17
8
10
16
6
7
7
6
8
9
10
9
17
19
8
8
9
8
9
12
11
17
0
123
109
66
181
52
97
162
108
93
4
2
162
176
113
108
107
40
159
86
160
173
123
158
11
0
92
113
40
137
37
6
90
18
60
170
89
117
107
85
69
46
67
115
32
120
180
132
136
50
96
161
6
139
176
159
38
141
89
35
363
172
350
411
468
414
178
495
304
255
191
117
187
426
494
373
156
226
498
349
297
279
280
368
319
338
458
356
151
208
213
139
329
319
291
426
414
429
366
111
369
275
222
174
183
290
487
431
197
151
466
404
54
302
203
534
259
257
164
414

