1
7
7
7
14
11
13
16
18
0
2
6
20
11
19
2
12
13
45
70
59
53
34

2
7
13
7
12
13
14
15
18
0
3
18
7
4
8
2
25
42
46
56
59
62
24

3
7
18
13
9
6
19
14
14
0
1
10
1
10
10
6
43
47
43
27
40
29
26

4
7
9
8
19
19
11
11
11
0
1
9
21
12
19
13
52
27
52
41
53
69
28

5
7
11
19
13
16
10
5
16
0
5
8
4
15
21
6
19
66
58
56
34
56
63

6
7
19
9
20
10
5
20
19
0
25
20
12
4
11
5
43
81
51
26
33
35
33

7
7
19
6
7
5
13
8
11
0
13
6
2
13
6
12
29
28
36
34
57
14
47

8
7
10
19
12
19
11
10
6
0
13
16
19
5
6
18
49
51
55
55
32
27
58

9
7
6
18
11
12
14
12
9
0
9
14
12
8
19
6
14
62
54
52
46
68
28

10
7
5
7
12
13
19
11
6
0
16
18
13
11
4
6
39
47
33
36
38
44
24

11
7
15
11
7
14
7
11
10
0
6
18
16
14
14
6
23
24
43
39
46
53
38

12
7
20
11
10
14
13
8
7
0
20
20
3
14
9
18
29
63
48
50
50
43
44

13
7
8
11
9
18
17
8
13
0
16
1
9
16
8
16
32
32
47
42
35
48
48

14
7
13
15
12
6
13
14
8
0
20
2
19
11
3
14
44
64
33
28
29
40
34

15
7
14
17
15
16
10
11
16
0
6
12
13
21
21
14
35
58
65
33
52
71
57

16
7
9
16
16
15
15
10
14
0
7
15
2
9
10
11
39
47
65
33
30
58
28

17
7
18
6
7
7
10
5
19
0
10
2
5
3
4
8
23
42
33
35
42
37
52

18
7
12
7
16
14
9
7
16
0
8
4
0
16
2
12
41
48
24
38
27
25
48

19
7
10
7
13
17
8
12
5
0
17
6
9
13
15
5
28
45
41
56
27
29
28

20
7
18
9
7
11
18
6
11
0
7
19
4
9
2
13
39
33
65
48
64
44
53

21
7
12
8
7
16
11
10
14
0
13
3
0
17
11
18
22
26
16
17
36
55
40

22
7
14
7
9
6
7
15
16
0
3
7
18
14
7
1
27
18
17
59
49
35
17

23
7
9
14
16
19
17
10
5
0
1
16
17
14
19
8
36
52
52
80
38
68
40

24
7
11
17
15
14
7
17
13
0
9
12
3
11
9
14
21
60
55
32
55
70
66

25
7
13
18
11
7
16
11
8
0
11
11
3
11
5
6
53
61
39
15
66
17
55

26
7
11
15
10
16
12
18
9
0
13
4
3
21
16
9
21
47
50
59
42
47
56

27
7
10
10
19
18
19
17
6
0
3
9
19
3
25
17
43
25
38
62
25
56
43

28
7
15
16
19
5
10
6
9
0
6
12
18
17
6
0
52
44
31
59
55
29
17

29
7
11
16
14
9
18
12
13
0
8
11
17
0
14
15
14
60
50
46
23
66
70

30
7
10
11
14
5
12
16
12
0
0
10
5
13
11
2
45
37
41
26
44
39
51

