1
100
11
14
11
6
8
14
8
13
12
19
11
10
14
10
12
5
9
20
8
13
19
15
11
10
14
12
8
20
17
17
11
6
15
15
6
18
12
9
5
20
15
11
11
15
9
18
11
13
9
11
12
9
16
9
16
6
16
18
19
12
12
13
16
9
10
9
14
10
16
16
15
14
15
13
17
8
8
15
18
10
14
14
9
15
5
9
17
7
17
16
13
14
16
17
12
6
17
10
8
7
0
578
2
29
710
517
416
761
453
847
514
726
434
253
763
66
730
278
108
116
495
35
722
3
826
355
375
511
736
558
343
552
400
515
292
33
139
541
580
44
899
546
242
177
290
356
819
683
213
759
544
886
548
626
277
638
507
892
94
872
813
477
436
733
306
515
740
394
662
115
131
510
698
30
551
881
481
241
95
477
451
379
291
471
838
188
141
278
582
543
659
407
110
377
204
239
640
284
593
808
430
1049
391
502
1193
981
652
1279
470
1092
743
784
940
630
781
641
947
458
552
747
1098
87
768
498
1212
563
849
1076
839
668
393
1144
763
605
395
370
597
1043
863
360
914
755
262
508
410
707
1091
831
255
1158
1085
1094
620
1166
309
1016
935
1186
559
1458
888
545
659
827
416
611
1034
455
738
146
593
849
1325
602
581
1063
772
299
305
700
772
541
317
633
1124
242
480
554
1187
649
865
470
608
876
670
769
1003
799
1029
891

2
100
8
18
7
12
16
6
17
9
8
15
12
7
11
8
8
7
8
12
12
16
10
19
9
12
7
13
14
10
7
10
14
15
20
11
13
15
9
17
11
17
17
12
17
10
15
16
18
15
8
13
18
17
6
12
17
12
19
9
8
18
12
20
12
9
11
11
5
11
5
12
9
13
11
10
6
15
16
10
5
8
10
10
14
5
14
13
15
7
16
16
5
13
12
9
20
16
19
10
14
19
0
450
402
448
572
859
528
166
529
28
413
211
140
848
471
790
378
659
180
278
644
805
47
381
269
424
776
541
372
114
122
192
390
587
225
578
495
110
380
118
565
423
800
554
539
338
528
560
117
376
480
409
812
390
237
768
119
760
475
80
840
41
575
24
750
583
557
740
197
401
531
764
131
132
429
687
814
635
496
877
113
16
757
462
748
255
843
702
775
333
212
784
364
617
163
113
70
858
368
606
598
576
710
640
851
1155
706
673
1059
503
498
237
323
940
817
1032
399
734
370
722
770
889
114
895
485
899
1284
940
395
300
532
430
738
835
379
914
913
217
665
430
1006
545
1226
1156
795
753
733
894
386
603
662
537
1301
637
484
1043
543
1263
622
551
1104
491
912
412
797
1153
882
1105
787
490
768
1363
155
370
573
1297
926
1094
1015
1429
356
180
1024
936
887
762
1166
1109
1206
432
687
1187
916
930
422
536
133
1101
848
956

3
100
9
15
13
5
18
13
12
9
8
17
6
20
14
17
19
6
18
9
6
5
7
17
12
13
5
9
16
9
13
8
20
13
14
9
14
18
14
14
15
6
19
15
7
18
10
18
16
16
8
19
17
13
7
15
19
16
8
17
8
16
17
13
19
15
15
17
11
11
7
11
19
15
18
8
7
6
5
18
10
10
10
9
13
17
7
12
13
13
19
11
13
18
14
10
18
8
8
10
18
18
0
635
392
794
377
321
757
507
641
655
311
842
663
576
0
392
853
243
448
225
211
340
317
773
49
137
331
893
211
801
183
100
160
802
910
642
542
476
932
829
318
660
266
242
427
941
126
562
446
683
942
624
156
684
378
75
164
950
130
674
56
123
85
449
698
678
118
404
539
492
578
795
193
777
641
901
358
464
928
416
654
285
934
76
722
80
539
609
623
117
949
513
919
480
905
352
443
704
777
670
513
919
924
974
1012
484
894
579
815
672
371
1162
828
700
153
693
1134
543
521
810
500
948
965
1048
197
336
971
1154
755
1307
631
607
607
919
934
794
1095
842
1162
1178
928
884
493
494
664
1529
295
833
829
1168
1329
947
184
821
414
708
292
1458
575
885
602
208
195
831
1159
1084
709
928
922
986
824
1272
349
892
1212
1517
874
765
1192
519
1151
748
1471
165
1010
170
1019
942
778
172
1503
535
1558
753
1210
798
672
1031
1091
928

4
100
12
9
9
17
5
7
7
8
18
8
17
14
12
7
19
15
8
10
13
19
15
9
13
13
10
16
14
10
7
12
19
11
10
18
20
12
8
16
17
10
10
19
10
11
8
13
10
9
11
17
15
19
6
10
6
8
12
15
10
12
15
8
18
13
13
16
20
9
17
11
17
13
15
18
15
15
14
13
16
6
15
20
7
16
17
7
6
9
13
19
10
13
12
5
6
13
18
14
16
9
0
670
430
455
289
558
542
243
316
177
483
924
439
149
648
636
266
306
402
481
337
188
929
762
827
231
388
639
363
739
387
393
146
904
130
345
263
600
64
339
890
640
769
397
915
462
141
822
94
211
890
475
103
544
441
907
256
546
595
33
155
238
582
870
362
551
548
259
195
675
708
923
647
676
649
513
260
843
1
59
419
27
251
511
360
391
472
651
245
174
829
765
131
676
60
12
8
615
790
300
21
874
720
1051
548
567
724
348
468
255
680
1165
583
357
1223
887
387
913
794
927
366
680
1105
1378
1291
364
1023
766
832
917
947
959
645
1188
388
838
653
783
481
560
1389
911
1066
830
1511
925
287
853
520
833
1348
750
356
609
934
1357
579
679
640
511
766
589
922
1291
841
943
676
817
500
856
1182
1222
742
1049
895
955
795
1397
371
585
523
523
345
604
919
971
696
1006
372
685
1037
1252
567
1096
413
377
211
1199
1348
555

5
100
17
17
11
7
13
19
9
18
16
12
7
10
6
8
15
18
14
6
17
9
15
14
9
6
14
17
15
18
20
19
18
9
5
16
12
11
13
10
18
11
8
7
7
12
7
14
10
12
10
11
18
20
20
15
15
10
6
8
11
6
13
18
7
7
10
17
14
10
15
9
8
11
10
16
12
11
6
18
17
12
14
16
7
20
10
17
19
20
6
6
9
19
16
10
17
13
13
6
10
12
0
741
485
700
629
50
888
129
428
753
433
29
254
485
915
147
887
99
14
661
160
240
737
625
546
673
475
510
709
32
278
230
611
717
576
388
697
713
581
933
427
434
324
295
64
759
116
395
708
710
138
42
846
891
549
817
342
540
141
449
762
865
485
621
797
659
498
455
16
585
536
735
345
272
2
426
730
867
98
240
576
917
389
433
879
111
790
89
857
619
480
53
513
911
652
858
401
797
734
620
416
1031
913
805
938
501
1181
537
523
1357
1014
612
261
861
1305
702
1412
341
617
947
272
541
986
727
916
1060
1016
663
729
430
558
270
956
1140
1090
821
920
870
763
1199
817
828
704
664
490
1129
138
752
1259
728
334
647
1046
1290
618
863
521
1079
155
879
1065
1215
504
728
1087
910
1078
971
529
994
862
1241
680
498
139
618
1150
919
435
408
708
1528
598
763
1386
706
1103
396
1389
921
649
279
531
1130
1099
1440
942
1035
1328
1217

6
100
20
17
17
8
19
7
17
6
9
10
12
6
15
17
13
19
12
10
19
12
8
18
16
7
6
18
6
14
5
6
18
10
9
16
10
10
15
17
13
16
8
18
17
13
20
17
11
5
9
20
10
13
7
20
12
17
11
8
10
6
5
13
16
8
11
14
16
13
10
13
14
7
8
8
18
14
13
18
12
11
15
7
8
15
7
14
17
9
6
13
8
9
15
12
14
14
10
16
9
10
0
389
506
110
839
430
179
691
570
586
456
318
504
98
163
459
99
491
71
693
7
271
74
844
838
565
307
519
536
259
698
550
721
54
377
298
661
451
635
825
269
218
909
532
905
545
663
632
548
332
333
621
617
661
412
194
790
231
112
632
13
726
206
65
267
212
437
429
39
893
719
319
729
132
171
750
47
242
457
766
243
462
131
731
639
181
236
364
450
697
504
131
661
618
892
431
636
635
678
758
202
969
950
524
1275
1007
574
1137
586
945
710
634
915
484
626
727
385
1035
281
891
360
351
683
915
1099
597
908
612
680
862
1232
994
1222
449
889
884
1239
1051
935
1442
302
386
1213
1041
1345
616
745
1150
681
461
696
814
776
696
669
691
1250
371
339
1203
351
983
280
355
761
621
878
935
589
1119
1090
525
869
328
752
995
506
359
1031
1047
343
972
243
905
719
230
565
629
578
1266
758
290
1099
666
1183
722
883
1167
696
1022

7
100
10
5
12
13
13
6
7
11
13
17
11
14
10
17
11
14
7
13
14
9
9
6
13
5
7
18
13
6
15
10
15
12
12
16
9
10
18
6
13
13
9
17
14
16
17
11
14
10
16
12
16
15
9
17
11
16
16
11
14
17
12
14
14
7
19
18
16
13
20
8
19
20
12
16
20
10
12
7
12
18
15
17
12
19
11
16
16
11
16
7
14
6
17
8
20
9
14
16
12
6
0
632
522
82
552
120
799
865
797
24
801
670
293
168
129
112
386
876
580
363
420
793
330
92
338
263
234
188
50
937
326
479
769
438
573
939
549
603
284
223
720
278
643
190
114
780
909
619
482
786
443
452
4
107
943
326
210
620
884
658
330
792
546
595
567
865
29
732
762
725
954
528
615
813
10
24
397
590
415
628
626
92
629
201
630
62
811
217
206
439
752
87
463
357
957
261
387
399
795
708
389
1082
918
146
614
267
1149
1126
1322
680
1187
946
501
580
658
747
721
1260
912
568
1025
919
759
224
564
432
252
544
202
1156
503
720
1328
485
948
1398
994
1147
430
663
1000
800
775
737
748
897
1455
815
640
1412
642
974
647
264
1354
957
439
918
1392
800
361
1364
1108
753
1222
1407
139
1357
813
761
1144
790
1238
969
534
350
496
871
1008
1195
1258
692
858
571
671
616
882
535
473
728
917
489
1046
486
1271
360
1014
682
1028
735

8
100
18
6
9
8
14
19
16
14
11
5
13
13
12
13
14
6
17
9
16
5
20
6
7
18
18
10
8
20
8
15
19
17
18
6
19
20
6
19
7
7
9
11
11
9
19
11
15
14
19
13
11
20
7
13
19
15
5
9
11
18
17
17
14
16
17
7
11
16
15
16
19
13
12
20
13
9
8
10
6
19
8
16
12
19
10
13
6
12
13
17
17
5
8
11
14
20
10
7
6
13
0
204
138
703
64
488
97
314
824
473
760
107
529
387
710
288
635
657
105
391
136
500
699
283
803
550
487
70
403
316
2
483
762
932
421
62
532
168
931
304
457
685
410
724
584
326
359
746
946
731
699
905
465
206
714
160
821
430
591
5
469
577
489
675
867
801
277
146
504
133
684
371
728
204
393
804
873
814
350
903
933
668
253
266
780
788
394
874
755
941
523
75
312
6
316
821
483
186
734
22
113
300
377
1153
392
1073
297
941
1419
993
995
212
1063
493
1357
821
732
1048
255
604
472
1042
1057
798
1278
834
524
379
646
950
245
809
940
1545
982
511
930
293
951
628
938
768
969
743
1160
528
753
1262
1013
1275
1051
1236
1107
359
918
416
892
944
699
193
760
988
1097
772
1084
1046
302
189
661
158
1324
772
838
674
627
1113
1295
1383
460
1011
1562
1218
701
766
1085
1342
931
1476
1144
984
569
303
815
95
841
1045
797
345
1143
547

9
100
14
19
19
9
14
13
7
16
17
7
8
15
17
19
18
16
8
20
15
9
19
7
6
6
15
5
15
8
13
11
10
9
6
19
5
6
7
15
13
8
8
18
14
18
7
14
7
12
17
11
14
19
13
8
10
19
12
10
14
16
19
17
15
18
9
13
18
16
13
5
16
15
16
10
15
6
10
7
14
20
16
12
5
12
12
7
6
20
16
14
7
14
17
9
8
15
19
19
12
10
0
114
675
647
219
607
388
114
401
224
40
148
845
904
0
544
880
448
34
187
291
231
24
232
332
831
852
142
545
802
617
150
49
31
800
426
137
135
470
85
740
482
734
561
860
318
364
327
289
866
78
694
373
765
187
164
185
561
546
864
112
124
821
761
673
899
497
851
26
673
457
92
773
355
797
628
82
10
512
806
318
787
357
453
931
440
280
645
208
20
335
607
905
902
246
552
884
217
863
772
496
728
1203
703
850
1087
887
135
897
387
625
793
1203
1504
72
671
945
719
64
767
475
807
208
510
378
1245
894
221
639
1382
742
725
378
429
1082
663
455
254
581
207
1081
796
1053
644
1003
666
633
641
323
1476
486
956
982
1161
479
362
611
1029
1169
1143
441
545
1191
1249
1137
1292
1071
1319
276
1226
835
506
970
525
1291
1200
374
439
900
1419
572
1183
902
512
1362
579
893
732
413
566
526
1200
1549
1404
438
1115
974
247
978
955

10
100
11
16
15
16
8
10
17
12
6
20
18
5
5
5
5
10
14
11
20
16
17
17
18
12
11
10
15
15
15
6
18
14
8
9
6
16
16
14
7
12
17
17
14
6
6
5
19
19
16
13
15
17
9
14
19
9
8
18
19
13
16
8
6
15
6
15
13
17
14
7
18
15
20
7
5
11
19
13
20
20
17
14
8
6
20
10
12
19
16
17
13
13
18
17
10
18
7
16
15
20
0
852
122
677
563
868
579
515
169
436
689
54
132
322
277
882
929
722
328
774
616
151
10
760
980
890
751
951
881
360
64
372
345
752
899
707
830
436
416
507
456
466
780
549
325
609
921
954
914
371
977
860
709
262
139
59
820
940
801
529
10
423
729
345
727
884
21
654
653
447
595
396
267
328
234
441
950
753
508
721
344
148
904
166
93
744
455
834
20
442
981
299
781
802
574
422
937
119
135
743
406
1172
617
1111
897
1258
1011
667
716
873
1149
401
441
691
851
1337
960
768
938
1175
908
223
338
780
1136
1409
805
1268
1350
749
138
875
768
1289
941
1182
1468
475
893
1097
546
1065
1251
1017
609
854
1430
1575
1054
644
1012
1392
1233
829
534
695
1295
1193
1020
756
402
890
1297
971
819
1282
361
735
880
1006
868
1057
575
958
593
892
1160
1192
937
1359
798
674
982
807
622
1391
975
1465
76
713
1051
931
868
930
967
523
1530
595
559
1016

11
100
9
11
16
14
17
5
17
18
6
16
16
10
19
20
5
15
19
5
16
9
12
12
18
9
16
20
14
15
6
17
15
7
9
10
18
10
15
7
17
16
13
9
11
8
19
14
10
13
17
17
7
19
14
20
15
8
16
11
9
13
10
11
12
19
17
14
10
11
17
6
10
16
14
7
8
9
18
19
8
7
16
11
6
8
12
6
10
18
11
20
10
20
15
16
14
12
7
13
12
11
0
406
286
97
393
794
540
818
595
529
118
578
181
28
195
579
108
503
738
185
161
804
501
426
86
389
711
267
343
534
592
67
483
219
240
270
325
864
930
142
12
39
98
921
298
813
865
910
88
533
691
330
263
102
153
571
266
424
276
299
312
213
596
911
499
225
16
740
81
278
117
106
656
833
526
462
234
298
404
524
144
802
446
475
241
150
264
812
542
939
900
210
95
166
624
94
663
855
479
109
176
674
336
684
671
1412
1153
837
1072
818
767
1208
725
59
387
605
272
1050
1098
471
487
1227
554
540
384
647
770
708
869
584
850
402
822
581
306
805
655
1283
1271
167
387
120
181
1535
422
930
1054
1527
339
1154
1276
829
360
424
670
1197
376
874
625
927
460
852
687
1457
851
849
525
978
593
709
324
545
1017
959
905
704
751
785
591
1144
710
891
838
704
306
736
306
893
580
1528
1525
517
598
403
1262
467
1307
1339
517
201

12
100
14
7
7
16
13
11
12
9
17
14
19
11
19
19
7
19
12
17
13
15
20
15
14
16
18
8
19
19
15
19
5
19
19
15
15
16
10
10
7
18
18
6
15
9
18
19
10
10
20
11
17
13
18
14
18
14
11
6
18
15
10
12
7
15
7
8
7
16
19
13
7
12
7
16
14
8
18
12
9
15
17
10
5
6
14
7
14
5
17
18
10
10
16
8
7
12
8
6
17
13
0
206
488
487
581
424
771
826
568
316
764
262
942
671
739
310
394
111
763
767
29
164
731
701
40
746
872
964
577
600
64
584
509
161
531
347
930
895
669
75
286
559
153
967
644
827
64
472
276
417
734
816
861
902
523
133
579
260
171
969
413
396
341
224
800
761
909
186
333
388
320
832
964
964
657
348
204
93
156
139
120
526
279
326
963
140
293
528
428
133
604
691
524
126
500
197
153
85
807
744
494
335
513
828
1209
1073
1009
1204
750
818
995
719
1606
1010
1070
445
990
390
1134
1202
493
374
1196
1350
482
1319
1244
1503
1196
712
264
675
710
262
870
444
1008
1552
744
163
691
1000
335
1166
1063
1082
343
838
511
957
887
1444
938
1383
1045
742
1010
427
732
1043
546
435
561
599
975
1164
1477
598
388
728
828
1326
1094
1131
703
952
468
273
791
740
236
548
673
801
1030
394
403
1144
805
419
739
1299
960
722
1024
659
238
431
1245
1163

13
100
6
5
6
13
7
10
8
9
10
10
20
20
11
8
12
5
16
10
20
16
13
6
17
19
15
18
12
11
12
10
17
14
20
6
15
16
16
12
15
19
7
16
8
17
8
5
19
16
17
13
11
9
5
10
10
12
9
8
7
18
6
19
14
17
11
8
7
6
11
14
15
8
7
14
10
15
20
17
12
10
14
8
11
17
11
6
16
17
7
20
9
13
17
19
18
9
14
6
17
10
0
604
202
15
58
343
283
746
205
181
188
163
388
239
315
798
747
416
489
450
841
561
497
387
63
748
286
705
610
313
215
161
717
281
337
743
429
458
14
176
230
440
550
283
48
406
142
571
156
824
432
363
446
610
138
38
501
248
574
725
621
205
377
409
726
202
570
531
26
762
41
754
858
595
729
596
204
469
741
353
876
674
229
646
76
874
107
396
207
531
900
852
576
383
250
733
111
413
72
247
116
814
650
619
491
761
380
978
629
483
513
662
722
301
780
835
777
900
986
965
1274
734
1125
744
477
1234
632
905
1108
443
467
316
812
687
596
1253
597
870
369
214
814
463
850
510
396
567
366
895
422
893
753
569
923
656
661
322
920
722
1184
1337
685
730
818
559
1258
250
863
801
396
1320
326
1151
1062
883
743
923
819
893
1351
672
953
1004
673
1276
464
1363
239
897
444
896
1137
1272
969
925
705
980
200
739
299
768

14
100
20
17
16
13
19
16
11
14
20
19
7
19
17
10
17
17
14
12
9
8
9
20
13
8
8
19
15
10
12
14
12
19
20
20
20
14
14
14
20
19
7
16
16
5
18
12
9
13
13
9
18
14
13
12
10
9
20
19
10
19
10
14
10
12
11
7
7
19
20
9
7
14
7
7
11
12
14
12
15
5
9
13
8
12
10
8
14
12
11
18
19
16
15
11
12
8
12
9
17
8
0
533
638
193
671
83
15
136
409
971
645
377
870
76
655
92
554
419
885
270
349
184
763
348
342
431
586
423
762
409
321
3
387
470
421
651
142
329
708
529
258
775
836
82
690
540
370
924
129
400
11
309
312
262
25
926
64
330
369
728
651
21
564
377
923
776
834
945
864
491
573
704
929
572
616
331
941
467
428
566
779
666
639
671
684
918
67
551
458
793
632
22
304
227
362
70
640
238
808
571
443
866
746
417
1181
569
154
649
441
1622
1169
672
1252
346
1028
355
1039
903
1230
697
715
251
1386
970
386
632
756
926
1277
689
942
50
500
799
499
1022
411
550
1011
549
393
1044
1203
359
1280
896
446
1226
489
713
105
398
796
386
315
1017
179
802
950
1152
1268
439
833
990
1572
1399
1020
1021
1532
694
1139
1219
1379
853
1246
358
1328
994
702
1191
903
857
1184
996
1220
1516
734
767
946
984
709
306
424
890
452
578
1058
658
1281
711

15
100
6
10
14
16
13
20
11
9
18
15
7
20
14
13
15
16
5
17
7
8
18
6
19
11
19
11
15
8
12
13
13
15
13
19
14
15
18
10
13
14
13
13
15
15
15
19
19
11
20
10
20
14
12
13
12
11
6
14
8
18
19
6
5
16
15
10
9
11
12
20
6
8
12
11
6
8
8
11
5
14
16
13
11
9
12
9
6
15
19
5
13
12
7
16
16
10
10
13
16
15
0
216
661
757
594
230
82
18
702
748
159
430
814
730
359
812
31
590
150
164
136
37
849
298
676
167
425
225
753
583
353
818
321
820
516
814
915
656
285
786
499
42
731
883
359
823
541
436
720
565
447
395
183
534
237
583
292
160
323
320
940
43
441
76
268
10
837
395
849
94
410
487
768
424
946
309
759
292
564
8
317
932
646
536
701
911
850
270
38
18
814
917
355
564
167
481
384
190
327
784
390
319
1104
1231
1161
497
677
440
923
1235
620
1046
1254
917
728
1176
185
683
427
681
602
403
1323
450
1266
575
859
811
1169
1152
898
1211
853
1425
545
1320
963
776
873
856
935
216
1374
1131
837
1392
663
740
1161
785
601
609
291
908
834
820
344
752
880
800
1562
305
807
344
781
611
988
808
1282
744
791
1103
845
626
1110
340
1077
351
1089
367
682
1135
911
933
859
1351
1333
777
630
422
1154
956
580
599
187
523
578
251
864
1383

16
100
7
20
18
16
11
17
7
10
19
7
7
8
19
7
19
7
18
12
17
6
19
10
7
14
18
19
19
13
15
15
7
19
17
7
5
7
19
19
19
11
8
6
6
20
11
10
13
5
19
11
17
18
10
6
19
16
13
7
10
20
15
11
9
13
8
10
12
18
12
13
19
19
9
20
16
14
6
17
15
5
11
17
5
8
14
8
6
14
11
15
13
15
17
11
7
12
16
12
19
19
0
460
558
62
238
227
772
581
901
529
880
574
519
288
49
739
939
946
513
281
844
687
408
168
83
864
202
392
778
887
283
552
387
792
619
41
431
295
329
413
1
41
345
414
638
600
258
739
410
98
245
302
853
519
138
119
771
391
733
463
540
307
373
611
570
927
593
383
202
599
340
221
952
237
274
951
118
410
541
945
863
186
959
495
651
77
525
522
558
290
373
590
254
467
307
722
873
845
784
412
575
725
885
277
394
498
930
1159
1120
1044
1487
1002
1107
935
562
797
1550
1315
676
847
1082
750
953
705
188
893
571
922
1388
949
907
708
710
1326
805
213
589
479
451
761
183
584
537
641
685
1115
275
1380
1048
243
713
859
966
1030
327
699
814
749
1014
1110
803
700
501
1023
996
1064
746
1003
606
695
627
298
1415
708
575
1476
266
664
904
1588
1379
410
1208
793
834
710
677
778
910
776
527
1062
389
485
329
921
1353
1378
1226
748

17
100
8
18
16
13
20
14
7
7
10
6
14
14
6
8
14
20
6
16
15
15
17
9
7
16
10
11
11
15
15
20
18
10
20
16
11
15
6
15
19
17
14
17
18
8
5
8
13
6
5
16
5
18
14
18
7
6
7
12
16
19
7
6
6
9
6
16
17
18
16
8
11
11
8
19
10
17
16
15
11
12
19
6
5
19
13
10
11
6
18
10
15
6
10
12
9
7
15
9
6
14
0
161
377
8
742
532
314
444
320
624
22
134
313
520
387
752
494
662
348
577
190
45
598
400
753
312
533
453
288
265
245
487
828
427
617
56
301
372
525
180
423
225
640
714
121
910
72
58
150
887
796
666
369
350
652
541
742
600
798
615
300
456
195
902
567
204
269
746
390
361
539
664
545
289
151
129
471
332
689
659
64
682
590
340
718
630
232
96
305
516
750
538
13
37
119
583
380
673
576
398
548
456
949
479
1352
836
875
1046
616
1232
484
271
502
635
755
875
973
1260
706
807
511
648
1175
995
1059
816
889
523
744
869
313
1092
1317
840
996
288
665
976
830
781
589
459
1167
913
539
939
445
452
202
1101
1085
759
507
648
1125
780
839
1141
1182
849
771
768
246
1164
830
346
436
781
550
788
794
1075
794
368
405
312
980
810
1076
792
492
747
787
727
806
788
781
347
732
787
1283
1060
341
430
168
968
677
984
1166
814

18
100
12
8
9
13
16
5
10
15
6
12
15
8
17
16
20
11
16
8
18
12
5
18
12
11
17
9
13
11
17
6
11
13
15
15
17
5
10
5
19
14
15
18
15
17
6
17
19
13
8
18
12
18
12
15
6
9
7
19
6
11
14
14
16
11
19
5
12
10
14
9
9
12
12
10
15
9
9
7
5
10
14
12
8
18
12
14
19
20
17
20
6
8
11
18
15
11
7
16
7
16
0
228
916
731
79
289
29
781
498
472
606
757
673
728
761
784
538
786
382
697
671
50
169
271
330
814
15
450
855
43
37
384
254
127
552
404
669
580
560
169
569
158
359
254
806
223
400
117
113
672
130
744
802
657
130
231
234
74
99
858
929
82
663
74
922
492
623
720
17
674
405
795
320
869
557
886
374
342
438
752
399
413
867
819
254
429
41
569
185
305
444
275
874
489
246
849
737
866
875
805
40
661
1273
753
404
760
461
1366
732
676
1091
1187
917
1152
836
993
689
1278
866
744
935
199
551
558
644
1065
551
907
1180
128
228
586
433
367
983
942
1143
1117
691
666
712
791
850
625
1252
423
468
737
348
1256
625
943
833
1048
193
697
715
404
261
1082
1460
215
1151
221
1279
740
693
1108
448
1159
915
1220
806
952
962
1103
467
698
766
917
903
972
1056
873
310
857
526
633
416
607
1040
690
1154
802
603
1025
848
1001
1403
1144

19
100
16
9
11
9
9
8
7
18
8
19
8
6
20
12
7
7
12
17
13
18
8
14
6
13
18
14
5
15
17
19
13
18
11
12
6
16
12
12
16
6
12
9
5
18
17
10
16
9
6
17
12
7
14
8
10
20
12
13
15
6
14
15
13
5
18
15
17
17
10
19
12
19
10
12
6
14
13
17
10
11
15
14
18
9
12
6
8
19
16
10
7
16
19
6
17
9
11
14
7
16
0
337
512
179
328
3
2
595
822
881
15
557
287
795
483
122
396
800
895
735
311
797
592
296
478
773
714
881
911
61
60
402
349
422
784
235
399
714
395
87
638
82
852
71
846
209
80
755
60
376
393
737
250
923
105
124
629
502
15
217
578
856
329
342
916
820
211
682
163
678
602
921
564
447
209
781
129
223
146
594
277
76
660
578
726
209
758
681
67
730
875
565
568
814
859
688
406
318
812
335
428
909
1049
221
806
39
275
1022
1415
1072
553
863
770
983
1043
333
1005
1142
950
1006
366
1238
866
721
758
1255
1055
1209
997
654
533
737
366
582
1093
340
894
793
913
684
851
475
1223
327
1211
724
603
1150
648
875
695
1121
633
1413
212
548
989
698
187
702
1164
961
695
489
1146
1177
419
879
697
943
878
1435
758
740
245
1121
404
788
227
1146
825
570
1235
1166
783
827
1113
994
433
824
1121
1085
787
1380
1417
823
934
699
1024
769

20
100
15
6
7
19
19
18
8
9
13
7
8
6
19
8
13
7
12
15
18
15
5
17
13
6
9
13
19
17
15
5
18
15
12
14
12
16
9
18
9
6
15
12
9
20
10
15
17
8
10
13
7
13
12
17
14
6
10
16
18
20
7
10
12
15
5
5
20
9
12
11
18
15
6
12
8
18
10
16
11
6
14
17
6
18
14
12
17
14
12
15
13
12
11
7
6
11
14
15
16
8
0
564
169
621
731
496
817
839
633
156
644
392
61
832
857
276
164
40
35
472
478
276
732
541
478
808
555
688
650
90
248
667
828
873
11
815
429
402
887
759
142
200
892
80
513
304
891
164
657
467
657
462
833
846
128
372
141
735
124
890
439
754
16
651
371
605
452
778
738
573
323
260
508
726
689
903
72
463
238
770
268
653
520
721
874
883
18
199
911
505
813
397
792
617
446
187
338
900
137
190
65
873
237
875
1262
669
929
1433
847
516
1009
512
332
1087
1224
682
183
413
170
495
673
610
1315
627
565
866
972
1025
737
205
528
1241
1300
1492
434
834
818
431
1065
849
255
358
975
672
662
551
1303
591
1046
782
1162
821
884
939
305
587
590
1358
694
1370
839
1113
438
772
620
951
1038
1284
859
902
345
858
874
1176
983
1258
420
755
592
1229
549
1230
802
994
1409
1398
523
591
1050
1071
841
876
1153
916
526
501
831
1038
229
340

21
100
12
8
8
6
17
16
14
10
18
12
5
19
9
14
6
19
19
6
10
17
10
17
8
8
8
9
19
15
17
12
19
12
20
14
15
13
6
14
19
8
9
10
15
16
8
18
6
7
8
11
13
20
6
9
7
13
12
10
8
16
13
10
13
14
6
9
5
12
18
7
10
7
13
18
20
18
9
12
8
5
8
11
7
14
10
11
16
18
6
7
18
5
8
12
9
10
13
15
18
13
0
785
624
825
616
91
146
336
186
703
750
642
176
237
521
450
234
421
693
358
322
111
38
702
167
143
871
74
257
33
383
555
489
791
106
331
192
82
74
193
93
226
735
144
141
154
509
165
5
700
478
35
602
579
563
694
117
858
433
281
684
621
192
650
487
739
732
618
799
210
589
640
73
229
750
490
115
438
5
427
37
728
320
751
356
178
353
460
32
264
165
579
819
366
581
409
835
720
669
293
419
1348
1187
846
1206
443
658
523
279
961
1084
1034
714
397
793
738
770
430
1228
727
550
129
512
830
562
564
1143
92
504
95
624
635
693
956
699
454
714
159
267
332
667
707
1297
625
365
713
837
714
140
1277
897
358
1128
638
887
997
518
1302
593
576
1195
676
617
841
661
1288
1256
718
924
785
727
968
198
326
1266
508
444
929
552
831
239
1092
569
1164
718
605
489
737
277
481
708
1096
1135
587
734
735
1378
898
1143
767

22
100
14
10
7
18
8
14
6
9
17
6
10
14
18
7
16
11
17
8
6
11
7
6
6
6
19
15
6
18
8
11
17
18
20
15
7
9
7
5
11
10
16
6
8
19
11
11
9
18
8
19
6
6
19
20
15
20
18
18
17
17
7
19
8
20
15
13
18
8
18
17
15
7
11
8
9
10
5
19
16
10
13
15
12
14
13
19
13
9
11
20
13
7
8
8
8
18
7
13
10
12
0
181
181
652
255
775
51
12
826
790
856
846
589
915
147
155
543
553
319
418
540
810
223
888
227
847
233
889
780
165
583
304
325
500
829
400
308
613
449
303
102
636
156
527
784
49
273
601
881
447
346
360
419
857
8
219
681
420
671
800
380
801
726
913
454
178
356
695
747
563
369
620
780
103
137
453
719
375
185
794
69
323
715
249
304
435
714
83
674
727
860
186
764
529
178
57
888
181
690
572
82
641
726
690
512
1088
63
335
951
831
942
1039
1041
1007
763
201
905
988
455
902
987
1236
742
1086
433
1432
346
1393
938
412
1058
331
671
740
939
974
611
1214
796
617
544
817
455
1136
819
408
322
1077
1143
516
439
408
806
1295
60
596
1279
964
825
1417
515
1047
1220
1513
647
271
783
942
878
887
515
836
1343
511
647
728
1120
483
676
1031
110
573
1058
442
738
518
1268
351
1157
1091
1473
771
861
872
771
359
1202
756
1274
595

23
100
5
17
7
20
9
5
18
17
13
7
13
20
13
15
13
9
15
6
9
9
16
13
9
13
16
6
19
15
8
19
15
19
19
10
5
10
7
12
13
15
6
15
10
15
18
8
12
11
16
11
16
14
13
13
20
7
7
19
8
14
9
14
17
16
8
11
10
12
18
11
17
7
6
13
19
14
18
14
15
14
10
18
14
19
6
13
9
15
16
18
15
11
14
14
9
14
14
5
7
10
0
531
556
831
14
679
311
609
818
368
705
838
308
458
823
695
763
881
17
390
550
495
368
97
333
894
119
285
273
194
88
188
12
337
870
113
390
629
503
522
639
102
786
744
458
423
583
678
719
589
452
777
796
769
732
798
516
852
334
221
939
594
197
817
552
233
628
22
93
866
288
292
232
594
265
292
575
949
127
718
386
591
788
69
911
298
109
843
231
39
851
527
456
747
729
177
148
129
336
236
227
1110
955
1007
544
968
848
960
1291
561
856
1319
561
657
994
1279
1399
988
204
972
1015
1037
773
691
387
927
744
854
838
744
611
591
647
617
1023
351
833
1270
808
964
905
680
1076
861
690
998
715
829
1037
1161
1046
926
961
1192
1187
888
876
970
811
416
1540
655
279
879
753
727
1068
221
207
1243
614
382
714
1082
385
459
1211
1347
383
769
744
883
1080
586
1017
786
441
956
459
244
1413
813
803
1057
1136
679
297
478
516
469

24
100
13
11
12
12
11
9
13
17
5
13
18
14
17
7
6
9
17
10
17
7
9
6
18
20
18
13
6
20
6
17
7
12
9
15
9
9
12
7
11
11
8
14
18
9
12
17
17
19
14
12
13
9
17
10
5
9
10
16
9
7
18
6
6
10
15
11
20
13
15
15
13
6
10
15
5
13
8
13
10
15
19
7
6
6
19
15
12
9
6
12
13
18
6
6
17
7
9
12
6
8
0
154
331
353
628
232
593
172
93
218
768
263
166
274
234
736
85
30
610
870
552
452
735
273
794
505
192
678
735
387
682
182
424
717
231
221
690
683
194
439
677
295
762
2
593
127
569
656
82
181
619
292
555
7
102
368
128
866
96
159
22
647
80
316
559
740
647
113
351
688
820
322
472
678
758
484
52
855
873
787
843
856
249
780
209
826
293
794
581
301
738
31
817
592
57
696
151
59
533
751
209
277
539
654
959
463
984
682
626
433
1326
678
626
529
496
1258
131
476
896
942
956
592
1283
364
1080
992
354
724
1162
889
741
218
450
1284
733
739
761
989
443
774
941
796
1340
474
1012
238
930
847
291
706
849
687
903
463
224
380
230
1314
209
712
85
660
556
366
908
760
1129
569
746
732
1268
408
798
719
1072
601
145
1059
1211
1335
869
1346
750
1055
734
1189
318
823
726
360
856
378
933
609
529
765
577
311
777
1171

25
100
17
11
15
17
16
14
20
6
14
14
14
9
15
7
14
15
9
19
6
10
13
12
13
10
7
17
12
7
18
7
18
13
10
13
14
15
9
8
13
5
18
8
9
17
13
9
7
18
14
11
12
17
15
15
13
18
9
17
15
17
6
10
7
10
8
19
9
11
19
13
10
17
14
17
16
12
12
19
6
15
18
10
16
8
16
9
7
7
18
6
15
15
6
6
8
14
11
13
6
15
0
224
324
450
512
847
677
345
275
15
634
711
105
273
468
770
817
487
109
435
304
553
42
54
34
190
395
3
779
223
914
419
756
351
344
837
534
859
713
31
860
397
142
476
547
100
156
20
163
573
888
358
5
146
824
902
907
495
566
201
100
81
259
516
900
140
381
429
505
880
225
927
763
494
32
507
607
757
173
77
99
117
552
672
870
411
140
779
306
678
747
502
578
461
43
740
60
34
275
877
256
506
348
1040
671
1384
718
965
400
51
1221
815
420
812
1025
912
939
808
716
775
776
649
198
406
593
310
666
22
1300
332
1479
446
961
377
656
1407
656
1199
1281
580
1080
753
327
980
1123
275
582
328
239
889
1518
582
406
630
930
1377
1356
1112
618
519
536
292
302
706
1416
453
736
680
824
1160
472
1033
1104
714
479
1100
1087
1070
735
123
317
629
830
1255
995
567
672
1087
423
1249
866
1044
1192
1062
513
901
488
496
716
1072

26
100
16
5
10
15
13
11
7
20
8
9
12
11
16
19
20
11
11
18
15
6
14
8
12
8
16
8
18
9
19
18
18
18
9
11
12
7
9
7
6
15
7
5
11
18
14
14
18
9
20
15
18
17
15
6
8
19
16
16
12
15
19
7
15
19
9
12
17
8
6
17
13
7
10
18
14
16
10
13
19
11
14
9
19
14
9
7
8
6
15
20
13
15
9
19
6
11
15
13
7
12
0
449
64
67
83
264
508
140
73
685
719
464
89
395
830
199
629
617
914
755
695
858
74
51
358
835
774
603
905
178
811
402
429
331
575
760
389
243
398
111
60
742
393
317
108
613
441
166
774
239
346
738
682
562
672
157
781
867
478
498
402
283
79
590
423
767
287
304
498
315
545
556
605
799
750
824
530
135
598
276
863
813
286
533
92
669
239
910
885
796
821
346
149
272
647
683
722
240
183
746
162
677
521
508
525
593
722
790
685
1058
1120
514
533
733
1409
249
876
1255
1405
1120
1050
1116
669
265
935
977
1247
1078
1291
433
1125
973
908
943
702
1105
1018
661
807
223
214
995
609
351
604
960
696
636
1084
845
934
858
945
954
1222
249
1267
1463
1079
972
421
377
393
1114
855
1112
320
536
651
613
856
765
1084
1337
968
1315
989
484
746
625
1300
1372
333
1148
186
1172
251
1530
1072
823
1280
848
174
794
1102
884
755
428
769
979

27
100
6
10
16
20
8
18
17
17
20
11
19
20
16
18
8
7
10
13
18
15
11
19
6
20
13
18
18
15
9
8
8
16
19
6
13
8
17
10
16
19
19
10
10
7
16
17
5
6
11
14
6
12
13
17
17
13
11
8
15
15
7
20
17
18
9
13
6
13
7
17
12
14
17
16
9
13
10
9
17
19
17
10
12
8
11
14
7
13
10
17
8
15
5
8
12
5
11
8
16
5
0
45
587
345
655
758
372
797
312
286
725
547
66
689
950
15
296
201
114
172
247
824
160
465
550
416
165
411
470
570
508
104
315
3
861
163
779
939
267
167
97
94
422
883
853
356
354
757
576
453
811
547
881
591
828
845
690
465
950
645
664
890
374
787
606
723
561
395
734
335
678
647
39
433
297
148
729
801
415
92
505
193
98
613
761
8
821
773
63
595
517
777
25
445
876
727
581
471
352
233
215
555
767
912
1198
1109
475
945
396
369
1037
795
108
1203
1575
259
423
453
364
732
301
1293
465
559
1148
524
514
1019
778
1087
979
420
534
64
1372
423
1260
1507
580
619
341
163
435
996
1268
374
564
1018
853
1086
1378
1053
1353
614
987
1185
1236
991
1537
980
1288
1339
978
1164
981
1345
836
482
1038
661
1094
1191
59
821
878
331
931
853
947
127
1071
811
230
927
1123
154
842
1159
255
765
542
1298
280
783
1523
1142
1222
481
751
243

28
100
10
16
16
14
14
9
9
13
14
14
18
8
19
11
10
6
14
11
18
14
17
6
7
9
13
7
17
12
12
16
5
8
8
11
16
12
14
18
12
7
15
13
16
13
20
8
16
15
12
5
13
11
19
19
18
14
17
16
18
13
19
14
15
5
10
15
8
16
14
17
9
7
20
11
10
9
14
11
18
16
10
5
14
13
8
8
18
14
20
20
15
18
12
19
17
19
15
7
15
10
0
312
471
532
921
811
956
487
332
132
574
780
753
713
666
452
298
364
351
388
103
539
861
281
278
881
874
941
474
612
836
313
651
273
313
556
125
779
457
768
325
191
548
602
472
886
693
158
486
981
629
739
309
405
817
724
120
375
680
967
486
134
170
214
10
179
521
844
351
105
521
509
461
304
872
798
697
549
210
634
637
779
251
609
453
47
692
714
463
942
355
964
864
674
920
145
199
719
258
220
313
657
623
1087
1357
859
1012
592
644
762
1066
1183
1390
1030
875
1075
943
675
853
904
149
1020
1425
511
759
1071
1128
1405
975
1058
1214
811
948
446
953
966
400
838
809
1189
915
741
669
948
633
1400
1232
793
754
1101
1029
847
471
957
848
1214
293
692
751
1116
1033
621
456
741
308
286
932
1218
979
754
884
906
670
646
1445
1208
1336
877
652
741
958
957
474
1243
475
306
1127
793
1036
1156
454
1535
1005
1166
1371
175
718
1060
574
300

29
100
7
12
10
14
7
17
13
19
10
11
15
10
7
10
11
5
7
14
11
15
6
11
19
13
11
12
6
10
18
8
7
13
12
8
6
14
7
8
11
10
6
11
14
13
10
12
15
20
19
17
17
5
15
18
11
19
13
18
11
20
11
15
17
18
7
20
17
15
19
11
19
11
16
10
6
7
9
10
11
9
10
6
11
18
11
11
15
14
11
16
7
11
7
16
17
18
19
13
10
9
0
555
3
101
396
320
69
575
716
383
173
344
107
78
743
551
300
370
218
487
737
397
29
704
389
899
859
107
165
317
664
605
94
143
823
285
619
684
550
639
333
166
624
531
406
409
279
600
689
712
23
890
490
675
649
704
59
19
202
17
136
511
293
411
182
798
535
269
37
303
787
587
76
233
71
497
27
360
833
716
714
797
50
439
601
57
676
372
618
475
105
189
854
306
191
345
759
136
83
218
162
683
531
552
658
618
184
694
985
731
798
406
316
188
826
1131
781
891
309
1051
1270
938
456
1196
678
990
1040
119
516
668
1269
1062
607
191
1195
351
699
1167
721
1115
918
298
1240
907
790
610
621
1010
884
790
616
1112
827
1073
938
883
339
68
507
530
267
1033
509
884
197
1035
656
790
198
521
933
623
522
410
267
637
99
433
941
885
952
1173
206
951
1133
374
1051
731
858
1020
571
292
1418
828
672
784
1337
214
494
784

30
100
6
12
11
7
14
10
12
17
14
13
11
19
20
16
7
8
9
11
16
5
13
20
6
10
6
14
11
10
10
5
8
8
9
13
15
13
9
16
19
6
6
14
6
6
18
12
16
10
14
9
20
10
20
12
12
13
11
10
20
19
20
12
18
13
14
8
13
9
7
9
9
14
19
16
17
16
13
14
9
19
17
10
7
15
14
7
6
17
18
10
16
7
8
13
19
14
11
8
20
13
0
463
479
905
80
660
193
345
90
230
370
836
674
140
894
373
514
847
242
758
206
628
128
251
781
146
736
583
869
877
464
417
185
313
675
687
801
336
646
386
886
138
835
799
199
272
574
486
881
366
882
855
599
364
387
914
518
819
588
124
104
58
115
918
336
412
705
148
302
31
842
872
394
70
709
387
803
68
886
753
192
193
831
469
834
759
901
602
94
101
36
698
484
677
290
159
549
365
134
827
461
583
944
1230
117
1084
395
896
136
638
863
914
748
352
1182
842
955
888
735
1133
656
876
538
753
1089
307
1026
647
1405
1214
513
814
361
650
831
851
1265
575
979
718
919
411
876
1261
686
574
984
1022
1311
657
1487
1300
634
981
882
1301
676
925
660
368
443
80
360
992
353
478
1084
628
847
258
1465
1358
427
163
1286
791
1308
199
968
810
427
635
1319
708
911
789
1144
960
672
317
612
804
714
1149
647
207
1131
484
270
984

