1
10
20
15
6
16
17
19
14
20
12
19
0
54
118
66
29
76
89
14
83
1
31
108
170
151
121
146
166
103
167
97

2
10
18
5
8
5
9
9
6
16
16
18
0
74
23
81
26
50
22
71
30
29
41
82
39
126
52
74
60
110
73
89

3
10
6
8
11
17
6
17
14
6
19
14
0
51
71
10
75
34
81
25
64
15
54
80
101
33
131
70
114
81
118
46

4
10
10
12
15
10
18
15
19
6
9
7
0
39
39
13
19
80
28
3
40
2
51
80
56
24
45
115
70
48
50
52

5
10
6
18
9
7
15
15
12
12
7
7
0
27
1
52
16
29
36
60
69
1
9
91
24
110
84
95
76
114
101
23

6
10
16
16
13
8
13
11
14
17
13
11
0
54
49
66
67
83
4
95
23
11
53
122
81
138
138
111
49
123
51
58

7
10
18
8
13
19
7
10
17
8
19
20
0
64
68
8
52
81
79
46
97
2
83
116
127
52
121
144
106
87
133
74

8
10
19
13
13
12
12
17
17
15
15
16
0
84
93
95
45
18
54
76
25
97
58
162
108
108
69
74
78
131
83
144

9
10
12
7
9
5
16
18
10
13
10
15
0
1
76
3
6
38
23
31
70
54
29
30
121
27
61
73
75
70
83
70

10
10
9
11
5
10
14
12
7
20
11
13
0
13
24
21
71
19
10
24
61
56
32
79
58
60
90
75
63
86
120
85

11
10
8
12
14
16
12
14
12
16
5
19
0
80
85
82
35
56
15
80
90
62
50
101
155
119
95
87
52
124
113
111

12
10
19
13
13
6
19
16
17
12
8
19
0
52
45
85
104
37
54
78
97
57
68
72
97
132
172
63
113
149
172
136

13
10
18
8
9
11
17
19
17
12
12
11
0
65
26
74
42
33
23
48
96
29
29
122
50
97
108
56
83
122
117
74

14
10
14
15
16
19
17
17
18
7
16
7
0
13
10
87
94
69
52
79
41
55
59
28
61
107
134
138
75
140
108
105

15
10
19
19
7
6
15
18
16
11
6
9
0
65
62
90
63
33
19
40
55
62
34
99
122
96
140
110
36
94
70
81

16
10
20
9
9
8
19
10
20
5
19
11
0
55
71
6
29
23
0
90
13
11
32
115
112
47
88
57
53
128
33
42

17
10
15
10
10
7
17
16
20
5
17
14
0
4
39
46
5
88
14
71
58
15
51
57
58
89
42
106
79
94
83
48

18
10
11
14
12
18
16
11
17
14
8
18
0
53
86
102
100
88
79
73
26
78
41
102
119
130
145
104
126
131
39
138

19
10
20
6
17
12
8
11
14
12
9
14
0
40
4
4
7
65
69
5
59
30
52
105
53
59
41
98
95
28
119
61

20
10
15
8
16
12
20
16
20
15
12
6
0
33
99
102
11
75
27
85
41
23
60
46
153
163
85
130
88
132
74
37

