1
150
14
6
18
7
19
13
18
13
16
9
18
9
6
9
6
16
7
6
10
10
18
18
15
11
6
14
12
12
16
18
18
18
17
12
17
16
6
9
14
11
11
15
12
11
12
13
14
6
19
20
18
16
5
15
14
6
12
7
16
11
6
5
13
7
17
5
7
17
15
19
6
15
14
8
17
14
14
5
8
14
9
5
14
9
5
12
18
17
8
14
20
17
14
6
17
7
10
6
12
16
18
15
13
6
11
19
14
18
6
8
9
7
16
14
16
16
7
16
11
17
16
15
6
12
15
12
12
16
18
20
15
12
5
8
16
11
16
10
18
14
17
14
5
16
19
9
15
9
6
15
0
1203
481
616
658
1377
669
1235
752
1204
1198
1399
903
805
519
179
258
302
648
536
133
960
1102
292
374
135
196
368
102
1130
745
1178
273
799
1096
934
524
1276
838
448
372
237
703
105
67
463
730
613
1306
127
89
219
330
371
1218
7
271
5
609
136
167
1267
1202
30
173
693
632
827
10
254
120
640
712
184
882
588
761
228
567
921
862
222
117
974
43
53
1259
544
128
1138
822
968
1268
1063
1401
689
1379
357
1027
449
410
399
1027
235
1228
219
349
335
1042
662
98
1250
235
1221
585
785
60
799
600
1317
651
362
875
285
255
489
379
781
134
183
51
1227
603
1209
1202
1041
1070
438
570
915
768
1144
136
916
427
466
1391
309
161
812
526
1812
1056
1317
1245
2053
1617
2006
1252
2085
1746
1462
1664
975
1371
860
557
1120
979
849
315
1616
1242
1150
937
954
694
669
832
1196
1110
2080
1108
1656
1630
1245
1117
1457
1468
865
491
944
980
703
562
518
1194
1357
1779
751
645
772
958
629
2135
586
478
796
709
354
851
1586
1418
692
713
1179
809
1488
781
751
854
1279
1637
667
1752
685
1403
444
767
1128
1142
768
313
1076
59
272
2007
1460
237
1448
912
1121
2119
1313
1735
728
1652
1003
1142
677
709
863
1257
348
1734
396
1205
678
1804
1003
485
1473
411
1774
1277
1355
427
1103
1174
1459
1602
782
1173
1059
575
1362
1051
1071
390
228
767
2128
881
1952
1392
1552
1789
508
1035
1829
1246
2077
785
1201
548
1370
1833
696
1089
986

2
150
16
12
7
16
11
14
7
10
13
20
8
13
9
13
20
5
6
18
7
19
15
7
10
13
19
19
14
12
12
13
6
10
16
12
8
7
17
14
10
10
12
16
12
16
15
10
15
16
15
7
16
19
8
17
19
12
10
20
16
7
15
15
17
10
13
16
14
6
15
12
8
18
8
11
16
10
16
10
14
9
18
14
6
15
17
11
20
19
10
8
5
15
14
6
14
12
9
8
7
9
19
13
17
12
17
20
12
14
19
7
5
5
7
14
10
5
14
8
7
7
15
17
13
18
17
17
16
6
10
15
7
17
10
19
11
19
17
13
12
9
14
6
11
7
18
17
5
11
19
19
0
289
200
501
1173
56
158
602
594
839
337
565
490
765
546
662
249
350
1060
970
478
236
375
1193
157
1386
1180
1381
1062
515
814
913
331
1209
1396
952
1034
843
261
641
336
726
168
755
715
1014
1314
840
986
833
429
696
1254
648
174
757
1238
356
136
877
551
60
1067
582
244
1273
747
296
7
1310
328
939
280
1330
979
1391
802
910
1172
1146
630
1035
1377
582
1060
1163
975
477
879
890
1258
276
1003
390
723
1035
822
222
806
1169
471
362
1161
858
1277
451
1207
419
169
1141
1245
1396
89
9
1418
1339
966
352
322
978
395
809
78
562
1235
1150
1196
1225
1308
682
1151
933
763
495
1303
867
852
192
574
446
1291
313
397
1096
1202
1113
774
1235
841
379
412
1071
619
1063
1524
257
354
1494
752
1665
649
1285
1317
900
1142
1135
1116
1118
1266
1843
553
387
1177
1620
781
1978
1900
1825
1710
765
1338
1806
674
1897
1716
1128
1491
1670
438
1080
586
1235
710
1595
961
1916
1981
1343
1550
883
730
870
1683
861
1100
1277
2164
1037
502
1312
897
482
1809
1379
726
1455
1574
1185
913
2189
746
1638
621
1790
1064
2149
1172
997
1260
1875
762
1090
1473
1066
1146
1324
1456
616
1536
942
2192
507
1444
426
1329
1126
1553
951
1358
1586
741
554
1901
1444
1366
564
2119
890
739
1915
1468
1512
217
252
1877
1821
1337
1275
1079
1316
988
1229
565
840
1971
2077
1837
1550
1742
1474
1811
1229
1550
1252
1421
1380
1297
735
1479
1356
1401
958
1124
1103
1794
1964
1703
2027
1516
1224

3
150
11
18
20
11
13
7
19
11
13
17
9
12
6
8
18
6
14
11
19
17
12
9
6
13
11
10
20
20
17
7
9
11
20
19
11
9
8
9
15
18
8
7
10
15
8
17
15
16
12
16
9
14
13
11
13
11
7
15
5
10
17
7
9
10
11
8
5
9
13
11
10
20
12
14
7
5
10
17
9
15
7
12
18
10
19
13
12
17
6
19
5
13
12
13
15
17
15
5
7
7
5
6
11
19
15
19
14
6
9
19
16
8
7
8
9
12
20
17
16
9
10
15
13
19
19
7
13
7
18
7
16
15
18
18
8
19
6
13
7
6
12
6
19
16
9
20
12
20
16
10
0
39
1169
495
30
908
913
94
922
920
13
423
1205
1349
399
1249
809
1245
793
130
292
554
1336
151
1335
888
88
521
508
154
1001
1227
423
134
1031
1006
733
1109
928
469
28
1197
447
712
170
821
356
923
1183
914
1076
570
404
790
928
1361
613
920
445
720
714
1304
492
1045
1358
685
664
175
478
1137
911
1203
41
1115
414
111
372
890
824
451
604
698
940
1103
964
266
1038
766
542
840
1145
1231
107
373
400
482
830
979
1169
580
186
1345
152
616
805
100
596
1077
319
840
153
977
139
511
989
261
1185
309
802
1293
989
13
296
1158
333
1077
998
446
619
172
1270
861
128
1263
409
708
824
220
676
747
641
512
542
399
898
138
832
946
1015
38
306
885
1507
798
407
1720
1602
618
1517
1847
798
474
1262
2196
1292
1909
1066
1410
831
574
791
982
2220
372
2093
1095
952
952
838
652
1766
1582
1284
958
1272
1829
1261
1730
1666
581
757
1488
578
1342
1009
1401
1257
1710
1976
1086
1862
852
1232
1507
1137
2179
1096
1189
1153
788
923
1445
632
1459
1439
1562
1062
1072
673
1177
1104
1517
712
1970
1065
214
726
1104
1681
624
1217
1567
1022
1899
1141
1084
1322
1172
956
1715
1230
1719
831
466
650
1240
1138
1765
2009
1253
239
2234
422
1108
1514
188
1488
1430
951
1192
304
986
227
995
1688
517
1473
635
1536
1652
1280
282
1062
1427
1156
1155
1239
875
1486
1087
1969
1089
300
1809
1228
1097
830
912
991
1121
921
1303
1017
430
1197
761
1724
1475
1418
846

4
150
17
15
14
6
19
16
14
20
16
17
19
11
5
12
18
8
11
7
10
12
10
5
20
15
10
10
9
16
17
15
5
10
19
14
14
17
10
7
12
18
18
14
9
17
18
10
16
8
15
7
12
14
11
19
17
18
14
11
16
17
11
11
17
16
11
19
10
11
8
15
6
18
10
7
12
14
12
13
15
9
8
12
17
18
7
17
6
16
16
8
9
12
19
12
18
10
18
17
16
16
11
11
10
11
10
19
20
16
20
18
18
7
19
11
13
5
7
8
11
15
16
20
5
8
15
15
12
11
15
15
10
8
8
12
14
19
14
7
20
20
14
19
15
15
10
16
16
8
18
13
0
1018
527
126
787
302
1383
1054
572
230
626
690
893
812
1051
808
945
564
163
680
7
704
876
907
262
1338
47
773
785
306
320
128
263
127
646
1217
1391
940
520
607
253
1263
119
886
1324
855
103
1022
1151
689
1124
984
727
281
870
396
53
790
582
1490
622
719
1009
591
618
91
1228
767
1105
1424
1147
55
553
1011
259
1321
461
559
916
1154
881
1417
1254
842
1182
992
910
1320
1243
1272
219
1311
518
1389
1113
750
608
514
859
419
1331
897
248
1372
391
112
990
1042
44
1036
532
27
1066
328
741
58
844
328
1448
1209
1192
653
1252
1171
1026
1030
398
194
349
1416
1332
1116
1098
1156
252
622
35
1114
1002
1378
928
90
1440
975
1010
1377
8
717
1277
1412
639
1443
605
266
973
1185
1612
1746
1318
278
1517
874
1036
908
1096
1277
1021
1478
907
1375
486
1687
966
1694
1036
2296
964
790
1601
1137
448
860
470
236
1323
1309
2380
1774
649
1207
575
2264
358
1494
2167
1843
1036
1464
1961
1518
1537
1166
1231
1130
1641
1345
810
1021
1363
2169
1122
1252
1254
824
1555
401
1790
1446
1413
2317
2127
968
1347
1848
361
1404
1109
1244
1917
1405
1855
2037
2179
1599
1521
1965
1396
1743
1797
2062
720
1743
1352
1980
1572
1615
1405
1000
1450
1053
1624
1680
1055
2258
1051
533
1168
1792
462
1968
758
249
1917
1082
831
311
1574
715
1897
2064
1650
690
1502
1227
1734
1563
850
1077
691
1560
1835
2017
1357
1959
1245
1206
72
1699
1068
1422
1039
113
2398
1453
1327
2136
623
1520
1870
2062

5
150
9
15
11
10
6
14
8
11
10
9
17
17
20
16
15
16
10
17
15
9
9
14
18
16
5
18
19
7
7
17
19
17
18
7
6
6
20
12
13
17
13
17
7
5
14
16
8
20
6
7
6
12
9
13
5
13
13
7
5
13
7
19
6
13
17
8
14
17
17
8
6
17
5
7
17
11
17
15
15
11
17
5
8
5
10
5
5
8
8
16
10
13
6
7
8
19
17
14
6
19
10
16
10
7
5
12
6
14
20
15
19
10
14
14
20
6
15
14
12
7
20
18
12
16
9
15
6
15
7
20
18
6
10
8
6
19
10
5
17
8
12
6
7
18
18
17
15
14
13
7
0
128
528
326
691
842
1145
7
17
212
1239
621
856
536
932
334
292
52
1268
1305
943
738
1238
561
715
748
394
538
489
545
859
1205
922
1185
497
1142
732
864
748
530
48
562
649
1034
929
622
539
926
554
427
473
693
232
572
642
1271
66
799
973
683
1096
1182
456
953
937
1186
126
6
694
31
796
671
1074
1097
804
710
59
839
1097
36
1139
48
1300
1186
1242
394
832
69
1118
1110
889
1108
583
624
1097
1135
1100
449
145
468
1065
1263
968
376
888
670
82
806
519
107
779
788
1118
690
113
532
263
866
159
890
504
1314
230
542
400
262
301
84
1347
856
650
1225
689
266
988
816
365
1046
277
325
235
936
498
776
1290
288
741
1078
43
837
719
669
964
1174
1462
1496
1386
698
711
258
1684
936
1612
668
1491
603
715
293
1789
1413
1753
864
1847
1455
1527
879
504
1237
1151
774
1100
1249
1365
1692
680
1811
1495
1438
1622
987
646
902
1345
1155
1169
1411
1246
1234
1239
1237
1148
815
697
876
1422
1372
889
1047
1357
1562
1571
1434
854
1264
990
1378
947
552
1389
415
1529
1043
1212
1552
1416
1522
478
1170
1575
137
1612
161
1584
1720
2133
685
1372
875
1260
1971
1214
1780
909
1372
1985
1729
1473
527
334
1241
1814
1975
985
495
1377
1447
306
1388
1080
361
877
857
1704
1086
153
932
963
1776
572
1638
926
2217
790
717
587
541
335
751
1780
1417
695
2128
1375
979
1479
1727
500
1691
1073
808
645
1546
996
1078
1390
489
1608
1776
810
1428

6
150
17
6
14
7
8
13
13
12
13
5
9
7
14
16
17
19
7
19
10
9
8
19
8
6
16
14
18
16
11
17
16
20
16
10
13
6
11
9
11
12
8
14
15
19
10
18
16
7
11
15
11
15
6
9
16
9
8
10
19
10
6
19
12
6
10
8
7
11
16
18
10
18
14
8
18
8
20
11
18
16
14
10
18
19
17
8
10
14
12
14
11
20
16
17
15
12
7
15
9
12
7
6
12
16
19
9
17
20
15
11
6
11
19
5
6
19
17
14
17
16
14
7
9
17
15
5
11
7
17
14
19
17
15
17
10
11
9
17
14
8
14
8
15
8
7
8
14
13
18
10
0
854
1148
775
392
1018
899
369
685
473
365
640
406
136
755
995
49
280
956
676
686
560
1197
724
408
939
1136
1368
197
1277
587
38
836
844
427
161
120
1193
554
444
342
892
957
350
1282
1152
1340
1401
2
919
1115
289
1063
465
873
255
305
570
47
1227
1114
704
409
876
805
345
176
1123
356
1161
1119
1174
659
1409
702
1415
221
167
150
668
48
1315
478
1198
840
834
340
1137
1073
1259
375
83
963
1375
957
347
1018
746
844
1248
180
1208
677
149
695
940
371
460
613
135
25
570
900
1103
491
834
978
552
452
1164
1174
879
343
790
51
1303
37
1133
880
1349
619
651
1018
242
15
1040
1154
573
1312
893
1103
1221
832
439
654
673
340
576
534
1390
356
1769
1636
1379
510
1173
1604
1301
1362
904
385
1175
1155
523
1420
1051
860
844
1044
1171
1488
668
2049
1257
1014
959
1464
2162
1012
1344
1210
661
1587
1073
447
627
556
1595
843
1208
1266
1524
1715
1240
1438
1476
1686
2119
357
1675
1228
1084
1795
1120
1018
609
1117
1133
262
1390
1513
782
548
1519
1658
1224
873
1398
564
1845
1990
1265
1617
1549
1657
1556
721
819
815
1284
842
2067
1301
1874
1688
977
844
1615
1927
1671
600
442
1528
2101
1120
764
1905
1326
1052
1862
898
1359
1087
678
1536
1824
1174
1286
803
771
334
620
1309
1379
905
868
1700
1511
1151
1344
1448
1045
984
1576
442
1510
679
1399
922
1469
776
1344
1857
903
333
1947
1698
879
1960
1109
2009
1476
1364
791
863
950
471
789
883
1930

7
150
6
15
12
16
20
12
10
10
9
14
8
14
11
8
16
20
17
6
20
18
5
19
19
9
10
5
8
6
10
9
6
19
13
10
16
11
16
16
8
16
9
18
12
12
19
10
19
13
14
16
19
12
14
9
16
8
8
12
10
7
16
14
16
19
16
11
11
15
16
15
10
19
14
13
14
11
5
17
13
14
8
17
6
8
7
18
10
10
12
7
10
11
20
9
12
9
5
10
14
8
17
17
11
7
16
7
10
11
18
20
17
9
17
7
5
13
16
7
6
19
6
15
20
18
5
17
20
10
9
13
11
8
6
7
12
9
6
6
12
16
5
15
15
9
7
15
10
8
11
18
0
1023
1049
699
613
1204
102
1184
425
264
539
252
449
1076
1300
1031
367
22
191
542
64
606
1225
99
141
425
389
831
439
563
149
819
562
773
759
76
203
714
835
1057
534
776
543
1313
334
813
78
292
467
1295
506
424
794
1082
995
1168
368
445
910
468
91
798
784
920
860
157
1025
792
486
486
620
130
248
1255
182
725
1040
854
615
1357
1362
763
375
14
420
1209
449
398
741
1035
801
111
1258
110
171
356
1300
552
799
839
965
982
1161
497
488
648
222
653
538
771
421
1057
558
768
1348
500
1208
14
113
677
1176
49
1364
316
1248
64
814
181
438
1149
109
485
1184
1164
431
349
165
1200
1128
41
957
8
139
552
402
94
555
1225
1356
509
602
1697
1691
722
1202
1993
213
1678
514
471
747
482
493
1679
1805
1873
987
584
401
711
283
699
1479
522
681
1241
1216
1387
659
1280
471
896
1473
1139
810
925
1117
1330
1410
1513
1455
1323
1154
2078
386
833
509
1151
1366
1695
1337
1161
1082
1250
1638
1461
1085
808
1824
554
959
1582
1439
1029
1148
232
1435
1187
833
522
1148
845
1170
1698
351
943
1448
1417
969
2180
1924
1548
1256
584
1069
1693
1034
1224
1665
1230
1615
903
1975
656
939
721
1402
1013
1679
1361
1749
1895
1276
628
529
910
994
1104
917
998
526
1659
776
935
2034
1328
2051
886
818
1077
1950
819
1754
923
1945
224
1327
882
627
1658
270
1245
1434
1365
856
612
477
1713
1368
84
1713
365
562
1464
1087
921
668
1499
1507
1439

8
150
17
5
8
18
19
14
16
10
15
19
15
9
8
6
9
6
17
16
11
5
13
16
11
8
9
14
11
14
12
18
12
18
12
15
7
7
10
9
9
15
7
13
17
18
16
14
9
13
11
6
7
12
11
17
16
11
12
5
14
6
15
7
15
9
13
11
9
13
7
14
17
7
16
7
9
15
20
5
13
9
14
14
12
5
5
19
19
13
20
17
9
9
9
5
10
17
18
6
7
7
8
5
11
14
13
7
20
8
14
13
19
14
15
15
17
17
6
8
7
14
16
10
10
9
8
16
18
14
8
9
17
10
5
8
6
12
11
18
7
7
18
13
9
12
19
12
17
6
18
6
0
168
596
889
1127
180
354
1263
1290
475
534
604
1066
762
460
915
508
697
1041
506
925
307
335
785
4
122
653
1120
71
557
574
299
528
761
569
1144
853
466
961
817
1188
1042
910
682
235
1315
1142
953
168
334
469
646
926
1317
791
59
275
972
1306
988
674
1064
624
540
651
1120
833
439
1068
1130
228
1009
1319
1127
735
404
1163
1187
743
266
567
723
727
1036
1280
612
357
123
1158
373
1142
133
969
593
1318
381
42
144
1020
206
471
1077
439
653
243
57
1028
1047
350
545
433
1012
900
617
552
466
624
1283
753
145
148
840
950
521
726
164
1265
332
166
442
304
589
301
922
87
605
1059
867
1017
1265
839
1261
257
724
900
1148
892
431
136
131
845
173
1014
1304
1853
299
986
2053
1713
681
789
833
1120
1059
695
1133
883
1443
1545
1156
1472
1045
487
961
324
342
1226
1456
681
1332
1164
984
1406
960
1335
1309
872
1203
1695
866
1896
1604
1266
1033
1078
2202
1314
1387
647
604
1011
754
955
1716
1649
164
415
1011
1464
1330
1089
1178
1358
621
1065
1753
1401
500
1891
1199
651
1205
1655
1532
1430
432
1372
1731
1343
896
1268
842
1164
1413
1648
1417
1259
978
1246
1017
1402
230
1580
905
1488
873
307
1019
1500
290
1133
1476
513
925
927
250
1196
1275
1169
941
665
1471
1481
675
688
535
1351
1548
941
374
880
1302
1334
972
1347
868
1524
1091
644
517
958
659
605
1459
109
1010
1700
1723
1641
2104
1454
1914
607
1398
1602
1506
1730
623
980
840

9
150
11
17
7
9
11
10
12
15
12
20
11
13
16
14
9
8
13
7
7
8
18
16
17
17
12
14
20
20
14
18
7
14
9
16
6
9
12
7
15
11
8
10
11
13
14
19
15
18
18
6
5
7
15
6
10
18
16
11
8
7
10
15
11
17
12
11
16
12
9
8
14
8
13
10
18
14
14
10
11
12
6
9
15
10
12
6
18
12
11
5
14
17
16
9
12
17
13
11
10
7
18
15
9
13
16
19
15
18
13
15
5
14
6
6
10
20
19
18
15
18
13
10
12
11
16
19
13
17
18
17
11
10
16
10
7
17
16
8
14
7
14
14
14
7
16
5
14
17
9
6
0
997
714
201
868
220
1185
1099
1035
1048
58
1223
966
658
690
923
1347
896
560
816
807
934
836
640
925
1371
1268
15
1325
166
1335
88
526
802
1194
149
650
435
909
844
774
898
1313
1039
897
471
784
1362
1309
877
1123
90
1082
46
1341
7
116
893
1002
674
49
1036
339
364
40
725
522
331
970
927
1153
588
46
748
1152
912
580
1251
117
468
678
974
713
1344
1050
40
727
956
1288
968
647
1101
976
609
1336
347
230
643
822
344
587
153
1283
1182
862
532
131
932
101
282
171
1165
861
123
71
1297
1070
185
137
410
1384
1287
77
615
879
491
1268
1139
946
1354
50
1053
59
1000
6
1239
714
1101
255
1055
1346
682
367
1329
153
984
1389
751
495
1371
47
1064
1557
915
1289
1039
1957
1848
1465
1201
287
1480
1260
928
925
1571
2018
1799
1234
836
1333
1686
1505
771
1517
1928
1788
117
2194
434
1659
434
739
1367
1225
431
1211
809
1408
1036
1221
1694
1603
1266
1826
722
1714
1747
1470
1719
1131
1020
1720
569
1532
628
925
932
1231
1110
477
1523
1120
580
93
1597
1054
606
1450
1174
1437
773
419
1607
1271
1305
1263
1268
588
821
708
1844
1606
1616
1130
734
1339
1662
1415
978
984
1751
1218
1118
1520
979
667
1110
1223
468
816
724
2184
1698
1009
1258
782
1870
279
1041
461
1443
1360
761
882
1435
1384
1073
608
671
1550
1875
808
873
1816
1029
1364
2040
1823
1490
393
1890
844
1438
593
1410
928
1297
1031
1823
1421
1407
590
2256
535
1176
2223
1155
1418
1973

10
150
13
8
8
11
8
11
11
15
12
12
12
6
18
9
11
17
15
7
14
12
6
11
7
19
10
12
18
19
19
15
15
9
16
16
6
9
7
19
8
18
14
18
13
5
9
15
6
12
17
16
18
8
18
19
6
10
20
18
17
17
14
7
6
7
11
7
19
13
16
10
8
6
19
17
10
20
14
7
20
9
19
9
6
11
10
7
16
17
18
13
12
19
12
15
17
11
8
19
17
19
7
16
8
7
9
8
10
12
16
9
11
17
10
11
17
13
10
14
20
6
18
18
17
6
16
16
13
10
5
16
19
15
7
19
6
17
15
6
15
9
10
12
12
16
12
16
9
11
14
11
0
857
1250
287
717
142
483
615
758
229
1131
1297
393
313
334
404
662
869
834
683
934
138
1060
1079
1069
645
646
254
271
2
465
960
514
721
1105
538
361
488
210
499
1265
472
1179
542
789
226
877
1422
534
1112
187
536
372
1031
778
350
1060
965
606
746
1081
423
1341
1100
1245
875
380
229
41
1385
575
129
406
1250
356
187
919
970
241
613
648
715
1217
351
592
415
1093
1092
1089
630
1313
1233
889
1221
445
1365
92
1249
1066
861
1305
1391
572
30
1222
903
1153
232
1144
401
943
737
187
1053
156
406
1119
70
1288
118
1109
135
212
1202
163
1340
1296
93
976
394
751
64
232
1240
1197
420
578
662
237
1075
620
1401
389
1398
695
699
217
1378
278
1109
829
1562
1647
312
926
513
1174
952
1354
907
1286
2086
1182
414
503
1088
1461
1677
1207
947
1775
595
1168
1426
1631
968
917
1018
430
66
1069
1723
1423
782
2000
1130
492
1146
288
871
1956
741
1694
1085
1484
866
1344
1484
1377
1492
1042
1457
789
1194
1294
788
1630
1779
1442
1409
1253
976
1536
2002
2077
1000
681
561
840
1595
1518
983
1276
2148
883
755
1201
1841
1052
651
1513
1111
1871
850
758
1299
1684
1984
1732
1195
1639
1509
1077
2050
672
1944
814
2077
1161
1500
1431
2125
966
310
1479
1527
1713
1158
1559
706
1029
1018
401
1248
364
1284
1500
266
1635
983
1718
535
588
1849
263
1830
1436
738
1106
1263
1281
148
964
1597
1628
882
890
824
888
1903
1553
1986
635
2333
1248
1474
711
1554
567
1729

11
150
19
6
15
19
11
6
15
11
13
14
19
16
14
7
11
10
11
18
19
20
13
12
15
17
13
17
6
6
10
10
19
9
16
15
12
14
10
14
14
15
8
10
13
13
16
11
13
10
14
13
13
12
12
19
8
8
9
5
10
14
6
13
11
9
9
11
19
13
19
12
13
17
6
11
14
10
9
12
15
7
16
18
16
14
12
12
6
12
18
11
8
18
17
17
12
8
7
13
13
16
13
20
19
13
7
18
10
19
5
19
7
6
13
20
15
9
10
12
17
10
7
8
7
19
8
11
6
18
8
19
7
5
6
11
8
17
15
8
9
19
13
13
8
12
17
11
19
7
8
6
0
916
89
1075
439
1167
1165
792
528
1204
499
588
1264
2
1154
361
29
962
1388
93
789
620
918
1
1298
74
154
940
401
630
944
237
983
12
30
1070
69
670
455
1380
28
677
108
1277
420
977
745
492
257
874
845
1211
804
220
335
339
1151
1060
8
436
327
765
43
1146
958
3
1300
339
437
899
1274
164
759
651
919
1357
738
446
305
454
373
191
709
1073
541
289
838
1072
1376
435
625
125
579
1378
283
637
573
1007
1106
655
738
437
1269
380
317
345
64
52
732
435
1057
1105
937
359
1161
864
957
1081
617
1024
285
828
25
727
736
1304
1342
21
412
233
1219
1229
911
1212
564
611
512
237
627
970
1044
754
1136
40
1164
1302
1387
600
968
637
244
1804
374
1471
979
1437
1922
1688
1342
1306
1252
818
1956
73
1324
474
286
1218
1685
563
1149
1288
1115
276
2080
978
367
968
1052
980
1114
473
1243
845
132
1503
309
878
1387
1411
253
1573
475
1957
617
1705
848
719
404
906
1218
1547
1370
1146
705
531
1180
1217
325
709
1160
1474
400
1657
1473
620
1786
666
892
1171
1647
648
938
1132
1468
1687
1104
1288
1230
1244
828
841
751
1852
722
833
1202
1441
1761
1271
1271
483
1391
1453
423
791
1428
1061
1510
1213
1623
1051
2045
577
894
659
930
742
1385
911
1901
1997
1385
1165
1776
1692
1404
1754
1350
1335
974
865
824
1539
861
2183
2095
323
1323
706
1962
1799
1513
1772
1154
901
708
817
1559
1342
1812
1489
1581
965
1298
2038
2058
975
1059
1362

12
150
15
19
14
7
11
8
13
7
9
14
7
6
14
16
18
14
16
11
11
9
11
16
15
7
17
16
8
11
15
7
19
9
16
12
10
11
5
18
7
15
18
6
12
14
17
8
6
9
12
12
11
18
17
7
14
6
15
13
10
9
7
17
8
19
7
15
7
16
9
6
10
14
14
8
6
10
13
8
8
10
18
20
10
13
17
18
20
9
7
18
16
15
13
5
11
14
13
14
17
15
19
20
18
8
20
16
13
13
17
15
9
16
10
16
18
7
7
20
16
13
5
18
14
12
13
9
8
9
9
18
6
10
14
16
13
19
19
5
12
16
15
15
16
14
19
19
15
8
14
14
0
1257
1327
840
1399
1211
240
1091
1251
918
89
135
492
615
740
192
542
970
339
1399
903
195
582
408
1391
330
149
319
291
137
1241
1186
940
1169
818
879
78
180
14
1165
370
134
470
393
523
177
1147
379
1120
1093
1357
342
947
838
807
1218
582
1025
966
308
849
374
1405
1030
67
271
1099
629
495
1289
1199
556
852
166
762
952
964
261
436
1153
1118
838
1333
404
818
987
1268
776
887
616
1224
768
779
151
16
98
749
1307
1406
1314
754
616
257
271
30
835
435
915
596
604
1174
865
145
304
324
340
334
125
1029
823
283
1262
502
464
1288
473
107
1031
1105
306
1198
646
961
1048
276
1364
794
940
604
137
204
634
1167
756
527
1414
36
1087
1314
270
73
1475
1928
1679
1428
1448
1129
1505
2178
1481
461
684
609
1539
1008
796
1231
1421
489
2142
1702
648
1364
1006
1794
806
279
861
954
188
1566
1380
1489
1872
1089
1346
915
657
271
1811
511
664
1282
1132
1225
1027
1328
1034
1331
1589
1968
972
1554
1508
1559
1335
937
1420
1758
1101
1530
1157
1911
1132
581
712
1547
699
600
2034
2149
656
1496
738
1291
1761
1706
486
1137
1431
1927
1741
2068
677
881
1293
2066
1610
990
872
2007
1721
1526
438
51
705
1659
2006
1794
1563
793
1003
825
789
359
1502
1220
1064
1080
1094
1751
1431
511
879
531
1240
835
430
1151
1406
972
1306
838
970
1962
766
804
1372
1512
1203
1359
1575
1092
1157
1151
1968
1312
1744
1414
422
499
1360
2035
1247
819
1795
526
1292
1899
515

13
150
9
17
19
16
14
8
12
7
19
14
9
12
17
11
6
9
9
16
10
7
16
7
16
13
7
17
15
9
7
19
5
8
8
17
8
13
14
5
8
14
11
12
10
17
8
7
14
15
10
6
12
13
14
19
13
5
9
18
10
7
12
8
14
18
10
14
13
10
11
10
8
8
7
17
9
11
9
17
16
16
8
13
10
9
8
7
13
17
13
6
14
20
17
12
12
9
13
7
14
12
17
16
18
15
17
10
11
16
14
12
13
11
11
18
19
12
13
11
17
6
16
12
15
18
10
10
17
8
19
19
18
19
15
6
19
13
9
12
12
11
20
13
10
6
18
15
20
8
9
18
0
624
730
1356
1211
193
1242
180
1234
1186
1139
218
591
341
1339
885
814
17
1139
1239
642
227
1335
1250
742
705
1005
1179
191
1170
1068
124
985
1235
551
1141
1249
699
64
269
412
273
1211
349
1186
671
1090
474
919
140
1305
549
433
907
1333
1098
567
884
1262
133
595
678
490
713
844
809
637
291
1333
1073
672
610
158
668
883
875
217
1246
885
393
51
353
1326
1319
1134
1131
72
35
430
645
892
1038
523
833
319
18
558
257
6
697
320
897
477
941
210
717
1280
166
132
656
1113
1218
1010
974
595
144
752
243
1267
1225
964
1234
691
456
873
683
966
1342
333
703
1213
631
954
671
1122
870
696
379
82
1347
281
1200
810
607
11
1145
638
1160
1179
1295
209
1121
1015
2253
1760
930
1815
316
1315
1787
1659
696
989
571
1403
1170
894
878
1645
2064
1518
986
2086
1602
1050
903
1448
1338
820
1655
1878
980
1644
1270
662
1952
1742
1136
552
447
1083
472
1260
642
1678
1072
1934
1197
1300
205
2163
1140
1299
1580
2239
1981
948
1167
2137
529
812
1514
986
1312
961
1169
1079
1211
1789
1198
1005
1445
173
1391
1552
1041
805
2191
1349
594
97
854
1861
2199
2037
1234
631
250
642
1344
1418
1473
1284
1015
799
233
801
696
869
1476
487
1768
1308
1161
583
1002
2058
687
770
988
1981
1783
1306
1583
1280
547
1255
1067
1593
1644
1165
1730
1389
710
1465
1595
1261
1828
1204
810
1533
716
1707
1068
1734
1600
968
1052
967
1369
441
1452
889
1160
519
1762
1460
1936
1749
1578

14
150
15
13
17
12
8
5
12
9
7
20
20
19
18
13
7
14
20
17
8
17
18
10
6
19
14
12
6
16
17
6
16
5
16
7
14
10
18
5
13
11
7
16
9
15
18
9
12
17
20
8
14
10
17
10
5
20
19
8
10
19
13
8
19
7
14
12
5
17
5
17
16
9
6
13
17
17
7
10
14
19
14
14
7
17
6
8
5
11
9
11
16
8
12
12
17
7
5
11
15
11
8
19
11
6
13
17
11
15
14
5
19
5
12
7
9
18
10
6
15
15
15
9
16
11
9
8
12
19
14
12
7
15
9
9
10
11
19
16
6
15
13
18
10
16
5
16
14
18
14
9
0
295
701
1085
1094
1130
567
956
1297
842
1136
883
1287
1383
1294
354
1010
59
389
553
1308
1226
1355
691
562
260
189
704
1304
1224
209
140
576
321
306
387
729
719
1149
64
578
503
676
409
867
1363
719
807
558
535
234
1284
1283
1133
1126
422
633
636
774
1357
1306
971
0
493
186
1324
594
638
978
535
384
1060
636
635
81
651
116
1033
842
1252
778
1195
1239
318
990
1318
259
90
1283
867
1169
303
813
1069
749
234
381
171
241
621
304
1383
350
832
90
190
72
1182
662
1381
420
231
861
656
980
1130
37
535
73
236
1240
966
298
1112
527
1148
1149
863
1155
1381
1251
200
843
1347
224
805
544
241
547
1271
895
677
849
823
217
1038
358
1356
323
346
264
576
1271
1294
1379
1226
1025
1551
2067
943
2044
1252
1744
1609
1373
1248
1322
94
1096
1376
1713
2081
1433
1628
994
912
1018
1417
1879
1962
563
795
1151
679
718
624
873
951
1823
983
955
711
1577
974
1025
1532
1177
1396
1443
1010
830
1365
2097
1957
1978
747
1244
880
1445
1456
1517
1083
121
1371
875
1955
1466
1022
1134
711
911
1716
941
1492
384
1139
676
1242
1170
1896
931
2056
1835
472
1801
1910
1161
408
2128
1198
1803
1113
1707
1609
1512
419
595
809
1022
1372
525
1940
479
1433
359
592
646
1670
1500
1741
1193
1035
1782
1041
1511
2060
968
1245
733
1058
2068
1270
1191
1824
638
1701
1585
1531
1698
1579
2149
330
1397
2247
440
1462
1343
448
1148
1771
1383
1146
1544
1723
573
1440
696
1403
519
958

15
150
8
18
7
17
19
19
10
10
16
16
7
10
10
13
19
14
9
17
13
6
10
5
10
7
14
16
8
15
6
9
18
12
9
8
5
16
6
7
17
18
18
15
9
11
8
18
9
13
11
18
16
5
17
19
15
15
13
6
7
7
6
6
15
7
10
19
20
9
6
14
19
18
19
18
8
5
17
8
6
13
10
18
16
11
9
18
9
8
10
17
18
7
14
15
18
11
12
20
9
18
16
7
14
19
13
14
19
8
15
12
9
10
13
19
16
19
7
16
7
16
11
18
6
8
10
11
6
16
11
11
20
11
6
6
8
10
18
10
13
6
11
20
7
8
6
19
18
10
19
9
0
1093
1382
1297
163
26
254
1361
707
320
570
799
363
370
1043
325
190
543
317
1310
720
1246
176
1162
750
479
584
773
100
284
1298
538
664
301
591
899
775
301
295
557
765
1000
757
1373
881
81
477
630
1138
442
642
467
889
1264
218
1290
756
5
1227
672
563
863
170
558
61
988
444
1342
241
1269
959
877
949
501
1334
522
905
345
1037
287
1383
697
995
405
266
389
269
1088
1268
851
483
1189
115
1344
905
1358
181
8
1021
1347
1361
418
425
1198
818
495
400
137
648
869
1175
131
149
1215
615
990
982
893
784
926
135
120
453
515
374
1373
762
422
613
324
715
543
50
649
35
614
667
448
1292
248
367
1233
1117
1215
165
1083
1203
230
1050
764
821
1116
1453
1996
295
392
419
1678
831
994
776
1676
628
952
1448
723
288
1364
421
1573
810
1524
425
1757
825
930
1084
1677
108
1090
2183
970
699
656
910
1184
1534
1116
320
1084
1652
1660
966
1450
1278
737
711
691
1196
1204
1323
1072
1572
2005
879
1655
1098
888
1587
1209
1160
1496
1000
1224
238
1484
1341
2160
495
1776
1029
993
1786
1362
2029
1439
1044
646
1651
475
2041
773
1149
665
821
988
1076
1584
1908
1367
715
1356
456
1491
1154
1919
922
325
1465
1391
1493
1044
995
1556
925
661
997
560
1009
1670
1959
645
291
1801
1301
1356
1201
1357
849
1317
453
719
621
1193
845
1792
1446
688
1168
1109
740
1188
806
893
944
1184
700
841
1513
830
1203
1542
2042
1913
856
1642
1512
806
1949
1374

16
150
15
9
18
16
18
14
8
11
6
17
14
9
8
8
13
19
13
5
10
17
11
6
8
11
10
10
7
9
10
5
18
6
19
7
7
14
11
14
11
14
20
8
7
20
8
10
9
20
15
15
6
13
15
17
15
10
8
16
10
6
15
6
17
11
11
8
10
6
12
18
17
6
9
11
15
12
15
8
17
10
17
13
12
7
18
8
9
8
18
9
12
15
17
15
13
18
12
10
17
7
11
20
17
15
17
6
8
12
19
12
15
14
10
13
6
7
14
6
20
14
14
8
7
15
17
20
10
12
14
11
8
19
17
5
17
18
10
5
17
16
15
5
9
6
17
12
17
9
17
13
0
555
1214
1178
1027
1336
188
79
1061
790
934
345
152
860
1190
102
405
985
1162
1098
1129
1240
454
263
321
800
766
971
148
877
707
1351
353
1348
1271
1348
1233
220
71
986
121
255
1128
1354
259
336
475
1320
918
599
430
159
1
278
456
444
1292
823
1003
818
1352
112
1167
435
356
1276
499
567
887
6
895
478
581
1324
1057
493
254
849
39
1138
469
753
995
293
1336
940
88
572
432
1332
1071
53
900
1070
707
515
1297
331
632
835
1188
179
434
88
923
659
108
1317
790
780
967
757
1283
605
240
92
99
847
1345
487
1308
210
804
880
755
952
1205
413
192
951
189
81
464
608
790
708
189
105
1310
565
1021
267
443
737
654
384
563
936
725
748
649
1070
2018
1545
1673
1389
198
149
1492
1509
1015
1125
1047
1128
1890
240
529
1799
1652
1922
1382
1582
1358
1078
1233
1471
1138
993
922
968
1168
1627
1260
2231
1684
1985
1495
1068
317
1380
1016
1158
1486
1403
442
1113
1124
1942
1664
1421
1304
912
501
764
908
715
2174
1371
1511
1165
1836
458
2088
1340
1042
1327
989
1347
1083
892
1335
988
768
1949
1175
850
901
1134
682
1860
1046
1454
1857
799
2205
1463
408
907
1041
1444
1227
863
1062
1647
1627
1430
1376
1100
945
1262
2087
1010
1066
610
1095
767
766
2046
821
1059
1083
1248
1949
865
605
615
386
1097
1891
795
1899
994
1627
1621
905
1841
1540
1319
402
1737
627
908
1164
1059
1583
1452
230
199
1357
1434
1366
686
718
923
1064
1074
1192
1053
857
1127

17
150
6
15
15
18
17
8
13
13
18
19
13
8
20
9
10
13
18
19
6
19
10
9
14
12
12
11
8
5
12
9
13
17
16
9
13
16
10
5
19
14
7
6
15
11
10
13
9
18
12
18
17
13
10
6
8
5
15
5
16
11
5
16
11
8
8
6
11
14
12
17
16
9
17
18
8
15
11
11
14
10
11
17
17
9
20
11
11
18
6
7
16
19
17
9
7
15
7
12
12
6
10
19
19
19
10
7
6
15
10
9
7
18
7
9
18
6
19
19
20
17
13
10
7
18
17
6
17
19
6
7
19
11
15
16
8
17
6
5
8
13
18
13
10
10
10
6
19
10
19
11
0
621
846
1240
249
78
400
466
645
334
1351
624
1288
651
455
787
194
1159
237
585
1137
1265
70
92
282
437
934
301
190
21
137
403
131
1276
149
1275
1045
1070
904
315
413
1204
1102
892
121
928
48
756
1207
1097
603
692
251
612
633
535
114
1118
1250
272
1263
618
1213
1067
257
281
237
366
443
933
1366
878
434
1058
515
1246
96
511
459
679
683
971
1330
608
40
406
754
987
1104
315
29
633
1355
826
980
616
842
1034
966
679
606
449
1170
191
19
922
1015
528
876
757
736
983
457
1167
216
354
784
154
878
455
1028
897
106
160
324
31
241
1144
102
911
847
91
1319
618
438
1009
948
1346
1300
222
1128
467
664
1275
675
210
646
1209
381
962
540
1493
946
1988
397
267
1206
883
1019
1121
1437
1279
2115
999
1375
1646
228
1915
604
1282
1219
1470
947
133
804
671
1726
510
538
138
1002
1341
852
1846
904
1326
1356
1655
1211
986
1329
1938
1950
1177
567
1566
930
1483
1312
1254
1525
1318
517
1007
1190
612
737
1310
1343
560
1597
1303
1735
1197
359
1093
816
775
1162
1180
1693
1690
584
1469
1076
1742
502
689
950
865
920
1906
1420
732
695
949
1390
1079
1326
1003
636
921
2275
1145
1444
969
888
1631
1018
1288
1197
1207
2071
296
553
1742
1029
642
1619
1666
1360
1491
1077
2043
326
489
1259
518
1215
1210
1274
1078
803
878
1076
497
588
1278
627
1107
1227
161
1444
1494
879
1693
1408
1993
2004
646
1749
532
1274
1553
776
221
879
1575
1242
1355

18
150
6
7
8
9
11
19
11
15
5
20
8
10
16
15
12
8
12
9
15
17
9
14
7
10
20
7
17
14
12
8
8
8
12
8
7
8
12
15
12
8
15
15
19
6
19
7
19
6
17
10
12
14
14
8
10
14
13
18
15
14
12
13
14
7
16
8
14
13
11
12
14
10
17
7
10
6
15
16
17
18
15
16
14
17
19
15
12
15
9
12
19
9
19
7
12
14
20
12
16
7
14
13
12
10
5
10
14
7
10
13
11
19
11
13
12
15
17
6
17
5
16
6
12
7
5
8
7
16
18
15
6
12
9
16
19
7
12
13
9
16
6
6
7
11
17
16
6
15
18
19
0
602
346
568
1225
1013
424
1254
1035
1284
1050
294
525
1198
391
362
818
788
1186
502
154
727
830
1359
963
480
534
1175
829
920
1056
559
949
1031
1131
491
639
875
380
640
517
433
897
239
707
1046
1061
392
285
401
449
457
735
145
1167
1084
456
622
1182
1080
898
437
611
663
407
23
88
1030
478
869
1207
465
483
952
512
208
95
1340
716
1126
553
1198
470
295
688
284
92
46
784
1249
999
237
604
652
621
1346
532
774
300
128
401
985
534
1333
832
739
1064
1151
288
369
720
182
893
229
842
206
1150
814
310
70
927
281
1088
1160
965
219
1357
758
359
1043
612
226
284
572
659
808
996
476
849
295
356
1261
256
356
104
72
1030
768
733
763
652
1482
864
1350
1938
1877
752
2108
1647
1880
1851
305
1280
1238
546
1088
1045
973
2070
1109
681
1229
1474
2048
1270
513
966
1592
1087
1063
1732
1403
1231
1625
1857
846
898
1627
781
1407
977
839
1661
896
979
1074
1411
774
433
929
623
1381
924
460
1322
1176
582
678
1402
1347
1451
1269
1290
693
591
746
638
1392
1241
1037
1363
940
1301
1819
859
536
771
2067
917
1522
657
1468
1360
1216
1591
701
501
812
1010
1888
1454
733
666
724
1528
2062
1436
1551
1083
555
1198
1891
1370
1429
1438
1614
1486
1535
1149
561
921
603
1270
856
1314
447
1423
1685
759
405
1565
406
1978
1362
1763
426
1455
1286
975
1096
692
466
940
1016
855
1051
1064
492
1430
687
900
1692
327
981
815
890
1656
1171
1133
1000

19
150
11
15
18
10
6
10
8
7
18
10
15
11
13
11
14
7
16
8
16
12
7
19
9
6
15
17
9
17
5
8
14
20
11
7
16
20
18
5
6
5
8
14
17
16
19
15
16
18
9
15
15
11
18
12
13
16
19
7
13
7
15
10
18
7
20
17
11
15
7
10
12
8
7
10
9
15
19
16
7
15
19
19
11
17
11
16
16
12
6
11
10
11
12
12
9
18
15
9
13
14
7
11
8
9
19
7
16
12
15
11
16
19
17
17
16
8
18
10
8
14
10
18
7
16
19
12
16
16
8
13
9
18
20
10
7
10
6
20
8
10
18
11
11
10
7
13
19
9
7
19
0
166
1127
433
634
824
367
314
205
60
758
640
265
35
516
449
647
1169
755
1362
772
164
222
134
876
1396
1034
710
73
918
99
1137
336
936
1191
766
660
1243
1101
138
435
1354
439
679
528
968
1000
705
1252
1287
568
565
1325
498
974
616
1254
130
555
632
1059
1403
1024
1356
27
1194
1301
1183
1179
785
1246
51
1187
130
595
671
1056
732
436
738
1277
1218
1042
313
1164
207
556
976
129
470
1127
1086
753
600
16
636
44
849
659
180
1383
807
1336
217
905
1410
704
1118
698
297
525
57
1129
98
868
632
567
228
768
424
225
276
1008
555
1219
1187
750
1081
109
1100
283
730
1219
407
180
313
917
149
642
1325
474
1212
1237
523
1257
1188
556
350
567
655
185
527
1179
518
823
1223
1052
816
831
102
1707
766
392
282
1454
907
1017
1806
1553
2110
1236
728
726
1034
1434
1859
1535
1072
753
1829
188
1651
492
1555
1876
1063
1225
1314
1693
315
922
1425
1050
974
1030
1683
1351
1021
1645
1843
752
833
1404
1020
1783
997
1292
1057
643
1360
1546
1466
1259
1572
104
1734
1486
1240
1643
1522
1843
928
1244
418
1451
1497
1955
1269
959
1116
1981
1882
1742
1038
2077
981
1142
1446
638
625
2059
1139
1663
796
187
1452
343
1003
1154
622
2150
878
1619
459
1865
2212
1398
1394
922
689
1145
711
1728
485
1392
906
763
707
1392
1343
438
1188
1628
699
1758
1357
1483
1175
160
1276
1012
1259
1919
1049
894
400
1706
609
696
2218
973
1387
1486
1074
1399
1913
1232
1158
657
1539

20
150
10
19
19
19
14
18
6
19
11
6
9
20
6
9
15
12
14
16
17
14
18
7
8
18
13
18
7
12
10
10
9
13
15
19
11
11
9
19
13
14
19
8
15
15
12
11
12
12
7
20
6
9
9
20
20
16
8
17
9
19
14
13
14
18
19
18
6
8
8
6
10
12
18
13
17
18
9
16
6
17
18
19
10
9
7
15
17
7
10
5
19
7
15
6
8
17
8
6
6
19
6
16
19
18
8
9
19
19
14
18
16
19
8
6
10
20
16
7
19
12
18
11
9
16
16
15
14
7
20
11
13
17
11
11
11
12
11
7
8
18
16
12
8
8
18
12
11
11
7
9
0
1350
641
1371
780
475
199
149
1098
638
19
346
1244
303
982
1093
674
1168
1423
725
520
587
522
1238
1237
257
605
129
537
1049
445
546
1399
811
1295
605
236
1170
399
30
1120
1148
935
847
136
937
137
1295
225
897
440
148
576
327
1059
464
709
1297
408
1095
866
426
1431
1076
1286
1343
1131
885
780
381
1174
1156
50
1336
606
152
66
319
340
695
944
833
689
425
305
114
1369
635
895
1111
1136
320
441
1217
703
599
971
598
332
576
452
6
73
1131
1105
582
1259
611
127
91
1362
337
58
997
1022
1028
209
246
919
819
610
727
70
535
94
1295
675
905
1222
967
754
255
771
188
1370
493
144
113
1012
1006
1441
134
1033
1313
431
374
517
752
1379
704
92
1459
1609
1477
1126
1098
1032
904
1357
1270
846
975
1344
1157
1632
1604
806
2029
1514
819
1270
1186
1454
1264
1931
558
921
968
1458
1460
1224
1329
1644
1251
1596
1390
350
2103
483
559
1949
1915
976
1365
681
1875
683
2105
1045
1715
1065
958
645
730
1621
758
1420
1513
1287
1451
1020
1043
1685
1726
1977
1408
1395
1084
1681
1177
1668
1243
894
1710
1228
976
693
747
815
1196
1002
1486
1325
451
1054
897
2161
831
1146
1594
1877
1166
1214
2103
974
991
1670
998
1005
699
982
269
424
1194
1691
1336
2058
974
402
874
1508
1089
353
1837
1856
1643
426
345
1022
1575
1005
778
532
1364
936
1853
933
1020
1444
1010
1040
898
1611
976
1580
1346
177
487
1632
1164
1944
263
1600
1907
1273
1329
1418
1619
2210
815

21
150
8
18
19
16
14
20
12
11
20
16
16
12
15
8
19
13
7
17
16
14
6
13
14
20
10
17
14
13
11
11
10
8
11
5
10
14
13
9
5
17
14
18
13
9
10
13
20
6
12
16
20
19
20
8
17
13
8
20
7
8
18
18
12
8
9
15
14
12
13
19
18
14
17
6
12
6
17
12
10
14
6
13
16
18
8
19
18
11
14
11
14
13
13
13
8
13
18
19
14
12
20
13
14
8
13
12
7
13
9
10
14
16
8
16
12
18
10
6
9
16
8
9
18
7
18
15
14
7
15
18
15
14
19
19
7
15
8
8
15
8
6
14
11
15
12
16
13
14
6
19
0
1413
415
109
676
737
1201
1324
1450
1339
745
545
108
1279
1351
681
271
317
466
884
1394
1288
1393
536
196
847
197
1313
769
1135
725
1168
573
1378
422
1140
957
971
317
1247
634
902
924
495
202
1375
777
724
1079
52
402
12
543
518
585
246
1445
197
666
1435
147
1043
387
9
596
513
759
336
483
264
138
1005
325
370
52
278
489
345
822
1319
340
1175
61
38
1180
330
496
663
771
324
583
809
179
827
782
1445
453
744
408
1115
1092
803
339
475
1265
811
1154
1447
1077
1165
256
654
918
1328
1016
1016
582
457
825
127
590
212
432
1286
78
277
1435
1400
1013
1296
598
161
1368
1335
641
857
212
590
706
285
287
441
829
1182
223
1318
1218
659
106
131
885
2255
966
484
694
1365
1349
1433
1771
1392
1178
660
391
1700
2063
764
819
525
616
1720
1637
1969
1751
651
1140
1409
528
1799
1354
1287
1260
1848
780
1777
590
1652
1869
1823
720
1722
903
1181
1594
1441
971
1633
1453
1211
1532
839
608
97
1277
1242
1209
436
2041
399
1592
1956
782
1091
671
892
955
873
1503
687
1439
359
807
1136
937
943
909
655
845
894
1025
1612
381
2072
993
482
1318
373
711
878
1557
415
671
860
345
1593
1343
1610
755
943
491
1919
1691
969
844
1008
1428
1625
1866
1916
2012
1843
706
889
1162
2310
1311
1478
758
1098
906
620
1416
751
538
1488
967
712
1888
1962
1955
1603
798
1141
2158
1735
929
1712
932
1321
956
753
361
868
1191
1917
268
1717
1665
1446
202
252

22
150
20
20
6
17
14
10
6
12
16
18
10
20
12
7
6
12
8
18
8
20
16
17
16
19
15
19
11
11
18
9
15
9
13
10
19
18
14
19
13
17
7
13
11
12
11
14
12
13
6
6
12
7
15
5
13
17
18
12
11
6
10
18
9
13
19
17
17
18
8
15
14
15
18
13
9
18
6
6
14
6
16
12
12
15
20
18
12
6
8
18
6
14
18
16
15
13
11
10
6
15
19
9
6
17
9
16
19
9
13
6
13
19
15
19
6
19
17
8
9
6
17
6
12
19
17
7
9
10
17
13
9
7
14
16
11
9
9
10
13
12
9
14
20
14
7
18
11
8
12
5
0
1413
822
701
1167
1143
1366
1046
705
1387
907
1042
832
1281
1414
219
263
578
872
714
743
397
527
32
993
51
961
158
372
580
987
992
825
513
1229
1273
721
212
589
755
680
327
341
997
660
681
1208
1413
1249
875
993
828
1315
353
1046
1193
670
621
471
766
1332
207
694
662
271
834
731
589
196
1036
38
518
1166
13
749
1316
1010
834
380
991
319
1398
1226
1116
1279
958
268
1422
411
587
162
1428
345
1011
838
19
519
575
789
354
562
1058
576
974
608
1161
333
581
761
1165
1015
229
1175
7
1173
260
644
1112
421
124
925
1047
1396
1284
341
289
1285
1260
1081
129
581
530
866
632
62
294
545
951
745
1363
1165
1144
759
806
570
1064
1018
932
359
1192
509
2372
1013
1382
1434
1551
1967
1802
942
2236
1087
1496
1710
1796
2148
336
621
1501
1750
861
1661
534
617
241
1960
405
1784
892
454
1379
1590
1124
1036
1316
1954
1416
1453
731
1321
1359
984
414
933
1805
950
950
1711
1478
1916
1065
1386
1135
1779
633
1550
1887
957
881
697
917
2136
356
1198
1625
917
903
981
991
776
1969
666
1409
1909
865
919
1421
1215
1692
550
1587
569
1900
1609
1928
1748
1521
1199
1476
860
895
864
1979
696
1780
1417
781
564
937
1587
748
945
1311
1501
1874
717
2063
489
1194
1447
1652
1666
409
1344
749
1728
1090
1349
1973
1310
1066
1441
1797
2099
1449
717
1028
1407
2117
1513
871
1324
1053
958
1333
107
1172
1309
1113
1688
1742
1403
2093
1394
928
1033
1136
1805
984
757
2106

23
150
13
9
10
9
16
14
6
18
6
16
18
13
12
17
6
11
18
8
7
17
9
17
15
20
10
18
7
17
7
15
7
8
15
17
16
14
11
8
5
13
20
16
7
7
14
14
8
9
6
6
12
10
16
19
9
19
16
19
5
16
15
11
18
20
15
10
11
20
14
14
7
9
7
11
8
13
17
6
14
18
19
18
18
13
10
8
16
6
11
17
17
18
16
14
20
9
17
17
20
16
10
8
18
6
13
9
15
17
6
15
18
16
11
7
11
13
7
16
7
11
13
20
9
10
17
6
11
18
16
6
19
15
15
17
20
17
14
18
7
10
11
12
6
19
7
7
6
14
9
6
0
1324
1068
99
63
1276
1024
845
130
313
630
1413
165
1005
1003
1309
959
913
370
935
1029
315
1106
1404
205
924
902
464
611
986
473
296
596
59
858
783
818
273
1257
1167
867
174
489
855
1323
888
157
843
1108
667
1155
783
707
407
164
354
1138
500
707
1366
650
169
1016
650
490
1103
487
257
275
774
1284
634
1
173
1065
472
698
1318
636
387
723
661
1014
1176
1160
974
850
1001
151
630
158
825
1072
18
1278
1001
76
1176
136
1191
800
331
220
825
307
930
854
842
1202
1066
760
1041
1159
49
1405
960
482
933
1048
25
397
795
1172
606
1236
1381
498
1126
371
440
1108
38
511
655
447
682
1026
787
901
621
72
198
685
1265
239
0
611
1349
1107
496
331
1372
1123
813
785
1656
1394
1317
922
1015
844
2138
242
1919
1298
1627
1278
1454
862
1015
1374
888
1327
1477
861
1724
1466
1037
1214
1139
1293
1086
1073
804
1525
1216
1570
285
2136
2088
1222
816
1132
926
1765
1291
301
1646
1488
1052
1284
1606
779
818
620
714
1916
1256
1286
1775
1561
598
1355
702
1030
1434
1433
766
871
1250
1400
1317
239
1053
1977
1058
877
2202
1276
1267
787
1365
1627
2111
1955
1884
1791
1777
920
776
454
1341
1578
646
1316
1825
264
1256
413
1418
1482
990
861
1745
405
1851
1715
941
1461
1677
1401
1396
1236
447
1993
1806
963
1782
1924
111
1268
1250
1428
955
1512
1611
1203
1198
673
843
1520
275
817
779
696
1493
1772
1202
1720
1267
609
518
1620
2157
750
495
802
1788
1802
1013

24
150
13
16
14
12
15
16
19
10
10
10
7
5
17
14
12
19
14
10
11
6
16
18
14
12
12
8
17
8
6
19
19
19
6
10
17
19
6
20
19
16
15
8
7
14
10
18
19
5
13
12
13
18
20
16
18
8
7
17
12
18
10
6
9
16
17
7
11
5
17
16
14
19
16
9
7
7
13
18
10
17
18
6
16
19
13
13
11
9
16
7
12
5
18
19
16
8
5
13
19
17
13
20
20
19
11
18
7
16
10
18
5
11
10
17
7
12
19
6
9
6
11
12
20
10
16
5
7
10
7
16
19
14
13
9
18
13
16
9
12
14
8
15
8
15
18
10
19
18
7
13
0
97
1115
96
295
727
803
1241
301
1435
1137
772
1139
466
1369
772
665
1367
228
954
1137
1182
233
446
399
1064
43
552
499
977
1074
1092
680
541
61
1082
612
1151
1063
708
1185
870
1144
834
1088
509
683
1348
1226
752
1262
399
638
18
1371
204
353
545
869
1108
297
389
1165
1218
1310
658
447
739
304
1282
1431
706
815
123
430
1050
781
700
1416
793
159
1169
565
939
422
379
983
1216
705
891
194
1430
458
1183
1342
32
309
542
896
656
793
132
875
329
825
481
1311
656
1421
698
595
1121
516
1101
145
1276
390
25
333
53
472
1049
84
49
1390
1039
200
660
298
1426
984
1008
452
27
48
897
526
6
1238
387
1169
571
1290
753
121
167
56
154
301
36
620
999
1608
844
743
1648
1127
1888
925
2235
1226
1653
1985
857
1667
1322
1532
1469
1089
1496
1202
1881
884
987
1066
1298
259
942
1376
1483
1916
1406
735
719
203
1649
651
1884
1554
1316
1935
1185
1603
1383
1265
1228
892
2169
2116
1376
1716
619
716
352
1471
743
553
1429
918
1995
337
653
1993
1390
2142
713
1208
1480
521
1805
1902
1522
844
813
794
1170
1092
1601
2020
1144
197
1881
1396
1908
528
1112
1517
1506
758
909
500
2116
903
1811
2083
214
789
857
1280
1395
817
549
1065
1148
892
739
1529
1223
2007
911
653
1891
820
1521
333
1929
440
588
713
973
1383
1666
232
714
2172
1871
226
890
935
1689
1288
1703
610
561
464
1325
1226
750
2070
1042
1200
1432
2205
927
1089
429
127
971
694
521

25
150
18
19
16
10
6
12
11
9
5
12
7
16
9
14
20
6
18
16
19
14
12
19
9
9
14
17
12
10
11
17
11
8
8
6
14
7
5
12
9
6
6
9
18
6
13
8
13
9
9
6
18
13
17
15
13
14
8
8
8
10
14
17
17
10
11
9
14
17
11
19
19
17
9
11
6
7
14
19
11
10
5
8
16
7
17
6
19
11
19
9
5
10
12
15
8
17
13
19
8
11
18
17
17
16
16
18
18
11
12
9
5
13
15
19
6
7
5
18
19
5
18
6
15
6
7
7
16
9
11
13
18
16
15
19
16
10
12
19
17
17
12
8
10
8
12
14
12
8
9
17
0
1243
1192
1193
187
299
1003
240
875
202
802
1234
2
400
1233
453
1033
553
1333
562
95
613
1203
696
769
1285
799
957
798
790
204
1066
397
1012
577
1147
94
1117
131
884
670
1322
843
887
611
401
1004
1148
917
2
298
412
278
714
779
975
101
232
186
738
1030
527
829
395
798
26
244
709
1193
1069
601
1262
975
397
314
388
402
1184
697
772
1064
638
762
1201
577
1283
619
958
204
1334
311
51
192
1289
817
1185
912
1363
919
791
1087
814
783
1112
176
1245
466
446
340
198
66
404
1329
494
724
1030
166
1024
832
662
1371
1306
385
226
128
631
976
1357
443
759
623
803
517
1225
1151
729
475
345
1220
267
403
600
970
307
1265
1252
975
617
1351
229
606
1703
1774
1542
884
1039
1228
547
943
725
921
1482
123
431
1659
885
1158
1212
2038
955
885
832
1848
885
1117
2170
894
968
1458
1175
1101
1593
1049
1495
1310
1293
228
1779
570
953
969
2133
1237
1172
898
649
1102
1397
1672
333
780
558
504
1309
1705
1020
512
673
850
901
1194
1411
1134
839
1231
796
310
1523
2083
1635
1522
1627
1574
1001
608
918
999
1757
1356
1135
1867
1488
1296
1984
650
1820
665
1626
1028
1533
1062
613
884
1600
1328
1722
1035
1427
1635
1498
1802
878
1027
1223
882
2167
1167
984
1102
428
941
505
2035
730
1330
1571
551
1137
1675
823
1534
2200
571
376
268
1262
1425
1995
835
970
689
1467
651
1768
1175
962
1304
743
1596
737
931
858
1680
1057
1705
1774
1251
687
1717
392

26
150
20
12
9
20
11
10
7
6
8
17
14
17
17
9
15
13
9
19
18
18
16
7
14
16
11
6
13
13
16
15
7
14
20
18
17
18
18
10
11
12
5
7
13
14
15
14
6
10
11
13
18
15
5
6
16
12
9
15
6
8
7
12
16
8
18
16
17
15
15
18
17
16
15
19
12
19
8
15
19
7
20
13
18
13
9
10
17
10
10
12
13
6
9
6
12
15
17
14
17
18
16
13
7
14
20
15
9
12
14
18
6
6
18
12
8
14
10
18
14
7
12
12
8
20
17
17
13
12
10
9
6
8
18
11
8
18
9
19
11
9
17
11
6
7
8
8
16
12
16
20
0
1380
534
254
1342
1005
283
234
1111
313
313
338
713
262
27
582
379
60
1385
1402
802
1011
1148
1101
149
1228
424
610
895
1295
151
1350
1268
1236
960
18
220
228
627
765
808
1068
336
918
484
503
1384
1034
824
655
688
1245
642
976
1374
1426
692
208
595
391
1234
978
1186
87
449
295
638
1313
963
480
1113
1289
713
650
1197
1255
1393
438
120
1196
610
604
1141
1443
995
432
43
1249
940
1150
323
1063
213
807
590
77
1022
1399
79
85
202
679
1015
15
778
1007
300
829
1027
441
1249
823
827
1326
295
1038
770
123
1052
789
596
968
557
143
1311
818
62
917
220
209
1099
1357
568
512
192
615
459
1243
693
970
90
209
266
800
627
1395
1344
920
546
120
168
2320
751
912
1795
1901
962
485
1413
626
698
1088
1427
566
432
882
743
524
1509
1758
1454
1369
1798
1254
473
1402
509
1205
994
1936
908
2204
2075
2056
1140
711
1120
280
870
1463
992
1419
1123
1779
514
709
1691
1186
957
884
1527
1850
1296
1114
1683
1585
1645
808
814
1276
1910
1895
1637
637
1081
935
690
2043
1102
1069
1528
1842
803
1487
1652
1841
1991
1356
529
1470
1139
1193
1291
1571
1337
1167
976
1796
1188
1940
580
2024
884
1742
856
859
1943
2073
324
851
584
1631
1261
934
1553
1629
371
853
1423
576
1381
1403
941
1580
506
1413
1176
390
1750
1060
1216
1475
767
1110
2194
1283
308
1648
666
221
1921
2160
1413
1365
1102
1153
959
1578
1650
1271
260
830
362
1329
1383
2012
2303
1814
1055
1086

27
150
18
16
6
9
17
6
6
12
14
7
10
12
14
19
15
9
17
14
18
10
9
15
14
15
6
6
18
20
5
10
8
13
17
19
17
9
10
11
18
9
14
7
6
14
18
8
17
11
11
17
18
18
12
9
10
14
19
16
8
9
12
7
19
17
7
11
14
16
17
9
17
12
17
14
15
19
16
16
7
17
10
11
20
19
7
11
17
8
17
12
18
10
10
6
5
19
14
7
14
12
20
19
11
19
17
17
12
14
18
15
13
9
12
10
20
8
6
10
12
12
18
20
11
16
6
16
17
12
6
16
11
7
6
15
19
16
12
12
8
13
15
8
15
18
16
17
7
9
20
10
0
1009
981
772
327
1239
1217
1218
1275
598
12
844
432
1150
150
161
1096
1152
649
1030
187
129
707
135
736
262
91
405
1140
133
572
314
1178
937
621
499
1309
748
1091
751
210
1356
966
553
644
328
909
1021
896
109
976
999
826
977
18
1224
1249
909
652
540
870
1298
1057
995
140
687
812
1449
209
282
589
870
482
502
1021
1182
504
636
983
198
901
1304
622
961
336
1361
596
338
746
612
1414
667
293
1447
180
16
885
315
287
490
950
108
729
340
319
796
1019
569
1028
849
35
529
264
349
1445
88
109
387
1112
370
1129
1333
1236
197
84
379
365
690
1128
1201
1109
555
936
1087
753
346
913
484
755
1156
1088
334
327
1430
1100
13
1334
697
855
673
936
1553
1936
1125
908
1397
1379
2169
1818
1575
81
996
1361
1454
1006
366
1807
1238
1058
1433
484
968
943
490
1330
505
905
433
1177
779
1338
1026
1783
1341
1108
1383
2241
1177
1141
1523
445
1525
1914
1479
1357
722
1513
1858
1037
971
1408
1382
1282
1513
458
1553
1540
989
1524
1473
1333
1784
1275
1638
321
1441
1497
2060
239
310
1318
1659
794
732
1058
2045
849
817
1643
695
1497
1703
1236
1717
1025
1390
818
1258
900
640
1925
1114
890
1499
1100
277
1754
569
325
948
1086
269
1562
842
878
872
1796
1074
1388
1105
451
880
978
458
2338
1046
127
959
1985
752
1989
1664
1490
242
218
913
962
1629
1816
1344
2039
870
1808
1285
1248
1114
1463
725
1588
1486
1661
752
1031
1491
1970
97
1595
1054
1513
1338

28
150
10
9
19
18
16
7
5
10
10
14
11
10
19
20
8
15
10
19
15
19
17
16
7
15
19
14
9
6
16
7
8
19
5
13
13
7
13
6
12
19
17
10
14
11
13
6
10
10
13
15
19
6
11
19
10
5
7
12
16
12
9
12
11
6
18
16
15
12
12
6
6
6
8
19
14
13
9
10
15
19
16
7
11
7
8
9
19
17
14
12
7
10
5
10
12
6
9
13
8
13
6
11
13
13
9
10
12
16
16
6
19
13
10
17
14
10
20
16
17
11
13
17
19
11
6
17
15
20
11
8
16
19
7
19
6
10
9
5
8
12
13
18
9
9
5
14
7
12
13
10
0
242
485
394
282
574
37
674
877
1105
101
884
544
759
1110
650
1028
1245
832
15
1138
506
1308
492
1217
1173
614
122
1187
334
1349
719
1
828
640
52
956
897
356
705
887
1036
952
233
202
1148
13
1125
952
1086
957
1135
87
738
80
1136
630
532
790
538
517
1229
176
1163
791
1171
809
468
1032
697
1060
423
676
1050
581
740
1199
707
1324
45
737
852
81
805
484
1254
374
935
907
953
366
417
336
1301
881
458
1071
9
1046
458
336
836
1255
130
1028
490
1301
1229
620
393
1154
1282
1303
830
397
913
1076
735
1064
891
736
1292
403
979
37
4
19
1142
343
529
264
912
600
526
942
173
1245
435
212
1247
164
868
571
618
734
328
247
1355
1158
276
383
713
525
934
845
645
653
1058
1191
1368
574
1478
762
1266
1143
687
1708
1890
1180
693
1188
1229
1798
1266
1352
1623
1325
390
1798
363
1741
1188
587
891
1516
328
1230
1190
874
1044
1257
1562
976
867
538
1748
109
1593
1306
1201
1344
1997
798
958
783
1991
704
1426
866
1284
1259
1906
910
1888
1364
1296
904
580
1587
1565
1470
1117
1231
1698
688
1397
1455
969
1466
603
1267
1517
306
1366
1125
1714
655
1651
934
1795
1018
557
1139
1898
1507
690
1190
540
1126
740
1201
851
1731
468
1093
1085
1355
1419
1350
566
1234
2050
2163
1684
1285
1509
1369
1113
1968
1761
1075
1601
1264
1803
293
757
186
1878
910
815
724
1311
1422
569
1255
772
1709
850
225
2060
978
1510
745
1121
1436
447
810
1599
1370
513

29
150
7
18
8
9
18
20
13
17
17
7
8
9
17
10
8
7
19
19
10
8
6
17
15
15
8
18
20
16
7
19
9
19
11
15
8
16
12
13
11
16
11
17
15
10
10
7
15
18
15
9
14
19
7
10
13
11
9
14
8
9
9
11
10
16
19
11
17
19
16
7
16
9
12
20
11
14
12
9
10
12
10
12
20
16
8
6
17
19
18
12
15
8
17
16
15
15
9
15
5
19
12
10
13
13
13
18
12
6
10
10
12
13
7
7
18
18
5
17
7
14
19
19
9
7
11
9
11
7
8
7
13
19
11
10
5
9
18
7
14
16
20
11
11
10
16
17
10
12
8
16
0
366
523
1204
288
756
753
846
912
17
231
173
1392
1078
153
315
453
702
989
1415
816
397
1053
702
988
780
864
137
823
1369
1105
669
525
193
1142
480
416
1048
88
1174
967
120
287
1053
491
886
1036
662
1326
675
835
1186
681
637
227
1039
1025
919
874
970
625
218
1410
374
544
1162
1294
783
1411
1043
480
656
830
495
448
274
112
1162
65
846
49
862
341
1070
87
1194
213
734
430
696
238
450
206
1237
594
16
1121
764
360
74
1252
75
34
1086
1139
991
106
10
1169
940
487
1387
1080
989
683
730
401
1157
1262
807
753
69
847
332
323
1094
512
48
1251
961
1308
1136
443
1241
1147
1290
104
260
823
177
15
186
1349
1256
777
1004
955
404
1260
548
564
868
1269
1636
1039
850
770
1008
1082
550
455
916
1926
1252
554
366
868
1640
1382
1430
1265
1259
1861
1523
1210
1269
981
870
1498
1992
1499
897
996
1038
1820
1415
526
1913
638
2112
1162
814
942
1569
770
1784
1159
741
1916
1572
943
1707
1542
717
525
1162
1559
1785
1275
1098
641
757
1559
1002
1369
1274
1548
863
1908
1203
1259
1474
1657
1036
801
1049
901
1452
173
937
215
1537
1051
1346
647
1973
386
1574
787
794
974
685
720
1661
793
644
2065
1289
955
392
1695
767
399
1161
1719
1015
776
582
1539
1728
1316
2263
1940
1049
852
1609
1101
1834
2194
1488
853
996
1514
991
1042
1150
922
871
1478
1372
1633
1611
1341
2056
1819
1801
948
1147
1192
269
708
688
1983
1289
1431
1686
1461
673
1379
1211

30
150
6
18
8
10
6
8
15
14
12
14
19
19
7
12
12
8
5
18
8
6
11
14
6
17
13
13
10
9
9
10
5
7
14
10
9
18
19
16
19
16
17
17
13
7
7
10
7
19
10
8
6
7
19
13
10
12
9
8
18
8
5
9
9
19
10
14
17
9
17
9
12
11
14
5
11
19
15
10
12
12
12
14
6
15
15
15
17
15
14
13
7
6
18
10
8
7
6
18
10
19
8
6
5
6
18
14
20
9
9
17
15
15
18
12
16
7
9
15
11
7
16
13
7
6
20
5
16
11
9
7
13
12
9
13
15
13
11
12
18
18
20
9
10
19
5
7
17
18
19
14
0
586
1150
1274
54
1240
583
1329
1239
323
963
110
1093
24
53
104
92
52
26
995
133
627
697
1246
639
849
1204
1323
509
1098
390
12
574
1248
321
223
514
624
503
888
1086
937
706
783
229
608
1318
341
624
568
257
294
1108
527
975
748
298
397
930
894
1012
695
667
228
684
435
193
164
870
1153
1224
165
812
767
843
751
51
724
556
771
705
701
105
1301
666
286
16
859
708
765
1133
1032
578
818
824
479
313
844
1096
435
741
264
1334
1034
525
1174
327
796
1243
9
539
161
328
808
176
1188
891
732
1064
269
732
298
363
1023
333
1125
872
1069
233
498
1214
83
630
830
645
355
545
190
6
60
1327
842
1214
352
1044
619
276
875
707
39
336
1103
1688
1789
338
2054
1222
2221
1715
1226
1034
682
1517
406
449
359
222
577
69
1405
993
697
741
1427
1354
1442
1594
1717
1023
1766
1241
331
1457
1525
453
626
1161
832
1349
1664
1139
1612
1415
1653
1108
823
1430
689
1214
1387
1021
662
1583
1053
1500
1217
1042
587
1535
1232
1800
1043
1059
432
1333
717
940
341
1412
1635
1889
428
1676
854
1179
1245
326
866
1357
886
1233
1429
581
1434
1166
547
668
1286
1340
904
1215
1639
782
1377
966
796
888
1506
1464
1118
1211
656
1852
1178
1320
1564
362
1686
1880
551
1190
873
715
851
1035
1466
1165
1340
1282
1102
1627
1167
811
1257
397
1346
1730
1561
844
1392
1978
558
1041
1116
1173
700
859
512
109
529
2140
1516
1459
940
1540
1257
389
992
1116
950

