1
15
10
10
12
6
15
15
6
6
18
13
14
20
17
13
8
0
70
25
48
117
18
16
103
51
67
7
89
55
100
124
75
100
97
121
209
56
109
130
110
133
40
164
96
149
149

2
15
6
12
17
19
17
20
6
5
15
16
8
19
20
10
12
0
94
104
102
77
5
93
23
145
15
5
80
94
106
91
31
141
134
151
134
67
164
110
170
64
60
160
214
183
110

3
15
9
15
15
19
12
19
6
12
16
7
7
20
18
13
10
0
32
14
3
15
38
48
120
119
68
35
26
67
29
30
16
89
33
101
53
96
128
142
155
141
117
65
171
138
89

4
15
11
19
5
10
14
9
17
11
18
17
17
6
9
17
17
0
37
69
20
36
129
103
128
87
103
23
7
38
70
49
64
62
162
34
106
223
173
230
193
122
120
58
66
125
160

5
15
10
17
11
7
8
5
18
12
11
12
15
15
5
13
16
0
22
102
66
84
116
130
27
25
30
18
115
10
23
43
45
74
176
99
95
171
207
42
49
55
98
186
20
84
69

6
15
18
11
19
9
12
9
11
13
8
7
9
15
14
11
15
0
74
72
74
112
99
24
89
53
32
40
101
120
54
56
19
155
157
134
140
197
52
150
105
92
81
160
157
114
82

7
15
19
17
20
11
19
10
15
9
9
18
10
12
7
13
19
0
15
154
108
57
111
145
134
120
22
81
156
2
38
54
47
64
241
126
136
212
220
149
157
127
152
195
21
102
127

8
15
13
5
8
11
19
15
18
15
11
8
10
9
7
17
19
0
71
16
61
1
39
32
50
92
59
54
49
68
109
0
97
114
104
85
47
111
121
75
160
98
111
87
133
197
84

9
15
12
19
10
18
18
15
6
19
18
19
8
14
6
10
15
0
135
105
154
32
70
78
16
22
94
96
75
67
110
109
29
169
153
255
136
126
128
95
102
215
151
170
101
206
146

10
15
6
13
12
17
16
8
13
14
18
18
16
8
18
9
9
0
6
61
79
86
26
109
124
23
109
122
65
37
81
146
52
69
146
105
110
35
156
232
100
177
234
102
123
138
219

11
15
13
7
14
16
6
7
9
19
8
14
5
16
7
7
11
0
106
100
99
81
18
82
74
60
41
41
43
110
98
77
36
144
126
166
126
69
118
102
138
79
65
80
186
181
145

12
15
14
8
5
20
19
16
10
16
7
13
7
11
8
17
19
0
88
75
8
78
97
55
115
131
134
102
81
141
116
65
67
141
126
64
176
176
97
143
213
233
123
144
220
143
87

13
15
6
12
11
10
10
5
6
7
10
16
19
19
17
12
13
0
13
61
96
77
21
27
126
2
35
84
94
68
78
99
7
88
137
184
165
71
58
154
90
58
128
131
91
130
127

14
15
9
14
8
13
10
15
18
10
15
7
16
6
19
11
16
0
86
60
86
38
129
112
4
27
41
34
8
113
129
29
87
175
150
141
104
179
170
40
103
89
133
20
175
180
126

15
15
15
19
14
7
19
13
6
17
8
16
16
12
6
12
11
0
90
95
18
119
101
114
110
47
3
135
45
128
42
87
95
197
184
113
186
189
163
182
90
61
204
130
153
60
142

16
15
8
18
7
19
8
8
19
15
11
6
12
11
7
10
11
0
35
22
96
119
103
125
57
61
50
35
57
105
40
70
64
103
44
119
172
137
171
144
120
60
72
72
120
61
140

17
15
5
13
14
5
12
10
9
17
11
9
10
6
17
16
14
0
4
101
70
36
7
79
59
22
10
94
98
83
51
64
18
86
180
157
126
86
99
158
71
75
152
110
161
118
85

18
15
16
16
9
14
6
12
14
18
17
9
6
12
11
14
16
0
37
23
23
0
74
103
103
105
86
136
74
11
119
16
69
58
69
70
81
111
200
142
136
152
215
112
52
169
96

19
15
14
18
17
13
9
15
7
15
8
8
15
17
12
15
10
0
27
137
116
138
55
120
114
18
77
49
73
117
65
64
61
92
226
170
221
159
160
202
121
160
152
161
213
112
134

20
15
9
16
10
7
9
14
7
17
5
9
11
8
17
14
9
0
105
63
50
102
78
25
55
83
19
60
116
59
97
98
37
136
90
59
113
97
42
79
104
104
144
174
119
160
137

21
15
10
14
15
12
13
10
18
9
13
10
8
18
5
7
17
0
110
33
58
11
26
16
102
62
64
87
15
38
33
10
46
161
93
151
105
44
36
126
96
80
124
68
120
52
96

22
15
15
16
12
10
7
6
11
14
16
14
13
11
13
19
13
0
119
89
60
65
134
103
10
34
118
14
92
138
85
130
93
197
157
122
133
140
179
112
83
140
112
172
155
135
152

23
15
12
11
15
6
9
17
11
19
10
16
9
12
14
17
7
0
88
77
3
66
59
86
52
23
2
30
77
87
123
129
19
184
142
71
121
92
173
151
64
100
91
132
171
231
141

24
15
17
14
7
19
6
12
18
17
13
6
15
12
19
6
5
0
116
114
62
55
103
69
38
6
37
132
84
101
134
42
29
187
212
139
111
164
172
106
46
91
206
170
178
159
138

25
15
11
13
16
11
15
13
18
13
14
19
17
5
18
16
15
0
8
26
1
154
17
118
144
9
142
38
138
133
46
102
62
88
99
16
232
132
199
218
55
219
126
244
252
121
135

26
15
17
13
12
16
16
15
10
16
14
12
10
6
16
14
14
0
70
13
121
106
141
99
27
29
140
59
77
87
128
116
96
171
36
204
173
251
181
129
106
216
113
128
186
153
187

27
15
19
8
8
10
20
11
9
19
10
10
14
9
16
12
8
0
87
81
28
126
98
23
107
2
102
113
63
33
55
46
28
104
129
38
175
157
70
206
77
134
133
109
69
140
135

28
15
6
8
15
13
8
6
10
8
17
7
13
11
7
19
6
0
5
6
16
9
72
42
3
3
81
23
101
55
113
61
24
14
57
67
42
101
120
61
43
113
60
172
137
163
75

29
15
12
6
13
9
8
11
18
19
16
10
15
13
6
15
19
0
11
84
124
139
15
15
27
52
6
49
28
89
5
32
55
74
129
225
225
93
68
57
70
38
79
48
149
102
117

30
15
12
12
13
16
17
17
19
9
14
16
9
8
18
6
12
0
129
140
47
16
57
141
78
7
7
148
123
18
140
109
20
214
189
73
72
110
173
149
101
81
248
183
95
174
162

