1
200
17
8
6
9
7
5
6
12
17
15
20
10
18
18
10
6
19
7
5
19
16
16
15
16
14
18
16
17
13
20
18
9
12
11
8
15
5
18
18
6
16
15
18
17
16
15
20
12
13
15
6
13
17
15
8
12
19
12
5
6
6
14
11
18
7
8
12
12
20
8
6
7
10
14
10
11
20
11
15
9
13
19
8
13
18
7
19
18
12
17
10
17
9
8
8
17
11
13
13
9
7
7
15
16
16
6
10
12
15
7
13
10
17
16
5
10
7
12
10
18
19
6
8
10
17
11
8
9
8
8
6
6
20
20
13
14
6
18
5
14
11
9
11
7
6
18
12
10
14
9
14
18
18
11
13
10
8
11
10
6
10
19
8
17
16
16
11
20
13
13
20
12
10
16
6
16
9
20
17
6
12
15
18
6
7
18
13
15
8
16
7
15
16
10
8
16
20
14
14
20
0
859
879
74
1664
120
1256
93
31
368
1382
750
877
1603
264
1457
729
913
735
1115
359
754
778
18
237
345
1787
1526
427
1839
576
694
288
205
306
408
1801
1588
1538
1016
650
1603
1079
263
697
187
1044
69
425
1330
1473
802
70
1243
1410
160
511
1322
516
1671
1426
772
1759
1238
1621
1498
1654
1670
1555
744
424
1168
1597
317
1697
77
1666
406
403
1849
1390
1203
1535
78
841
941
996
594
965
458
1175
1195
20
998
1847
462
133
1644
1558
1315
1544
1816
674
232
544
224
60
821
495
1356
1526
1462
1369
278
278
1341
1564
1768
1737
799
1758
1492
502
988
1496
236
658
1252
736
1356
222
1066
807
666
189
1228
136
1346
310
1775
1681
1254
862
655
1207
234
627
26
1423
1017
978
1717
531
733
677
597
194
947
643
469
210
1404
1423
1303
547
1643
1375
1149
500
21
794
875
647
1184
1246
765
1106
932
1589
1456
1770
726
571
136
1773
166
1832
92
114
968
1269
182
307
744
1268
1058
389
725
1783
321
765
957
1922
302
2073
1028
1694
669
463
665
1482
924
1228
1741
1110
2661
1972
2141
858
1182
1575
1439
1386
152
425
538
2676
2719
605
2195
1657
1060
862
228
708
1089
2675
2335
2591
1968
1030
1990
1427
881
1661
1223
1585
611
557
1575
2222
1923
402
1844
1747
1309
889
1939
1221
2768
1654
1333
2941
2125
2698
2704
2560
2035
2190
1237
1484
1654
2285
1250
2500
729
2451
709
1363
1977
2221
2294
1877
689
1531
1894
2235
1852
1618
1682
2312
2069
794
1433
2006
1626
785
1773
2536
1879
2669
2871
1349
457
1584
969
410
1079
725
2058
1914
1950
2239
529
1293
2570
2294
2241
2940
1531
2248
1690
850
2234
2587
1442
1561
1579
1705
2125
397
1477
1128
904
733
2155
782
2547
534
2763
2866
1924
958
1256
2282
735
1662
1063
1801
2032
2171
2556
669
1549
843
1447
827
1949
1215
1456
1008
2347
1879
1953
594
1857
1989
1762
1342
1181
1126
1877
1375
1733
1858
1214
1751
1830
2616
2393
2714
866
711
196
2458
271
2860
1240
460
2096
1835
663
1273
1689
2405
2147
1528
853
1871
1069

2
200
20
15
10
6
18
6
11
16
15
11
8
16
8
17
20
10
9
6
14
7
6
17
9
15
12
19
7
13
15
17
19
5
17
10
6
15
18
16
5
8
18
18
9
7
19
6
13
17
11
11
15
7
19
15
17
6
16
14
10
19
9
15
8
13
8
7
8
19
14
11
20
6
13
9
10
12
15
11
7
15
17
16
7
18
6
7
11
17
8
7
15
17
18
13
13
15
16
10
7
14
11
10
11
11
14
8
11
13
19
6
14
17
6
17
18
14
18
9
18
18
8
19
9
7
16
18
18
15
18
8
11
14
16
14
15
6
14
18
15
14
15
16
7
18
8
12
18
5
17
18
11
6
13
10
6
8
9
14
14
15
12
5
9
6
7
13
15
17
19
18
19
19
18
14
8
12
7
12
19
19
13
7
11
18
19
18
19
12
7
8
12
13
8
7
6
13
11
8
16
19
0
766
1026
199
676
1241
872
1687
1404
449
1315
1324
794
1862
1576
56
1150
1182
70
1494
1711
1779
1448
1462
1788
774
1678
1697
1653
836
308
790
1477
1285
853
1818
1451
792
1010
1131
1503
1327
48
1533
1846
107
412
1045
859
932
538
494
1041
1307
1443
79
554
19
1328
1600
72
549
752
1683
563
1840
204
271
830
1153
1255
231
817
533
700
1472
522
1749
254
1482
524
227
342
1873
1555
788
560
594
1532
1172
1887
1657
777
348
988
1162
534
338
141
436
1733
1633
364
1291
492
792
1265
45
586
1662
1770
1730
1425
1392
575
932
745
626
1854
5
918
938
430
1631
1156
948
1240
922
565
1623
1788
1321
21
1835
1895
1697
1261
382
1693
1671
643
712
947
1027
632
406
490
385
433
1523
1801
1774
185
1062
1679
1107
1030
1464
842
1537
1315
399
630
1754
1579
1660
931
1500
1545
722
97
1103
1728
57
468
1278
495
186
1298
869
1077
680
1676
646
393
742
931
1390
755
1308
139
552
1129
207
1705
388
1440
1304
1150
1523
849
1235
1263
540
1772
2017
1038
2612
2117
1192
1638
1971
1983
2739
2841
1150
1350
1467
837
2641
2528
1920
1778
1530
2955
884
2097
2635
2242
1693
1357
1770
2657
1547
1295
3074
1814
853
1781
1764
1531
1986
886
2140
2031
877
1675
1728
933
2128
1544
1247
1089
1322
1749
824
999
386
1755
2387
1171
846
908
2888
718
2627
1029
1152
1554
1659
2166
518
1095
1034
1510
2040
846
1920
465
2509
1559
352
1194
2149
2287
1497
1548
1677
1975
1892
2735
2736
1059
1543
1061
2403
1231
1594
418
736
2237
2796
1587
1975
1162
1288
2471
508
1415
2171
2166
2420
1557
2508
1726
1019
1528
732
2114
213
1155
1483
554
2073
1175
1635
2104
2088
911
2053
2062
1817
934
3101
2465
2284
1375
802
2196
1799
1880
1644
1889
2291
1144
599
690
857
1348
1586
2220
2090
1317
2316
2235
2303
1077
2605
1584
1842
1496
846
1680
2795
2541
1893
1895
2080
2597
1573
1105
1649
1937
791
898
2336
1698
733
1468
1222
2054
763
2363
1008
754
846
1625
1849
1220
1393
1282
1577
2146
686
2068
547
1502
1529
1198
1969

3
200
12
13
20
5
11
13
12
7
17
18
13
17
19
19
16
17
19
7
9
8
10
9
9
18
15
11
18
16
10
18
19
11
11
16
18
12
8
12
6
11
15
10
9
18
14
14
10
16
9
9
13
6
14
17
19
8
19
6
17
7
17
8
15
9
6
16
11
9
11
8
15
12
9
9
20
9
14
7
10
12
11
10
8
11
6
8
13
17
14
16
11
13
16
11
19
5
11
14
13
18
19
18
6
15
18
18
13
18
17
17
7
17
9
14
11
12
19
7
11
8
11
10
7
8
16
18
6
7
8
6
7
12
7
16
20
15
15
17
18
10
13
6
18
18
15
9
19
14
16
11
9
10
19
13
9
8
17
19
16
13
8
14
10
10
16
7
10
15
14
15
18
6
11
11
6
10
5
6
20
19
6
6
12
12
11
13
9
13
6
11
10
11
15
8
8
14
14
16
16
6
0
777
950
733
1282
310
1014
1457
59
1217
773
1008
1002
197
325
1532
578
72
593
921
359
157
1766
1421
958
1676
1219
1247
446
1569
248
641
1519
1002
156
823
945
46
777
1213
887
1140
555
1300
775
232
93
1361
6
1236
880
959
1762
1077
1088
607
1742
1420
609
1779
447
1803
496
1376
486
509
1523
1858
1522
661
59
1533
816
1396
849
1090
811
1358
253
175
129
1785
456
1491
1020
1124
766
1796
330
40
467
317
768
1325
268
217
224
1264
1473
158
1504
1571
1071
1821
230
1295
476
663
717
1495
69
650
824
695
1005
1653
1187
907
1298
237
275
362
222
894
931
178
1761
335
988
1108
1369
1400
1063
859
739
614
272
1598
1336
362
1787
948
955
869
865
251
1708
641
1418
1558
1612
1470
306
1083
525
164
282
787
24
308
69
1195
75
157
202
846
1854
1152
977
800
970
589
1421
543
895
1766
1638
475
1110
1430
699
1013
929
861
1768
496
1389
418
1714
520
1557
1562
1094
412
1394
364
605
661
63
228
864
1261
2209
1941
1669
1410
1041
2490
1120
1887
1342
2006
2058
1181
752
1779
1383
214
817
1118
704
825
1862
2060
1641
2326
1937
1550
499
2795
667
1452
2106
1593
351
1373
2183
393
1199
2051
2030
1797
569
1408
1300
1477
422
2034
947
2180
1988
1172
2479
1499
1750
1829
2569
2033
1672
2244
1650
2313
1546
2036
610
791
2277
1889
1721
1614
1112
2241
885
2146
1425
1479
1164
2507
666
930
443
2573
1517
2237
1131
1249
959
2599
463
1157
1224
1344
1670
1363
1151
1003
514
2454
2317
253
1534
2731
1148
2006
1027
2414
1263
949
1353
2229
993
700
1404
1867
1887
2640
1209
1590
1396
688
837
666
858
1914
1991
791
2005
787
2117
2060
1768
2577
1934
1617
1619
1313
818
2001
1390
1063
1893
1276
2044
2100
1072
1081
2635
824
1939
2399
2327
2190
1166
2145
1634
959
1261
1695
983
1120
808
1872
273
234
534
2001
2608
1779
1774
1516
2002
739
2536
1228
1166
1962
2245
1201
2221
1525
1067
1938
1032
1163
2009
1505
2296
1144
2785
1708
2805
2747
1290
1566
1959
1420
1398
1070
1054
462

4
200
17
7
17
16
16
9
12
17
5
9
16
5
13
10
8
17
16
20
15
20
10
15
15
9
18
11
7
16
15
12
11
11
5
9
12
8
10
15
12
14
16
20
14
12
20
8
14
11
14
5
20
8
11
15
15
7
10
7
17
10
7
10
17
10
14
5
18
11
9
5
7
19
5
18
10
19
10
14
9
11
10
11
15
14
6
5
5
13
16
7
15
6
15
8
12
19
11
8
18
10
6
6
16
13
14
18
13
20
8
17
9
5
18
9
9
15
9
6
5
8
13
8
15
12
19
14
5
11
14
12
18
18
8
18
11
18
16
14
10
8
6
13
16
17
17
14
7
18
5
11
5
6
15
19
10
9
9
11
8
16
17
6
19
5
18
15
16
16
6
14
17
7
11
16
6
19
17
9
6
15
20
19
13
19
10
14
18
19
7
14
6
9
7
10
18
16
12
19
10
14
0
827
1799
583
770
1069
1320
1564
163
337
1473
1373
956
1588
1573
504
1751
471
735
178
427
1492
1132
1083
1817
1653
269
101
173
38
1089
1616
652
749
1554
248
1447
1431
1710
1282
785
1015
922
676
114
521
1209
128
1444
1125
403
1141
1461
915
266
233
603
65
401
983
282
1134
1259
648
938
1339
1798
175
1671
308
366
859
1300
1760
936
1511
1565
1344
137
1709
1292
1638
1375
1070
638
535
209
121
554
1394
136
67
24
377
1143
1517
128
1166
1760
1296
950
1479
1125
286
358
1558
1332
1201
922
1127
251
20
878
34
840
1501
1174
365
1376
1800
811
1322
13
1720
1477
1187
137
979
1056
1388
268
228
686
1194
980
1679
1268
146
1528
117
1211
443
287
1159
766
603
1102
1497
821
249
1021
1093
1491
1795
166
477
1258
1295
1832
1597
174
230
1266
320
502
1049
1123
84
957
1684
537
1675
1838
1536
1335
473
656
1026
386
1327
1070
1696
595
1467
9
1831
329
1280
1562
96
1140
700
431
345
936
603
76
627
1423
31
688
862
2250
1468
1070
1715
2214
2217
985
1391
1617
1797
2054
1947
1730
1293
1951
1285
1864
915
1078
1837
1711
2043
1990
2632
661
996
843
836
1385
2175
856
1343
1618
1025
1576
1847
2081
1541
1102
1970
2015
852
413
1580
1593
493
2566
1388
1276
2286
2648
1959
665
1362
1150
299
1143
1151
1075
1215
1864
793
1306
2274
2020
790
2127
552
1456
1172
1949
2080
2067
1793
2206
1576
754
1876
1859
2102
2298
1544
1190
728
529
1134
1016
1444
899
82
382
486
1505
2689
607
2098
2164
2273
1981
2671
1396
1198
945
2394
1795
1655
1764
1994
1015
830
1537
303
876
1811
1549
994
2178
2609
1600
1828
543
2287
1988
1341
1008
1018
1592
2327
1337
1047
1118
1694
1318
2842
1977
1134
1757
1328
2064
1382
1355
1841
1224
907
1477
2117
1890
392
1188
2026
2123
2759
1221
756
2477
1867
1933
2354
1341
807
2444
1407
1449
1224
1556
405
1997
2683
641
1902
2514
2313
2196
1237
1589
1457
538
2260
1744
1790
1374
2236
958
1855
983
2185
1630
507
1160
813
1623
1565
1582
1755
1274
1555
2646
344

5
200
18
9
13
15
9
12
18
17
20
18
17
9
16
11
10
18
16
11
17
5
15
17
11
5
6
17
9
18
19
15
6
15
15
8
18
19
19
10
12
10
19
12
12
6
17
5
16
10
9
15
19
18
17
5
12
7
11
19
16
13
13
11
15
10
20
20
8
18
14
8
17
12
5
9
19
15
11
16
14
19
17
18
17
14
16
17
14
9
14
14
7
10
17
6
8
9
18
11
9
10
11
5
11
14
6
18
20
9
18
10
19
16
7
12
7
9
11
19
14
12
17
13
14
9
17
18
11
17
20
15
16
14
13
12
8
10
13
8
20
19
17
11
7
7
17
12
13
14
8
10
12
19
16
19
18
7
13
6
8
7
14
12
20
17
7
10
10
13
11
12
8
6
17
13
17
12
16
8
8
19
7
13
12
19
14
9
15
9
6
12
18
17
12
15
9
12
11
8
10
20
0
338
1123
1117
1825
739
331
1546
716
1022
532
547
511
990
169
469
158
441
1126
611
1555
1139
129
1792
949
1631
1631
1115
28
1291
1026
1604
1627
1729
1164
1912
864
484
1271
540
999
239
1741
1226
462
1181
957
1255
1805
1690
300
86
713
340
1318
295
1947
983
1445
1143
835
248
1508
1668
593
193
207
1879
192
81
499
1401
1600
257
1129
1717
369
1372
193
1591
595
707
1512
1572
669
60
9
1310
591
1595
1232
1696
682
246
485
1390
1506
1767
134
1712
173
879
300
1657
665
1277
533
900
182
247
362
365
359
145
1189
671
1451
705
1323
1668
1030
1259
300
1438
160
0
350
1879
1520
1820
1671
1675
498
390
827
1338
544
634
632
1127
1133
453
1817
913
1329
1744
452
361
464
792
446
695
1866
755
700
559
1139
237
1363
895
45
661
480
1607
188
87
100
1022
1943
601
945
423
1832
795
822
1266
141
477
1215
1242
297
848
182
220
57
1899
1371
772
920
1743
1650
646
696
1582
824
920
1496
1504
1807
1835
31
738
2327
1324
1978
845
1192
1567
1762
1145
768
1580
1136
1976
979
931
617
1579
1208
1557
1590
2133
875
3089
1984
2388
2907
1499
147
1561
2132
2652
2936
2427
1421
3128
1789
1374
1949
660
1564
1405
2616
1894
1554
2077
1033
1971
2652
1783
1191
1029
918
554
2254
485
2598
1478
2630
1825
1491
479
2192
1971
1630
1197
557
3024
1445
1003
1577
2361
2527
1153
1546
2320
1058
2174
912
2256
1715
828
1841
2342
1261
882
74
2292
1623
2237
2018
1983
884
995
1197
2251
1988
2128
833
1850
1213
1747
665
1738
1396
1311
1467
974
856
1432
597
726
388
1429
2288
1117
1659
1576
1616
1776
1230
2227
1462
1709
1217
424
935
2918
2661
2993
2692
2352
1527
535
1482
1935
586
1888
1777
1818
1648
477
2976
1169
1829
2206
1714
1364
688
1879
1509
1565
2144
1379
1974
674
2326
680
2200
1683
836
1937
737
2633
385
871
131
1824
2364
782
1228
1531
2397
1304
1590
2447
533
875
1866
1806
356
1811
579
644
1056
2624
1996
1099
1633
2555
2263
1138
731
2115
1295
1390
2507
2486
2152
2476

6
200
17
15
14
17
13
13
5
9
10
12
16
15
20
20
6
7
16
11
11
18
12
7
7
14
16
14
9
12
8
8
13
10
5
9
7
20
10
19
19
13
7
6
11
14
18
9
11
13
9
19
9
18
6
20
17
8
13
12
11
8
14
14
7
14
15
6
14
15
20
7
17
8
13
18
14
8
8
8
12
7
15
15
17
20
12
8
13
8
9
13
13
8
17
16
8
8
13
18
5
6
11
17
9
18
14
19
18
6
7
13
12
19
8
13
10
16
9
18
9
6
7
17
18
9
11
8
17
8
14
19
17
20
8
12
15
16
12
8
7
16
14
6
9
7
14
7
12
12
20
7
18
11
9
17
6
13
13
18
17
18
7
5
16
7
12
17
10
19
11
19
16
11
20
12
19
8
12
13
10
7
13
7
6
7
7
15
7
10
19
12
7
19
9
13
8
5
7
12
12
9
0
1772
1655
579
352
884
1188
242
1696
1387
482
492
1265
1147
203
1053
1114
375
1569
916
883
268
1548
1128
612
1178
392
1558
1564
1289
375
348
782
1317
1032
237
1544
1625
746
1265
812
921
887
465
1347
1158
454
1757
467
455
1133
116
1320
538
1603
1589
456
1410
1006
1290
1209
619
1353
997
1222
842
1427
1260
1792
1213
1132
406
126
1634
1560
973
1265
981
1484
1296
1624
195
1074
94
981
294
796
909
325
828
800
492
465
1576
1541
858
739
237
1802
1748
1785
1681
348
470
789
525
1024
1440
1380
1811
169
382
1081
1453
1752
231
354
345
802
1807
1628
1133
603
783
405
1394
577
1470
640
1500
266
538
1815
790
97
447
820
346
590
207
1656
566
734
1381
1313
899
847
647
1355
873
1532
1365
818
661
389
874
1706
326
1805
555
926
1444
1364
860
1773
1144
318
978
574
490
717
3
1657
835
169
1016
1665
959
655
383
29
1433
1129
138
327
1682
1100
216
996
1645
1330
1132
283
815
1494
1209
1152
1073
1006
711
629
2208
2340
1028
730
967
1853
1125
1819
1862
1026
1201
2044
1803
1168
1283
1984
1238
2246
1484
2095
745
2078
1530
1667
1619
1515
2119
2151
1366
647
1536
1726
1816
1179
847
2049
2119
965
1592
1380
1782
913
1357
2537
2090
945
2001
1589
785
1905
1342
2508
1456
1645
2652
1017
1699
1170
2303
2185
1155
1626
1431
1434
1544
2568
1403
2217
1696
1636
533
751
2004
2723
1415
1527
1255
2118
1446
2852
575
2249
917
2207
1182
1366
1698
415
1998
894
722
1263
2514
2352
1468
1955
433
2249
2164
2969
2492
1238
567
1997
662
1793
2142
1771
2168
480
1493
1586
2321
1963
1192
777
1288
1702
2936
1767
1827
1700
1182
1481
2319
1397
1846
1695
2214
687
1420
3001
1316
893
1552
1981
641
1746
1284
1696
1774
1638
1833
2409
1502
1391
750
1444
2008
2602
2471
1146
962
724
1432
1866
1294
2273
1248
1718
2000
1711
1054
2752
1898
1166
1276
1460
1694
1188
218
2704
885
372
1346
2242
1997
1242
1228
1242
2601
2237
955
937
2096
1626
442
1970
2706
2526
2305
923
1497
1688
1229
1976
2013
1546
1467

7
200
19
16
18
17
6
16
15
9
12
7
13
7
16
9
19
8
6
10
7
13
6
15
15
6
19
17
12
5
14
7
12
13
11
7
20
11
17
8
14
18
11
16
10
12
16
17
6
12
12
19
13
19
19
13
17
12
14
8
9
10
11
13
12
9
11
17
16
8
19
19
7
13
8
12
8
19
8
11
12
8
14
19
14
8
7
12
12
13
13
6
7
13
14
13
20
7
10
16
14
16
6
11
13
16
20
5
19
9
20
10
10
8
12
9
14
14
8
7
7
14
20
16
6
14
14
10
17
10
19
20
18
18
14
12
8
15
8
11
20
16
18
14
16
6
12
7
11
17
12
17
7
17
14
17
17
18
13
16
15
18
8
15
5
5
16
18
12
12
14
16
7
19
12
19
7
9
9
16
11
16
20
11
16
11
7
19
12
6
10
9
9
17
11
9
9
18
13
17
16
9
0
129
489
1660
1335
42
1199
1135
622
1448
1031
1086
25
1265
1078
774
790
1524
1752
1347
900
1139
102
783
6
408
335
655
1272
1425
462
728
208
1819
831
252
1022
1177
1287
1021
1025
449
338
579
766
345
1157
1116
1394
1875
1623
1496
1201
1720
1792
1749
459
815
277
826
1750
1687
1520
1696
1568
1517
1619
767
388
258
1350
494
316
305
715
1194
374
1827
817
1393
441
723
1660
838
1036
920
725
1214
447
371
1879
589
1168
567
1369
1399
450
814
463
1333
1717
431
45
251
697
597
84
122
138
421
1171
647
1281
1832
572
1817
1172
725
944
855
1132
1785
1306
495
246
185
1748
813
112
1834
981
1089
450
616
1089
1043
384
1443
472
1278
215
1845
773
1790
1368
1883
1176
270
1244
797
126
503
1592
680
736
205
482
338
1833
975
1730
1528
1378
187
417
1220
1830
1780
1222
1592
395
68
1534
1881
1331
174
1791
1900
872
661
1663
384
1005
48
726
834
738
391
335
407
150
1076
588
1188
154
1694
512
331
867
1431
731
364
888
2026
1398
1128
1272
1633
1668
2481
1821
1660
1179
1421
2331
1679
1504
2098
1941
1914
1535
1995
304
1034
901
916
1562
771
1552
2319
1710
1358
1161
2680
927
313
1209
2304
2136
1602
1956
1128
385
1668
1735
779
1350
1526
2170
3065
1974
1791
1495
2699
2704
1803
966
1247
1400
1299
2107
2683
1652
2544
2686
2199
1859
1423
1394
572
1863
1676
1542
979
1753
1836
1485
2839
1412
2520
1285
1631
2340
1473
1994
1603
1939
2187
1281
1631
2552
1778
1302
1518
1452
2457
1151
1076
1105
1857
1838
1463
1061
904
1624
1197
382
1202
276
717
2409
1263
2258
2967
1655
2776
2336
1703
1867
946
1929
1994
2246
1154
1173
1100
2689
1545
461
2401
1022
2314
1217
993
1111
2202
509
1846
1343
2447
1080
2050
1283
2056
2490
2996
1565
1527
2427
879
812
1383
2039
1855
1395
701
1250
1114
2704
1627
2278
1882
2531
1383
699
1435
2979
2893
1364
1948
1336
362
1858
2985
1462
423
2887
2327
1048
1607
2210
1347
1720
535
1742
1658
2001
815
1078
515
273
1429
1047
1214
757
2559
873
1185
2069
1667

8
200
15
18
7
18
18
11
7
14
12
8
16
6
11
5
14
19
18
19
12
15
19
14
18
13
9
9
8
20
13
18
9
15
14
18
17
10
6
15
7
14
11
16
15
14
11
16
7
8
9
18
12
10
10
12
11
6
9
18
15
8
7
12
16
7
14
10
15
19
14
9
13
12
8
11
14
13
7
15
9
5
16
12
13
15
17
14
5
12
11
6
16
10
14
9
16
12
10
15
6
7
18
15
9
11
11
6
11
11
20
9
18
9
17
10
12
13
19
19
12
15
15
8
9
16
18
12
11
13
10
12
9
9
12
20
19
16
10
17
7
12
13
17
9
18
5
8
9
12
12
20
8
11
17
20
11
10
11
9
13
10
5
14
17
19
13
9
20
16
9
19
19
12
18
10
15
17
16
7
18
12
18
7
11
12
14
13
11
15
18
15
13
17
17
10
10
13
13
9
9
17
0
1044
135
314
1158
899
1359
1433
95
567
900
1280
1854
1250
939
1687
1548
1481
1852
1219
1550
894
666
996
1876
1691
237
1226
1312
719
863
868
550
320
359
515
1421
392
981
1857
1100
1709
1588
1904
161
101
111
114
486
1549
1854
1342
463
1569
1549
379
1591
881
1373
1493
1549
736
447
1575
1162
331
898
1738
335
693
283
745
865
1244
212
807
705
1030
990
92
1432
394
660
592
142
1707
663
1857
847
1129
309
1633
1381
511
1310
592
397
928
769
1695
1430
1215
1503
1384
1441
1121
923
1252
1791
68
710
1170
494
637
412
639
1764
157
39
1720
1721
483
1466
296
1525
277
1328
954
1067
1784
1429
299
1627
237
748
689
1124
1207
787
1085
831
1646
1702
338
1463
908
1883
1547
1804
350
1290
1319
636
627
271
239
1805
1037
1774
1228
321
488
1061
1576
763
627
1328
637
177
1190
1217
355
59
1439
267
1554
568
1566
665
1772
1559
775
1803
1351
1696
1160
312
709
1152
762
1597
1232
1087
167
288
319
1596
309
420
644
568
1447
375
1207
1722
1985
2575
1777
1252
1164
1255
1330
2821
1719
1254
2943
2526
2500
3130
2065
2511
972
1506
1095
2309
2942
425
2010
1505
1930
1207
1800
1602
744
824
1055
2530
1273
2194
3014
1952
2236
2861
2719
798
218
1059
333
683
2161
1974
2481
1566
1892
2030
545
1673
1381
1920
2403
2603
1236
1616
2209
1773
631
1842
2854
492
968
973
1750
1754
1947
291
1295
1111
2283
1543
884
1848
605
872
794
1420
1890
1683
2750
1330
1965
520
1934
2569
1314
1345
1002
1241
1565
1009
2566
2034
2229
2639
2164
1633
2021
1265
1365
1839
1200
797
1591
1188
989
699
1491
2675
527
695
2116
2926
573
2489
379
1558
542
1631
1604
1930
2395
2532
1163
2583
478
2006
1631
1370
1984
1697
2012
2056
1720
1904
1534
1612
1077
2596
2590
1923
1181
2376
1497
1221
1645
391
540
2060
1105
3029
1279
1393
1071
1319
2618
1182
1323
2038
864
225
2292
2223
903
1320
1580
330
2500
1088
2786
1622
1965
2549
1532
3035
1401
2504
2309
363
1948
1295
1432
2198
1932
1763
937
1417
582
1713
903
577
1408

9
200
19
20
7
12
12
7
17
15
16
18
14
10
19
19
16
12
8
11
19
14
18
10
15
10
6
5
19
7
12
19
5
10
7
12
15
9
12
13
10
12
14
19
10
9
8
17
19
15
6
7
10
16
9
16
11
9
20
15
14
5
11
9
9
10
19
14
14
13
9
8
9
8
10
7
9
20
17
17
20
11
18
19
8
19
12
8
7
6
15
12
12
12
11
11
18
10
15
16
13
18
19
11
7
20
12
8
8
13
14
19
8
7
14
12
13
6
9
17
9
18
13
9
10
8
11
11
10
12
17
18
7
9
6
18
5
10
12
6
20
11
16
15
13
19
6
12
18
7
18
17
18
15
9
15
10
7
6
19
8
18
13
7
13
16
14
14
5
12
18
8
20
19
7
15
18
15
8
9
17
9
8
6
18
6
8
11
18
10
12
19
14
5
12
13
20
13
9
6
18
9
0
519
562
1223
1438
111
542
1475
1382
1775
776
749
1486
1085
1385
1744
302
156
1783
1082
52
194
1794
1111
375
1834
1793
369
104
33
548
326
611
400
1515
1625
1446
790
156
1321
445
531
372
1680
258
1621
856
943
1729
814
1357
907
1006
393
1378
1725
694
1076
238
101
1515
1134
877
488
1601
615
215
1335
1607
1173
169
1448
1704
386
1602
1582
1712
921
391
1545
1635
1707
136
1498
774
814
971
289
166
1446
1401
1376
922
359
625
489
1330
516
937
1067
249
1144
1390
1758
314
1410
993
132
1684
753
755
1718
381
354
441
97
628
1838
1762
1169
1093
239
792
1336
1772
904
3
158
773
1384
311
192
1591
1582
1655
1748
123
1862
501
1268
29
142
1607
1089
1420
1793
683
72
268
1106
99
857
1402
411
1212
1378
334
1357
1849
785
261
820
395
473
809
620
1423
504
602
58
39
115
633
971
1495
743
96
1792
963
1582
1548
981
552
1035
242
1243
1552
1561
639
1298
424
1385
1352
220
1204
466
839
1121
45
439
406
1768
1376
2342
1585
461
1622
2394
1696
2975
1596
1810
2183
1828
2059
2497
1459
304
2155
1494
1008
1068
1863
1496
1199
2530
2285
1120
898
942
1463
1463
695
446
2672
1778
2350
1320
235
2221
637
1452
1165
2533
1009
1752
893
1016
2966
1109
1647
1899
2115
1108
1610
1901
822
1791
549
214
2592
1482
1321
667
1943
1057
852
2560
2504
1854
1233
1809
2008
531
1903
1947
2288
2077
934
1746
2701
2643
1116
1644
1235
1652
1944
364
1196
2677
2592
2366
1151
866
1575
1198
1653
732
2164
2303
1268
2134
1493
1956
1137
2618
1178
1206
2594
1325
1784
2895
1207
822
1678
638
1840
2985
2255
2011
1482
1093
975
1402
2754
1848
272
918
819
2314
1347
1354
2653
2619
1660
2727
354
2084
1690
2391
276
907
2487
1379
1731
2913
1658
333
1085
2015
1328
1286
2235
1128
1661
2007
374
2017
2367
1365
575
1258
962
1601
1901
1670
1770
1089
934
883
206
352
1609
2036
2676
1472
233
1939
2203
1768
2157
1055
1681
1322
1080
1964
1612
1646
1180
1833
992
1506
1629
630
1383
778
886
1818
1268
744

10
200
20
10
6
16
14
7
17
11
11
18
11
9
16
11
19
9
16
15
13
19
15
16
17
9
19
5
6
14
15
9
13
19
7
9
7
19
18
6
6
17
17
5
14
17
17
17
8
8
20
18
7
13
12
7
11
14
19
17
11
19
9
15
19
8
6
11
12
11
20
14
17
16
19
12
8
10
10
18
11
13
7
7
19
16
20
6
13
9
14
6
7
10
12
8
10
10
19
17
8
20
13
10
12
19
17
6
16
16
18
13
11
13
13
14
6
12
8
10
19
13
17
9
8
11
7
15
12
15
11
13
11
19
8
11
6
18
8
19
12
7
12
13
15
10
10
10
12
7
12
10
16
7
8
18
10
18
6
12
12
5
18
16
20
14
18
11
18
17
13
19
15
18
6
5
20
15
7
11
6
9
9
18
11
18
19
11
11
17
13
12
18
7
10
12
16
17
13
14
14
17
0
1754
175
1261
1318
1665
1213
1077
343
786
157
1226
1428
185
989
1733
193
47
837
1890
881
1396
369
915
1204
1044
35
852
1135
894
1131
743
1460
52
972
817
1033
453
1140
1915
663
211
877
1635
1509
1560
307
1148
178
1840
899
1210
953
162
1044
1294
1387
1602
941
1436
400
1753
1302
1595
465
535
467
1915
1290
1271
1251
624
627
1786
1482
624
1556
583
621
420
1628
1874
242
1527
1529
355
122
332
999
402
286
391
500
772
1176
1635
1269
1376
797
544
1189
1550
154
1850
181
403
531
1083
1046
1226
79
1757
315
1822
72
1612
1021
1470
1511
193
1694
628
490
517
1178
1112
1325
1543
389
85
324
178
370
935
1309
1440
768
1792
473
1889
1906
93
1675
482
1168
782
1656
60
295
1385
559
1902
873
975
199
601
801
488
1422
864
1588
1181
1304
277
926
1286
1532
1768
1497
1444
1902
1741
858
1756
1761
360
1036
1026
575
1032
756
196
1294
1517
1266
1395
39
1168
193
744
241
1836
549
857
303
124
1660
930
569
238
723
3001
1274
1992
1937
2673
2253
1212
473
1027
254
1799
1789
337
1741
2821
1110
849
1310
2339
1370
1542
1323
2076
1352
1314
1116
1356
2423
1177
1879
1280
2496
750
1245
930
2232
905
2013
2899
915
1269
2069
2578
1624
1715
510
2314
937
2447
1561
1968
1249
1025
2320
1643
2148
1904
955
2146
1445
2149
2043
1891
1015
650
1058
2549
2500
1880
1576
1090
1301
2616
2321
991
2067
1385
770
609
1697
2144
1407
1977
2732
1032
1220
886
2054
1019
1495
1525
1188
1204
2119
2216
1377
2500
839
1520
2363
1744
1068
2472
911
960
638
2252
1159
1624
942
1904
1176
2411
1309
2270
1077
1806
2548
446
2573
1416
1765
1359
2013
1215
1417
1992
628
1148
838
1102
1081
1648
2371
1602
1519
2661
526
2276
2255
108
2444
1488
2146
1368
1915
1198
807
2167
1659
2861
1916
2161
873
632
2021
1032
1544
1609
2849
1878
1391
450
2007
1304
2681
2649
2309
2058
2444
1854
1351
2656
1995
1068
1608
1191
709
1286
897
819
2013
2436
2122
1845
1224
1211
840
1318
1356
2161
1143
1176
996
986
1688
2209
1471
1498

11
200
13
14
7
16
7
13
8
8
14
5
8
6
14
19
20
6
11
13
14
15
14
10
20
18
11
18
11
18
14
7
14
8
18
13
7
16
12
17
6
18
19
11
7
19
12
7
17
9
7
15
6
17
20
13
13
9
11
18
8
9
12
9
12
5
5
10
10
11
16
5
15
9
18
7
12
10
17
13
6
7
12
16
17
8
12
13
8
16
17
14
15
9
16
9
16
12
8
16
18
19
11
15
11
9
15
15
18
14
16
14
12
19
7
9
9
13
8
6
7
6
15
17
10
5
15
9
10
18
10
8
14
12
10
15
8
11
10
10
19
19
17
6
9
8
10
14
6
12
16
18
6
10
5
6
19
18
6
13
15
8
7
16
16
6
14
17
13
11
15
19
11
12
18
16
7
5
10
12
16
12
17
6
9
6
12
13
7
17
16
13
18
14
7
6
10
16
14
9
12
13
0
505
1755
70
532
1761
1059
687
1599
1552
993
1711
1638
736
1404
851
346
883
141
1436
1663
83
1304
569
1473
1063
1110
946
420
149
373
838
662
883
1049
1039
643
897
1425
1432
1116
1285
1757
576
237
1594
514
1793
18
639
284
1100
156
739
1668
322
1516
1122
614
813
734
1650
130
1162
19
826
1088
1464
949
146
1169
1257
877
586
1103
965
643
1465
148
1208
507
168
1680
733
246
1155
1795
41
279
115
1736
571
1630
629
718
1080
1594
197
920
1026
1039
1193
1130
1720
282
1711
1777
535
1271
123
1444
1575
265
947
347
47
1437
1456
1759
1767
1153
1006
1471
628
531
1643
1603
833
1484
276
782
1280
332
794
619
1721
1278
1084
460
626
365
1475
382
902
289
434
741
623
1251
466
105
1254
1015
926
1629
1444
129
698
721
1627
150
136
289
210
1705
1652
1042
1120
1110
169
463
825
1437
874
481
1781
502
1127
1261
475
667
1144
1101
657
1106
236
1583
1728
1133
1560
1730
194
603
262
245
1294
612
1543
462
739
937
541
2328
599
925
2730
1133
1040
2655
2558
1995
2581
1980
1767
1578
1710
1415
1369
211
1611
1979
928
2204
1572
2250
1577
1674
1508
1368
531
955
1215
1231
1796
1094
1162
1298
1809
2437
2539
1964
2264
2028
1403
1157
1687
877
2979
1058
723
756
1944
359
1377
1740
671
2084
1994
1691
1194
1412
2415
704
2167
489
1347
1992
1851
1071
890
1192
2297
2011
907
2283
1121
742
2456
1248
2363
1060
993
2318
1936
788
1481
2292
415
1132
906
2751
941
2713
1137
1507
1119
2397
1405
992
2239
1712
2373
1311
2572
486
2584
2772
669
1751
1113
2619
2737
1439
1621
1214
612
1598
1608
2293
1991
1907
1766
1910
1198
1619
2340
2280
1418
2444
464
861
1348
803
1585
1784
2363
1741
1619
649
1448
1312
1608
1109
1887
446
1422
1848
1278
1433
1190
1252
2215
2124
1894
1880
2538
845
1043
1840
1971
989
643
947
752
2884
2600
1458
2273
2300
792
492
1934
1701
915
599
2889
558
1528
2132
1317
1047
1652
2178
1268
1957
423
2460
2557
2252
2768
2467
319
1442
310
1340
1515
1325
2462
839
892

12
200
16
16
7
19
14
7
19
7
9
16
10
11
10
15
10
9
12
11
20
19
15
12
14
6
13
6
8
9
11
9
6
16
19
17
18
19
15
11
14
5
15
14
16
9
19
15
15
12
7
6
15
18
15
15
8
19
10
11
9
16
13
10
19
19
6
7
9
6
7
18
5
11
15
5
12
18
14
20
8
6
20
12
7
16
13
5
14
19
14
14
11
15
5
7
12
14
9
17
20
14
15
7
5
18
19
6
15
15
16
13
13
15
17
15
10
14
17
20
11
17
11
7
14
9
15
8
9
18
19
19
10
15
16
16
15
11
16
13
9
12
17
13
11
9
15
13
20
19
19
12
7
18
19
7
15
13
11
11
7
14
17
7
10
15
15
18
9
14
12
19
18
17
6
11
16
12
7
16
11
18
9
15
17
19
7
13
19
17
18
16
7
7
9
6
14
17
19
15
6
14
0
481
1368
1024
756
1132
1614
1156
585
213
1219
1116
1456
242
1848
298
751
22
244
857
285
1345
1375
570
744
1637
1889
938
951
1253
1504
1424
1785
708
1840
306
1937
1030
1722
245
860
1938
937
187
3
1322
101
853
177
444
838
1536
1705
845
1713
1858
1309
1263
1871
1768
166
1923
83
1760
1530
1195
1127
474
690
1682
1651
1395
103
1023
518
524
1905
22
1866
1749
939
1449
1466
661
482
1017
419
1056
1877
249
1788
978
1922
1930
1157
874
1708
355
587
1829
488
933
578
1725
1612
1666
1455
75
202
216
1842
1881
1004
1845
356
144
1091
585
1807
1266
1400
273
976
1040
1232
1168
1641
730
803
1279
1153
115
978
332
173
601
1942
1082
931
6
1602
1707
1105
448
1317
1230
1144
1226
294
36
1014
63
1812
1861
293
1814
946
1293
940
1651
275
72
1386
128
1864
1247
708
1582
624
1161
1533
814
1209
227
1279
842
1909
1935
1209
594
741
1617
1502
1156
242
495
169
547
87
1835
952
376
674
1404
1371
163
971
974
1058
754
126
961
2398
1299
783
1837
2064
1780
1862
1062
2157
1190
2305
1299
2823
829
1222
180
671
1940
1384
1488
1544
1725
1848
2321
2405
2104
1008
1606
1939
1665
1952
1536
2347
1503
2643
2027
3019
789
1843
2714
1063
805
510
2508
1127
1744
454
481
1653
2134
2267
1777
2903
2608
2580
2121
2372
2987
841
2396
1021
2389
2522
1967
1428
1488
1691
2099
2057
2011
1281
1350
1469
1620
1955
51
2527
2790
2002
2602
2201
1605
1004
1333
1322
1097
2689
1218
1868
1360
3090
2073
2390
1839
2894
1474
1631
2730
914
1730
908
3035
2371
2253
2003
160
335
1389
2918
2279
2050
3134
1007
1238
1588
710
2522
1534
1641
1315
1742
1964
1509
2138
2398
1494
2081
1830
1565
346
2060
350
261
1301
2531
1637
1851
944
1728
2051
2306
1573
1794
1295
1869
2109
324
724
2141
335
2604
2223
1485
2604
1554
1837
1519
2653
1456
961
2437
685
3113
2206
1037
2574
1563
2211
2767
889
1943
1121
1637
1293
2181
2165
2022
1567
2035
2611
1926
1545
694
511
1184
598
1065
2055
1793
668
898
2028
1476
555
1516
2197
1878
1419

13
200
7
14
9
19
7
15
14
16
14
18
11
8
6
18
18
18
11
8
15
16
7
19
14
5
17
5
15
9
19
15
9
17
19
10
13
19
10
15
20
8
9
7
11
19
18
19
15
13
10
14
19
5
17
14
19
11
9
19
5
14
9
19
14
16
19
18
11
8
18
18
15
6
13
8
17
11
10
17
9
5
8
8
13
19
18
19
14
17
16
9
8
19
8
13
8
14
12
10
12
15
12
15
10
17
9
17
16
17
8
9
13
8
14
12
12
9
13
14
18
15
17
12
8
19
14
9
20
20
12
13
17
17
16
6
17
20
18
8
18
18
9
7
11
6
14
9
9
8
5
7
8
18
13
11
15
14
9
17
8
11
7
12
14
17
12
6
8
12
7
18
20
6
11
20
9
18
19
19
11
18
14
7
12
6
14
9
7
17
7
17
11
15
14
15
13
12
11
16
5
7
0
995
1502
617
973
1223
699
1594
1918
1524
134
56
1627
1053
1632
1358
795
529
1375
1662
1771
133
1275
417
1280
341
1891
596
571
677
1589
1820
233
66
541
173
6
1512
1423
1793
1713
1597
1576
311
904
351
1281
519
87
420
1683
1674
165
164
1586
1565
1035
1763
1386
398
788
344
208
1911
1289
298
295
438
1865
1637
864
1518
461
634
1272
1059
1360
1650
1478
1556
571
1367
365
7
101
261
1126
941
983
604
1114
785
1181
1407
467
839
350
1738
1104
875
922
1593
1451
1687
1682
147
963
1417
338
1822
503
455
1256
1034
1049
1704
444
451
304
1665
1898
819
1279
1630
689
1732
1524
1618
437
1597
232
524
535
1434
1569
1831
1473
740
1246
77
308
1662
318
1470
1454
42
424
1734
1328
818
1276
1609
992
1596
939
449
1451
1179
421
84
1010
46
1516
1864
1471
1277
1355
93
94
185
1571
1104
1146
94
772
1671
775
39
1758
435
291
1508
227
1119
1574
1217
1867
130
1082
1599
1746
339
1833
207
1859
1162
1902
1297
765
953
33
1767
1672
913
1068
2499
1735
2013
2641
2718
1062
1119
2919
1601
2239
2098
1779
1151
1941
2481
2038
845
1454
1244
1990
638
2490
640
1434
1845
2600
2975
412
1068
692
1013
1089
1735
1550
1996
2127
2399
1756
871
1271
956
1961
1200
563
1130
2477
2917
1153
1159
1706
1731
1662
1866
1989
1531
977
990
1043
2059
2551
419
1199
817
2905
1821
2046
2434
1708
1389
1387
1771
2219
1769
1536
2175
1630
2052
1181
1209
1341
991
2234
1717
1154
1685
1907
1497
1779
2233
1338
1256
754
2374
1405
1399
1589
2187
2506
2462
2860
1165
2091
2069
1009
2455
1378
1413
1857
1904
1110
1864
684
1741
890
2058
3152
1184
2457
1939
1076
2442
2158
2872
521
2243
824
1791
803
2370
1912
2735
2447
1674
1544
543
1403
2833
1573
2619
2465
992
1455
2973
1950
1074
2261
2612
1856
2462
1968
1622
2706
1805
1159
1082
1394
222
2190
2920
2421
2028
2122
325
357
776
1935
2359
1552
885
1283
2709
1341
80
2087
1251
1028
1908
1034
2173
1633
2265
1975
557
1711
2512
2212
1311
2162
1455
3134
1789
2732
2186
881
1598

14
200
8
13
13
5
8
18
10
14
8
10
7
6
17
13
16
13
6
6
5
5
12
13
7
8
9
6
17
10
7
16
19
11
16
6
20
18
14
5
20
16
6
7
15
6
7
20
16
10
18
9
9
10
9
9
8
15
20
7
11
13
20
11
7
18
5
16
20
17
20
12
14
19
8
7
12
7
10
5
7
17
15
17
18
9
17
11
14
20
5
8
12
19
16
13
17
9
12
14
8
16
16
12
9
7
17
19
10
13
15
18
11
18
5
14
8
17
15
8
12
10
9
6
9
10
14
18
16
6
13
12
18
12
17
14
20
15
10
11
18
11
7
17
18
17
12
8
9
14
8
7
15
6
15
19
10
6
9
8
16
8
19
12
14
14
16
8
14
6
11
5
16
14
10
8
17
7
16
14
9
5
10
16
6
20
12
13
16
13
10
11
13
18
12
12
9
10
17
18
19
7
0
1267
1498
237
1423
1204
646
583
1090
1401
329
1602
656
1013
843
898
1757
1714
252
1421
1380
1442
589
1313
611
353
1181
450
1683
1691
1771
1351
3
292
655
1308
679
1769
1347
920
446
1115
214
321
1060
323
1493
949
535
1079
1041
608
900
934
1705
1506
750
319
1649
721
324
1265
253
1072
180
1543
1292
879
1081
1643
1366
592
790
897
1769
1204
873
150
696
1378
938
86
321
1098
697
1654
266
484
98
1347
1032
1596
1454
569
1704
28
154
1752
872
1544
792
1310
1541
1197
1434
1437
1555
402
1131
1505
1359
1229
807
182
1522
372
1476
116
1708
675
967
614
946
513
426
1215
1749
835
1679
1596
1480
1153
1232
623
940
509
379
55
758
295
638
1115
963
1202
327
1271
1732
307
1716
1343
558
679
700
1067
320
1133
1328
527
1554
450
1540
208
693
128
1591
635
514
1612
1621
1665
1537
346
1458
561
704
1827
197
1714
839
1697
1322
590
537
754
809
452
887
553
539
689
515
1145
694
661
710
1461
663
1772
1272
109
362
1615
2536
750
2495
1754
659
1684
2184
1517
1356
2004
1758
2108
2038
1568
2757
2026
1384
1601
2291
2404
1756
2229
1025
913
1896
1510
2020
1824
2206
1742
225
451
1479
1772
1019
1989
1484
1471
1029
1805
331
1063
2227
525
2028
1819
1643
1911
1663
1066
1686
946
2435
2324
1730
799
1905
1596
949
1607
1275
1144
858
2315
1399
2067
1651
2094
1882
1400
897
2036
2671
1720
1127
738
1677
2334
1377
1025
1266
1843
1149
1919
1457
904
239
1735
1130
1848
2350
1434
2714
733
1082
1857
1344
2210
1634
1907
2439
1731
1720
2581
2591
1420
2008
2626
1672
1858
969
1278
2468
1469
1537
387
2777
1441
2136
1270
1576
1225
943
1519
2942
976
2132
2776
2017
2169
2446
1468
2006
1271
1218
585
790
661
1046
1273
2157
1911
914
2033
1901
1123
2464
1958
721
1062
1003
1715
793
1785
2327
1013
2781
1418
1868
1316
1408
1331
1827
1579
1307
2736
2278
2255
2001
1199
2323
1119
935
2505
1298
2524
2043
2635
2271
838
1255
865
1037
1535
992
720
1706
1119
1305
1936
1419
1502
1606
2130
1738
2031
2442
1307

15
200
7
9
13
9
9
19
7
19
8
18
20
12
5
6
7
13
9
11
13
18
14
19
15
14
17
9
10
12
11
6
15
10
6
8
17
17
7
7
7
7
11
9
10
11
14
14
16
6
9
5
7
14
12
14
18
12
14
15
10
7
5
8
17
11
10
16
17
9
11
12
12
11
20
20
16
15
14
18
9
8
9
17
20
14
16
12
7
6
20
9
8
10
13
20
8
14
6
12
16
8
16
18
13
19
12
11
13
16
17
14
16
8
13
20
13
15
16
12
9
6
9
10
19
8
17
13
19
7
16
11
13
13
17
19
15
18
18
5
11
12
19
9
8
9
16
5
17
17
9
18
8
19
19
13
8
9
9
13
6
8
7
11
11
14
16
19
9
9
9
12
16
7
8
19
15
13
17
11
11
14
7
19
17
8
19
14
6
15
7
11
14
18
10
13
8
5
17
18
17
19
0
510
890
737
894
1749
485
411
3
1537
1675
816
1643
1537
563
138
484
620
577
67
1215
1143
430
1136
127
990
476
645
1813
1548
499
1418
1547
1099
164
1342
1033
54
1268
1774
1132
603
650
1061
100
1044
877
34
643
982
1436
665
197
860
1297
493
1342
798
1688
1318
1831
900
759
1180
1134
505
713
1200
1636
426
407
13
352
48
1465
1782
1532
798
921
1195
1239
402
284
1275
397
611
313
1309
1129
1640
207
1367
1825
398
347
1782
1733
1207
1172
1145
670
99
1061
1043
915
1780
726
563
597
499
197
1851
580
687
1501
427
1095
1162
1252
196
788
90
1185
738
565
473
308
550
633
607
464
1135
592
1500
151
1504
299
770
931
1574
176
1303
1295
293
534
435
424
1376
461
1002
1646
1290
1439
708
732
366
1308
1145
1049
469
548
367
1540
254
885
1048
1421
1830
1406
1840
1137
650
172
229
570
466
927
636
148
901
1158
77
252
1320
301
1119
849
311
607
160
467
847
281
805
176
444
1790
353
509
644
916
1192
1363
886
1736
2667
1288
947
949
2180
1913
1165
2318
2650
1094
688
500
1519
656
1168
2143
1464
1388
1852
363
1598
1665
1260
2206
1964
1674
1669
2125
1388
913
2562
1774
637
1344
2816
2111
1623
1265
1619
412
1825
1374
257
1430
1003
2153
1180
1322
1422
1654
848
2031
915
2241
2543
2409
1417
1667
2252
1411
1104
1013
1548
1672
550
1124
903
614
870
1655
2863
2006
1485
1346
1546
1556
500
987
1775
632
1636
1110
1703
1557
1957
1165
1820
2792
1206
673
2640
1957
2438
1695
2297
1352
276
2123
1410
1591
2605
1261
1726
1831
1445
492
1995
599
1604
2367
1675
1555
1525
1690
734
1441
440
1568
1717
1801
1717
1368
630
1180
1553
978
1561
752
2622
429
2544
608
1743
1893
2291
846
1474
2137
400
1716
581
1480
2503
1242
1693
2344
1817
1461
1638
1412
1555
1641
1466
1558
990
1753
447
2355
846
1085
1632
2243
2629
2210
2144
2112
971
1261
671
1762
1247
2174
1462
168
1306
1859
186
365
1420
1040
1752
1079
435
833
1361
1175
1102
1139
1373
1086
1447
2336
1244
1533
727

16
200
5
13
8
20
9
17
20
8
5
6
11
5
7
7
11
9
19
15
6
19
15
12
13
18
11
16
11
10
7
9
20
12
12
11
19
9
12
17
10
10
17
9
9
9
18
17
14
18
16
16
7
18
8
18
10
20
17
7
13
15
19
14
6
8
7
20
6
7
12
9
10
12
19
13
6
18
11
17
12
17
11
10
13
14
12
5
11
6
13
18
8
18
16
19
17
16
19
14
17
9
16
20
16
9
5
11
14
8
6
18
12
5
12
13
14
13
16
15
20
15
6
17
14
13
6
9
10
13
16
17
13
15
9
14
8
9
14
16
12
7
11
9
15
12
8
12
17
13
13
8
6
11
19
17
8
16
15
9
14
6
10
14
16
6
9
10
19
7
19
14
16
6
13
9
18
7
17
17
16
5
19
19
6
19
10
6
11
9
18
15
8
18
11
7
8
14
13
12
16
12
0
852
777
909
1685
1576
1419
717
210
850
599
188
1804
460
1532
440
1702
1178
376
1682
498
350
1184
667
825
1129
1534
1320
1862
220
1471
302
1754
483
1464
1769
301
295
905
633
805
396
217
1685
1546
717
1290
785
88
1707
1826
1101
893
1374
747
1815
819
682
905
493
947
1033
62
760
616
884
1265
1028
1548
1379
1785
812
369
31
1108
360
1154
1001
221
225
127
464
900
819
319
1772
1562
1083
831
215
241
67
1680
1434
1255
544
670
199
600
1626
812
440
866
82
1015
1360
788
396
1636
621
873
933
1377
1115
150
1118
269
1276
1164
718
199
311
125
630
894
173
1783
572
1500
138
419
1187
83
1327
156
366
1174
208
1036
656
1259
1512
1645
700
1582
1543
790
703
1358
374
423
453
188
1380
1665
1194
155
500
1712
1118
881
365
326
1364
471
1170
1251
1079
1208
1570
421
297
1147
760
527
414
416
1325
815
440
1456
317
1666
1251
254
1786
888
1061
150
818
696
1814
387
370
451
365
345
1598
1603
989
1027
1477
1967
1355
2729
2806
1912
938
1115
2010
1022
1183
2674
1296
2345
1487
2906
2252
1596
2832
974
552
2344
1783
1934
2035
2511
1616
2490
1069
1571
376
2272
1180
2133
2726
1546
1264
1738
656
1114
485
973
2728
2052
942
1668
1504
498
2171
2863
1864
1380
1854
1927
2393
1331
1044
1427
740
1444
2004
678
1758
1483
1414
1296
1576
1916
1934
2285
1053
1231
811
1131
719
1576
1719
764
663
182
882
1847
1748
435
2345
2303
1638
1705
674
317
802
2393
1735
1411
652
1922
665
1620
2302
1388
539
1665
1076
1020
2591
1585
669
2257
820
1402
1312
2561
1758
1089
1842
1485
1511
2185
1091
1112
670
1271
722
1244
862
2656
1651
2330
922
1072
1694
1011
1480
408
1107
1420
795
2017
1775
1766
2287
2172
1015
2707
2239
913
1355
1427
1267
819
556
836
1775
2228
1799
566
1292
2691
2072
968
725
427
1993
1653
1757
2155
2314
1537
1914
535
1192
1275
863
977
1193
1428
1367
1256
604
2582
1130
2441
1942
326
2546
1425
2045
1411
1810
1552
1920
1179
830
1297
993
834
2110
2321
1069

17
200
8
13
11
8
7
6
19
13
14
11
10
7
14
19
5
6
11
9
18
7
7
16
13
16
17
17
17
8
19
14
19
13
8
9
5
7
15
11
15
16
8
5
9
11
16
6
13
16
16
8
7
17
8
14
7
10
5
11
9
12
19
8
17
16
9
10
9
11
10
13
18
16
14
8
11
20
13
16
6
9
6
11
17
9
20
18
9
6
18
19
5
14
10
15
17
17
14
16
20
18
10
8
12
12
18
7
13
6
14
7
8
20
14
13
16
6
19
13
10
19
17
20
12
15
13
19
14
11
10
6
7
18
9
11
12
16
6
19
15
20
7
5
10
19
13
11
6
5
7
18
14
11
11
7
8
8
14
10
11
17
15
5
5
16
12
17
11
19
8
13
19
9
20
9
16
16
5
13
10
6
20
16
20
16
9
18
6
17
19
13
10
6
18
7
9
18
15
9
15
6
0
769
1657
1691
904
587
737
627
1525
672
891
453
320
986
272
615
1582
121
925
586
200
1240
1332
351
1636
257
1704
1343
1836
301
420
776
1715
1635
1486
817
1031
4
360
1602
247
1549
1172
1382
1230
668
1380
421
401
806
565
637
175
616
719
1267
997
1514
1319
996
1652
1449
749
1290
1464
1422
1821
1093
762
654
1671
1619
580
1380
593
303
1662
1029
891
28
51
137
847
1656
1448
61
912
415
25
421
1456
253
991
1655
1801
398
1288
515
129
1367
333
452
331
1259
1242
794
1414
107
769
1377
1331
1529
243
1289
73
1831
713
742
710
17
1725
1319
605
422
73
722
951
913
579
1196
1073
1003
264
135
118
701
313
476
196
521
1680
163
448
1086
50
126
58
1706
478
1121
1503
49
1099
1237
765
1487
1248
1271
5
1561
1780
279
1775
1728
1367
1416
33
1563
770
1169
695
1787
440
497
424
1828
1601
1782
600
503
1696
640
1744
87
1729
949
82
266
1627
1376
1519
662
1176
164
1028
259
1054
1464
1666
1376
856
2004
2314
2353
1412
1220
1090
1277
2114
946
1784
1556
389
2044
699
1383
2282
986
1083
1569
508
1314
2296
1475
2842
1249
2476
2150
2329
492
1659
1422
2847
2634
1988
1643
1766
707
826
2145
613
2361
2306
2530
1815
1737
2598
532
1303
1671
1098
1383
807
1379
790
1434
1313
2301
1686
1314
1784
1878
1946
1769
2303
2125
2777
1530
890
1538
2815
2576
1161
1605
1250
1298
1873
1898
1189
690
463
188
1724
2472
2170
1284
1244
998
587
1667
2260
1494
1929
2217
2911
825
1565
1511
505
2406
854
1398
1240
1704
2193
1642
1506
356
1130
1574
2442
2624
1434
1602
759
2308
1338
1051
1236
209
1920
1733
1428
734
819
789
1294
1135
1112
1286
1732
1828
495
232
158
1693
1081
646
1381
692
1842
904
649
2070
1082
1252
665
2265
1083
1140
2672
228
1877
1314
1015
2234
2482
1580
1232
2137
2856
1469
2973
2535
1603
2054
553
2168
945
1754
1353
2819
640
1627
1184
2725
2619
2570
1790
1516
2847
1149
2561
392
2721
1821
140
1494
2234
2257
1969
1321
2100
307
2259
1374
1520
2058
2829
2079

18
200
6
16
5
18
19
13
9
19
12
6
9
16
10
7
17
20
9
16
18
14
16
14
6
13
19
7
18
17
18
19
5
5
17
19
13
6
10
10
13
11
20
18
16
16
11
10
19
16
8
17
10
18
14
15
9
10
19
17
18
20
18
10
12
13
11
7
8
13
8
18
8
19
8
15
12
13
19
18
9
14
13
11
18
13
7
7
12
16
19
16
20
12
18
15
14
15
13
12
18
15
14
7
13
7
15
10
12
10
19
18
6
13
18
8
18
16
12
16
13
6
16
16
9
11
10
12
6
15
15
5
12
7
17
14
7
10
12
13
16
12
13
8
10
7
9
16
15
14
18
18
18
15
19
13
15
9
7
17
18
15
17
20
16
18
8
12
6
16
11
7
7
14
7
7
8
18
16
18
13
19
17
9
7
13
13
5
5
20
6
10
12
12
14
13
11
7
10
9
16
9
0
182
1694
895
1114
264
1228
862
126
1277
269
1046
869
1902
685
1157
916
868
1842
1858
1002
421
158
1515
1423
862
1846
1890
745
1746
141
6
1013
1072
1280
740
1309
277
34
171
1328
555
729
1421
710
248
58
1383
254
174
469
349
473
1424
1478
126
1664
537
806
1863
947
1528
1239
264
173
1156
721
932
727
1836
441
1207
1069
823
634
91
218
383
1398
901
1671
1131
1535
416
1548
1928
1070
14
98
1511
469
1461
960
1940
255
1525
407
1297
1803
484
868
925
1388
1810
493
1076
1544
639
789
550
748
417
1596
1354
1031
982
175
981
331
1352
570
503
1452
1261
1482
1378
542
35
1813
1688
546
170
1838
1600
905
606
318
1584
1192
638
480
1239
1007
1427
1853
1674
832
787
615
1818
1691
1222
672
1335
549
1656
1812
483
663
596
180
1856
797
584
402
450
1939
895
839
8
1256
1361
1776
1302
281
389
1904
312
932
334
1851
212
844
1376
1458
1332
439
918
1798
201
210
1031
581
659
640
193
1643
197
698
942
1290
935
2722
925
2389
1500
2298
1130
659
1714
1203
2317
1858
1911
928
1491
2001
1575
3140
2551
2239
1620
1330
2791
2667
983
1971
2685
1747
3045
312
1170
1751
1895
2551
1683
1653
524
864
1088
2004
1580
994
2561
1711
1229
1291
2624
1158
407
499
1573
1095
2068
2228
568
1955
1756
1788
2956
1133
2325
1790
1068
990
2357
921
1227
1902
2192
703
1380
1539
1545
652
1199
622
1236
1535
2135
1969
1373
2560
1104
1904
2929
1738
938
177
1838
1038
2397
1514
3026
1389
2779
1024
2465
2223
1501
1279
1208
2263
2140
1545
1537
1908
1665
2046
741
1486
1411
1719
2417
2062
1035
691
2129
1146
2113
836
599
1793
1390
1952
2262
1386
907
2016
2482
1178
928
2062
1910
1845
1003
935
2308
1402
1264
1299
2309
2023
1856
2801
2962
1578
923
835
1930
2171
2390
909
1459
1099
2577
3082
925
1286
1731
842
2918
1726
1547
967
1307
2686
2051
1840
237
2327
2165
2378
1910
1198
1684
2413
642
1842
697
2099
1240
1752
2605
1824
2194
564
1198
2553
379
949
1183
785
1796
745
490
2126
1487
1963
970

19
200
18
18
13
17
19
20
18
12
6
17
16
20
10
14
7
12
14
17
13
7
16
14
15
10
12
18
15
20
12
18
8
7
17
6
12
13
16
12
9
20
13
13
11
15
17
9
16
13
20
7
20
20
10
10
8
19
16
12
16
17
15
8
5
6
9
14
19
9
18
6
12
5
12
5
9
12
6
14
6
17
6
6
16
6
13
7
17
14
17
20
10
10
18
18
17
5
17
9
9
9
14
9
13
14
6
11
7
15
18
16
8
7
10
12
7
16
16
5
20
14
12
13
16
10
14
19
11
15
16
9
16
16
14
14
8
5
13
12
14
9
7
18
18
17
19
5
13
6
15
7
14
11
8
16
7
9
12
18
9
6
8
15
17
19
15
15
13
7
18
17
12
10
8
10
6
16
18
5
10
9
10
15
5
5
11
19
18
14
10
19
9
16
20
19
18
17
18
12
8
6
0
1263
992
975
1312
1304
1275
1215
1816
1674
709
1744
436
1755
99
445
1685
209
163
293
1222
1043
1650
1627
737
1544
876
565
556
1380
1648
1022
946
829
851
1124
288
790
1006
1423
161
1080
1361
1432
1712
157
1802
1424
1442
378
1600
758
1229
1011
620
160
762
229
242
1130
524
1631
214
376
629
843
81
1007
806
1017
1430
315
167
458
552
613
140
1176
120
1071
1600
613
942
1787
1479
151
470
858
809
235
1000
479
960
499
972
935
3
1386
820
398
222
884
618
348
652
23
19
263
878
1226
572
430
1408
1737
0
328
187
485
1323
21
1035
1568
1706
1522
1225
376
1026
440
608
219
746
1029
1419
1728
745
1180
1207
1476
843
1419
1297
1066
1364
1554
889
351
1833
1000
1101
761
1698
670
465
12
259
1519
501
383
1586
1452
949
396
687
888
1396
1615
476
1582
295
392
1551
1370
489
84
998
1800
840
253
1234
868
177
265
408
1126
803
450
1518
1593
1598
176
350
1831
306
749
818
1830
776
1048
679
1331
655
2244
1013
1837
2115
1395
1410
2184
2438
2369
1962
2339
983
2249
354
938
2178
1317
291
984
2198
2291
2348
1937
1171
2625
1331
623
573
2109
2064
1841
1826
1690
1566
1422
432
1864
2217
2606
1229
2295
2034
1497
2055
552
2484
2575
2500
394
2736
1486
1623
1305
630
846
1349
864
915
2046
1378
2535
1379
1143
765
2085
928
1096
2026
2180
2420
1128
328
1364
1220
1596
386
1677
188
2175
2695
1363
1830
2527
2348
804
1543
1250
1272
358
1013
572
1523
639
1063
1013
753
1956
1021
1527
626
997
1139
1187
1145
1231
1113
550
1807
1709
1557
1073
1439
2114
884
747
1438
1472
1911
740
1407
1734
2378
1783
1568
547
2095
481
1050
1087
1468
1571
1731
2293
1808
1468
1324
2185
959
1430
1624
1448
2456
2339
1187
1097
2767
1667
1379
1076
2244
1736
1614
1171
820
1830
529
970
2201
1496
963
456
743
1442
2288
2054
761
1785
398
675
2059
2359
627
666
1756
2419
1873
1182
1601
2105
556
818
1018
1370
1140
1098
2538
2046
2183
239
843
2046
1110
1607
1333
2733
1484
1606
1772
2318

20
200
14
11
15
8
12
12
12
19
12
16
13
12
6
7
13
8
17
16
9
16
9
7
6
5
14
12
7
6
14
15
8
19
10
10
10
5
13
8
7
11
12
12
8
18
8
10
13
6
12
10
8
14
20
8
10
16
18
8
10
11
12
8
19
6
11
6
16
19
9
16
10
16
8
12
17
5
11
13
17
10
12
14
14
7
7
6
19
19
14
10
17
13
16
14
16
5
8
11
12
15
15
15
6
10
16
8
12
18
7
9
14
9
13
17
6
17
7
18
19
18
12
6
6
12
20
14
14
10
15
19
8
7
12
13
10
8
11
16
20
9
18
12
12
14
15
19
5
16
8
18
13
9
13
13
6
7
13
8
14
18
7
5
6
7
14
13
12
18
20
5
16
10
5
9
7
13
12
16
10
11
14
16
20
10
10
13
16
11
16
17
5
10
8
17
16
13
13
16
17
9
0
1145
1448
1388
1581
1383
495
542
1583
1434
1254
1255
226
824
736
1484
1649
1207
1206
617
825
1415
95
307
1045
51
418
1318
260
1645
1531
12
35
1697
1073
1623
96
561
278
51
1676
1727
366
601
608
1307
165
1274
562
1569
652
41
420
1416
1405
1217
550
243
42
306
1764
404
1199
1302
363
1618
1205
900
1589
1284
1736
774
980
1218
613
362
858
643
465
753
675
1113
1387
879
1494
1390
346
424
1058
772
1198
1442
1759
1477
566
1534
770
1616
166
1110
833
1713
51
1438
172
123
1791
1601
30
323
1215
1639
881
16
1537
219
646
1210
1338
1285
128
424
789
89
224
1777
360
766
1524
1335
1275
1732
1640
1637
1695
1049
882
1188
1506
1171
831
1665
700
539
1028
981
630
1724
1717
582
323
254
1665
514
716
1775
792
1641
20
1138
254
1147
269
1625
693
678
1064
692
305
700
562
697
628
431
1306
1526
121
252
1395
1249
1418
840
936
1251
1543
1286
689
629
1759
1239
1284
1472
936
357
1479
827
121
85
248
1734
135
1867
2242
2187
1888
2193
861
1741
2738
1581
1785
2080
304
1732
834
2351
1789
1305
1232
1261
1819
1801
771
896
1933
595
1527
1695
481
2287
1570
317
989
1731
2117
2451
1010
1358
1468
407
2577
1949
853
1717
617
2196
677
2118
1086
1931
1491
723
542
2266
1508
1588
620
1210
545
1261
2916
787
2395
1643
688
2608
2110
1326
2193
1993
2911
1381
1551
1790
1280
451
1916
1702
989
1115
842
2023
2125
1067
2596
2186
461
514
1392
902
1278
2515
2590
2487
599
1919
882
2293
1211
1304
1018
2555
899
2042
1040
756
2405
2169
1203
977
1515
2016
940
263
2393
1028
1235
2314
2147
2201
1024
1127
1246
398
1047
2269
864
1656
1968
1581
1974
2100
2106
1849
2799
1467
1572
1539
2372
1250
1598
1679
1062
1394
1660
1953
1539
1862
1734
682
565
853
2067
1594
1559
1996
1118
1939
916
1244
1101
1264
301
2395
1825
792
1815
997
1130
812
1008
1304
856
973
1665
2255
674
425
1725
1433
2295
1667
1351
1946
2064
1390
845
1403
2764
1847
2305
1521
1271
427
1633
1625
804
617
399
2401

21
200
8
16
12
6
6
19
9
9
9
8
13
7
18
8
5
11
20
14
13
9
17
8
18
12
16
8
13
13
6
6
20
17
17
9
16
16
14
13
11
7
19
10
16
20
17
18
12
15
11
10
13
9
13
9
8
11
11
8
17
5
8
18
6
14
17
11
17
5
10
6
10
17
19
11
14
11
18
6
7
5
17
13
14
14
13
14
14
19
19
6
8
14
18
12
13
19
18
5
19
9
16
10
17
6
8
13
18
15
10
19
19
11
14
18
5
19
10
19
20
12
14
6
15
12
20
12
16
14
10
13
9
10
9
6
6
16
11
10
19
17
16
12
16
18
18
11
16
10
12
20
14
12
9
8
6
10
11
12
12
18
20
15
16
17
13
19
11
18
14
18
6
9
10
15
6
15
8
15
12
18
12
8
6
13
9
12
6
15
6
17
16
20
8
16
19
19
6
11
14
16
0
660
1100
429
735
1368
773
818
341
1350
1052
1767
13
1686
355
201
940
953
1272
58
1072
1802
1597
1232
831
1678
422
639
1122
957
1679
918
1329
1554
396
344
217
617
899
1476
1729
134
658
664
1849
747
472
1655
510
625
1416
152
1389
149
1522
1670
1541
791
342
426
529
855
1451
729
488
1287
44
951
12
1303
1047
536
1053
863
1445
1707
1187
1204
1328
1385
1852
1353
275
360
1131
930
1580
411
1673
1447
21
1131
406
1124
501
1531
199
250
1260
989
564
659
441
801
1838
1077
1719
905
934
546
1387
659
1645
215
1363
166
413
453
1862
1484
1082
739
1019
465
465
1193
1022
1040
152
1757
308
687
1662
1710
38
1793
268
1242
564
1486
1428
139
845
1280
682
1033
1331
545
604
818
370
1813
1831
595
1853
1445
1673
548
1211
1329
337
588
1865
1767
528
1809
612
1660
466
928
1658
533
443
1410
1626
1769
57
1004
1425
146
507
364
653
769
553
137
1813
946
521
646
992
1187
1041
178
1838
1714
1364
281
851
997
756
1154
2321
726
1292
1465
1886
1617
1124
1525
2237
2453
150
2565
597
327
2171
1907
1930
834
1409
2540
1689
2477
1474
2456
918
1594
1181
1181
2482
1559
2164
1763
769
1203
863
1715
1306
2172
2993
1356
1546
1335
2486
896
992
1983
1149
1799
1536
166
1769
1199
1563
2532
2165
1695
1500
1321
1522
1800
2671
1569
550
1552
66
1459
311
2521
2215
1519
1300
1019
2618
2540
2207
2064
2046
1878
2660
2301
962
890
1798
2126
1722
1612
1860
2448
778
2165
525
1846
1141
1744
918
766
2134
1030
684
965
834
1600
2369
1441
2852
1371
2207
1382
1596
1052
1909
1333
1490
560
1334
1480
2989
1805
1376
1715
2224
1563
1484
1752
1254
1613
324
2017
623
1880
1898
2476
54
2785
311
2048
919
2566
2408
538
1577
1391
1000
1678
1913
1753
1044
1257
1435
2311
2701
728
2908
2022
2160
748
2279
1634
1454
1291
1975
2124
906
3077
1251
1809
1159
2070
1873
628
952
2664
1752
1861
1230
1485
2256
665
1126
994
1125
1292
1313
1138
2517
2167
1781
1355
1291
1858
1056
1381
3057
2981
2434
738
996
2064

22
200
14
9
6
17
18
20
19
19
13
16
7
12
18
9
17
15
8
10
17
13
11
12
5
14
20
11
5
17
19
16
6
11
6
15
18
14
17
16
9
13
15
11
18
17
20
15
10
15
19
16
16
6
7
18
16
20
10
12
18
8
9
6
15
14
18
9
19
17
12
15
20
7
18
14
6
17
18
15
6
12
9
15
16
10
8
14
18
14
16
9
13
12
9
12
17
12
8
20
19
12
17
8
6
8
20
10
12
14
8
12
6
8
6
8
18
17
11
15
18
12
8
11
11
16
19
6
13
10
9
8
19
12
12
16
11
12
19
18
7
8
11
6
9
9
6
20
11
16
8
6
18
6
15
6
8
17
7
20
16
16
14
16
14
13
14
18
14
5
18
8
14
9
13
16
11
12
9
7
6
9
14
16
7
7
9
17
8
9
6
9
9
14
16
7
16
7
7
7
11
8
0
1868
1259
1337
783
385
870
626
1418
1868
853
1784
213
670
1622
1529
940
900
1852
1810
1013
1453
442
1338
245
980
621
1334
734
1255
69
670
1014
1507
667
1598
1643
1588
1081
1233
944
915
188
1244
1837
1679
814
1551
950
1370
494
1072
1622
7
28
1373
1323
1505
1526
588
728
760
424
1620
10
1591
1369
1353
1401
818
511
1755
511
489
1623
246
456
441
1102
195
1241
1296
1750
793
348
107
1654
1542
137
1256
1167
1264
1696
400
597
570
1389
1625
1564
843
1677
1197
1530
1180
1745
1814
86
1333
169
152
883
865
1458
331
1504
656
482
1736
210
747
457
661
601
657
958
1169
1828
1772
371
1408
448
1074
1803
1445
936
197
1168
771
888
306
907
1481
488
1155
1777
299
387
1110
1151
474
31
1466
945
443
7
578
1058
1540
1665
1795
208
1032
90
59
699
1515
1216
1198
1463
1046
951
1233
316
701
309
361
1022
1437
31
1487
1069
646
1760
370
794
1619
560
1725
375
1215
1465
786
929
883
1682
328
629
714
1164
767
153
2534
1313
2313
1641
1036
1418
1551
1714
2232
1649
1800
509
877
1946
2520
2015
2071
2321
3024
1443
2217
959
1748
1073
2084
1811
2297
1799
2244
1080
1308
1782
2260
1301
2203
2037
2240
1474
2057
2120
1098
1433
2116
2422
2084
1256
2277
2126
1746
1613
1848
2466
1074
746
2069
1509
1862
2668
1768
1544
1944
1210
2772
712
1830
2417
1573
1597
1294
679
2148
1616
1679
2289
1131
1619
550
1948
843
1316
2501
1866
1398
1208
331
1737
2667
1203
1707
2403
1629
2094
1004
1251
1247
1993
2765
2226
1642
1791
2110
1773
2384
2450
2371
430
1729
245
635
1752
1438
2629
444
2406
1344
1283
1824
1144
835
1567
1842
1793
1632
1184
1961
3048
1998
673
2001
1197
1176
2749
2546
2055
1142
2118
1462
1795
557
1031
2488
1621
1359
2453
330
453
1376
1864
1271
651
2311
1818
459
123
1556
1468
1958
2300
2491
1394
2052
830
193
1445
2475
1984
2130
2133
1437
2147
1795
363
1451
1351
730
1185
1700
1171
1841
1458
1499
2030
667
2002
2530
854
1824
1224
1365
2281
1128
2173
2087
2426
1230
1647
1956
2135
1916

23
200
8
19
13
13
15
14
5
11
8
10
15
20
12
14
18
8
15
10
16
18
18
9
20
18
6
7
8
10
11
18
18
7
12
18
14
11
13
12
7
5
15
7
7
19
11
13
11
17
7
11
12
16
12
14
7
16
6
16
14
17
8
8
10
8
8
14
17
9
20
11
15
12
14
13
16
7
9
8
18
11
17
11
17
16
13
15
16
9
10
9
11
10
15
16
15
16
13
17
9
18
8
7
11
6
9
16
12
6
7
5
9
6
14
8
17
9
9
15
11
15
11
11
17
14
8
13
13
12
19
11
17
11
5
10
19
5
12
19
16
14
13
5
15
17
14
15
18
6
10
12
19
7
19
19
15
14
18
14
12
16
9
9
14
9
8
6
5
11
7
14
14
18
8
19
7
15
7
19
20
11
11
14
19
15
7
19
6
16
15
12
5
6
12
15
11
12
7
9
11
8
0
780
362
1013
1110
410
335
1619
852
1813
407
1392
1780
1359
304
559
370
640
1027
1818
1827
333
461
1627
1298
1555
1522
1001
548
252
663
1528
779
1624
1007
1204
1554
1459
1356
18
1770
43
1640
390
1322
1062
22
1377
1247
363
113
1182
999
1726
1660
1383
1670
51
551
1629
945
420
947
297
1487
540
935
944
107
1351
553
1342
1538
934
940
1781
223
1494
1128
211
1546
1151
1708
1700
139
296
1660
581
1446
1617
1253
1427
469
405
977
397
192
1340
224
463
214
1259
398
480
1223
1749
1449
286
47
272
177
482
675
1549
1428
409
1226
1619
775
583
686
1013
1389
210
134
1308
1597
1593
1743
986
1077
974
546
109
889
1585
1716
272
1068
812
1261
135
464
140
1558
619
701
852
1463
1655
526
966
1116
885
846
614
1704
140
1178
22
1609
642
464
982
520
108
1389
1501
54
328
1674
39
1398
1579
961
880
1417
1628
1242
181
640
1492
1803
1366
607
715
1644
727
323
880
1142
1092
609
150
1165
1813
302
1219
629
812
319
1290
1537
1792
1511
1098
348
2141
1517
2482
1338
1553
2551
2579
1107
1550
745
983
1418
2807
2572
1392
770
2348
2126
2700
2013
1175
1096
1043
940
1642
1784
2198
1051
1839
2580
2675
1931
1097
2337
826
2677
445
1711
1773
109
2090
1443
879
256
1870
1445
2884
2369
2565
1859
512
1002
2583
960
1047
2169
470
2481
871
1723
1523
335
2300
938
2416
2440
1910
1391
2881
870
2117
2004
1372
2145
1617
2783
1987
201
567
2128
1513
2601
1803
1879
1667
702
1169
2157
1634
517
1379
726
1480
999
1627
1136
1015
1812
2861
2503
631
997
882
993
1513
1577
2773
1801
1519
2022
2827
813
645
809
1406
2586
532
962
1382
1649
1739
1864
1263
1269
1486
1665
1033
982
2387
2615
457
1128
1192
2464
190
1339
429
1911
1120
1050
1097
2149
2019
1265
2080
1874
1128
897
1032
2457
1028
2208
1208
1763
1410
1469
1769
639
202
1499
2280
554
1537
2651
791
1956
2114
1275
1000
1933
2866
2287
515
1352
2733
2767
1950
1041
1175
1837
1149
948
1213
1868
1135
736
496
1798
2321
1152
1246
1506
1432

24
200
10
7
7
10
19
15
11
12
10
12
8
17
19
16
19
18
7
16
19
15
9
7
8
18
15
12
13
7
14
6
14
12
10
15
8
9
14
15
17
10
7
17
15
20
8
19
7
10
14
12
7
11
10
14
9
6
10
19
9
18
7
14
7
15
19
18
12
13
18
6
20
19
16
8
16
13
11
16
20
5
11
19
15
19
10
15
19
8
14
11
9
7
6
14
10
10
16
10
9
5
18
7
18
8
8
9
6
18
20
7
18
9
6
20
14
10
13
6
8
18
17
7
10
18
13
5
18
17
9
18
10
19
17
8
8
11
8
16
13
14
17
18
16
8
19
13
8
7
11
11
12
17
9
14
11
15
19
12
20
10
17
15
12
7
13
7
11
15
12
16
6
8
6
13
9
9
11
19
17
12
19
5
19
14
6
12
11
15
10
10
16
8
14
8
14
19
7
15
10
8
0
1367
1213
1460
888
731
650
1467
1470
1179
1258
1788
1822
941
182
924
211
549
1399
1065
957
153
1575
1238
1593
1823
220
1651
619
535
788
1546
443
816
231
1828
1591
1641
909
385
167
1485
1255
711
1456
1654
981
1187
1861
1857
1506
591
645
1646
11
259
1142
1688
789
1104
1253
1680
1204
216
153
79
179
171
472
1805
1499
300
1115
1724
72
1714
1083
493
5
942
121
52
345
249
1621
1703
1079
144
1708
757
734
276
1728
707
812
382
33
1665
1462
1341
263
968
1784
1720
1392
1793
352
1081
1114
429
18
1702
258
360
1387
1298
573
1382
201
146
395
706
1089
265
1083
966
1236
1371
705
439
1278
1139
949
1502
717
774
1867
1416
1522
989
1085
1455
1508
604
119
358
1158
1552
788
634
1735
743
1839
1173
1545
594
1218
962
1826
1864
984
428
1084
1260
1645
934
583
421
1602
140
1670
174
1524
587
818
1615
1350
1185
444
988
939
167
285
1771
1396
1617
453
1077
1289
1826
1523
1772
1607
1751
995
1827
586
1284
1387
1111
1065
2090
2070
2402
1048
1548
1562
1870
1511
1236
1637
2963
2303
1921
1038
1313
271
1447
1700
2293
1928
1301
2067
1496
2611
2242
1335
2580
1123
1607
1373
2079
1113
1863
1135
1998
2627
2882
1264
529
1314
2524
2249
1148
1938
2404
1193
2034
2431
2716
2084
1504
1290
2595
884
1505
2174
2050
1123
1544
1560
2814
1245
543
789
488
1217
219
1502
3001
2099
739
1586
2125
1290
1975
1611
664
130
2132
837
334
1479
513
1688
2097
1729
497
2214
1469
1449
667
2361
870
1813
765
505
2188
1592
1835
900
1705
2393
2663
1876
2743
833
1264
2241
924
871
2550
313
1174
2382
2449
650
2394
689
927
475
1805
2331
702
1547
1250
2364
1925
1705
972
2435
1564
1979
1896
1031
1724
1876
1781
2610
2130
2035
2468
2695
652
804
621
1975
2263
1711
1764
2580
1053
2268
2199
2796
946
1898
1379
2124
2082
1586
1083
2290
1376
1944
2144
1228
943
1975
1325
2322
729
2119
802
1692
2717
2299
1267
818
2223
1983
943
899
1828
2448
2712
881
1232
1611
3011
2140
2633
1750
2774
1201
1964
1526
2297
2364
1650

25
200
10
15
16
17
6
16
13
16
11
9
17
7
14
11
16
13
8
12
6
5
9
5
7
17
12
10
16
19
19
12
10
8
10
11
8
9
6
6
16
16
10
16
13
9
18
7
6
20
20
18
11
10
20
18
12
6
9
19
8
9
16
5
9
16
10
17
17
8
14
9
14
15
8
11
7
13
18
6
20
8
19
10
6
12
7
8
12
13
11
13
10
6
19
19
11
16
14
13
18
7
7
16
19
6
19
5
13
13
14
18
16
16
16
5
18
6
7
8
19
7
15
17
9
11
12
6
12
12
10
10
18
17
20
10
11
6
11
9
19
18
11
14
10
16
8
19
19
19
18
11
13
8
19
10
9
10
7
16
16
6
17
13
14
6
15
10
15
12
11
15
18
8
7
17
13
20
20
19
17
6
16
17
14
18
7
16
20
9
5
13
13
6
10
13
7
19
12
11
17
14
0
1733
1530
140
1131
567
478
38
86
1773
1864
98
782
1435
1355
648
1833
240
742
700
1477
1716
1260
1360
1645
271
1319
1623
1119
46
1046
1850
1287
1673
110
1149
156
1701
607
213
12
1723
1462
1469
655
782
1761
1197
1708
1815
1340
1111
923
90
1049
310
740
1240
392
713
664
1279
579
18
811
551
1324
1535
1695
844
1298
1822
1263
1431
1818
465
451
1344
1185
434
1424
1163
1746
240
410
375
233
681
494
457
305
1168
1327
378
987
911
481
264
1820
581
878
1832
877
990
939
701
240
15
1228
418
719
1175
496
209
396
1380
1775
1284
1266
1206
1430
567
1086
1494
565
1692
930
1517
428
897
1818
1842
623
130
303
930
1114
1272
1354
1696
589
39
342
207
1539
940
1168
854
1521
653
1739
207
1555
525
716
724
1748
1198
1705
292
134
715
1362
31
391
1567
1295
696
1348
1190
240
122
178
1366
792
1398
907
1653
272
1136
196
1061
7
1218
103
1219
748
292
1047
1489
1620
901
315
1793
322
1633
1811
1723
715
806
378
2039
2329
1271
1175
1204
1622
531
1297
2250
2704
1090
1136
1753
1907
1822
2699
1399
1203
892
1847
2076
2348
2028
2349
709
1510
2003
1928
674
2259
2770
1793
2300
626
1250
550
1716
1671
1035
794
1906
2668
2583
1821
1822
1940
1714
2516
2609
2500
1993
1434
801
2088
1313
1905
2144
869
1087
1164
1610
1304
172
1770
1152
2043
2265
2060
1441
2356
3020
1867
1871
2735
551
1474
1697
1795
796
2001
1580
2516
762
784
1112
310
1455
1292
787
972
1405
2059
970
1941
1167
1459
576
1953
1405
1441
2636
2040
1591
1229
980
980
969
2299
563
957
1939
953
1002
1530
1599
2497
2392
1631
1260
2288
847
1277
2194
1421
2763
1515
2000
1034
2060
2964
2899
1218
1092
946
1193
1337
1294
1401
2584
744
464
858
393
1823
1168
1344
1068
2745
1271
2535
1395
2476
1587
1596
1058
2197
2141
1769
1356
873
1559
2387
1192
583
2415
1857
1819
1769
2447
838
1247
1235
2038
1699
2002
1654
2416
1005
2162
668
2290
817
2453
222
1788
1453
871
1565
2695
1954
1615
865
2607
990
1683
2397
2602
1918
895

26
200
10
12
8
15
11
17
6
19
14
14
11
18
17
12
9
13
16
10
20
14
17
18
9
9
6
6
15
13
13
16
15
6
13
17
13
12
10
16
18
16
8
19
16
11
13
13
17
18
10
18
7
10
15
10
15
13
7
7
17
5
15
6
16
19
17
10
13
10
11
13
17
15
16
10
12
14
18
11
6
19
7
12
7
15
9
17
12
14
19
8
10
13
9
17
12
13
17
13
9
8
10
18
8
13
13
13
13
7
10
16
8
13
7
13
5
19
6
8
20
14
13
13
15
8
20
9
17
15
17
16
15
15
9
19
12
17
9
12
17
17
15
17
17
8
18
12
14
14
14
7
6
10
12
11
19
14
13
13
20
14
16
12
13
9
9
13
17
16
11
18
18
16
14
9
16
8
14
17
15
14
14
11
18
13
6
9
11
11
17
6
16
15
8
9
16
6
16
19
12
9
0
359
1357
754
807
326
1088
936
1485
443
92
79
1915
61
1463
1925
1243
692
929
94
1544
1734
1841
252
1677
734
1056
1634
594
190
1748
528
715
577
1603
1712
1001
999
790
1550
1367
744
1434
500
313
1791
325
975
1581
1672
883
1763
99
23
1506
1204
1796
447
1852
921
1011
16
1617
969
1101
386
396
1486
37
1815
355
1699
1392
502
880
1672
1570
946
534
1533
141
1689
1290
1620
1564
1040
1278
233
856
555
121
186
1028
498
1144
1437
514
1905
1565
713
369
1717
1498
602
504
1424
1547
549
1730
184
426
1319
367
588
1162
1180
1877
2
478
1801
1469
1462
950
171
842
1534
1121
47
1218
767
1240
1787
1117
1891
1145
208
1104
675
793
1662
1262
522
1306
781
1403
1426
1507
1777
1400
186
1396
1462
5
969
1726
1438
1194
1385
1428
1518
1174
1634
1432
1104
6
1888
1132
1312
1289
569
1856
1602
1179
1345
1631
1154
27
776
1457
684
1041
1292
1533
1375
166
87
1839
487
1430
555
1036
1663
1797
746
331
694
1126
1560
447
1619
456
914
1547
1207
1552
608
1686
1343
1733
698
238
638
2140
997
2380
2343
2161
1435
1440
1038
2522
2946
3109
899
1815
1695
1118
1957
1509
914
2460
1575
978
898
2514
2307
1806
2049
1830
2818
1539
1590
2035
1183
1136
2320
640
1632
1992
2856
2096
1971
1228
291
2280
1663
2354
814
2470
1024
1061
591
1699
1268
1858
1559
900
1656
199
2638
1197
2302
2098
1754
1460
2939
1904
1003
1421
2306
377
2397
1796
2240
2345
2146
1857
854
2129
606
930
1015
1709
1646
2238
1586
1338
2219
2855
1010
1311
3019
1932
643
1637
1447
2522
1831
2526
321
1585
1745
805
1409
1877
1825
2839
962
656
2245
2244
2365
1854
927
1391
2061
1783
1241
1590
1701
1712
2481
1586
2379
2095
660
1590
1068
904
2579
2041
799
1617
1883
2187
2682
1860
2991
1876
1388
2391
2513
1207
1738
2907
2093
1480
2333
1671
2159
1488
2242
1863
2028
315
2360
1429
1941
1390
1869
2090
1785
1644
1537
2411
2088
757
808
1988
1258
2091
2081
1582
1602
663
1034
2504
1620
2381
1471
1727
1779
3070
1109
1368
1162
2229
2542
1400
2812

27
200
17
19
17
8
10
18
11
18
14
18
18
13
16
7
6
6
8
16
17
6
5
10
16
10
17
14
15
20
19
12
16
13
6
14
16
17
8
12
15
16
18
10
14
15
20
5
15
15
9
5
6
12
12
18
14
11
16
13
19
19
14
14
7
15
10
6
18
15
6
7
17
20
10
18
13
9
17
18
6
12
11
11
16
7
15
13
9
14
14
17
13
14
8
11
14
19
16
9
6
12
6
11
19
18
15
12
16
12
16
15
19
9
8
14
6
10
14
19
14
19
20
18
12
6
9
9
5
13
7
13
8
15
18
15
12
19
12
19
7
12
11
8
16
12
18
19
14
19
12
14
18
15
10
16
17
14
16
16
6
19
10
20
7
18
10
17
15
8
19
15
18
11
19
16
9
15
15
8
15
20
15
10
5
12
18
8
15
6
18
13
17
6
17
12
19
11
12
15
5
20
0
226
1306
72
330
1183
966
1757
334
615
237
1659
439
138
356
692
917
839
1294
174
1084
1908
1154
1881
397
1561
601
979
1005
1577
438
1490
374
1834
1348
1412
1390
66
1886
978
738
1131
1740
1081
847
1309
379
1604
232
1615
107
471
1564
1733
1643
1178
249
727
1246
1790
803
1854
1375
991
1924
1911
148
128
1535
222
1412
1073
480
1725
772
699
455
1544
1285
1662
718
1071
272
556
1098
1184
958
939
1914
752
310
372
368
1730
843
973
1876
1269
1726
563
160
1977
1057
1984
237
868
435
1640
350
67
1926
820
1016
1794
494
828
976
865
1761
1632
506
882
556
865
1688
1703
1829
928
269
289
1465
1160
449
249
653
728
1491
569
1162
1120
1434
635
1470
92
575
1956
786
1747
313
1941
1057
806
1889
1915
85
1509
602
839
1665
1400
1928
904
30
421
1424
458
345
1349
570
415
711
392
445
1600
1381
1544
1641
1284
478
1849
26
168
140
1041
806
238
292
606
713
751
1970
16
554
632
1379
888
1922
629
588
990
399
1276
1414
592
1599
2449
1940
2008
1215
1338
389
2817
1018
1349
771
704
1431
2018
2569
510
2063
3000
1636
2839
812
1934
1170
1792
1417
2480
559
2721
1334
2309
2561
2523
1492
693
3075
1453
1707
1231
3017
1104
1752
2475
673
1897
305
2921
727
1544
1654
1902
1719
2110
1166
1573
1918
1819
2054
3017
1470
1760
3197
1990
1098
458
2425
743
1927
2315
972
2352
1351
1654
1691
2488
2477
1715
2027
2353
766
827
2253
2423
1444
1412
2549
1416
1484
449
389
2738
2122
1793
2905
2361
3013
1075
1122
1998
1818
2093
712
1800
1526
2147
722
568
2789
2010
1230
1963
1782
1785
1755
1130
2744
2446
690
1865
812
1031
2448
2321
2625
1888
725
742
2598
1216
632
1459
1930
1387
2599
1305
1233
1670
2381
847
2638
1090
1870
2698
1151
2627
1059
2107
2076
2038
2573
1941
1014
2401
1343
1388
1675
1577
2291
1029
248
462
2328
1706
670
1876
1080
1159
1708
749
637
2428
1628
1659
1916
1444
1677
2315
95
459
391
1444
2007
1262
725
795
1798
1128
2438
777
1290
1069
1884
1144
2033
946
897
1745

28
200
19
6
7
11
10
14
10
19
6
12
7
7
8
9
19
9
19
8
15
6
6
6
19
10
14
6
14
11
19
8
19
9
19
7
7
11
6
8
8
17
7
6
20
12
6
10
6
18
17
11
19
19
6
20
9
9
7
9
14
14
17
14
12
10
7
17
11
16
19
17
17
17
12
6
20
16
15
16
17
15
17
6
6
10
10
15
19
15
13
10
18
16
5
11
7
7
16
13
20
5
11
6
11
12
12
13
12
11
17
7
12
18
6
16
14
17
10
17
17
12
9
17
12
16
19
17
12
13
10
20
19
17
19
6
11
6
19
8
9
19
10
11
15
5
15
18
16
6
12
14
16
20
12
16
7
14
18
11
19
19
18
9
15
17
19
19
10
9
7
15
6
18
18
16
6
10
12
13
10
15
6
11
19
9
13
8
9
12
18
5
11
10
18
11
12
15
13
9
16
7
0
1274
384
52
1461
111
1091
1047
1069
1016
1141
1784
658
408
1563
1019
1259
486
1534
1789
543
126
1448
1485
245
150
526
214
147
1848
1483
1150
1031
1161
1845
96
434
723
1393
115
1737
718
1545
1365
1563
192
1690
113
525
1781
282
1674
399
636
66
280
755
1372
765
293
1435
498
1194
1640
1310
758
1668
1293
1588
474
409
1456
342
1754
1201
960
1593
1340
1511
69
1134
435
912
864
683
1072
921
1373
1248
849
310
1400
926
689
304
1288
748
1674
1138
256
490
1839
609
13
1228
985
585
1491
330
1806
98
378
1322
324
1678
1297
1699
995
157
1735
1861
533
1314
1308
116
288
33
673
1849
638
1130
482
297
1461
1227
439
321
1683
1645
1353
1184
1254
818
822
326
442
422
499
42
1671
97
518
1844
1255
1755
912
558
751
247
666
582
790
222
1056
460
1461
142
148
198
355
267
173
88
1052
36
1480
269
546
227
997
1785
421
1711
934
1451
845
1077
460
100
1476
1342
552
1454
388
347
417
489
14
1416
616
466
2483
1286
530
1850
463
1298
1625
1410
1800
2400
2393
1837
445
2147
1586
1311
1603
1682
2751
825
1254
1784
2687
627
380
1303
304
1388
2369
1647
2312
1494
1371
3063
954
814
1156
2004
1099
2668
1848
1630
2345
1901
1049
2643
307
1728
2586
1309
2294
1304
934
734
612
1173
1664
2006
1021
1690
1546
2320
2841
1394
976
1751
2276
2824
757
1559
1812
691
2035
1555
1872
1935
1955
1753
1033
1467
1397
1813
1499
1310
1294
1672
1768
2340
1660
1160
2519
1860
703
391
2136
1984
2598
2326
372
855
2147
1395
791
1387
1103
1098
1848
685
2608
569
1177
1589
1273
2530
2033
2372
1050
1131
2162
2380
697
2351
2311
749
1060
1209
1302
1996
698
1533
1393
609
2324
1366
1215
419
2182
2902
1472
2036
1583
1126
1110
1099
1035
787
653
1108
1720
965
1470
1877
2235
2228
1860
995
992
314
1909
637
1631
1101
1553
1550
2363
293
483
733
936
742
700
1207
1511
1280
1752
1234
797
1417
1263
2380
778
2019
1060
1803
982
1136
1550
369
1754
1654
1622
2502
1161
812
1054
752
489
2296
1480

29
200
6
20
15
8
10
18
7
11
13
14
17
13
12
17
14
6
9
6
10
18
6
6
15
20
7
9
11
7
10
15
7
8
9
6
15
5
13
14
10
15
9
18
18
13
5
13
9
14
15
19
12
9
18
6
15
11
5
11
14
19
12
12
6
8
6
10
8
7
19
9
17
8
20
12
18
8
8
9
18
16
15
11
14
6
15
10
6
10
9
9
15
10
15
14
11
10
17
14
13
12
6
14
16
9
5
8
10
9
7
17
14
13
18
16
12
5
13
20
15
6
5
12
20
9
7
15
9
10
13
9
6
14
13
5
17
9
11
13
12
5
7
17
14
11
15
11
17
13
12
5
17
7
6
6
16
13
7
10
6
7
16
6
15
15
20
6
18
17
14
7
12
13
10
17
14
17
15
10
18
14
16
11
5
8
15
11
18
11
18
7
14
17
10
8
9
14
19
7
6
13
0
1249
167
228
719
116
320
614
824
457
1595
1739
1633
538
1449
144
148
1078
557
273
1468
1008
786
1414
980
89
213
543
1573
289
647
1662
806
481
1747
215
22
1027
715
87
244
456
1569
59
1634
825
190
196
1298
447
173
247
923
1127
1042
43
1421
1557
1544
383
1362
490
45
299
1002
700
1334
1525
533
394
1264
213
1395
39
790
1369
1032
709
1490
836
521
804
653
232
1338
668
1413
1428
143
856
1438
204
114
52
291
1361
146
1261
1300
999
1604
603
524
481
966
773
271
1314
1007
612
1005
1459
75
1092
327
400
880
286
371
26
135
22
1266
1619
466
304
1358
87
634
695
1212
376
218
578
408
877
1203
1645
1736
436
374
1009
1266
192
735
1189
1758
535
632
693
1507
1350
1138
269
1349
577
930
870
1294
1014
1617
228
1353
1009
1558
1058
902
121
1106
813
587
652
862
674
1117
941
28
148
1188
38
1074
893
1205
847
1410
222
967
1444
1172
1430
1501
374
762
262
960
347
1399
1073
67
947
1145
1863
1342
1392
778
261
993
1333
1529
1457
2178
2715
1856
1692
2104
1149
986
1887
642
1063
1644
2158
1772
1548
1846
345
1387
1037
1710
1285
1374
2540
1351
588
1940
1093
230
1177
1517
217
311
1023
1703
1156
2406
1163
435
1213
2117
595
1022
1292
1045
2145
1374
820
2370
2279
2128
802
2242
1435
1167
1240
2166
1589
1843
1624
1505
1341
1304
312
1952
79
1519
1769
1358
1844
1875
1729
790
1069
1027
613
1678
1132
2236
2120
1081
1048
2409
1233
429
99
1085
1486
886
1948
2285
1251
2301
1306
1209
1532
1013
891
859
2303
2105
1305
1549
1551
1191
1518
407
1075
1063
881
1005
1048
1305
285
1485
2417
1508
452
1702
482
1303
904
2125
526
1122
1683
662
1063
1404
2594
2513
1606
594
1868
1391
948
1492
1651
2466
576
1566
870
1633
2262
2158
1054
1538
835
1524
1649
1577
1545
1850
1035
1468
1717
1864
1462
1737
1045
1552
1741
1053
847
1150
699
1864
1605
343
1013
2294
1045
2200
1328
1945
1846
1444
1313
1869
2294
1949
1781
2519
1205
795
1187
2138
578
2145
1447
943
2065

30
200
10
9
11
12
19
6
10
8
19
10
13
20
5
8
9
19
8
19
11
8
13
15
11
14
16
15
7
9
7
11
19
7
19
18
17
17
18
15
11
9
18
14
8
8
7
15
6
6
11
8
18
12
19
13
20
19
8
6
14
18
14
8
16
6
7
19
7
18
7
12
19
14
13
15
7
19
18
18
20
16
14
15
12
7
12
14
15
18
11
10
16
20
15
10
15
17
7
7
10
7
15
8
20
13
11
19
7
13
16
20
18
14
7
19
16
13
9
15
12
15
11
7
12
9
13
12
18
15
8
18
15
18
17
15
11
14
10
13
7
5
15
8
12
13
10
5
17
17
6
11
8
5
15
18
6
8
19
8
16
8
18
20
19
6
18
14
6
12
8
6
15
10
11
14
12
17
17
14
20
18
11
17
14
18
13
10
7
19
13
9
9
10
15
16
8
14
12
5
15
9
0
1822
1146
1020
78
591
922
940
1876
262
1453
447
853
817
1111
884
729
1265
62
1571
1231
791
885
1053
299
968
265
284
58
494
1202
1594
623
1617
1606
143
1117
614
184
1850
1538
583
332
1454
32
1717
1336
541
199
1598
1555
1102
69
793
980
971
316
434
1076
1214
1422
453
779
226
611
427
1842
1820
303
228
1377
583
701
553
72
449
1627
508
115
1106
1498
1875
281
550
1385
48
437
1886
110
1827
1884
97
1720
392
527
1840
264
1138
1320
492
1419
28
1286
1530
51
505
153
1379
2
1202
1174
1431
912
354
34
474
156
734
846
1409
1590
1809
1721
314
838
1128
381
1379
1866
1202
520
927
186
1860
578
1256
810
1070
1071
1327
566
1422
658
187
989
1321
1801
300
492
548
38
795
1470
1159
633
293
155
910
337
1245
594
280
936
1030
1462
1185
1889
1883
916
1267
513
62
668
46
501
1600
998
1722
1852
231
355
353
1635
1118
824
958
1595
1144
634
1155
448
1752
1715
241
1258
1391
134
446
275
1530
514
2106
1827
1058
804
1280
1458
1055
2390
745
2329
1295
1597
1060
2238
1812
1578
1731
706
2203
1847
1278
1448
1816
1303
1878
1064
1269
213
1459
1488
1633
1478
1659
1859
606
1247
638
1304
2957
1932
1636
568
2309
1232
1798
1398
774
951
1648
2767
1396
818
1861
2102
1809
661
654
2055
2220
2442
1429
1637
853
653
480
2654
1992
1462
1281
2344
727
1610
699
224
1091
2322
788
573
1452
2277
2631
682
1313
2006
936
1282
3132
1349
3073
3138
480
2700
1056
545
3031
976
1592
2323
1563
2378
40
1522
2356
512
853
995
2479
557
2143
2208
1629
1434
609
409
1525
1203
1145
2063
1857
2566
2723
2631
611
1449
2305
1379
2628
2591
1550
631
1460
354
2205
993
1545
1163
1674
1726
2471
1154
1858
1254
1383
2221
1569
1919
952
1765
1481
1235
1395
2515
1374
1818
1498
370
1586
1030
1478
1458
523
1588
1220
1908
2390
2388
2508
1884
1348
1686
270
974
613
1034
2395
1672
1864
2432
1095
630
1137
2707
2343
1551
1239
1774
1383
1693
1877
1586
3033
2681
1123
1971
2397
750
498
1067
2800

