1
20
10
15
9
8
18
13
16
12
11
8
14
20
13
6
19
8
19
9
9
7
0
102
11
106
180
31
3
174
46
8
12
157
32
131
63
9
122
124
70
104
26
169
128
121
302
58
25
241
170
38
124
288
122
138
184
51
164
160
190
210

2
20
15
14
10
12
8
6
17
15
6
19
6
12
19
20
7
9
5
19
8
12
0
101
80
23
171
128
101
113
23
84
112
19
158
49
57
153
121
20
9
14
34
208
179
106
258
194
191
205
73
169
226
117
226
71
90
265
217
91
59
51

3
20
5
9
8
10
7
9
17
9
6
8
7
10
10
13
10
12
17
7
12
8
0
35
123
34
64
25
145
107
97
95
16
103
129
47
135
60
58
75
30
108
58
111
189
65
146
124
182
116
184
188
115
141
202
134
197
92
140
178
132
196

4
20
8
18
10
6
12
16
11
12
6
17
18
6
10
6
7
7
13
15
6
11
0
38
59
152
104
121
118
90
49
45
89
15
4
30
75
153
22
63
72
81
18
82
155
183
198
223
129
141
64
156
119
95
38
123
93
243
103
118
165
104

5
20
7
15
19
12
12
10
13
7
14
12
20
18
17
16
6
16
6
13
18
17
0
35
4
151
160
62
47
70
191
9
86
119
141
92
145
113
192
9
98
3
55
115
53
201
286
168
128
100
210
67
204
166
240
109
186
258
262
112
210
121

6
20
16
10
17
14
6
8
19
11
6
8
11
16
9
18
13
16
14
14
12
13
0
187
14
26
46
146
173
177
10
20
94
178
74
32
106
91
26
63
98
52
101
216
35
147
106
274
306
309
31
44
208
261
155
150
236
231
92
83
217
112

7
20
8
10
7
8
16
7
13
11
14
17
14
9
7
11
11
17
17
14
7
12
0
102
14
94
133
84
165
129
12
109
171
78
168
101
4
1
54
115
23
107
82
132
23
197
258
191
269
223
35
165
284
91
252
196
127
72
91
180
53
175

8
20
15
8
19
20
7
7
12
17
13
12
15
19
8
20
20
17
19
11
20
7
0
139
125
111
82
131
117
25
1
177
115
126
65
152
179
195
82
62
181
9
64
259
261
253
109
158
134
156
43
226
218
210
125
236
324
312
104
204
260
95

9
20
8
17
16
11
12
12
15
18
9
19
12
14
13
11
18
15
15
14
9
20
0
194
134
181
109
180
102
106
173
208
157
30
30
160
44
187
67
92
197
43
76
325
226
308
142
266
159
126
303
303
267
115
77
308
92
323
113
201
313
154

10
20
14
13
17
19
13
6
9
18
7
17
13
11
8
5
15
13
6
14
19
9
0
175
85
116
97
115
106
129
144
76
106
65
79
172
161
44
77
10
22
8
46
198
148
153
182
145
162
260
158
197
130
116
199
202
270
126
198
74
42
56

11
20
7
15
19
10
17
7
14
18
14
20
14
18
16
13
5
11
13
13
7
18
0
191
100
134
188
136
147
94
151
64
39
161
172
173
97
153
158
146
141
79
126
326
152
260
327
253
202
220
195
128
53
203
197
256
119
168
278
249
199
126

12
20
12
7
18
14
14
10
19
17
18
20
12
5
7
7
14
18
13
18
10
20
0
51
122
33
3
58
12
45
17
104
91
164
72
193
145
103
39
74
65
14
66
169
177
114
78
70
116
149
77
251
138
294
206
274
196
170
164
114
173
101

13
20
18
7
19
11
17
14
10
14
13
13
20
14
14
17
9
8
17
10
19
14
0
93
112
36
136
41
155
154
156
96
93
124
200
126
81
105
92
62
144
55
137
215
267
168
154
191
303
230
195
170
175
155
299
177
186
219
159
137
163
175

14
20
9
11
18
15
19
15
10
18
18
5
15
12
9
9
7
5
15
19
16
9
0
85
136
70
128
105
64
155
14
38
115
0
103
100
163
45
154
182
94
147
40
149
277
207
153
128
110
297
128
124
193
58
129
129
202
115
223
210
233
196

15
20
6
13
14
20
15
6
14
10
18
19
18
18
7
15
16
20
17
18
13
19
0
205
179
49
33
49
187
179
200
150
140
22
151
114
35
148
146
22
45
14
17
284
333
145
100
143
203
270
255
261
222
137
174
231
170
231
232
144
97
75

16
20
6
6
11
9
11
9
19
6
10
9
18
11
9
9
12
13
14
19
12
10
0
41
28
158
108
163
113
14
12
121
109
84
125
164
122
81
132
166
156
35
43
140
40
277
168
269
218
40
126
166
232
95
213
231
141
179
203
255
266
138

17
20
16
10
5
18
11
10
7
14
12
5
7
12
6
12
12
6
13
17
11
6
0
21
154
133
39
133
104
132
94
77
110
117
13
119
122
113
6
108
30
17
43
131
170
180
106
149
131
184
169
171
123
185
62
186
175
141
88
191
68
119

18
20
11
19
10
6
14
20
13
12
18
6
8
6
19
11
18
17
13
9
10
15
0
128
16
118
65
140
144
2
13
95
117
185
125
68
73
27
18
171
2
17
17
220
58
198
155
239
240
125
156
205
228
298
241
111
174
111
156
290
83
129

19
20
17
17
20
12
9
6
13
11
12
10
6
6
20
14
7
5
19
10
9
19
0
2
13
167
39
102
14
114
157
92
168
160
23
47
49
104
72
167
53
27
115
42
46
187
165
201
115
198
260
160
260
216
120
181
84
112
143
212
141
132

20
20
16
18
10
17
7
15
14
19
13
15
7
9
15
17
5
13
12
18
19
19
0
117
54
51
194
176
194
111
147
8
127
58
61
46
192
138
113
54
119
18
39
228
127
199
217
292
211
242
253
50
205
153
128
168
273
175
167
110
240
102

21
20
15
6
13
5
11
13
12
19
13
15
6
19
7
13
8
11
19
10
8
19
0
61
151
180
54
78
31
20
100
124
137
44
152
150
35
113
134
126
154
16
65
95
268
265
182
128
46
109
160
153
190
69
230
169
51
172
258
222
182
44

22
20
8
18
7
7
16
8
12
15
6
13
11
12
14
12
6
7
20
17
19
11
0
27
69
43
101
154
175
119
139
87
1
119
2
116
56
44
25
76
179
99
121
94
188
99
118
186
306
240
227
153
62
154
29
148
119
148
74
156
310
155

23
20
6
14
9
6
18
10
7
6
16
14
13
15
8
20
13
8
7
11
19
13
0
13
108
104
121
53
38
60
101
172
35
76
3
14
157
95
63
171
76
22
54
63
142
158
198
114
135
141
126
208
107
130
102
71
233
153
116
222
135
40

24
20
13
6
8
14
11
14
11
7
5
7
18
15
11
10
11
8
10
8
13
8
0
61
49
28
99
130
142
10
106
43
86
140
131
20
33
120
31
66
45
63
59
76
114
75
205
235
252
85
194
148
149
236
237
84
109
161
69
124
131
153

25
20
16
10
7
12
7
12
13
16
16
19
15
12
5
7
17
10
13
20
11
16
0
24
120
73
167
188
166
31
29
172
15
3
22
141
129
32
190
89
28
90
132
66
244
119
220
275
200
145
69
317
121
110
112
191
177
141
317
155
152
211

26
20
7
10
12
13
8
10
10
16
14
14
9
5
16
14
10
11
10
6
18
20
0
167
50
37
167
138
128
29
132
132
116
11
81
12
85
174
53
5
165
65
91
272
97
96
231
202
148
53
193
223
169
65
116
79
111
250
167
91
270
119

27
20
17
6
7
18
17
20
13
14
18
10
14
20
20
10
15
17
14
8
18
9
0
91
27
176
96
119
75
199
198
79
53
213
17
200
80
134
186
99
37
138
128
122
118
330
161
179
112
344
236
156
177
332
164
291
189
251
225
215
58
242

28
20
12
6
15
8
12
11
17
16
14
5
9
10
12
12
7
11
14
9
15
10
0
113
114
133
152
15
142
87
90
59
136
114
7
81
102
51
63
1
3
75
94
200
232
163
180
41
220
111
213
70
191
165
65
108
125
136
138
116
34
110

29
20
19
9
7
9
11
7
12
19
12
15
18
6
11
17
13
6
17
18
12
9
0
51
170
49
31
150
158
47
105
64
112
54
110
149
124
91
108
123
133
17
96
160
186
131
64
200
235
75
167
111
161
162
153
246
198
117
150
183
224
117

30
20
12
15
9
20
16
6
19
8
7
13
13
17
14
16
9
6
8
16
14
17
0
169
97
69
100
113
13
25
76
174
185
166
151
23
87
17
172
188
149
187
128
212
150
216
214
170
131
152
181
225
240
272
253
106
193
129
297
257
184
224

