1
25
10
9
15
7
10
12
12
16
11
16
13
5
19
6
10
12
12
17
15
18
10
18
9
15
16
0
168
36
64
113
10
139
79
28
147
88
81
42
169
161
81
53
5
191
210
170
40
40
50
55
59
222
82
226
207
57
226
149
123
314
125
117
153
227
229
223
78
171
274
272
266
171
135
179
178

2
25
13
18
19
7
11
6
7
12
19
18
6
12
15
8
9
5
5
20
11
17
15
19
18
18
5
0
161
6
48
40
229
80
185
160
42
233
148
230
23
218
88
62
67
125
52
67
205
180
167
165
106
291
48
110
79
255
117
220
284
199
308
310
247
46
296
124
122
185
138
136
140
358
254
301
206

3
25
11
16
9
9
15
9
11
8
18
16
12
18
11
10
17
9
13
14
12
18
16
17
18
8
15
0
18
135
154
234
168
199
173
236
153
39
244
125
99
113
69
165
7
145
185
224
148
72
154
187
78
104
221
247
253
255
349
343
276
263
112
400
241
235
290
166
334
173
217
281
361
320
174
203
239

4
25
14
7
15
9
19
7
13
10
5
14
13
10
14
14
17
6
7
19
18
14
18
14
16
10
19
0
132
102
6
236
226
194
226
229
85
80
186
226
140
232
51
201
180
113
236
176
50
89
66
81
83
284
260
47
337
259
208
392
305
234
95
282
376
263
299
105
255
223
200
304
337
117
182
209
139

5
25
14
8
10
13
7
15
14
16
15
19
18
16
16
14
8
16
18
12
13
17
11
6
18
16
6
0
175
39
91
21
25
103
46
238
85
209
203
168
192
190
112
89
54
187
196
124
76
66
244
91
62
303
168
211
95
64
168
184
253
150
317
352
276
265
269
148
223
128
290
338
218
101
96
417
119

6
25
16
9
13
19
6
10
16
9
18
15
8
7
8
9
10
18
13
9
8
18
18
14
11
15
7
0
116
63
96
81
187
226
48
132
45
54
163
31
207
36
51
111
24
34
102
74
168
188
167
130
116
159
157
200
118
322
329
92
268
107
150
252
142
329
194
212
250
38
119
146
168
239
223
209
248

7
25
13
9
11
14
16
8
6
7
19
15
12
11
19
19
14
15
6
14
8
12
7
20
11
16
14
0
151
103
171
198
234
81
124
172
212
118
142
88
199
127
72
111
225
220
43
227
38
19
206
230
93
182
222
283
346
307
188
239
345
312
281
252
214
265
259
108
153
288
247
139
272
120
60
265
311

8
25
18
10
18
16
12
8
12
6
16
16
13
7
11
16
9
19
13
11
13
9
9
19
11
15
17
0
103
192
14
239
7
206
195
103
107
61
57
129
225
86
83
169
179
150
138
145
92
108
115
192
167
254
325
102
408
55
251
270
204
176
227
152
192
382
140
150
312
240
187
271
228
174
141
146
304

9
25
12
17
9
8
12
5
8
10
17
7
17
19
15
9
19
9
5
14
9
18
8
14
13
14
19
0
20
164
131
140
153
112
227
65
121
96
51
177
143
6
24
222
155
87
31
153
206
142
29
73
134
52
297
261
157
238
215
344
182
246
156
95
299
271
85
162
307
190
187
187
279
354
238
163
152

10
25
19
10
13
14
6
13
12
9
7
12
18
11
8
15
17
13
9
19
11
13
10
6
15
13
10
0
193
139
127
190
163
61
109
78
111
147
110
66
156
40
174
24
104
141
213
168
28
6
71
89
28
311
158
262
205
308
141
237
202
240
250
175
147
187
75
216
153
206
171
343
242
35
47
219
214

11
25
14
14
18
9
20
17
9
14
17
13
11
8
10
6
9
12
11
19
10
12
15
13
6
17
19
0
163
86
118
18
80
34
138
103
181
161
37
190
161
242
161
105
239
173
241
94
43
88
50
190
59
337
122
267
39
181
80
269
247
240
229
69
220
236
312
308
165
352
270
299
225
127
209
153
333

12
25
14
19
9
17
15
15
8
18
6
14
12
17
18
9
18
15
8
9
15
12
9
19
17
16
13
0
12
245
193
120
118
53
221
139
21
174
206
144
210
36
80
162
231
176
57
117
41
147
8
60
77
165
310
214
197
194
61
371
149
195
287
365
315
339
183
131
246
253
222
145
258
114
326
55
207

13
25
13
15
12
14
7
7
17
11
8
15
6
19
17
15
6
15
5
7
8
10
12
12
17
16
13
0
207
126
8
122
121
139
178
148
94
220
126
25
179
175
1
75
115
110
60
110
156
94
183
150
43
235
177
164
216
269
220
308
166
121
280
263
100
232
219
61
226
132
144
81
170
240
195
238
297

14
25
13
9
5
16
11
9
20
17
5
14
5
8
14
18
9
15
6
17
8
10
17
9
11
17
14
0
211
190
125
132
61
161
204
34
34
17
201
220
114
162
187
77
96
98
187
28
5
222
179
112
110
230
313
199
251
156
220
292
133
107
154
238
245
143
268
246
132
193
225
258
162
60
282
248
152

15
25
10
16
11
17
15
14
9
13
18
15
13
9
6
19
11
9
17
9
17
16
11
9
17
14
12
0
152
109
45
204
71
55
128
195
144
128
211
170
58
35
79
24
74
43
101
180
93
230
62
97
17
225
233
110
364
153
208
295
223
194
226
221
301
86
115
127
131
115
151
126
333
238
276
178
234

16
25
15
10
8
7
16
7
13
9
7
10
8
16
17
14
11
11
9
11
8
18
18
7
7
11
11
0
20
95
152
197
115
69
113
147
3
131
158
40
160
173
102
175
148
22
21
94
51
66
62
116
58
105
192
230
243
149
135
207
217
41
145
309
79
214
273
181
226
288
160
135
165
59
166
163
221

17
25
15
7
18
16
10
7
11
10
15
10
18
12
8
10
14
11
10
7
10
5
16
15
14
16
14
0
68
110
95
217
92
17
199
38
58
101
49
49
171
145
109
204
224
133
204
16
130
145
94
95
51
130
188
114
321
236
135
341
137
182
210
174
178
191
272
214
317
295
158
357
104
202
233
159
250

18
25
10
5
20
20
11
18
18
17
9
19
16
9
18
10
14
12
14
19
14
13
20
13
15
18
20
0
31
209
59
61
250
166
106
190
105
69
267
231
236
141
20
58
99
152
177
74
148
49
192
267
154
185
353
179
92
373
198
166
241
266
153
299
432
249
260
217
251
165
243
279
133
171
164
246
453

19
25
10
12
9
20
18
6
16
15
19
20
19
10
9
17
7
16
12
19
12
18
14
17
15
20
14
0
228
53
173
206
170
51
256
14
8
104
54
112
126
209
106
181
189
196
206
105
148
168
47
128
69
259
135
363
308
338
239
288
69
70
223
160
262
148
247
289
193
337
283
281
238
294
215
213
240

20
25
18
15
7
16
12
11
12
14
8
9
10
18
18
14
14
6
9
8
20
13
12
14
9
15
14
0
161
165
131
45
102
83
195
181
51
121
194
91
116
102
84
74
198
196
100
160
15
39
98
96
104
224
224
182
122
193
241
352
319
111
140
326
242
200
173
119
125
206
285
114
311
85
142
193
169

21
25
19
13
9
14
6
18
7
11
12
17
17
8
10
5
17
12
15
7
16
11
11
13
10
13
18
0
31
198
55
111
225
47
200
214
169
108
216
139
143
65
79
217
131
165
188
124
206
216
217
172
130
129
264
166
140
365
117
361
305
240
205
250
242
179
94
206
298
156
318
256
169
253
332
382
218

22
25
10
9
6
19
10
12
11
18
11
9
17
16
14
8
18
8
18
20
19
8
16
14
19
8
18
0
171
12
225
163
148
117
82
236
8
241
7
94
241
234
138
110
2
159
28
25
219
187
229
142
29
264
168
324
291
297
218
164
376
96
315
133
265
398
366
270
247
113
298
197
69
313
354
354
262

23
25
6
18
8
9
12
9
15
16
15
12
11
14
8
6
6
19
15
17
17
12
12
19
18
9
8
0
228
75
142
174
224
32
115
49
217
3
215
115
24
46
227
102
56
12
20
146
95
97
34
171
17
391
169
299
330
269
191
217
116
246
100
243
263
125
103
286
256
113
65
37
173
133
136
192
323

24
25
8
19
10
8
15
17
6
12
12
13
19
10
18
8
9
18
11
6
13
18
19
6
14
17
19
0
84
217
18
78
219
134
216
37
137
38
22
22
92
12
182
25
106
116
5
123
211
71
40
148
20
235
238
133
248
377
186
309
76
237
195
121
69
208
180
290
74
212
262
150
280
278
143
217
175

25
25
12
17
19
5
14
10
15
7
8
16
12
12
15
12
17
11
7
9
13
8
19
14
12
20
18
0
29
190
82
196
43
164
238
61
137
178
231
107
18
191
167
182
12
203
116
220
234
15
136
95
59
167
279
104
318
124
272
374
191
158
235
289
224
51
306
185
223
99
274
147
325
362
178
170
174

26
25
7
20
14
6
20
18
17
16
17
15
7
15
10
15
17
13
11
11
19
15
16
6
14
15
14
0
35
59
119
133
225
138
3
169
104
236
102
155
120
136
168
11
251
33
133
91
146
29
78
146
126
216
219
156
219
296
314
103
266
179
256
234
203
141
204
285
79
291
101
217
120
190
204
229
271

27
25
9
17
9
12
12
18
9
11
16
7
16
8
9
19
10
17
10
8
7
13
9
14
6
16
18
0
113
58
84
78
142
53
72
8
112
53
56
63
51
222
39
210
12
205
1
58
172
80
221
39
24
148
95
160
147
181
171
181
80
189
178
207
190
147
366
195
257
123
314
123
100
224
203
268
170

28
25
16
7
14
12
14
20
20
15
12
9
13
5
15
18
10
16
16
10
17
12
15
13
15
7
14
0
60
138
211
110
94
112
210
154
159
113
30
10
26
19
62
41
143
28
12
127
239
209
4
23
37
103
289
316
250
139
271
260
199
195
136
169
83
158
104
131
115
224
188
119
307
400
351
150
181

29
25
12
19
11
19
9
6
7
18
9
19
6
9
11
12
10
14
15
19
13
11
7
9
6
19
19
0
192
226
118
3
150
89
130
106
49
220
53
222
92
158
12
154
0
228
5
125
181
20
80
172
83
327
312
148
91
229
210
299
149
214
353
96
367
127
306
130
240
133
300
57
277
208
179
211
223

30
25
18
11
20
20
20
20
17
16
11
18
6
19
13
5
9
9
6
11
12
19
18
18
10
9
8
0
80
207
57
37
198
123
207
89
1
43
220
7
244
244
245
125
19
196
198
192
179
21
41
239
172
214
376
202
109
265
193
349
130
70
96
391
61
347
260
397
242
163
326
306
281
335
59
174
403

