1
250
12
10
14
12
19
19
7
9
15
14
7
10
13
20
13
9
20
18
14
12
17
6
20
12
19
11
19
10
7
10
16
7
6
14
13
18
10
19
10
20
19
6
11
10
17
16
8
20
10
14
9
19
12
8
12
12
16
8
18
20
18
8
13
15
16
15
10
16
6
12
9
16
14
14
16
19
16
8
20
13
7
11
15
14
15
8
16
5
14
14
7
20
5
13
13
8
10
16
7
18
7
19
17
20
9
7
8
10
16
16
7
6
6
11
6
12
9
11
17
7
11
18
7
13
11
5
16
6
10
14
19
15
11
15
8
12
9
9
12
14
6
13
11
20
11
20
7
11
8
8
7
5
15
16
5
10
17
10
11
14
17
13
11
9
19
5
19
18
10
18
8
10
8
15
14
15
18
6
13
16
13
17
8
7
13
10
16
19
7
5
7
10
10
6
5
10
17
6
17
9
17
8
14
16
12
8
5
18
18
19
15
14
10
10
19
6
13
6
6
11
11
13
17
6
20
8
7
10
20
19
16
17
13
6
17
18
11
5
7
10
9
10
15
15
14
16
13
12
17
20
0
855
1144
1232
707
1063
1523
770
615
1798
562
1366
1373
185
1749
2141
1256
1703
525
889
2252
1503
2278
799
631
1383
745
1183
2291
1213
555
2170
808
16
1485
1107
1325
1269
280
1335
318
1869
1968
1764
2050
1147
1249
1887
340
79
245
2258
1822
1525
2274
217
711
227
1479
398
2181
1279
895
298
2043
47
2125
652
1235
1735
1526
881
2320
1965
1124
1491
1439
1927
1808
1566
1918
364
925
1605
238
1110
1340
2193
780
1669
668
1761
748
1562
227
203
1692
574
121
2309
654
64
1417
2225
1076
715
405
977
1158
581
545
1108
2133
768
1544
249
1097
1669
462
2030
1573
1758
1451
1093
1822
443
1660
108
1018
715
1021
1627
1908
1483
1122
123
1278
884
1385
724
280
466
1912
1677
396
1315
283
1904
803
625
987
909
124
684
1516
1253
2046
1608
1696
1796
2227
1403
285
1194
130
253
2169
2185
1592
84
195
1307
2310
945
1430
1025
1707
1524
1496
1065
192
698
2304
1248
1379
451
80
531
168
97
1846
1311
1497
740
1866
1348
1858
585
1805
988
1630
66
1458
1048
1240
2033
1954
463
396
403
1765
1591
2207
615
1839
2051
1935
230
207
1933
1689
902
1661
581
600
965
1947
179
1790
370
2286
1963
1945
2069
2031
668
138
2078
2057
211
1027
1100
1521
444
275
2082
2032
1234
1657
1011
1237
1910
1340
1492
1430
1378
3029
1770
1004
2140
1489
1694
2441
310
2902
3604
1472
2361
1775
953
2715
2658
3724
1882
915
2480
1798
1517
2987
1402
1473
2809
2009
206
2157
1230
1542
1720
829
2158
1396
2222
3221
1846
2304
1927
1956
2326
883
403
1621
2501
2993
2013
2883
1384
1979
1740
2397
1193
3539
2530
1209
321
2551
893
3274
826
1282
3198
2124
1454
3095
2576
2428
2470
2754
2017
2507
2762
2146
455
1487
2175
438
1867
1385
2715
1909
2902
1837
2318
1764
2021
1339
1754
2280
1152
190
3159
1537
267
2131
2636
2087
2267
455
1206
1691
920
1421
1234
3367
1403
1790
400
1743
2428
1115
3487
2694
3272
2964
2046
2579
1687
2753
1555
1862
796
1409
3075
2444
1980
1674
238
2509
1502
2387
912
892
1956
2063
2707
754
2451
505
1964
2034
726
1859
2173
550
1253
2994
1915
2345
1768
1899
2025
2350
1508
506
1362
290
1080
2627
2907
1932
1553
1479
1802
3742
2219
2529
2141
1755
2306
1608
1330
1100
1483
3651
1266
2151
1762
553
876
1322
829
2433
2460
2865
2177
2556
1645
2994
1094
3142
2311
2996
113
2470
2310
2773
3345
2695
877
1064
844
2701
2743
2611
1562
2070
2586
2211
743
1020
2993
2166
2060
2038
1536
1443
1253
3157
1074
2259
1586
2410
2696
2530
2205
2154
2126
1390
3056
3462
331
1535
2033
2002
909
992
3233
2961
1899
2821
2209

2
250
6
17
7
9
18
12
9
11
15
19
5
12
10
9
20
14
20
10
16
9
18
16
9
6
15
15
20
16
18
15
9
7
8
18
17
19
19
15
19
8
13
9
9
14
13
7
14
20
7
18
11
12
15
13
12
9
6
19
16
6
19
7
14
11
9
11
16
7
11
14
7
8
16
16
13
17
17
12
17
17
9
16
10
11
6
16
18
19
17
12
18
15
9
19
5
14
9
8
18
17
15
7
19
7
12
19
13
9
18
16
18
15
19
12
13
15
7
6
18
15
5
19
15
19
16
15
14
19
11
12
6
12
13
8
10
14
19
15
6
17
16
5
15
6
14
16
19
15
10
10
15
9
18
10
12
19
13
18
7
10
12
12
11
7
10
9
16
11
7
19
8
14
18
8
16
15
16
15
15
6
16
5
8
11
11
18
18
7
11
18
20
19
11
20
6
10
13
16
11
9
6
8
6
12
6
20
9
7
15
12
6
8
13
10
17
18
11
20
15
15
9
16
7
5
5
18
13
6
9
17
5
20
14
7
19
16
15
17
7
6
13
16
15
19
12
9
17
13
17
13
0
1570
275
1560
663
575
1733
2258
1135
720
140
2355
842
409
1015
1150
1272
621
745
675
2291
1954
571
1360
976
2403
1498
1953
1813
1983
383
726
1321
2209
1408
1083
440
1734
587
1752
525
241
863
1163
171
2253
988
1006
1673
1665
1298
39
1011
1244
883
1693
1473
2179
356
18
713
1055
1593
1255
993
1566
1787
2234
2050
1310
2069
2134
2242
1892
1577
115
1127
278
2023
2381
245
2406
864
831
64
145
547
2208
1898
750
2292
103
725
1760
2254
12
1788
491
1865
1845
1156
879
2052
1937
1656
900
348
799
1948
366
1518
1647
1256
273
534
369
867
2225
1492
123
1570
753
2400
674
2234
1141
2209
478
1091
212
969
134
117
1189
1302
1876
2038
93
1336
969
347
350
1761
2171
21
294
276
1769
1905
596
911
2059
489
387
1866
1179
281
227
1375
1093
1777
2335
2111
701
765
2162
658
34
114
265
350
1764
733
2051
301
2280
2162
649
1333
1898
1135
1987
885
2373
1738
638
752
2041
1420
1631
2155
71
177
1615
2360
906
1998
482
1036
1489
510
181
1699
484
2175
1646
1984
75
1941
2303
1414
1010
803
263
1162
13
1853
455
394
2253
2046
2318
2210
214
521
410
63
1492
2187
1637
1018
1465
1304
1388
1343
226
803
1709
2101
653
1518
1782
1913
340
221
498
1567
924
457
1576
675
2779
573
2127
1802
1715
2070
3237
2530
1920
1200
2806
1965
1872
1870
1826
2181
794
1998
1734
2865
3078
1463
1900
1450
3815
1905
3384
3163
2793
563
1597
2436
3292
2470
2522
988
3110
1181
2178
1914
1610
2419
2096
1334
2805
2469
1893
1806
2201
1584
1494
1591
1610
936
2672
2609
3695
467
914
749
2060
3092
2669
1215
2378
1971
2697
3557
1979
2523
3090
3745
2680
2384
1458
2744
1324
3272
2509
330
2842
1311
1614
114
1277
1846
3159
2270
856
3277
602
1075
3306
2794
1393
2481
1232
2157
3322
2230
1162
3430
2259
2479
1835
1482
2313
2080
1120
2192
2094
2729
1615
1499
535
1743
3610
2939
850
2445
1389
3557
2066
3033
2084
2701
1808
2358
464
1390
1406
1250
2538
1676
3235
2963
840
2634
1738
1176
892
2493
3080
1051
857
990
1925
2068
1184
1900
2919
1955
1126
1887
2170
1771
1050
1492
1538
3306
3307
3019
1649
1196
2171
2059
738
1092
1704
1682
2799
2198
3216
1554
3146
3361
1498
2751
2655
2627
3200
1746
2924
1859
1004
2193
3005
2433
2658
2458
1493
490
2001
2436
1958
2975
777
1819
1579
1574
202
2589
998
3606
3237
2879
1542
2371
3111
2670
2459
1263
1073
2033
853
2408
520
1272
3117
3251
3573
2910
925
1037
1827
824
3044
3786
2891
1164
2965
1785
2013
2253
288
1019
2327
2498
1610
2765
3088
3197
1475
980
2056
2797
2325
1346
2632

3
250
19
16
12
15
19
19
15
17
10
8
16
7
20
11
14
20
8
20
10
6
14
14
11
11
10
18
17
11
14
10
6
9
17
10
20
18
6
13
7
13
6
14
8
11
16
7
8
8
14
20
7
8
14
8
15
14
14
19
15
6
18
7
16
11
15
18
13
5
11
11
6
10
14
7
16
18
7
15
9
16
15
13
11
15
13
16
19
8
14
10
11
19
12
11
5
6
18
15
11
12
5
6
11
12
19
13
16
11
11
20
12
17
8
18
19
11
20
15
16
9
7
19
12
7
15
15
18
16
11
17
18
14
6
7
15
18
15
19
15
6
18
5
5
6
13
15
11
7
18
16
10
13
15
9
10
11
6
12
17
5
9
18
10
15
20
10
17
17
10
9
19
15
10
20
16
12
5
12
17
16
9
16
13
17
14
16
11
15
12
13
16
9
6
8
6
17
14
14
10
20
5
8
7
19
15
7
17
11
15
11
19
15
14
15
14
13
5
7
9
14
6
18
10
5
8
15
13
6
6
19
10
12
17
19
16
14
8
6
6
15
9
9
16
12
14
15
10
13
17
7
0
918
1866
263
998
1457
728
2198
2146
284
1156
1358
1489
790
1639
1077
896
667
381
1056
629
2229
1200
1205
1070
439
1380
633
165
318
2255
1573
1981
1001
1907
934
1071
473
1288
505
517
716
2057
1977
22
1256
1474
1310
142
922
369
495
1487
545
1265
1711
143
451
833
1920
640
1990
961
81
504
2237
151
2003
765
540
1316
1981
1177
1344
54
1748
1473
1283
1264
1036
471
1599
2229
1419
179
844
1834
212
1992
1854
2350
1907
2146
2101
2105
363
1822
1413
2110
1680
1319
888
1355
867
768
1036
1488
1112
392
1298
319
557
1567
1880
1924
12
1670
623
1571
1304
495
15
1544
186
1778
525
1939
102
1675
108
1279
1200
1984
1998
548
321
2198
1096
682
1171
1134
624
1265
2019
2300
1023
2276
196
1854
992
99
1991
511
2170
885
1730
1715
748
29
1187
2067
2332
368
100
17
888
1358
627
486
540
1175
1336
1345
2191
612
2333
732
716
1166
1842
1714
1951
359
1120
1374
1476
264
385
2146
432
1620
271
1832
377
1865
939
124
546
125
1552
1638
817
1568
1677
1398
753
543
253
1189
363
972
764
241
41
1530
1739
1606
599
1709
90
1270
851
1120
568
1354
760
961
2223
301
496
1229
2350
1409
1093
240
571
2037
1746
1842
1094
111
1802
1491
516
1512
129
1393
1662
1276
2279
1556
1423
1888
1728
1662
1514
879
2638
3529
800
2019
2374
1887
1970
2869
1499
947
1871
1732
1109
1665
2389
1346
2698
2613
857
1756
1483
875
692
3595
3082
2855
1351
3283
1690
2550
1101
2537
1818
2036
1467
3245
2597
1422
1493
2638
1999
1049
1128
673
1378
3047
1829
1946
2560
421
1257
2272
2839
778
3498
2464
788
525
2676
1440
2224
2193
625
2603
3331
1749
2279
669
3084
2290
1662
2302
2207
1672
2387
3269
1779
711
1198
2669
853
3332
2348
3730
3269
3368
2568
3416
1449
3160
1840
3247
2621
2201
1649
2856
1245
1787
1330
1828
2566
1387
2585
892
2036
2400
2391
2241
730
2710
1710
2355
2036
1353
519
2306
1044
2117
1228
2206
1647
2382
560
2229
1255
2881
3513
1559
1735
2684
1126
945
1304
1306
1350
1781
3318
3448
1508
3686
533
2348
1593
271
3007
1638
2832
1263
2312
2469
1352
422
2162
2249
3403
1348
385
1602
1736
2903
1851
1664
752
1704
1841
1711
3092
1726
2730
891
1432
1195
3419
1819
2323
1616
2556
2477
2787
1547
1297
2276
1809
1699
1806
1909
514
2056
1406
635
614
1264
2916
2071
2209
3069
1898
2530
1174
986
361
1688
438
2487
2074
414
1575
2545
2147
2799
619
1755
1591
2702
1580
1421
1221
1925
1457
1890
2480
948
634
1687
2614
1579
2489
942
1495
3074
2537
2626
1374
1558
2816
1956
933
1532
292
2000
2796
1387
3430

4
250
18
17
9
12
19
10
6
19
15
7
13
6
16
16
10
5
10
9
14
20
12
12
11
6
16
11
16
18
11
10
15
5
12
20
19
20
9
9
6
6
7
5
12
7
17
15
5
12
11
8
11
8
20
20
7
13
7
17
16
12
17
9
14
8
6
18
19
19
16
13
9
13
20
8
8
9
18
20
6
16
11
8
11
12
12
15
10
10
14
16
17
13
9
13
15
18
8
11
17
19
15
16
9
13
9
15
9
8
20
19
10
12
12
9
11
17
19
13
9
8
9
16
7
19
7
10
16
19
11
19
14
12
17
12
18
8
10
16
15
13
17
14
13
17
16
8
11
5
7
14
6
6
13
7
9
18
11
18
11
13
12
12
13
16
18
7
12
10
13
13
14
11
16
9
9
19
13
8
7
17
12
5
14
9
17
14
10
15
18
11
10
6
10
14
10
17
20
12
15
15
13
12
17
20
15
6
8
13
11
6
10
13
5
18
18
9
17
12
16
8
16
6
6
11
6
8
9
11
6
6
15
11
19
14
12
7
11
11
17
12
19
6
13
10
12
9
15
18
10
12
0
556
727
173
476
2291
849
1881
2234
1996
368
1478
1283
1952
230
1769
1272
227
1197
471
923
713
1886
2195
97
991
641
348
1055
1616
469
905
40
337
1137
1166
285
915
848
88
2157
72
897
2027
1532
772
897
3
822
1464
1202
73
1127
203
97
1020
805
392
71
209
1402
1394
1466
149
2173
187
131
758
366
1231
2178
615
1704
406
547
1444
232
511
718
2015
1565
972
836
1228
2316
695
1995
1189
2036
805
329
2227
2227
2100
1877
1514
1478
224
253
1176
1582
1225
2173
441
1239
162
1448
887
1454
1133
379
1684
1566
499
70
2281
749
70
598
1021
130
2185
2132
198
1838
109
1557
1382
114
1510
1220
1528
231
991
1139
1545
41
2085
579
712
63
64
1219
211
122
419
688
783
2040
629
1181
1519
1942
790
1045
1043
936
859
1011
1135
1475
1407
2242
123
1959
400
35
1632
940
587
1373
482
277
1473
591
1481
79
2045
1645
444
272
2138
388
1726
1639
780
1407
1603
293
291
1397
198
904
542
2022
1434
890
1430
472
1087
1038
296
2117
1279
1744
33
1139
459
879
676
1392
1859
1204
1824
156
1051
1579
298
91
244
755
1088
2206
678
1939
483
1075
2177
496
1199
74
658
992
2149
587
1070
1866
1798
1520
1755
876
1830
188
186
1386
1336
756
1581
714
749
298
1567
1350
901
1336
2572
901
2847
3400
2396
1716
2316
2471
2938
486
2481
1958
1344
1503
1160
1630
1431
3213
2447
184
1922
2043
1771
1593
2379
1515
2350
433
1768
2343
1306
1413
2401
1718
1539
2937
793
2290
2421
2970
996
2428
1462
942
2637
2524
715
2475
1147
341
1952
1075
1294
1620
697
2642
1530
2051
733
2536
480
1535
1067
560
1257
3025
735
2180
594
1936
1656
769
1456
1941
3551
2407
2007
2014
1294
2554
1691
2263
2269
3458
2201
1103
2555
3221
3408
2753
2259
2894
790
688
2082
2561
2585
3154
947
1985
834
2209
1766
1642
2643
1885
2665
1588
813
1497
3137
2097
360
1084
1735
917
2344
2183
1658
2030
548
2968
2106
1429
1578
1873
2970
922
1355
2702
2154
319
2493
1098
2018
1037
598
1952
693
796
1597
1265
901
3323
2189
1997
1987
3452
1365
1483
2198
2125
1007
1964
2642
2057
2084
3609
1430
2007
1843
612
2251
1407
791
1537
717
1115
2989
1765
2807
904
2676
1920
1504
519
2173
851
1788
1818
1668
2866
2797
879
450
2048
271
1853
1239
2405
2693
1102
2949
1991
2422
1870
638
2931
2214
2980
496
2432
1255
2150
2002
2079
2335
1565
2335
1130
2432
2361
608
1249
357
805
1568
3116
903
2655
1438
1276
2554
1710
2016
1006
1742
1555
2715
1106
1362
2835
3157
1893
3215
1804
2581
646
1444
2528
1554
843
2350
1498
1400

5
250
12
14
6
18
19
7
14
7
8
12
10
18
13
9
5
6
10
18
13
11
5
8
19
10
18
19
14
18
15
18
9
6
18
9
8
6
16
8
13
18
6
15
9
13
15
9
13
11
9
11
10
18
17
16
15
6
11
12
6
6
5
12
16
13
17
17
10
11
19
7
12
11
12
20
14
7
9
18
17
9
6
13
5
8
15
12
12
5
7
17
15
11
10
7
13
6
6
18
15
13
18
18
11
16
8
12
11
11
10
14
9
7
14
18
5
15
9
14
16
8
9
14
8
16
8
7
9
11
15
7
15
6
11
6
8
18
20
6
6
10
8
12
12
5
15
6
19
13
18
19
14
9
6
7
16
8
17
7
7
5
12
5
8
7
7
11
11
8
15
13
12
19
19
17
12
16
9
12
15
12
7
11
8
14
19
16
14
17
19
7
8
19
10
19
8
16
19
10
11
18
20
16
12
14
20
10
9
16
11
11
12
19
10
14
7
5
7
14
12
20
17
16
9
20
11
8
6
6
11
13
11
15
18
9
10
14
10
10
13
7
5
8
16
19
9
12
6
9
7
18
0
631
468
571
1532
71
1197
1218
40
860
1332
1171
55
584
210
481
1651
1697
1396
1380
601
1666
1277
407
23
677
780
357
445
500
1258
604
1252
426
226
1254
763
1784
1503
1977
1129
199
1936
1993
863
1608
475
2108
1246
1084
674
1929
495
599
1146
2051
1964
330
761
2105
1316
1732
1949
39
1242
1564
1045
1318
843
1736
268
1072
1539
761
1315
1393
1168
614
1783
33
281
1473
1198
1583
1234
291
2226
747
1780
1361
441
2163
1652
1314
1741
1882
1570
1292
596
1620
1991
2059
574
970
1115
1342
1407
803
1691
448
613
921
1615
1540
814
675
146
401
1638
1226
1441
652
818
325
401
734
1185
572
1645
1941
1358
1970
872
2167
272
1977
1719
1367
38
609
1833
1238
1595
359
1206
586
2173
722
2152
100
199
1601
476
169
1009
2028
1874
993
71
1763
665
2013
1697
1135
1746
988
911
13
548
885
2073
151
1900
396
1901
693
1493
768
1589
2197
1931
301
184
56
437
276
480
516
140
372
1876
32
2081
634
330
1296
859
1420
1040
2212
1278
574
1579
2185
872
1536
171
2108
249
415
182
72
1756
1428
877
1530
435
1964
1272
1367
1323
1127
398
1173
214
2018
781
1356
2052
1416
673
173
688
1740
1886
1731
866
1092
964
401
1722
707
1647
1644
349
1190
794
2116
1603
164
890
773
1342
964
2911
1499
1427
2617
202
1809
2112
1634
925
1373
1571
1723
3138
2836
1707
2526
1528
1910
1987
1233
783
2044
1989
1218
1888
655
1537
1662
2021
754
1118
2719
1644
3228
2033
3230
1583
541
3005
2413
1785
2551
1606
2950
2680
2202
1558
2653
512
705
2511
3508
2472
1649
2208
2522
2591
2377
3309
160
2298
1721
1932
1401
1404
2113
1582
1562
3027
1493
1995
2862
1737
1694
1952
624
1334
1646
2275
2139
2116
440
3320
2197
2339
2154
899
3626
2167
1753
1924
2985
2636
1831
2010
2508
2165
2862
1786
1617
1693
1417
1522
1759
2456
668
833
987
2148
2649
1076
2134
217
1150
2331
1521
2777
1015
2074
1478
968
828
2596
1407
2024
2157
2006
2747
1330
3003
470
2641
2979
1484
540
941
2274
1679
3030
1099
1473
663
3565
1614
3213
918
998
2464
987
1585
1103
2807
2752
1198
719
2739
898
2247
2044
1941
1912
1187
2002
1403
1847
1304
2678
907
2914
1282
2718
752
2388
785
2142
2681
2748
1089
623
568
913
478
1683
1868
487
1792
2662
718
2736
1560
1732
1499
1375
1505
1649
3372
1514
1875
2829
2233
1253
2255
1358
2416
585
554
610
120
2080
2608
2358
2983
1256
3105
1806
1897
1679
2593
515
2137
622
2414
1607
2169
2732
1694
1958
323
1463
2653
2799
1938
1274
1766
1744
1646
2888
1180
2967
2183
1837
2222
1974
2530
3051
736

6
250
11
6
8
16
18
8
20
11
12
17
14
11
16
10
19
17
7
19
15
5
11
6
8
8
16
16
18
14
16
9
15
5
20
7
10
15
12
10
5
17
13
17
12
14
12
7
14
9
7
10
20
16
7
9
12
19
19
11
11
5
17
11
17
10
14
8
14
11
14
16
6
18
18
7
15
16
13
14
16
10
17
19
12
7
7
7
18
20
18
10
18
10
19
7
16
10
8
19
12
14
14
5
18
11
8
6
7
17
9
18
18
18
17
10
20
17
19
14
17
14
9
10
8
6
17
13
7
16
6
15
8
16
19
11
11
19
12
18
15
17
18
13
14
11
6
15
6
13
17
19
15
11
12
19
19
16
7
15
13
16
18
13
14
13
18
9
17
9
8
13
15
16
13
12
14
16
6
19
19
17
5
16
9
14
6
12
11
18
13
6
18
20
15
11
9
15
13
9
8
19
7
15
8
15
9
15
19
11
14
20
11
12
16
14
10
19
7
6
11
7
13
12
7
17
7
20
11
19
8
10
8
19
14
18
19
16
5
15
14
12
19
11
5
7
19
18
20
15
7
14
0
1203
32
1157
2081
1100
2160
258
1842
1796
2259
1672
1781
485
1888
572
999
905
144
1662
122
2077
915
1388
1327
2202
1505
1644
1661
709
1416
2019
1995
2199
581
1733
1491
407
1456
2221
2374
2000
1315
52
2202
74
1362
146
858
1053
1935
2420
1894
207
648
1567
1319
2199
1784
1863
1990
1378
119
1375
347
1155
1141
1102
737
1810
1841
733
1628
1927
1339
2429
1633
1344
2105
1368
1358
2026
323
1543
214
2065
1758
1394
789
1174
695
2420
413
683
2216
2404
2011
1763
1000
2007
1952
1961
1775
1022
1593
1097
1944
819
243
1957
1985
1487
1611
2220
731
440
1217
2055
2132
499
1461
1886
326
97
2319
134
1347
410
2175
1998
1960
2087
636
334
1013
1993
1287
630
381
1644
1326
2395
167
1179
197
1629
1343
293
1965
2278
954
1940
2084
1377
404
1199
1592
1621
2201
1442
370
1438
1026
1189
295
1656
606
1105
1631
806
1289
1343
1546
1081
1989
2111
38
1851
418
2055
210
339
1142
11
875
729
733
2051
117
103
1010
349
472
1260
152
1373
240
1286
462
1682
576
1071
2074
1001
693
1698
1890
2066
1084
1205
1170
1574
1703
1539
2033
2191
395
185
1190
1187
462
670
176
282
945
1801
1370
2028
470
2277
1783
723
415
28
212
1476
1679
993
484
2252
314
2048
2010
1785
688
1808
1819
2317
232
1590
1165
2400
711
2160
2739
1448
3619
352
3128
3358
3385
2181
3258
1226
2221
803
1389
1563
683
2315
1543
3705
1915
2078
2294
2561
2757
3211
3294
781
2684
2738
3608
3492
1135
2463
2197
1277
2468
3710
3402
2800
1545
408
2617
1272
2689
1034
1394
2589
3490
3492
2059
832
1007
2420
1621
2372
2333
3359
3475
2120
1084
2208
917
2430
2541
1650
1972
2781
2342
1418
1662
3389
1983
3042
3054
1573
2607
2410
2051
2553
1296
2029
1410
3342
1844
1506
861
1702
1497
3121
958
2111
3382
3355
3435
2953
1249
3632
2741
2457
2502
1566
3062
2022
2870
1897
856
2047
3194
2265
2600
3028
1699
1474
1474
2601
3746
1555
2506
3030
1923
809
3375
815
1515
486
3277
2899
3064
2577
1055
1968
1495
2141
1756
1906
520
1826
2829
2846
1733
2406
1819
2226
2195
452
2389
3181
2111
2790
2893
2974
1825
1308
2843
2553
3021
2950
1834
1595
1331
1620
689
2325
2126
2319
1927
1972
2288
2826
1841
1118
2969
3495
1276
3011
903
2544
998
948
2207
976
1092
2007
1500
2980
373
505
1707
1858
1602
1424
1273
1503
477
2372
761
1775
1622
1841
2278
1670
1293
3167
2007
3327
1218
1580
1252
3193
3035
1765
2130
2876
601
1278
1841
1794
1724
1927
449
918
1380
2162
2181
2160
805
2793
2886
1362
1648
111
1649
1658
2052
2517
1381
2605
591
2888
2399
1953
1904
2780
3345
2667
349
1758

7
250
13
6
7
18
17
10
18
20
8
16
8
10
17
17
14
10
11
15
6
13
5
12
9
6
14
15
9
18
6
18
14
11
6
11
9
15
9
11
16
18
15
16
11
20
17
20
11
8
12
18
14
14
8
14
15
10
7
5
6
14
5
18
11
18
12
8
17
15
6
19
7
10
20
19
15
7
13
10
9
9
9
17
9
9
16
8
15
15
6
11
6
15
8
12
6
16
11
14
16
18
16
18
12
12
15
7
10
19
17
17
12
9
6
11
18
8
17
14
14
8
7
12
6
12
15
11
12
19
19
17
17
13
12
18
6
14
11
14
9
18
7
6
7
15
14
7
18
13
14
17
18
6
20
18
6
17
11
10
8
13
10
6
7
13
8
9
10
16
8
14
20
6
18
13
15
19
16
10
7
15
19
9
18
11
18
12
18
17
6
9
8
12
8
5
11
19
16
19
14
19
9
12
11
17
5
7
9
11
16
14
7
12
12
11
20
7
8
8
15
7
7
6
8
12
11
9
18
10
14
12
11
5
7
18
19
18
13
12
10
9
6
16
18
7
16
7
16
5
14
11
0
357
1691
2056
433
211
555
156
1586
531
1718
444
312
399
1954
1814
1244
1495
1176
15
1950
366
1787
1371
1475
2134
1160
1951
2204
1429
2030
369
496
1562
62
877
1800
1641
963
1396
571
1967
1130
1285
2033
1071
284
515
844
255
763
2061
613
492
2175
669
793
662
1237
1992
439
345
908
89
522
77
1876
956
1413
2289
1170
1678
204
1227
860
1407
599
1855
1045
1995
944
877
763
951
707
2060
1726
1209
196
1289
1736
1291
1621
2035
263
1852
100
1290
733
1383
272
2024
2147
967
1174
1421
1350
64
1125
1776
847
921
2034
169
2137
1270
539
1527
152
2126
551
1988
118
1148
129
966
1189
646
1046
322
358
747
887
785
53
2167
2228
2281
1675
603
1039
2227
676
1796
365
755
2184
206
2225
17
1549
907
788
1956
1671
62
1039
863
2269
1300
943
406
815
1731
383
883
22
1939
175
167
1845
1270
1575
80
1305
581
1743
1883
1434
1340
193
1025
603
278
191
1607
1125
626
1743
933
1869
95
29
1403
804
1918
1986
102
80
2184
1377
1849
505
2109
880
1467
994
773
840
1725
1351
856
1875
1224
975
1315
706
280
1039
333
1143
449
439
854
1199
2093
2254
687
1240
898
336
853
1063
1531
1829
364
908
1104
83
1923
1881
1971
2034
1327
119
1954
1519
1144
40
832
220
877
2995
2779
790
988
1115
297
2350
1554
3119
1252
784
1175
3111
2845
2411
2819
1530
476
2620
1663
1966
2001
2967
2302
1685
1989
2789
2868
2613
679
1213
2058
1052
2345
3211
2656
1105
2406
1416
2292
1674
2172
2581
2617
1347
1053
1966
840
842
3359
1522
1593
2794
983
1847
1621
2581
3029
1806
629
1968
1526
1716
606
2459
1641
1700
2831
1843
2730
506
1256
2229
2466
706
3128
2092
3193
2089
2194
1782
2356
1281
2216
3235
2081
665
2234
2536
2058
2261
3318
924
2471
1331
1981
1025
2532
1588
2576
2615
2163
2545
2845
1672
199
1314
2120
1269
1788
2419
509
3001
1794
1379
2963
652
2673
1309
2470
1328
1451
258
2155
1550
2143
2111
1007
1717
1818
1876
1945
1148
2258
3029
3206
2679
2088
1168
3274
930
3084
516
1029
3509
1708
3445
670
1627
2394
1300
3108
2973
853
2436
1099
3608
2140
2457
1823
2224
2002
670
2245
1368
2216
726
842
2200
2175
2277
120
1659
990
2559
2224
1974
2435
1284
1109
2025
790
632
2719
1948
961
3040
1558
2321
948
1034
1828
1450
2050
2037
723
302
2697
1516
2834
1383
2509
1810
1943
1716
827
1172
2671
2096
1564
3062
2157
2345
2682
1085
1558
1523
491
2271
840
1346
2329
1292
3105
2494
1221
2180
1201
365
1204
2291
1831
1852
788
2222
2499
195
3277
2206
2601
2593
1596
730
2157
1569
2121
838
1523

8
250
10
5
10
15
5
9
19
5
13
19
9
12
7
7
20
18
12
20
11
12
10
6
5
11
16
18
18
19
14
6
17
16
11
17
9
5
20
12
13
6
15
18
10
16
11
17
13
7
15
17
10
18
17
11
12
9
20
12
11
16
19
9
8
14
19
11
7
16
6
7
11
9
9
7
18
15
16
14
17
11
17
6
15
10
7
7
18
11
9
6
7
10
16
17
8
16
6
15
11
17
19
11
12
20
17
18
20
10
10
10
12
17
17
9
11
11
5
8
19
19
8
17
7
18
14
17
16
15
14
15
11
8
13
17
8
9
8
6
15
7
10
11
15
6
10
19
8
16
12
19
16
17
8
16
8
19
11
18
7
16
18
9
12
12
17
13
11
18
9
18
17
13
11
15
19
6
14
12
20
12
14
9
17
17
10
19
9
8
8
7
7
18
20
13
17
8
6
9
9
13
11
12
8
13
19
15
7
6
12
12
10
19
16
15
5
11
10
15
6
15
7
11
18
5
16
14
11
11
14
9
11
15
12
6
12
9
17
8
16
11
13
12
15
14
8
6
16
20
12
6
0
470
1559
1434
2054
2029
1766
935
973
902
727
2031
443
1793
831
707
1885
711
367
2189
2202
798
160
169
224
1485
1283
1512
115
1428
1236
1723
1007
651
1841
192
712
233
1114
281
422
1357
1089
1356
835
2045
1537
386
2325
417
2161
838
1950
468
1959
2035
2271
1114
1942
1812
1341
1942
2229
2005
2263
1732
2080
474
2319
2134
874
1320
43
1924
1579
1252
1327
1232
707
141
2082
1187
1370
738
1075
1975
683
1140
1763
1138
2170
1142
566
2135
2083
296
2312
2232
282
1826
1796
155
962
209
249
1944
74
1652
369
2252
1933
1486
1882
1431
1009
450
2139
557
1840
260
320
1959
1345
1955
371
1872
1794
1217
1917
452
2130
1824
2327
1710
782
1661
1529
541
2131
513
2332
1933
1272
450
183
1680
71
1241
1928
1765
1070
1365
1976
1421
1841
52
2240
1967
1843
1564
1911
1492
2267
745
1319
1124
1567
224
2102
1298
2263
837
1132
397
1293
1618
196
2246
546
62
809
396
518
941
1478
1829
2011
960
1879
1845
2202
2011
862
875
671
1575
2101
689
1696
1341
263
560
323
1315
1287
1051
1709
1749
525
880
403
1253
395
1562
1820
1689
667
586
866
1210
919
1880
2330
84
2092
923
323
645
2228
1314
1380
293
1397
1472
1500
1001
1539
1238
1724
1480
2188
2135
611
156
1201
1962
1418
826
1455
1897
287
501
3057
2155
2841
3284
3101
1871
1103
2035
1066
2157
658
2409
1920
2244
3418
1833
1625
3259
2231
1232
1228
836
542
2729
1503
2590
1636
2625
2019
1999
1676
1822
2233
1303
1964
874
2217
1516
1895
2518
2180
1420
860
3098
2709
1064
3778
914
2953
1750
3182
880
3471
3072
3767
1151
2422
2751
2767
2069
3443
3465
3099
2793
2958
1974
3843
3330
2403
2385
1350
2294
3071
1327
2354
2647
981
248
2945
1654
2661
1211
1144
3264
1174
1606
2982
1513
3488
1753
950
2261
2682
1261
2608
3742
1407
3349
3289
858
1302
1606
524
2383
166
1832
793
3353
2534
2807
2179
2830
1546
986
3048
1914
2276
1665
672
2104
1498
2402
1279
2173
2202
2219
2542
1864
2241
3302
2935
2778
2328
3118
2495
638
3094
1550
3678
2462
2598
1438
907
2434
356
2174
3443
3248
1778
2829
2140
1972
3310
1446
2718
2770
2418
2091
2563
2967
3050
1507
2487
1655
2993
623
2326
2824
3483
1657
1451
1530
1378
1972
651
3147
2108
623
1664
800
1246
2193
2292
3358
3231
1332
2795
3073
3336
3478
2093
1985
1340
2494
2499
2190
2657
1612
1800
1385
659
2747
2626
1736
2502
2230
1850
2260
1895
1795
1088
2628
3316
2900
2001
695
1733
2416
1502
2553
2914
989
2619
2423
1556
1691
3712
2479
2587
1768
2435
2108
1712
1752
1778
2342
2953
2221
3139
2518
1836
1187
2079
3095
2417
934
2658
3276

9
250
16
10
11
12
10
10
8
14
6
13
14
13
6
16
20
12
9
9
8
11
12
8
10
15
16
17
14
14
8
16
8
18
10
7
7
15
17
7
15
16
9
11
18
18
9
13
5
15
18
16
19
7
7
19
5
9
13
17
6
6
11
18
11
13
18
18
19
11
17
17
14
15
19
19
20
18
7
10
8
8
17
15
5
6
12
20
20
12
13
17
7
15
5
10
18
15
11
14
18
15
13
8
16
15
8
7
8
10
11
6
6
10
9
11
19
5
7
13
18
14
13
16
18
14
18
19
10
7
13
16
16
7
9
18
12
10
13
12
11
17
19
12
14
13
9
14
18
13
17
16
12
11
20
15
7
14
16
11
19
19
11
8
9
8
7
13
9
10
8
17
9
10
14
7
6
12
6
10
19
18
10
14
6
14
15
6
12
6
14
11
6
10
14
9
16
18
10
13
18
14
16
10
10
17
9
16
18
18
16
6
18
15
10
7
19
7
7
6
9
9
9
12
8
15
11
13
12
16
10
11
11
7
12
16
18
13
19
17
18
15
14
16
10
13
16
6
19
7
9
18
0
1718
2056
1779
65
963
903
1190
603
926
235
674
809
550
286
154
212
2165
1833
946
1511
17
2232
1530
1275
1400
1480
760
538
2218
1962
1266
753
1752
782
2267
1013
1902
545
344
1902
640
2323
1462
1365
2322
1972
1819
2048
676
439
1786
1426
1650
2324
1124
580
2087
1603
2232
603
787
1498
105
1380
125
1709
2147
2217
2098
2
258
300
1528
13
1651
535
1389
1888
941
2248
1404
458
2335
2109
1293
401
224
2211
287
395
1233
1672
1496
265
725
587
363
1884
1486
1716
982
1570
1669
1214
2003
997
2205
701
569
1541
619
1482
585
2049
351
1492
1051
115
190
334
21
455
2282
156
1630
2298
986
693
787
2238
422
2022
988
875
1867
1628
2312
433
1819
1680
997
459
507
1371
972
2221
702
1974
1345
793
1281
1792
105
1228
591
1624
1481
274
2339
277
1551
548
1516
734
520
944
1735
1829
2186
2056
1602
724
2122
884
1506
2146
119
1870
1291
1046
908
2129
311
311
1187
1354
826
2046
2001
1307
443
1219
2298
824
364
2268
988
483
1056
707
847
1757
395
1902
1706
731
1073
298
2100
1083
99
669
1480
1838
33
2295
1059
1013
690
1863
109
1151
1587
1659
2153
1578
2015
1441
2116
908
859
454
1689
1657
1800
2025
518
628
254
308
1096
1485
2212
239
767
346
2098
1030
1688
1298
1931
2930
2071
486
2024
1371
2589
952
2415
1734
1980
1918
1281
1549
541
705
2249
1862
2510
2570
919
2623
1649
2326
2125
2345
1993
1073
2248
2059
2740
966
3233
1017
3065
1620
3346
1031
476
2957
1629
3241
2482
1495
2686
3312
3289
3279
1645
1576
3254
1586
2229
2623
2344
1459
3363
1872
3135
1939
1001
2731
880
2036
1468
2482
3006
3001
3198
255
984
877
1783
33
1778
1443
2496
2712
1864
3794
1547
975
2679
2572
2106
567
945
3744
712
1080
2149
2191
2352
1799
1633
1153
1924
2487
1681
2384
2237
2654
2905
1648
3259
2001
2404
1384
1281
2106
1844
2189
792
2250
810
1709
1988
907
1373
714
218
1582
3758
1094
1783
2905
1223
1219
1657
3099
917
2238
1901
1088
2795
1740
3698
1706
1964
1735
1898
983
1866
1952
1665
2636
2108
3061
2473
1327
1420
2307
1205
1654
728
2560
1679
586
3859
822
2693
1505
2317
1927
1916
1165
2040
1886
3348
3218
2429
2142
3192
2140
3038
3057
1273
3168
1360
1283
1708
3634
1361
1653
1745
1820
1953
2763
2849
2815
1292
1337
3506
1001
940
3186
1211
1681
2138
937
2001
2643
872
3087
3196
1617
1135
1227
3314
2343
132
2049
1691
2050
787
2487
1817
2370
2015
2571
1302
2225
1891
2964
3637
2323
3277
1512
2521
1611
2348
2021
2143
2169
2639
2729
607
1859
1408
1159
1649
1609
2859
876
1228
1911
2566
1148
2482

10
250
20
16
5
16
16
20
14
13
6
6
16
16
6
15
18
17
19
15
20
8
6
13
9
9
12
6
11
8
7
15
10
18
13
19
16
19
19
18
6
19
6
14
11
12
18
8
16
17
10
10
13
8
11
16
8
11
14
7
15
15
12
19
6
5
10
9
10
12
12
10
12
12
16
9
20
6
14
18
6
16
7
13
11
9
8
11
12
14
8
6
8
19
12
8
9
13
6
18
17
16
18
20
16
12
6
6
12
14
9
14
8
7
7
14
6
8
8
9
18
16
16
13
8
17
18
10
13
19
11
7
6
19
9
19
13
12
6
10
8
14
10
9
6
14
18
19
8
12
16
5
18
18
14
12
19
15
18
5
5
16
18
17
11
14
5
9
7
18
14
16
12
9
17
10
6
15
17
12
13
17
11
20
12
18
8
9
17
11
6
16
14
15
17
15
8
19
20
15
11
8
12
8
17
7
19
8
14
19
10
9
6
16
7
11
12
17
15
10
12
11
12
16
18
9
14
7
19
13
10
16
20
19
9
17
19
12
11
5
10
8
16
16
19
6
12
7
10
15
7
14
0
1580
1534
1005
1
0
454
1271
1565
875
1665
1751
1775
124
1485
1587
311
1550
2218
700
1472
2277
2314
353
1099
691
908
364
2236
64
1293
1830
228
894
1432
1980
806
1934
512
1694
149
626
282
620
2177
1201
2117
428
2056
85
1924
480
1813
1361
236
1794
1101
1495
1514
1219
895
742
1286
1074
631
1520
668
2132
814
2021
99
502
969
1503
119
772
288
2137
815
430
192
456
2030
55
2139
60
617
1310
2221
1215
901
437
1635
1324
1846
118
1802
1674
506
592
873
642
999
2285
200
1516
702
1870
44
1065
1430
2327
129
1060
910
200
700
1861
600
1040
966
1556
1557
497
2289
1879
1011
754
1290
2273
1113
2123
1321
2052
390
2051
1700
1385
462
2187
193
2332
867
1950
914
659
525
305
2259
87
2078
564
1522
2248
193
146
175
1671
1573
2215
1983
2263
1560
739
1981
343
206
1612
621
2193
1413
946
1308
119
784
1931
2254
721
1736
707
1703
1298
0
1584
1710
1047
1787
1422
1463
1501
1715
1174
404
954
2160
765
2167
501
109
219
2135
709
2132
662
1112
1845
569
6
2171
739
1969
358
429
1888
1088
899
12
757
856
297
108
1365
2034
1106
757
362
2131
454
678
2029
2178
1583
373
1089
99
119
1494
83
2028
707
1689
572
2231
1495
1662
2127
435
2114
247
2206
140
2069
2376
1324
590
410
1056
1636
2858
1782
2004
2623
2810
1589
2718
2158
1034
2493
3233
1137
1488
3177
2420
657
1174
891
1649
1359
2396
1138
2777
3118
1205
1266
1567
3223
1676
2156
1598
2954
771
1489
1429
1193
2482
1603
3420
542
2261
422
3255
1496
2599
2238
1726
2435
2044
2093
2149
1869
1168
859
2413
2022
1016
2143
1342
2647
1999
2528
1530
817
2357
2398
1206
864
1059
3637
1808
1740
1102
1394
2681
1536
2462
1489
1665
1785
3233
2123
1253
947
2257
1821
3262
344
2941
2796
722
1279
1464
2102
2495
3714
312
2343
1786
1959
952
1443
2715
2425
1481
2402
1332
1173
736
2186
1814
1726
2137
2044
2251
666
3551
2818
1417
1380
1907
3023
1907
2746
2582
3568
424
2968
2147
2496
676
2836
985
2683
1310
2441
1795
1452
734
1533
3634
1497
2254
1404
3055
3114
743
397
891
3204
2838
3005
2115
2927
2605
956
2767
899
1128
1645
1222
3453
1725
2291
1849
1583
1096
2389
3461
1430
2517
1021
2837
1910
1248
2327
3217
2149
3345
2259
2141
2205
3113
2360
665
1976
2929
1175
3646
1959
796
463
3289
2121
3437
1883
1422
2323
626
1372
2389
789
2962
796
1300
3335
1481
1346
1357
1649
1225
1775
1478
2729
2197
2049
1621
1453
3158
2023
1642
2695
3134
1785
798
1912
1318
456
1803
343
2842
822
3012
2096
3199
1651
2289
3243
671
2364
767
2764

11
250
15
16
19
6
10
15
15
12
14
9
6
12
11
8
11
13
13
18
13
9
15
6
14
11
9
11
9
18
12
12
14
15
17
20
16
15
15
15
13
11
13
15
18
14
12
16
8
10
12
5
11
9
17
9
14
18
8
14
10
10
12
14
11
13
16
10
14
10
15
13
14
7
13
10
14
10
15
11
6
14
13
17
20
15
13
6
15
10
18
15
14
6
14
11
6
11
11
6
16
13
5
10
19
18
10
8
19
20
8
19
6
11
16
16
14
20
16
7
6
7
10
10
10
18
17
13
9
6
15
9
11
16
16
10
5
7
12
16
12
17
13
7
18
11
15
9
13
14
12
10
14
6
16
5
14
11
6
6
13
16
5
13
18
8
6
19
6
19
11
8
20
19
10
7
11
12
15
9
7
15
8
14
16
9
15
15
15
11
18
6
13
7
16
7
13
9
14
14
14
14
8
11
7
14
15
7
12
18
6
11
15
13
15
5
8
10
16
5
16
10
16
17
17
9
20
7
17
18
8
6
18
19
17
18
15
14
17
12
7
13
17
5
15
8
18
19
14
8
9
9
0
306
1423
1641
1760
513
1468
1329
40
23
543
2196
343
1165
336
2084
1591
899
2169
736
1498
191
1150
1453
9
921
1529
10
1577
1669
693
565
1289
268
1462
2209
1213
602
108
481
338
1422
498
765
2141
1702
1800
2242
1673
320
887
219
845
1421
837
260
2212
939
1887
1647
2166
364
939
1459
975
74
1435
2278
1949
2109
1839
726
978
192
1581
22
1229
736
1958
631
990
1734
1481
603
1035
1050
229
1348
324
340
1095
1837
952
2069
1674
117
428
566
1702
1341
1440
1620
1281
263
996
2113
918
2226
668
1234
1739
1979
2143
233
734
550
2037
2066
203
349
1086
313
800
850
19
1108
1983
2171
1850
347
95
1855
2153
1579
941
1414
950
1465
46
1027
1566
452
702
1247
2305
241
2155
1685
1865
1741
264
1645
1185
2117
116
1920
1814
2295
1894
1173
2018
405
1170
2300
2283
1029
1948
1366
601
1858
287
2301
763
1501
1659
2150
172
1625
2090
1656
1213
891
855
2171
1141
140
255
1991
2200
98
61
1741
1542
1799
11
1805
389
246
1744
1428
1228
32
428
1001
93
1782
1419
951
585
2011
1300
1076
1134
1562
1044
668
680
415
2212
970
2033
1790
708
1043
239
1035
739
153
19
732
1027
89
1002
2055
1357
1990
1746
2237
47
354
647
1410
329
1208
729
88
842
0
1045
2105
1438
1476
1584
2970
3137
775
2653
2428
266
91
853
2602
1309
2688
1630
2218
2556
1932
3071
1018
2086
355
2027
2945
1228
2034
2721
675
2388
1821
952
1999
1698
857
1902
2995
1854
956
1456
650
434
1692
1412
1762
2760
2270
2191
2671
2415
1081
2081
1573
1644
2957
1087
1802
3047
1186
3085
2118
3304
936
1362
2878
1142
217
1857
2958
3363
3280
2336
1078
1866
505
1844
1117
1685
2068
3294
925
1399
2216
2645
697
2087
1559
1444
2581
884
696
1734
2898
1309
2687
2115
1077
1225
2092
1802
2788
2740
2637
2296
1334
1138
2371
1087
2600
1021
2718
2525
2849
3663
738
860
953
2861
2695
1453
1134
1232
1244
2211
1045
1000
1968
2555
3402
2560
1023
1335
3079
2260
2531
1047
1613
2383
2057
1142
1848
2409
1833
1755
1529
3157
319
2923
2513
2055
2205
693
2089
1994
2477
1166
2955
3322
3801
2425
1563
3238
534
2418
2807
3566
1182
2616
1736
1062
2520
1000
2962
2266
2610
2447
3471
1390
2055
3449
2415
2633
2225
2184
2681
1618
701
648
3442
3311
1010
1106
2961
2012
3106
825
2450
1657
766
2147
2520
1737
332
1922
1449
1123
2152
2676
1609
1230
2130
1740
1459
2373
2680
2432
1989
733
1167
2743
1069
3096
1963
1489
1487
1264
2500
1654
851
166
1294
2130
538
1096
3339
1418
2032
2008
2328
116
1522
784
2630
1708
1922
789
584
1469
185
1319
2756

12
250
17
16
7
5
14
14
12
18
16
10
7
20
14
16
11
16
14
6
11
13
10
16
10
6
6
10
10
17
5
11
7
8
15
6
16
13
12
16
7
11
20
13
18
17
12
18
9
16
16
10
17
18
11
10
13
17
9
13
16
8
6
6
8
9
6
18
14
17
6
13
8
14
10
6
13
8
11
13
9
16
16
11
7
19
16
13
8
8
9
11
16
9
12
11
14
8
11
11
6
14
10
5
18
16
7
11
17
9
8
13
8
20
19
9
13
13
11
9
11
16
17
15
9
14
19
17
11
19
7
11
8
13
13
8
11
13
14
14
18
5
9
18
14
7
20
12
13
7
8
15
12
7
19
15
15
11
15
15
15
15
18
8
7
6
18
7
19
17
12
8
9
6
17
11
19
5
14
6
9
5
11
15
10
13
15
8
15
17
15
12
9
18
12
15
14
9
19
19
11
16
11
12
16
6
14
6
12
16
13
15
20
8
7
11
6
7
11
15
9
16
12
15
6
10
17
8
16
7
7
14
16
18
9
18
17
7
19
18
15
15
20
13
13
15
6
5
12
14
13
20
0
226
2079
769
1823
1877
231
97
1657
2255
983
1397
898
2063
1935
84
1421
207
832
2245
1972
1253
1141
127
575
434
2015
1395
1511
1016
1787
1636
1315
140
1552
413
808
258
1116
1040
1467
709
1496
2192
911
1206
1677
2190
1085
1737
1482
1027
152
701
566
233
118
1114
794
1777
1174
1372
2001
1495
979
1151
711
1294
2119
1205
232
1029
2179
26
235
1255
1932
675
1901
763
1469
786
1317
1683
1339
2111
318
1448
1572
1067
549
531
1815
1281
700
651
77
370
1885
1607
224
1153
1933
1403
357
1870
1998
902
2191
1749
1653
1551
2036
1846
1262
2012
1190
660
1619
684
962
1277
1215
733
1700
1914
1860
1574
989
452
2292
1060
1184
931
2006
1553
704
1932
1857
357
2295
882
624
1445
1170
1128
1739
1326
39
525
1733
2119
145
1356
2223
57
1472
1920
888
183
406
381
947
873
1913
1153
1494
1233
2230
1445
1298
354
617
1226
1459
2303
780
388
361
449
600
1058
873
1081
2203
1854
197
2296
1844
2039
753
1973
850
76
973
1474
1705
2213
2086
557
566
275
1299
834
211
1106
539
1736
1698
14
1150
1718
1047
1395
2206
164
2223
1952
472
1236
1297
489
464
1279
1460
394
380
196
2225
1990
1513
2300
1780
1528
32
947
1899
938
1803
20
1371
1328
711
2067
1932
458
329
24
1126
1768
662
1170
2546
2230
3157
3232
439
662
2525
2591
1394
1714
1216
2335
3042
118
2818
1117
2153
2871
2398
1331
1666
1454
1951
1944
3075
2450
2855
2141
2498
1678
2264
1398
2203
628
1486
1294
1953
2239
1936
994
2158
3502
1088
1631
2863
2707
2627
3034
2418
1734
1655
1143
1981
626
649
2612
1259
2372
1738
2627
2527
2235
1646
1846
1246
2400
2642
2660
380
1061
3503
1244
633
2193
2316
2174
2151
1046
2779
1963
2106
2400
2028
2614
1574
2261
2383
1855
2096
1410
2005
1331
895
1270
589
1009
2726
2438
639
2483
2768
1524
1142
2674
2948
1200
3344
1922
2653
2380
3250
2790
1381
2364
1980
2048
1709
2076
1117
2658
1473
1341
3118
2346
2371
2306
1791
931
3105
1623
1490
2105
2238
2096
1159
2686
2441
667
2358
1916
1441
2626
2594
1598
2964
2039
498
1950
2018
3612
896
1477
2521
1457
2729
2877
926
1360
437
954
2195
2187
2505
1322
2653
2251
2274
2167
1991
595
1885
2439
2414
3340
1014
1003
699
1665
911
1745
1300
2245
3594
2863
964
2450
2094
2473
1951
3165
1757
851
2456
2380
2265
3059
3127
883
1057
1672
2516
1568
329
2289
948
2429
1927
226
2584
2849
2424
2433
3659
1187
2761
3353
1306
2505
2182
1474
1578
1876
2715
770
1255
250
3683
3306
2768
3268
2630
2903
587
1706
2008
1060
2362
1063
1950
1917
1513
3182
2466
1970
851
847
2054
2925

13
250
17
18
19
8
13
19
5
17
9
14
9
20
13
19
18
7
7
12
10
9
10
10
6
15
14
6
17
19
7
14
8
16
18
19
13
16
10
6
11
6
15
13
15
6
18
13
9
7
9
12
16
8
6
19
8
8
19
6
16
7
12
12
13
7
8
14
16
20
18
19
16
13
12
5
17
9
8
11
12
18
15
14
10
17
7
8
15
18
7
17
6
12
8
8
15
17
11
11
9
5
10
6
18
11
12
8
15
7
13
14
20
6
13
17
13
5
12
10
20
7
20
11
16
18
13
9
13
10
7
15
9
20
14
11
7
13
9
7
13
8
12
18
6
7
19
19
6
8
15
6
13
7
8
17
8
14
8
12
17
18
20
16
19
8
19
8
18
10
17
14
16
7
20
9
17
6
7
16
17
16
16
10
11
15
14
17
7
19
15
7
19
10
15
19
19
7
7
9
7
20
16
13
8
18
16
9
7
14
8
19
20
7
10
15
14
10
6
9
10
9
15
18
8
8
19
9
7
10
14
16
15
10
5
14
20
11
17
16
13
20
12
6
8
7
14
18
17
8
10
17
0
390
683
1573
1824
1379
1355
992
1778
1666
1721
496
263
181
1862
1063
1165
897
3
2051
2185
1266
698
225
1544
318
1314
318
359
1156
2300
819
156
65
1724
1345
848
2192
925
2260
991
113
407
996
969
1814
1176
2313
1624
176
2271
354
1305
748
405
1001
140
2227
1079
449
553
2187
508
141
1180
1663
1295
1946
1136
1933
222
838
162
2053
1789
456
2292
2128
519
1278
1553
2232
1962
771
1620
1982
2139
1796
1342
2307
4
1124
396
440
2254
914
1238
651
1930
1016
1039
1465
1900
996
1040
500
1797
23
1366
986
888
210
1772
531
627
1559
1956
2083
1166
1092
967
2048
1186
617
989
178
2313
768
1040
140
1870
2085
2188
1140
822
89
494
762
1380
2084
932
70
149
1429
552
840
183
2210
2087
2312
1266
2105
1598
1267
1101
768
2049
500
1646
2060
1077
1564
2047
608
172
802
370
203
2165
1821
1856
948
15
549
29
346
605
264
579
1127
404
1095
761
1134
944
435
1246
2325
1914
2322
411
237
1624
29
1430
265
839
2114
794
1169
159
982
244
1475
918
759
1449
1757
2095
1221
2129
277
900
1004
1831
1538
1151
679
1153
290
2193
1395
297
132
406
608
1680
1311
1670
1572
1544
561
7
862
916
448
2231
853
2206
1217
311
2126
855
536
1528
1773
1196
2093
1821
1450
495
549
1225
3097
3298
2726
2638
2371
1895
2069
2458
1948
1123
654
1903
1121
2253
1271
787
2375
3276
2168
2015
1607
1643
1450
2124
536
1542
2267
2312
1187
307
1348
2533
2707
1874
3186
1682
3203
2069
670
961
2103
1087
2880
1638
2471
1949
867
2636
1083
1675
867
1689
1488
1061
2300
2467
1979
1221
3163
1759
817
1338
2825
1900
3192
2646
2836
1618
1568
1337
2937
2564
1820
3779
2838
1973
2121
1973
2272
3134
1658
2535
2265
3335
2374
2444
2562
190
1988
511
773
3377
2242
2435
1975
2331
1090
1377
2797
3000
2182
1984
716
2488
84
2310
2074
2344
1122
2360
1657
779
2623
2626
2293
1595
1847
1522
2925
2681
1943
2422
296
2643
1331
2084
1152
3209
3211
2839
2272
1542
215
1641
2042
1607
3017
1021
891
445
2656
867
2110
1237
3460
2236
2577
2580
2728
2493
1731
1959
1799
3349
1807
2639
2292
1943
1840
2561
1636
535
1488
1377
642
3421
3268
3349
2104
42
670
866
1824
1444
430
1119
2181
1294
1989
2168
1326
1911
1862
1964
3211
2475
2580
823
1244
2088
1593
1723
1080
2341
2576
1730
1990
1110
1418
1243
2161
2210
1597
2491
2027
2690
2674
2635
1559
1687
2022
3035
2978
2488
1486
2173
1710
3230
2572
693
1075
1897
969
2262
2453
2630
2540
2515
913
179
1230
1505
1099
3049
1040
2574
2494
1632
2373
1249
1435
1855
2938
2249
2702
3139
2601

14
250
12
18
14
10
15
6
16
12
9
12
17
16
18
6
12
15
16
8
16
6
16
13
8
8
8
5
14
8
16
10
9
16
17
9
15
14
14
8
20
20
13
17
17
7
12
7
18
6
15
7
18
14
15
9
19
19
14
6
11
12
5
20
20
7
15
19
5
12
17
17
9
10
12
11
14
6
10
14
17
10
14
9
18
6
9
9
14
19
10
10
16
20
11
15
5
9
16
8
12
14
7
13
8
18
13
18
16
7
12
7
18
19
9
13
10
17
19
5
19
6
15
9
15
8
18
6
13
17
6
12
12
19
9
14
14
8
17
13
12
17
14
11
17
19
19
12
13
8
16
9
19
20
10
6
16
13
6
9
17
6
19
15
7
11
18
12
13
17
13
12
17
12
11
15
13
17
8
14
13
14
15
6
13
14
10
17
7
15
15
11
10
18
9
16
9
17
11
17
7
10
13
14
8
17
14
9
5
16
6
7
18
11
18
17
6
14
7
9
16
6
9
5
17
13
8
8
10
6
10
13
14
9
6
14
19
10
16
18
14
9
19
5
18
7
6
7
18
7
16
19
0
524
652
832
52
2253
2161
898
948
826
745
2244
72
1207
997
1662
2275
2005
1514
189
1072
1207
1394
1481
203
798
694
186
2004
989
1671
759
398
1669
36
690
1079
1794
1115
1979
1418
298
1032
1214
1814
943
532
1012
2061
1280
945
219
644
913
762
940
2005
2198
820
1486
569
1157
1478
1619
382
212
2098
887
1695
747
285
43
1680
107
1174
365
1424
136
1465
1547
872
418
629
2307
1960
2043
1617
2047
1592
2059
2041
710
1726
2108
1331
2161
1851
2050
1423
1882
1111
2059
771
1733
1102
394
1329
2149
1495
947
234
500
579
1406
2206
2122
2222
1880
1002
224
1586
121
1043
1370
209
1510
1799
1263
1742
583
2024
1573
1538
2026
234
607
879
498
1730
1776
601
1224
1539
731
201
750
368
2131
1630
411
1879
1201
1755
2338
1603
2076
768
2072
17
1091
1161
101
972
2318
1164
1987
2261
531
1694
1290
341
1259
310
1523
1966
1373
588
1168
1580
2245
1041
327
1438
2301
1359
2163
552
1222
1792
2190
1378
82
699
1751
88
1577
1176
1307
2322
1644
1382
503
2217
48
511
421
1681
169
2075
2236
681
2153
1969
7
448
1797
1483
1602
1814
1657
2331
627
824
2305
437
1199
1266
1270
1079
2057
1808
353
1940
2078
793
2057
1752
1542
2095
493
2148
387
1942
1326
1910
535
923
1253
362
1858
30
1433
2059
1635
1102
2977
3698
1125
2153
1343
1451
3589
766
1905
1127
3101
3137
3092
1902
1434
1876
2544
1482
1892
443
1705
1610
873
2979
1561
1944
1434
1482
1901
1005
1393
1756
1823
1544
2129
2348
1330
2291
2273
2813
2288
1717
1469
3346
2760
1716
930
991
1300
1988
995
2230
3050
1799
2122
1786
2304
2256
2245
1277
794
3022
909
1815
1700
957
779
3107
215
1433
1465
2306
272
1551
2602
1573
468
1521
3304
2305
2131
2184
3474
2707
3551
3172
813
2260
2919
2419
2481
2573
2165
2283
2362
1975
2983
1752
1837
2144
418
2025
2844
2961
1257
1725
1091
1739
1786
3509
2970
2615
2417
2337
1785
2879
443
2486
2133
654
1541
2068
2792
2035
622
2776
2483
2121
3188
1493
1053
2162
1801
3035
2669
620
2330
1882
1290
309
1970
1830
2872
2498
1334
2010
1318
2466
3279
2488
3550
946
3547
107
1879
2151
1461
2011
2691
2034
2360
3321
901
2269
2536
1624
2650
1187
2325
2573
1751
1807
2358
2812
3714
2497
1370
2469
3112
2323
2737
960
2503
3200
2804
1818
486
1743
2028
1137
2913
2187
2342
3492
2640
1917
609
2444
670
1930
1851
2907
657
2561
2538
1617
3046
3071
1369
1981
2452
2036
2533
3253
2701
2653
1987
1722
2810
810
1832
1797
1485
2242
3611
2299
1759
3183
3187
2144
2391
3150
2552
2921
1275
2314
395
3260
1592
3026
1901
1294
2021
1532
2384

15
250
16
8
7
10
11
12
9
19
17
20
12
14
11
6
17
15
9
15
18
17
12
11
14
5
9
15
10
17
10
7
18
12
6
10
11
5
6
7
17
6
11
11
19
11
19
18
13
19
20
7
17
19
10
9
10
20
20
9
13
7
6
10
19
19
17
5
6
16
15
11
18
19
19
14
18
12
12
15
7
8
19
9
6
20
13
5
18
13
9
7
16
17
19
18
6
10
18
12
18
14
19
19
12
16
10
19
13
12
12
11
17
7
8
17
16
9
9
7
16
8
16
16
18
6
9
5
11
12
14
6
6
7
14
8
15
10
17
18
13
11
6
18
15
12
8
16
7
13
14
20
13
12
9
14
13
16
6
17
9
16
14
8
12
10
20
8
14
16
18
6
8
16
8
11
5
14
17
5
12
19
9
9
18
15
5
13
15
18
9
19
19
16
16
15
9
13
10
15
12
16
11
11
11
9
17
18
8
19
19
19
8
5
19
15
12
6
13
11
19
6
13
15
14
17
6
7
11
12
13
19
11
6
12
17
11
9
8
5
11
18
17
19
12
17
18
9
20
17
11
9
0
836
462
425
20
1632
253
350
1538
416
866
1005
1
1499
640
989
859
273
829
2036
341
212
1434
329
1045
2165
1387
573
2248
346
173
1880
783
1462
1565
1187
1372
1169
2238
1445
701
1133
1744
1104
1383
848
2285
2234
993
2179
1358
1883
413
1343
595
1630
526
1511
470
2302
459
1670
1806
2128
2228
2070
451
1090
1575
1004
836
1092
861
1756
1379
2344
2331
2080
1306
2278
928
1756
934
2152
1759
578
2056
1425
280
849
1933
1763
407
1052
1850
757
1456
1937
2275
1969
497
2136
802
2326
661
2176
696
165
419
1143
909
1643
2087
109
1617
2030
254
1341
914
700
328
703
24
102
1639
443
2205
2200
74
1605
1232
364
1953
869
1893
1697
1504
1166
1586
1415
1942
1220
1691
1519
1492
1993
1665
184
500
2358
1587
1114
1069
479
1894
328
498
1869
2165
2019
63
500
2029
1838
1784
739
1259
1199
396
1152
2140
491
448
792
1640
1383
1312
1502
305
1914
1503
44
1113
221
885
853
1344
154
2050
272
799
1219
1392
1700
798
1887
2165
582
596
1110
1870
1056
1417
813
591
806
906
1383
1700
1155
120
70
1452
431
1077
1022
919
1378
305
1546
997
212
1722
1476
2016
8
1800
258
2068
1697
1377
2377
1291
1067
1831
504
1436
2278
1800
2335
799
2354
2273
1295
101
83
453
29
301
493
1133
1626
979
1469
811
1887
435
1060
2034
1067
2230
1476
65
2737
1692
1174
2197
1581
1664
3074
1445
862
2709
740
2216
3625
2166
863
2511
1408
802
2083
2234
3036
2625
2421
2920
1778
3579
2867
1624
1325
2938
2036
1479
2078
3065
3150
2005
3654
2813
3315
1948
2552
1593
3144
1636
2273
708
2650
1645
2449
1996
3303
3475
2534
748
1840
2216
2355
1849
2361
1794
2559
1509
2712
3868
2410
2205
3068
1522
1921
1495
2514
2181
938
2883
1789
1122
1437
3353
3078
788
2429
2493
2301
2637
2516
2763
3179
1952
2745
1222
2450
1810
3091
771
1595
442
2118
1832
1800
3187
1206
1763
2316
545
1788
1411
1997
916
1506
405
1161
2940
1146
3046
2694
1077
3070
1330
1504
2835
994
2942
2048
2815
1366
2383
1874
2491
2496
2255
1702
2521
3257
3247
752
861
3433
1605
2642
2211
1369
2472
1088
1454
2175
3587
3219
1177
1273
2338
2551
2240
1287
2682
1587
558
2321
3643
708
483
2133
3050
2665
2406
2012
1304
2495
2764
711
2356
907
1698
877
1517
1731
2999
783
933
2540
2351
2257
896
2012
3684
1933
927
2186
2161
2302
2289
1123
2190
999
1444
2933
2749
2700
403
1400
1783
1782
2550
1862
1058
1572
1836
3109
2135
749
3013
2439
2635
920
2915
1477
2614
2556
2958
3313
1470
1711
2026
932
1670
2694
1816
3836
2113
2652
3091
2053
1177
944
1934
199
574
1950

16
250
6
9
17
5
19
15
13
5
17
16
7
15
17
14
10
13
7
8
8
8
10
14
18
8
7
19
10
11
11
13
19
8
8
16
12
12
14
7
19
10
15
7
18
15
10
17
15
17
16
17
19
8
5
9
17
6
8
6
8
13
7
15
18
14
18
7
13
5
19
16
17
19
11
9
5
12
12
19
11
18
16
20
18
15
16
19
8
14
14
13
8
11
6
20
20
12
8
12
11
10
9
13
18
20
13
12
6
6
8
7
8
17
12
15
12
11
12
6
19
11
17
7
9
16
10
11
14
20
19
15
14
8
6
10
8
13
11
19
8
17
15
7
6
17
8
17
8
12
10
14
8
17
18
17
5
12
7
12
14
6
12
16
11
20
7
11
10
9
5
7
15
10
10
8
14
14
13
11
10
9
13
5
17
19
14
10
8
20
18
8
5
12
19
13
6
6
9
12
7
16
5
11
14
15
13
7
13
18
19
11
7
9
11
12
18
17
13
14
10
17
7
7
12
15
5
8
18
8
10
18
19
10
14
7
5
18
19
9
8
20
13
18
14
13
15
12
16
6
16
14
0
2065
1719
1512
834
68
2168
448
1737
1685
1145
1282
1112
910
187
1821
1757
1840
1157
1049
1016
859
317
2295
2232
1906
191
2031
419
1209
552
2267
474
665
2193
685
1133
10
865
1072
709
1699
451
483
1433
1621
2107
293
1854
1843
734
2162
46
146
597
1620
1653
1743
1113
5
432
1036
1368
1543
1094
1775
1905
214
1571
509
1859
1270
2235
1696
2125
1693
519
840
1135
1996
1717
1728
830
1221
2139
1833
225
1611
637
487
1032
63
1569
614
443
2030
938
1234
134
535
1414
2042
1998
1883
2076
1193
1305
1707
1672
712
595
2118
281
671
2196
1137
1433
1125
393
1565
1871
2139
2295
327
857
257
1999
818
126
1554
1399
146
1151
1425
2224
663
656
1785
663
2271
233
2017
1015
1947
1145
2224
1638
587
173
1042
1790
2287
1222
1301
1008
1572
1131
1213
573
1096
1145
439
1682
199
191
1000
677
1463
767
264
1219
895
1944
1878
125
1982
1093
540
1200
904
1823
949
11
1493
1518
1541
810
342
1858
1070
1678
671
1961
2266
2199
2207
1461
1745
1886
459
682
92
48
42
2287
643
2039
1931
1571
1037
1273
1483
1885
1143
1627
704
1067
1624
1395
428
1424
644
1143
1154
615
2015
223
1152
2221
978
692
2221
1039
2219
1757
237
262
1893
1186
715
1801
2028
601
2078
1671
557
1229
652
544
96
543
2997
2892
2639
1639
796
3582
1342
2126
2740
1783
2325
1540
1821
366
2163
1844
1893
1615
1693
1477
1576
1054
3379
2818
2261
1144
2943
1822
2074
1035
3727
501
1235
3086
2217
1951
318
894
2190
1904
2656
1756
717
1504
2187
3059
329
2563
2379
1004
2821
600
350
1324
3139
3067
2968
1306
1373
498
2210
1418
2488
1573
2675
3406
1191
1679
1083
3070
2569
2760
2638
3127
3068
1619
1235
1651
2768
2982
2864
2196
2203
3112
3098
1032
2734
925
2024
1664
1429
2967
896
1653
2204
1267
2077
709
1523
2067
2508
2792
2449
3427
1337
2498
2281
1926
2037
1624
3197
714
767
2412
1481
2659
2162
1071
2805
3016
2660
2569
1491
1311
1406
3531
1503
161
2597
2513
754
2231
2926
2981
1639
1591
2793
1705
2975
322
2755
1111
2825
1525
2733
1861
1783
707
1847
1809
2334
1931
2069
1998
1654
2258
1338
763
1857
1550
1310
2472
1271
1379
1068
779
2855
810
334
1762
1507
3200
1920
1625
3449
1740
1622
2213
1365
2652
2195
182
1632
2238
1996
1705
1503
2742
1717
2644
814
3181
3729
3362
3322
1902
2952
2786
990
2090
379
533
1404
3342
773
3431
2888
2761
1831
2747
1778
2522
2194
2549
1623
1369
2744
1819
794
2814
1703
1223
2584
1706
3154
252
1327
3250
1234
1409
3748
1577
2422
2711
1774
1278
3267
1771
1069
2659
2405
1939
2482
2898
1948
1841
761
1074
1532

17
250
13
9
15
12
19
14
11
20
10
18
7
17
7
18
15
7
18
8
13
10
19
10
10
13
16
16
9
19
12
19
18
8
16
6
12
19
17
16
14
19
11
11
15
18
20
16
12
12
8
12
17
5
9
12
18
7
11
8
9
17
16
13
7
5
16
9
17
5
10
14
9
18
9
12
7
11
14
13
15
17
8
20
19
6
18
19
10
5
10
16
19
10
8
6
13
20
20
17
18
9
6
15
13
11
14
12
19
20
12
17
12
17
6
13
20
12
11
6
6
9
11
16
8
18
20
15
5
17
11
6
17
17
17
7
6
8
16
18
13
16
6
8
10
8
14
9
18
14
15
6
16
8
7
5
18
13
6
12
15
13
12
20
9
13
8
7
14
6
9
17
20
15
7
9
20
7
19
14
9
16
9
5
9
8
12
18
10
20
14
10
17
7
8
15
19
19
18
16
7
5
12
16
8
8
7
10
13
15
18
12
15
15
20
19
19
18
5
20
19
15
16
7
8
18
7
18
6
9
16
18
8
8
9
12
19
15
17
17
8
7
16
10
10
19
14
16
8
18
17
10
0
1847
1230
1336
1660
1716
395
825
1106
2244
425
1285
1122
878
2246
2112
595
1353
1901
1845
1894
1385
152
860
1900
702
1496
2230
529
2178
260
921
1022
1646
665
717
1496
1565
1320
1027
4
918
632
166
608
1315
1596
473
1914
873
451
1848
1159
1456
73
281
127
837
1370
1955
357
173
1573
2276
320
752
683
435
1260
1202
1757
1256
741
323
1497
508
2209
2330
38
1466
406
867
2386
1285
2162
988
1993
2167
1578
256
550
294
331
152
1662
310
1748
168
1280
1104
2115
140
1373
707
1528
1632
111
2039
130
303
1837
104
2029
873
87
2007
2354
1028
965
351
1347
2265
1714
1819
1747
1234
1378
276
2147
368
1626
1011
198
964
210
2254
1548
686
2339
2167
356
1889
2027
2280
1708
2306
1914
1138
1359
901
2023
1945
307
46
1915
1570
872
807
1944
1502
1733
1305
67
917
1025
2135
1089
440
961
8
1219
771
1442
17
819
757
148
1254
1000
679
978
603
969
931
307
658
2179
1867
952
1742
159
2191
1697
5
1325
1661
282
387
2400
690
904
1594
967
209
1721
292
1201
1577
1429
481
1653
304
388
808
1186
2169
1770
1033
308
304
205
377
398
1821
1806
169
2095
1755
632
332
510
99
1085
2111
172
511
1698
1794
1734
55
1002
2226
157
2163
938
465
1628
2193
1291
2379
332
3021
2196
1969
1818
2492
673
960
1547
3718
1841
1339
2305
2122
3720
2189
1545
2550
3018
3105
2815
2982
227
1541
2962
1571
2408
3314
1623
3004
1107
1313
1869
2681
2268
1468
3058
3040
2400
1225
1100
2005
2074
664
1214
1836
2326
1016
2980
2091
1569
2498
2350
2548
704
554
488
2415
1470
3374
960
659
1697
2672
559
2302
1117
1535
1416
1922
2359
1397
1856
1121
1703
1692
2322
2460
309
2605
1515
1447
3417
1407
2365
2150
3234
2893
1875
648
811
673
1592
855
1681
1690
3000
1479
1744
2184
3583
1709
2679
1731
2433
3040
632
2649
1635
1847
2728
1542
3156
1960
680
2869
3519
1486
2458
885
2339
2785
1776
2503
1949
2219
2211
1390
3399
909
2981
1500
270
2477
1677
2628
1851
1267
2513
3038
758
2545
2882
2946
2350
3732
2905
2436
2552
1041
2040
2974
717
489
3212
2225
2007
850
2323
1770
2031
2486
1082
2089
1378
2655
1142
597
1161
821
1291
2128
2137
672
1499
1679
349
1579
1059
997
1785
1175
1821
939
1095
985
2906
2582
1063
2422
422
2940
2756
335
1757
2324
895
1381
3831
1081
1867
3063
1875
490
1824
1036
2694
2312
2840
1819
1959
762
1215
2205
1936
3493
2347
1356
1745
393
1561
508
1563
2750
2685
1783
2474
1850
1570
1703
1576
844
1857
2464
270
1651
3115
2789
2054
1517
1537
2319
1003
3673
1596
1923
1870
2643
2221
3040

18
250
19
6
18
17
16
8
17
11
20
15
6
14
18
10
9
6
16
18
16
11
16
14
17
7
11
10
5
10
10
10
12
5
9
13
6
19
13
20
8
16
17
14
8
19
13
8
9
8
18
12
17
5
13
19
9
12
7
17
9
11
9
16
7
9
14
18
14
10
15
7
18
10
19
10
13
13
5
8
7
9
12
11
7
5
19
7
10
10
18
8
10
8
11
5
7
10
11
16
17
11
7
17
18
13
12
16
17
12
6
9
13
6
12
6
8
14
15
7
10
8
16
11
11
19
18
12
17
13
6
6
5
6
13
17
16
16
13
5
17
12
18
6
13
11
18
6
11
11
18
17
8
11
15
16
20
16
18
8
9
7
6
5
19
17
15
19
18
12
20
13
13
17
6
7
19
6
11
7
14
16
7
14
12
11
13
16
15
20
10
6
20
12
13
7
8
14
17
12
7
7
16
19
9
8
13
15
9
19
17
12
11
10
12
18
12
16
9
9
7
16
12
16
10
19
15
9
17
5
14
16
6
8
12
9
8
18
17
16
14
17
15
12
20
12
8
17
7
18
12
11
0
866
1214
1749
1353
639
2156
1196
825
1816
54
305
1572
2191
571
2222
1706
2053
1688
1482
363
1664
1559
1046
2143
883
2228
290
474
2161
929
1795
1277
854
1020
747
2095
928
1992
193
1871
855
621
2142
312
1592
1862
1635
2142
2166
143
558
1277
211
1070
1545
1719
2139
416
1038
1810
400
1958
1728
957
827
212
1266
1533
2250
442
512
560
2143
1980
2002
1483
1910
1106
463
1475
340
1738
548
695
1814
324
1413
476
169
2297
1766
2296
1623
1934
1832
2160
1635
1421
599
1458
2118
936
1647
1283
2
1021
576
1278
1325
2039
1893
2239
1061
501
1516
1305
1287
1638
1190
1976
988
1915
178
177
160
26
579
835
2185
1590
1580
851
1860
68
578
2165
624
466
1798
2294
1830
1561
1984
709
2264
898
2157
683
1865
488
1200
1215
1757
1452
1828
102
1062
77
830
489
1745
1190
1071
492
2013
1411
975
1982
1353
1953
1322
2020
19
1248
1186
715
2246
1708
2105
513
1384
1637
1552
745
2302
2007
1685
1610
1680
1397
625
671
2244
1915
1473
660
15
1703
1687
156
2193
1438
346
2047
910
447
2037
2130
1965
630
1925
1969
1495
706
2139
1466
505
1298
264
1435
877
1065
91
1577
1368
2076
1519
1126
1731
55
1348
1363
1206
703
1001
1158
1818
879
2253
867
436
1195
818
1120
756
298
334
316
1518
399
1749
1505
2652
1927
1606
3338
2384
1651
2415
834
794
1762
2652
1723
3174
2025
3238
3197
2538
1735
2768
1841
2147
2983
1708
2523
1325
1006
2306
2136
2891
2813
1078
1806
978
2269
2324
2248
1436
1935
968
1852
2989
1372
1719
2055
2720
2371
3507
670
895
2070
1614
1235
2029
3160
3427
1683
1591
2022
1078
3183
3155
1597
1237
1053
2101
2334
3219
1722
760
1010
2736
2932
3479
2164
2013
2020
1097
2246
1725
2355
859
865
2248
692
1448
1761
357
2327
2890
3427
2783
3011
1848
3124
2836
2936
2002
2141
2896
2413
2356
2317
633
2535
1699
1479
1761
2534
2690
2508
1680
1684
1667
2127
2022
3058
1253
3330
2039
2212
1405
789
994
482
1839
1300
3637
2066
1637
2061
2015
142
1315
2345
1563
1551
2846
3101
2855
2688
3478
1629
2787
2159
2170
1765
1925
1707
2316
1633
2067
2299
2132
719
1334
1064
1401
1476
2402
2439
1641
1194
3417
2744
1196
2101
2731
2522
1784
2642
123
2101
2505
1826
2361
2802
3206
1344
1990
2812
2452
1859
3469
2097
2073
1709
3158
1584
1930
1249
2693
2703
3005
1283
535
2419
2525
968
3035
1976
1443
3018
1272
1633
2725
2222
2544
1215
2908
2013
2892
748
2582
2223
1817
2041
1679
2581
1046
1600
982
2738
1384
2491
2558
2067
2792
349
2782
2891
1598
1932
2134
1244
3077
1932
2448
1815
1078
2054
2161
1350
2040
383
1337
873
2128

19
250
11
17
17
16
9
5
13
12
15
17
6
7
15
15
13
7
15
17
13
11
18
12
19
17
16
7
19
10
14
15
15
15
6
9
15
17
6
18
7
19
7
13
18
18
16
11
15
16
14
5
6
11
6
8
7
12
8
18
12
12
16
11
8
12
14
7
17
9
8
18
10
6
17
12
6
19
15
17
14
18
8
7
14
9
13
8
18
18
5
6
17
9
16
9
10
17
19
6
15
20
13
6
13
6
15
6
17
7
18
15
19
20
15
15
7
8
15
12
8
16
6
13
6
13
8
15
6
9
16
10
16
15
5
12
14
11
12
10
7
10
6
6
18
16
6
13
14
12
5
9
18
10
19
13
12
7
6
7
16
17
11
17
14
19
20
11
6
18
15
5
9
11
9
9
5
9
9
14
7
6
15
18
6
9
5
6
6
16
12
12
11
15
8
20
16
11
6
8
18
19
15
11
11
18
18
12
15
7
18
8
16
7
18
17
13
14
13
19
9
18
18
15
12
16
7
7
17
11
8
14
13
9
11
12
17
9
11
9
14
10
9
11
15
12
7
16
13
15
12
11
0
279
355
2064
1581
56
118
9
461
1096
1002
1094
510
102
2209
2042
2271
1574
437
1592
688
314
338
1460
1949
2077
2038
580
1015
2077
695
1297
1082
70
2168
1542
1874
1463
525
817
1424
806
1549
890
2281
69
1367
1562
472
863
2058
2159
756
135
840
2244
2200
1700
366
754
2189
2223
1877
798
1768
617
1322
1012
981
904
503
1289
1400
317
732
1514
2215
1318
222
511
243
433
1592
1286
785
1701
364
49
1668
798
2020
1694
857
1364
1893
315
1413
414
624
1775
142
2102
903
1734
28
1285
1016
714
780
725
1857
1651
740
1098
1739
598
1050
189
225
657
1886
2209
1354
323
2243
416
861
68
2212
311
379
1204
953
840
1215
1965
736
862
79
1453
1093
955
1136
377
333
1460
408
77
2180
1143
378
195
1313
1975
1657
1072
491
1507
2114
2066
997
1233
675
1888
791
981
1859
1291
1589
847
2247
478
2049
1313
711
735
1181
188
2158
344
589
2171
1709
1155
2197
788
1428
2152
1538
1120
765
956
677
1886
1390
198
1967
742
1899
809
2154
824
193
2040
615
34
1880
1697
81
601
2181
381
2196
2095
1457
954
1425
1699
1240
131
244
1527
2006
33
1087
1048
2183
9
285
1841
1326
1117
1213
445
101
1885
979
1140
6
1732
2194
1514
32
2098
1843
955
78
1081
1959
964
977
1207
1019
3173
1937
1455
982
1451
618
1957
1714
1333
1231
132
3112
3199
3005
2241
998
2084
1059
1057
660
2684
3239
2874
3115
592
1859
2251
1643
2497
2556
1032
3239
2618
2595
1665
1729
2044
2482
2333
2107
1183
2740
1213
2725
3027
1830
1480
2378
2608
1211
1369
1342
2557
2262
2279
1420
1907
2479
3037
2644
1171
2540
1358
1537
1306
1125
1561
594
2180
1893
1641
1397
1891
2651
1780
1545
1636
1314
1558
2013
2465
1383
2326
1237
759
1884
1025
3540
2110
1419
2494
3088
726
1605
1627
815
2272
1655
2678
2311
3104
713
2778
1778
1013
861
804
2803
1753
1131
2158
3267
1580
1212
1326
1434
929
2767
3457
2840
1405
3631
1203
1433
583
3131
1024
671
2319
1649
1359
2113
2519
1441
1539
805
2161
2036
1206
2493
1827
1504
2702
435
573
2851
1215
1225
1696
2365
2908
1920
2180
573
2121
3435
3574
1955
2281
716
2813
1123
1637
3257
2252
2588
1814
2994
1972
2712
2233
827
1386
1786
1606
2270
1493
1847
2699
1749
2006
3257
869
1813
2984
2207
2275
1483
2112
1897
3286
2124
1189
2509
1597
2582
1388
2487
1167
1403
2371
1127
169
2282
2564
365
820
2353
1018
2288
2746
1581
1870
2607
3167
1342
1484
399
2580
2146
394
2029
2423
3027
189
925
2495
1839
1611
1598
674
1330
2135
1824
1336
229
2456
2305
2821
336
2594
2398
2295
398
2358
3428
1574

20
250
14
5
12
6
9
5
12
15
11
17
10
12
11
8
16
14
6
10
16
5
6
9
19
16
13
5
11
6
14
5
8
16
5
16
12
15
8
17
16
14
10
19
11
5
8
18
15
8
11
18
20
17
7
7
13
16
14
13
7
7
20
20
11
15
14
11
9
18
16
8
13
7
18
12
11
5
18
5
17
14
13
10
16
11
5
8
13
6
19
13
6
20
19
13
10
6
17
17
14
19
11
20
6
10
13
15
12
10
7
13
18
19
15
17
18
12
5
16
13
9
7
7
6
10
14
12
15
7
10
11
13
19
11
17
10
8
8
12
6
14
12
10
13
14
19
19
15
9
7
6
20
7
8
19
10
16
15
16
20
11
18
7
13
14
13
13
9
9
17
9
10
6
6
10
10
7
15
20
16
7
6
10
10
16
5
8
13
10
15
9
16
14
10
11
12
14
9
19
16
8
10
7
12
6
15
10
15
12
11
15
9
5
6
20
17
12
18
15
16
9
14
5
11
18
19
8
15
9
16
17
12
6
8
12
10
11
15
12
18
18
17
7
16
15
7
9
14
19
5
14
0
1034
880
781
2086
562
1006
1792
54
1791
1670
1649
171
282
44
1661
750
72
1864
297
1333
666
1725
1529
639
88
1457
1962
1430
2125
6
2197
1653
1197
541
530
21
1070
2257
815
2206
2240
2181
1665
1324
631
1652
1103
580
480
1971
1970
1854
99
2028
29
844
1048
553
1333
1038
1670
2192
865
926
568
547
807
753
460
926
429
1368
1706
1481
1914
629
889
11
443
772
1899
1833
554
428
453
723
2154
585
1667
1332
483
443
2144
622
99
1111
715
1295
989
2183
1056
1956
2251
58
2
695
1861
262
1907
2208
1672
459
687
1599
706
1797
1676
804
1757
716
2221
1265
755
722
888
1570
2066
811
1860
417
1940
16
430
1853
1449
2002
135
450
190
197
2055
88
329
2251
931
921
1768
1703
1234
1364
2124
1026
1638
1866
445
752
1838
601
213
2103
610
1856
1476
1372
478
32
348
786
1493
876
1611
484
1759
2017
1380
886
830
1226
30
492
918
2137
85
242
2036
1885
1604
1749
1910
729
1954
1463
1298
2251
1170
2096
617
1081
1631
276
2117
1610
982
1238
1233
1114
1073
1383
1778
1172
79
854
37
1224
1903
565
1919
1842
966
464
77
1064
1445
1108
106
13
1817
375
50
1152
1527
1007
973
1790
1452
381
477
215
549
890
1550
1193
1186
1010
2225
1902
582
864
711
1189
1901
1242
2056
3000
568
2479
2435
1488
2582
2528
1684
1230
1061
181
1816
794
652
2173
1333
1687
1541
1764
2287
1468
1318
2481
3186
2298
2678
821
2896
2441
1233
1280
1479
1361
2130
2454
2050
3214
2730
2755
2748
2692
1980
2163
1540
1501
1021
3156
3154
2934
530
2464
103
1329
2405
1059
2710
2155
2275
2614
2122
1860
1009
1487
1786
1930
1370
1726
1583
2605
2501
2846
2650
1061
1788
55
1608
1515
3276
1960
864
1379
970
1533
3015
1173
2291
2450
1413
1382
3236
1676
689
1738
1594
1803
1105
3697
2242
2370
2577
1288
177
1395
2777
641
2836
2997
2741
1099
801
2088
1605
2335
3004
1762
2847
796
3226
1612
947
1922
2236
2214
2857
879
2946
943
3446
895
1077
1868
2226
3315
1216
1072
568
1004
2131
1152
1337
3661
1704
2032
2485
2536
1477
2855
2947
1678
2588
2140
1360
922
2754
1536
1729
2774
930
2486
2058
2600
1848
1380
977
2265
2422
1099
2365
647
2041
3536
2340
1371
1655
2124
463
715
1903
2905
851
832
3384
3388
1709
2818
2980
2177
3480
1897
1628
2746
1385
2498
1738
2024
1751
1626
3263
1735
1521
1638
1919
1690
1087
2415
2016
1466
644
1407
1458
2258
2592
1475
3057
1998
1689
1959
405
2075
1649
1225
924
1375
1906
1604
954
1789
1636
1273
2106
2798
2542
1198
1144
689
1419
2242
3046
2533
2690
2077
3376
2641
1605
1589
898

21
250
19
15
15
9
12
10
6
15
20
18
14
10
6
10
7
17
11
11
17
18
17
13
14
10
5
9
19
6
12
17
9
14
6
11
15
9
16
7
9
15
12
6
20
18
17
10
19
19
16
6
6
15
11
12
8
7
20
10
7
18
14
5
20
11
5
11
10
14
8
8
13
11
8
10
16
11
13
17
12
14
9
11
18
19
9
11
20
6
8
6
15
11
14
15
10
12
9
7
7
20
9
17
12
8
8
5
18
8
12
18
10
6
14
18
17
17
18
17
19
9
8
11
6
6
13
17
5
9
12
7
18
7
16
14
13
9
12
11
13
17
15
9
5
9
9
19
18
15
12
12
16
17
11
7
11
10
5
14
9
7
9
17
16
6
5
14
16
9
19
17
11
16
12
18
17
15
20
19
9
6
16
13
5
7
9
19
15
5
9
17
9
17
9
11
5
17
7
8
7
15
14
10
8
16
16
7
15
12
11
7
14
15
16
17
7
13
12
10
12
18
19
14
18
18
7
7
12
15
13
9
11
12
15
19
6
17
6
19
11
14
7
14
13
10
11
8
8
18
14
19
0
1100
2011
838
863
1969
1229
1412
195
2121
101
282
43
255
1061
266
1712
1012
67
1063
979
1483
970
2277
1091
667
71
1893
414
99
1683
321
108
1782
580
593
344
1448
1330
1097
640
1608
1221
1232
358
1179
2184
306
1157
2160
1360
915
587
1633
493
1682
1535
381
2123
2080
1496
991
683
1919
127
1507
667
2158
528
1060
1175
1108
1438
631
1945
1849
1640
1587
2276
1988
12
1230
2087
2236
1054
1732
1746
326
147
1887
737
2178
1955
1836
971
786
354
1633
1059
572
815
887
1100
1008
2178
997
2010
1204
370
1147
618
1170
2112
1050
1214
1824
1101
1610
1233
101
995
437
1561
1866
1031
906
1433
840
1076
1871
902
1267
1538
504
653
433
2233
573
1512
1879
838
1318
287
656
1905
507
358
2279
379
592
1546
679
1050
1098
1429
2043
1188
553
165
1482
73
287
1991
1720
1666
1281
887
1383
762
165
902
798
1389
762
1279
1032
500
1427
1494
541
1763
2091
2197
1803
1658
412
2120
241
1235
338
1355
2187
1787
174
1895
626
1103
1792
2068
1345
1294
1220
992
684
1297
2228
509
662
1088
1695
79
1645
2183
2136
1913
995
1654
149
1185
2085
913
1610
1525
208
1275
885
835
191
681
110
1378
168
266
1248
658
896
770
1084
982
275
2056
2133
1095
383
1791
841
920
434
1953
435
764
1558
2622
1270
1537
3339
1406
1511
1335
3169
1558
747
1443
310
1585
745
2675
2363
713
1992
1216
1941
2036
3563
1573
1964
1203
1975
1061
167
2332
1693
239
2961
921
636
1415
1786
1499
1667
1175
1721
2157
1638
1782
1882
2952
758
1575
2989
2430
2281
2115
1927
1967
2262
1592
1210
3160
3004
1953
2495
1671
3119
1201
2098
2166
3504
1892
2545
1334
2453
2602
1906
3251
2501
2212
2173
3412
2374
305
2295
2867
3265
1450
2064
2874
1482
549
2760
2132
2784
2110
1964
1920
1953
1736
2734
1347
1416
1027
1005
1959
1668
3249
1054
3048
1332
1367
2459
849
1513
2930
1337
2046
1887
2436
2867
2640
800
2241
1656
1729
2811
1882
1518
2025
850
1686
3228
2084
2068
1845
1242
1974
670
2303
1053
2233
2349
2091
2806
1354
1484
2794
1095
1786
3637
1018
1308
2076
1057
2036
2004
2025
2396
1252
619
1508
2976
154
1104
2055
1864
2404
1569
1333
2073
2029
1400
965
2222
2275
2090
1707
2252
1715
1732
1798
1882
2004
3120
3340
2044
2970
1772
2496
1709
2162
576
2766
2837
3159
1424
3007
1114
1229
2111
2105
1364
1646
1511
1895
1586
1763
3257
1527
1991
2243
1793
520
2367
3692
3620
3102
1818
2768
316
2079
2610
2350
2986
1939
757
1446
1576
2339
227
1790
1033
1640
1385
1195
2307
1783
1955
777
2001
1837
1692
2422
3612
1904
1733
2506
2244
2411
1942
2989
827

22
250
16
15
11
12
13
6
5
15
10
17
17
12
16
6
12
5
12
11
11
17
13
11
7
11
15
7
17
7
17
11
9
17
11
20
19
7
10
8
7
9
16
7
10
18
14
10
11
13
9
16
16
15
8
6
14
11
18
5
19
8
14
19
9
18
16
8
9
7
6
13
7
12
13
7
6
20
14
11
10
19
20
12
6
10
18
18
16
12
15
6
9
18
15
5
13
19
9
19
16
16
8
9
17
8
13
17
10
5
11
11
8
14
16
6
6
7
18
6
6
17
6
16
7
16
7
12
8
7
18
15
9
9
18
18
6
16
18
19
7
7
16
16
7
11
10
18
20
12
12
10
5
20
11
6
9
14
6
8
10
6
5
13
12
7
10
20
6
5
7
18
7
14
5
19
10
17
15
20
17
15
16
12
10
8
12
20
8
8
13
14
12
20
11
13
16
15
15
14
6
12
8
7
16
15
16
6
10
14
9
9
7
7
17
14
18
6
12
8
6
9
10
8
19
13
7
12
18
11
18
6
14
20
15
15
17
15
9
9
15
11
5
11
8
9
13
8
14
17
19
9
0
1610
1476
702
1884
1174
2144
1990
1982
1343
1359
1857
1871
197
320
281
998
134
1952
1893
218
331
135
335
1900
66
1438
1958
1909
1740
615
2024
731
1348
525
390
1557
93
2215
1231
181
228
1998
797
1811
875
2018
1979
102
1757
1580
1334
643
1448
442
816
1750
308
1504
1093
1347
1439
1494
1748
1109
1883
1936
1161
385
1060
2088
1177
423
701
1649
359
189
844
1833
1163
2076
2062
1220
1342
2053
523
1883
1648
501
1750
2025
166
1553
1570
1832
818
1295
477
1025
1930
2188
2153
1362
1346
226
1792
1532
1927
141
231
2186
101
672
171
1829
1846
733
295
1290
1684
2156
1917
2013
457
1492
1315
160
1962
400
352
2149
1399
197
1797
828
2169
1105
1764
694
2190
947
1759
2205
1976
364
1162
2191
325
325
1611
1172
686
1253
2048
551
792
759
206
687
2085
1536
1713
763
307
1739
1017
227
501
1840
350
498
2112
274
1769
2208
1906
653
368
1162
774
617
1179
742
1573
815
371
1277
2031
1824
368
2085
1251
590
1752
1365
1421
1307
1182
490
836
721
998
130
203
908
1440
1460
411
546
1328
2153
249
2029
549
406
1447
1128
1069
1172
336
1057
2034
1971
433
1933
1378
1793
572
759
1772
1497
1853
33
1899
1093
1495
1776
59
421
1161
804
75
1916
84
1124
1617
1762
560
1990
827
1197
2046
2946
1581
2830
2189
2463
2489
3458
1432
1601
2118
3271
800
1378
601
1323
1367
2094
3076
725
1682
1273
910
3088
1005
2671
3394
2505
1804
932
2070
872
1971
950
1293
1818
474
3449
2177
571
1681
2619
1918
1828
1358
3462
2058
1541
2669
2161
2690
1167
2603
963
1080
2313
727
2828
1263
2500
2846
2898
2160
1368
2672
2820
1973
453
1927
3566
2529
1542
2010
2828
1484
858
1163
2072
1943
2831
3527
1268
2141
2117
2022
3079
2574
876
2219
3516
923
1888
1965
2323
1721
2490
1323
1673
2134
2658
3204
2537
1595
1151
2594
1887
2775
607
397
2834
748
1598
1378
2863
3318
1822
1533
2150
2538
2297
3341
3158
1345
2369
2480
768
2192
1600
840
3014
1776
1060
1953
903
2348
1202
2684
2167
3334
1267
2449
3271
2380
573
2477
2635
1408
730
3022
2568
1498
2193
2497
644
809
1113
1118
2182
3198
3028
2532
932
1720
3150
1978
885
627
2286
1386
1325
2179
682
1930
3263
2159
2047
1650
1219
1321
725
1795
2086
2613
1683
1000
1335
2840
1938
847
3132
2502
1016
3042
1934
2044
1443
2070
1036
960
1605
1372
1239
591
1175
1881
2799
1765
1845
1815
2772
1264
2099
1619
822
2752
2210
1392
1370
528
1840
3311
3302
1216
2753
2587
1811
2076
1055
2739
1539
2988
373
2941
2016
2140
1928
1113
1253
2550
2118
1261
2228
996
2093
2716
2734
1395
3283
1661

23
250
6
18
13
14
16
14
16
17
19
8
20
18
11
11
13
10
13
16
17
11
16
10
19
15
12
9
18
17
11
18
17
8
17
20
15
9
7
12
17
9
9
16
15
17
9
5
17
9
7
12
12
17
9
18
19
8
13
17
8
13
15
14
12
16
16
19
17
7
18
9
16
11
14
11
7
10
6
8
12
17
11
8
20
18
16
20
5
15
5
16
16
6
11
9
16
17
9
9
15
15
11
15
14
11
15
7
14
17
9
9
19
16
11
13
14
18
14
16
7
7
17
13
6
5
9
18
12
18
10
15
9
19
5
6
11
10
12
7
19
18
19
6
15
7
16
8
9
12
19
17
10
15
6
20
8
7
17
9
15
9
6
6
8
10
17
14
10
7
9
15
13
14
19
10
6
17
7
9
8
17
17
14
18
7
10
18
18
18
10
18
11
10
18
12
14
14
14
18
11
16
17
8
9
15
18
8
16
12
15
16
12
9
18
8
16
12
9
10
8
19
17
15
13
8
11
6
9
5
5
10
17
18
18
9
14
19
10
14
7
16
14
19
12
19
16
9
7
10
19
11
0
2349
971
394
1115
631
2283
1412
521
647
309
1215
2382
1735
763
1468
1652
1195
1694
989
201
2056
477
1458
767
343
2328
1374
215
796
1023
1402
1375
848
2086
2304
1551
1409
1527
1829
958
1047
4
530
1175
932
1480
1277
882
1129
1861
469
2154
1200
673
1282
1003
106
468
1355
1813
1170
629
2082
580
287
646
1479
597
1545
341
1012
683
48
115
343
426
92
701
798
902
1302
678
1099
2162
1666
842
1359
2355
477
1701
1304
2160
2133
764
1499
203
1382
2304
759
2334
1389
674
906
1650
1982
241
64
112
2283
1820
50
2261
667
1884
1856
1495
243
1621
377
2169
428
112
366
2022
1989
2308
8
2180
1325
1689
57
424
1364
1853
1736
1389
461
953
973
1784
1050
806
2123
1085
1853
598
1191
599
992
1026
95
561
205
362
1962
1337
1520
1121
1038
1624
979
1604
1160
2098
1971
580
2000
207
2367
1398
1429
1371
2010
603
1186
1071
1561
110
1830
1495
852
1642
549
424
1330
884
1787
1621
1583
34
1493
1221
87
1029
535
1765
1386
528
872
1182
1460
1700
1665
1174
1257
1531
1679
1494
171
2286
1175
580
1633
1035
50
225
1800
1090
2211
1163
707
1651
1354
1632
2061
2317
1319
209
257
349
599
570
2374
557
1388
270
2160
1284
1521
2002
1734
368
902
623
424
1341
2383
1208
886
915
2552
2468
1940
1902
1494
3294
2758
1604
1538
1787
2371
2971
2882
2243
2423
1691
2664
2852
1641
1638
3200
642
2792
1159
1792
3125
2448
1607
821
1166
2433
1836
2274
3069
2473
2030
1543
3022
2539
1481
1226
1374
1707
1374
1328
1952
1938
1418
1341
2224
1274
3042
2211
1589
1496
1341
643
1104
2940
1908
1495
1683
2610
1483
1173
1900
1811
2105
1612
884
2139
910
1419
427
1173
1350
1113
1108
2355
2277
2030
1042
2192
2620
2238
1751
2842
3082
1600
1875
1344
3334
3717
1112
2638
1458
1739
2869
2021
2509
2246
1870
1168
2796
2356
1682
831
1384
3792
3230
567
3333
2098
3402
2623
2682
480
2559
391
3451
1760
734
1473
2688
2130
3743
994
3367
2618
3116
673
1110
2881
2200
3178
1488
1194
1867
1024
2978
1859
1418
2203
1503
2211
1075
1909
1404
1871
1432
1284
1267
749
1469
3453
2191
2258
2730
1661
2616
2522
2611
2066
2795
3536
2118
2844
1166
3212
2142
2446
1844
3538
825
1648
1897
1591
1437
2137
1555
1452
2224
2129
454
2287
1058
2944
2259
2217
1620
2976
1270
356
1747
2063
2627
2304
1090
1181
1437
1790
2516
2924
1544
1560
2649
2749
2702
1171
3491
1682
1755
2796
2402
317
1104
3041
1680
2304
1587
1380
2406
2374
3160
3084
3718
1598
337
1809
1810
1493
2110
2478
1017
2994
647
2808
2449
2138
3072
2000
1854
1697
2029
2013
2672
2715
1969
2216

24
250
18
20
9
10
8
12
17
11
7
19
10
15
10
17
15
11
5
17
19
6
6
7
11
13
18
11
15
17
13
14
14
12
16
13
11
10
7
18
12
9
5
18
11
13
11
16
9
12
14
18
16
18
17
8
11
12
17
16
8
8
12
9
9
9
14
18
16
16
10
19
5
17
6
16
10
15
8
14
9
20
14
16
8
20
19
9
15
11
12
9
12
9
7
18
20
11
19
6
5
9
5
7
8
11
12
9
7
10
17
7
12
16
7
5
12
14
19
16
12
14
12
17
12
15
8
11
19
6
15
10
6
17
14
13
6
7
20
11
15
9
14
15
8
8
7
12
18
10
8
11
15
6
18
6
19
5
15
12
13
6
13
17
14
14
14
16
20
20
7
17
15
10
19
8
6
13
7
16
13
6
10
15
9
15
12
20
14
13
13
7
15
5
18
17
6
9
17
19
18
15
6
10
18
16
13
19
8
18
9
14
12
19
8
11
18
20
17
11
7
12
20
7
14
10
15
12
6
12
20
16
18
15
12
20
17
6
7
19
5
20
10
18
13
12
15
5
11
11
19
8
0
35
1257
876
1542
2308
677
1432
312
2217
824
419
863
1811
458
2143
1451
2249
74
1469
1354
1053
1003
2101
530
1681
557
2001
1224
737
59
1407
720
1792
1387
523
907
2264
1835
2281
298
2353
611
1389
1262
1326
845
979
421
1853
1592
378
2080
1845
1395
21
1418
1562
827
17
870
728
2016
690
1730
1632
1987
457
1382
32
1404
1716
1861
1040
1971
1256
1201
1747
2294
1790
1554
1345
818
2266
852
1688
1490
1192
1965
150
137
1286
1420
1361
1402
179
1078
164
1822
262
100
97
661
1207
1184
893
3
1167
185
433
1534
835
166
1223
1561
1006
142
831
1131
1965
1925
1129
2166
69
1828
1654
1760
1618
1189
132
320
2242
156
830
369
1410
1592
1948
2256
279
1330
412
1851
632
1074
1763
1223
267
1314
481
2000
236
1127
890
1833
423
2298
1579
1403
1230
2203
1701
2283
2004
1184
1558
776
2176
1773
1667
441
476
1932
958
1301
531
2101
665
227
1731
2272
444
551
163
1829
318
1787
2057
1931
2067
486
1495
1980
103
1396
232
1715
212
1611
187
485
2001
1076
1653
538
2301
2136
1433
1141
121
2013
376
2173
1486
2149
380
1649
76
626
338
1081
292
1005
1729
806
2134
1431
340
1530
390
2091
740
1277
2325
1912
1715
1663
917
1383
1067
875
2099
1258
976
1425
616
2217
1066
636
607
1568
338
2166
1856
2938
2610
1627
1594
1725
3164
1942
1726
1484
2663
939
3348
2365
3129
1190
2346
1535
1772
2149
2968
796
2760
1696
2359
1488
1811
918
2839
2134
2323
1988
2059
2466
2297
3075
2779
1276
2682
1984
2031
1929
1804
913
2118
1012
2798
1897
1637
3324
3360
2565
1068
1484
2042
1605
90
1179
1080
2950
2228
2096
1798
2960
797
2853
1443
1598
1972
2221
2443
2979
2286
2757
3046
2874
2300
1673
2036
1881
3571
1933
3233
2525
2445
3137
1345
1244
2369
2103
1580
2263
772
1914
377
2689
1445
1176
338
2017
1419
1884
2029
76
2295
1591
1974
2968
2270
1507
2494
1890
2226
1197
1114
2274
2608
2167
2260
3171
870
1941
1830
2603
3053
2130
546
326
2929
1735
2082
803
2441
2028
3420
3294
534
2423
897
2367
1829
1343
2735
1785
551
1912
1836
2398
1587
1776
2411
2051
824
2411
2388
2567
1721
3041
2411
2769
2778
1838
2282
1855
2267
3342
3108
1332
1971
3127
2492
1795
615
3290
2085
565
3276
2672
472
1418
856
3309
1099
2649
2239
2198
2621
1079
1803
3101
1395
1901
1124
2095
922
2264
1041
798
2305
1703
2374
874
3633
3074
2781
2126
1486
2682
1230
2943
1906
3712
880
2380
697
1833
1358
2503
767
2072
1887
2038
3169
2148
1473
2437
1527
3419
1151
2420
3085
2399
2421
3201
1549
2835
1315
994
3485
1500
1906
1555
2032
3712
1964
2153
2111

25
250
8
18
13
15
19
12
15
11
15
11
9
18
11
9
15
14
20
7
16
17
6
17
15
12
6
9
17
18
18
8
16
14
18
6
9
12
11
14
15
15
10
12
6
9
12
12
13
14
15
6
5
18
19
16
9
9
12
9
7
16
7
7
9
19
8
7
18
10
12
17
7
7
13
8
10
15
13
16
19
15
6
9
6
5
8
12
6
7
6
11
13
18
10
7
12
16
8
9
5
13
11
8
20
18
16
9
9
17
6
17
19
6
12
7
18
12
19
16
11
6
7
7
5
5
18
18
11
17
12
5
7
6
16
18
8
16
6
17
19
18
16
11
15
9
17
12
9
18
19
5
6
8
12
8
13
18
10
6
13
9
5
12
12
13
18
17
8
7
6
8
7
16
19
5
16
19
8
13
19
17
7
16
19
17
13
18
16
14
10
8
12
10
13
19
20
7
7
18
13
9
17
11
11
5
9
8
19
19
16
18
8
9
14
8
11
11
7
15
6
7
12
16
8
10
6
10
12
17
7
16
6
18
5
16
5
18
12
9
12
6
16
13
9
6
8
15
18
13
15
14
0
1649
2129
750
2063
2165
1901
899
1921
1059
402
870
594
316
1007
1884
1964
483
319
274
1277
1279
1249
236
2238
19
1140
275
636
593
2219
349
282
1860
612
1387
123
656
1193
1485
321
787
1021
911
2120
234
2129
2244
2105
1914
905
2041
605
2229
1347
817
145
501
1676
768
195
1506
1590
19
90
262
2138
50
636
2209
506
1360
542
483
1175
1771
670
1657
778
1650
1001
1407
1828
1241
1068
1482
1418
1119
2229
902
1051
2199
71
1068
1713
580
1266
409
1100
630
1476
271
2077
1124
1345
2175
2090
334
1653
158
1806
1844
736
24
466
1803
437
1791
499
91
968
1880
107
364
2195
790
873
1000
729
870
111
346
309
162
1747
324
160
654
1971
300
1276
933
1424
1266
2055
582
170
981
767
2049
228
124
989
1352
1155
123
1547
563
2199
1439
807
1966
1011
985
1332
1091
207
1946
2069
1459
498
943
32
820
692
1796
2124
911
1269
594
1654
1781
349
308
1089
1240
1243
1908
1885
914
183
1004
245
1283
372
2154
1790
648
746
1183
1833
646
1074
1607
450
1783
1019
2016
1267
595
1073
287
237
1143
952
926
980
725
1139
1726
13
751
905
2244
949
407
737
1282
962
1556
260
1163
1866
523
1834
1707
353
1925
1919
1700
724
978
615
2019
187
922
234
1208
1285
744
567
1768
3152
2008
3286
3616
2743
1199
3020
1314
521
1169
933
1467
1689
2335
2077
974
1567
1775
1954
2506
1528
688
2345
747
1468
488
1479
1653
3097
1526
1509
1916
973
2852
588
1463
1447
2812
1526
1780
1365
1741
2992
1317
2963
2341
3167
2232
970
3429
1122
2266
2092
827
1105
1719
3069
1656
612
2452
2404
993
277
1744
3633
231
759
2875
980
1785
1526
1984
1610
3026
1086
2214
1443
3003
2304
1789
2675
2185
2215
2795
1478
1869
2828
2181
1944
3655
1488
1916
3155
1609
1689
820
1298
1994
2157
1675
2818
1493
1409
2439
2926
891
2481
501
3015
3282
1284
494
547
2426
663
2399
1989
849
1636
2778
789
1477
2767
1241
1975
1668
2095
1273
1279
733
1687
1399
2574
872
708
952
2352
1462
2509
1442
2553
1541
3010
1019
246
2228
834
2279
1622
915
1765
1481
2192
1157
2372
755
2464
1801
1228
2559
2430
1559
1503
1710
1405
2003
3133
1609
1210
2360
977
1253
1893
2222
3298
1075
1345
1669
1904
2129
1630
1585
2598
1804
1787
3142
2789
2286
1677
1290
761
1417
1206
3278
3035
1487
2129
1859
3033
2104
1477
1691
1475
2071
2317
3135
2149
1690
1678
581
860
1491
1157
1720
2424
1544
1798
2433
1253
804
1381
2504
1959
1627
1374
1497
1023
2526
275
2001
3359
1898
2656
2592
1658
2951
2316
2966
1408
1180
1233
3041
1390
1410
1135
1844
1453
1837

26
250
17
9
15
11
15
18
13
6
9
14
18
14
14
6
10
6
7
9
8
19
16
15
12
10
9
18
13
8
11
7
17
6
9
5
16
11
20
15
17
12
17
11
13
18
13
13
13
14
18
6
18
15
11
5
10
11
5
15
19
20
9
7
6
16
13
19
16
6
14
18
6
12
13
9
12
11
8
9
20
15
9
11
8
6
18
13
13
12
16
12
13
13
7
13
13
5
8
12
16
18
9
12
14
16
18
20
10
15
9
10
14
14
19
17
16
20
20
14
20
13
9
14
20
6
11
11
15
7
15
10
14
18
7
9
7
18
9
16
16
18
18
13
6
14
10
7
5
15
8
11
12
17
12
6
6
12
19
11
10
9
13
14
16
14
17
17
10
13
18
6
15
11
14
14
17
19
18
12
19
19
8
19
10
13
5
17
17
19
5
6
8
18
20
11
11
8
7
12
9
12
19
14
8
12
11
19
14
5
16
11
12
7
8
19
13
17
13
10
9
11
9
17
14
7
9
12
9
8
14
11
18
10
13
11
11
15
13
16
9
7
8
12
16
8
16
19
17
18
15
8
0
1898
741
1573
1402
1095
1341
1405
1308
2067
2024
2240
1015
1481
2118
1535
1759
1809
436
1858
20
2270
1518
697
1845
2138
1276
1980
403
1164
179
1587
858
1904
1292
1786
951
1040
1203
2173
1954
456
1932
816
834
1554
2310
349
552
1779
1642
829
1130
1661
86
61
1334
1236
264
2048
1917
1242
1604
39
157
2088
1369
882
2030
1853
955
516
1644
463
729
925
1460
1866
889
1978
1685
115
1029
1831
1700
168
1737
685
898
335
934
1459
1661
1326
50
2164
1879
1865
957
1857
961
1005
1694
800
2017
123
187
200
1149
1158
2218
1005
770
1133
389
82
155
752
531
2109
149
1189
968
686
1173
2111
1094
1253
788
1020
1293
1587
626
2233
2236
98
657
196
972
1947
2
2081
1294
1226
1160
84
407
1193
1476
849
36
1294
1720
1205
1657
1156
1474
1125
951
2173
1746
2064
150
266
1034
1387
1468
2334
529
1812
285
1000
2319
1756
268
1499
2152
2024
661
2299
696
1800
1537
2053
1832
519
830
539
709
2160
630
133
846
800
1272
1406
1676
581
710
1778
543
1750
1300
223
91
1210
1364
462
1350
580
1984
1494
1766
1776
1671
906
2085
1990
2287
2181
1227
1120
1211
1914
1919
478
221
41
1526
1121
1358
1914
275
1877
1365
1084
1307
661
2161
1248
1737
1546
1742
189
1044
497
1872
1224
28
1774
1112
2539
850
1701
2410
2636
1370
2980
1908
3146
2978
3014
1136
2344
3675
2920
2727
2675
1538
3126
244
3652
3024
1803
2465
2656
2255
3047
1270
2132
827
2332
1192
3313
2060
2255
1195
1393
1434
2838
2864
914
3019
1050
1526
1951
2660
504
1494
3022
2309
1567
1555
2229
162
291
2499
2444
728
2596
2917
2670
2516
1124
1278
2158
1564
1452
2984
2099
1996
1001
2256
1966
2031
2442
2022
2040
1650
3084
3232
163
1720
2368
2310
247
1938
2122
1328
690
1339
1545
2850
2196
596
2515
3341
3238
1110
2133
1884
1424
2222
1849
2127
451
1294
408
2015
1527
3331
1185
2020
1939
833
330
1073
2141
1453
2244
1690
2649
1134
1182
2190
3050
2329
1393
1015
2351
1779
2004
1745
3756
2513
1124
1257
1702
2225
2699
1211
3074
1495
2652
2011
1467
755
1608
3021
1986
166
2712
2379
1984
1943
1631
1585
1136
1359
2849
1968
3357
850
1583
2028
2300
2272
3242
1551
2662
836
1766
3541
2089
682
2775
2639
2352
1224
3413
1893
2340
2452
3228
2854
2061
1865
1836
1974
3176
1295
1008
1255
883
2787
2587
1684
1063
2165
3223
1637
2868
1928
722
710
2468
2752
1558
2416
2077
2798
1747
1932
2413
2171
1190
2541
3252
2966
2730
2327
1594
1539
3355
2463
815
402
868
2410
1565
1831
2388
1671
2814
2575
2292
2035
844
2259
2237
2955
3097
2302
1732
1428
1269
3135
2641
752
3069

27
250
8
5
14
14
17
7
17
11
19
10
5
13
17
13
7
16
6
9
18
17
7
17
9
14
9
7
11
6
17
16
17
9
13
14
11
8
16
5
13
5
8
20
8
5
17
12
18
7
14
5
12
11
17
13
10
11
12
10
19
14
12
17
14
18
14
14
20
14
16
12
6
6
13
20
17
13
6
10
5
7
15
15
8
10
18
11
15
14
20
18
6
9
6
8
12
15
12
5
10
7
19
13
9
16
9
12
16
18
15
9
7
12
6
17
7
19
15
20
14
15
12
15
9
10
10
8
16
6
5
16
12
7
13
14
17
16
14
8
18
15
16
16
8
10
14
10
7
13
13
8
18
11
13
11
16
19
7
12
8
20
18
5
10
17
10
18
13
9
12
14
7
13
20
9
17
10
16
7
10
9
9
19
16
9
13
9
6
6
15
12
7
16
10
6
5
9
6
6
8
16
13
19
10
18
7
15
20
12
16
13
16
8
20
11
7
17
13
10
15
15
11
6
11
20
14
13
14
14
19
17
18
7
10
17
13
6
11
15
11
6
16
13
11
10
19
18
11
9
11
6
0
2054
1206
423
553
1005
1969
1653
1784
297
1475
1129
2289
323
1762
266
1591
1523
1025
214
1024
437
6
1293
2285
1197
1046
1567
1680
987
406
1797
1907
834
900
2239
183
239
1904
800
2077
1818
638
942
1519
502
773
2191
1554
1789
365
2243
266
76
1005
1881
404
493
1032
427
1512
1541
928
454
1005
1327
2089
309
1957
1980
1883
55
1330
1717
556
1666
2245
1842
2285
1578
1111
2117
707
2290
89
324
1
2125
275
1539
2256
1328
889
222
732
1931
1100
247
1442
613
2265
1592
337
108
345
452
423
1708
655
299
667
2143
1152
404
2053
926
1643
594
1624
171
1160
245
1513
702
1911
471
1530
1670
397
1262
2291
606
142
241
1217
1144
1429
847
1510
115
177
2216
386
221
1781
1498
1895
1658
1853
1514
2265
537
1533
1763
2259
214
161
72
1377
1487
898
1230
877
681
1863
313
235
556
1516
1213
291
1165
8
1400
2258
816
22
1149
2098
1764
295
349
1541
367
1373
2148
861
2172
747
316
1556
404
1524
1667
99
1874
305
825
909
2112
1336
2223
2192
615
1998
2042
1153
1553
1278
2054
2015
1456
1487
162
2290
884
2161
2108
345
361
2258
1420
1986
1526
410
1870
354
1282
164
2013
813
2202
830
40
964
1738
1479
386
2042
1849
998
106
790
1592
1135
652
1406
522
7
135
827
2505
2121
594
1387
1399
3170
2466
3016
1128
2754
1638
2803
1201
2733
325
2665
2583
1720
743
2134
866
492
1599
3581
2126
2511
1868
2562
2198
1553
2915
2939
1158
2191
3387
905
1552
3372
1739
3532
1912
1841
2270
1631
1624
1825
2795
2911
1870
1205
3498
1778
662
1803
2812
1654
959
1750
1554
2005
2975
2115
969
1908
1375
2999
685
3244
2257
3211
1375
2113
2760
1235
1981
3361
2172
2966
2385
2582
2310
1284
3155
178
657
59
3027
1201
3081
3194
1874
2000
724
1293
2392
1457
500
2725
1836
2641
2650
841
260
754
860
1144
2563
2020
1173
1482
3496
2408
1096
2859
1032
2757
1605
2384
890
1845
566
1766
797
2014
1106
2221
1815
1092
1765
3460
879
1171
1246
2451
1386
2856
2318
2594
1163
968
2425
687
1658
2224
2823
3030
2166
2166
2040
2575
1474
2323
2823
2300
793
173
711
2302
1845
941
1948
1921
1697
2678
500
867
1965
1684
1510
494
2509
1521
1415
2799
1141
116
1904
3512
3160
431
1462
1692
1006
2701
2950
1239
2697
1729
827
1676
740
2428
2992
212
1958
1273
2195
2339
2594
1821
3228
3570
2094
2123
2198
2016
1929
2436
3177
2217
2820
2107
1689
3500
1370
2886
2179
457
1235
2940
2867
3160
2488
1535
1955
1244
2372
469
2947
2064
2602
2320
547
1434
2176
1490
503
2117
2780
2379
501
1657
2939
1982
921
2261
1674
322
1476

28
250
18
7
10
17
8
6
19
18
20
12
17
14
7
16
11
12
17
16
10
11
15
19
19
5
14
5
10
5
10
8
18
19
7
16
13
10
15
6
13
10
8
17
13
7
15
17
18
15
20
16
7
9
6
17
7
9
17
20
6
6
14
9
6
11
14
13
18
13
19
11
19
19
11
15
18
6
16
11
12
15
15
8
16
17
9
19
18
13
16
19
10
16
16
11
13
16
7
9
11
12
13
16
8
9
18
11
12
7
13
15
9
15
16
15
20
15
9
5
7
15
11
16
7
6
13
9
15
15
16
7
15
15
16
16
12
10
18
7
17
18
15
15
9
6
9
6
6
13
13
17
7
14
15
12
20
20
13
11
18
9
12
19
13
16
9
7
17
9
7
10
10
14
13
13
9
11
13
5
16
16
8
5
16
18
16
6
15
8
20
12
12
18
16
20
10
17
15
17
6
15
10
7
8
10
8
12
5
17
18
13
19
12
6
12
17
6
19
18
13
7
16
8
16
20
5
6
19
6
6
12
6
9
9
5
19
19
10
14
9
10
18
9
6
13
15
20
7
6
15
14
0
550
65
654
599
1808
1267
2076
1487
736
399
745
2253
1381
399
312
488
664
214
669
442
1165
1479
580
700
89
1874
234
976
1002
271
1419
1871
1874
2251
1869
922
1344
1619
349
1213
287
1909
1944
505
533
1669
65
741
1408
433
54
1164
629
1026
1967
761
241
1484
361
1551
569
1707
1155
728
1705
1651
253
887
231
2028
1767
398
692
808
1703
263
1248
1222
777
1270
1290
981
520
1874
2233
1984
1559
1258
2144
797
648
1484
189
1535
639
1439
2133
2010
1657
26
457
1830
1845
1311
450
2184
1841
1373
2217
1209
1293
1417
521
1810
440
965
1964
483
2123
1550
1243
2286
1331
658
801
2239
75
1611
1491
1843
1695
303
1433
1023
1175
399
1377
1184
1010
1399
1915
2091
826
1772
271
1
2095
1613
301
388
2081
2248
1008
843
1835
1387
767
2252
42
107
1428
1509
2241
1400
2350
269
722
78
1530
1867
1766
334
948
274
1315
1824
310
1544
2240
3
2216
1514
223
500
1155
265
775
1344
585
671
1482
1752
2194
848
2002
713
2178
891
1815
1658
2280
704
1140
603
2062
2256
353
2311
1367
132
1533
1817
676
1981
420
1777
2356
1483
669
635
531
1968
996
843
281
1545
1232
427
2022
162
1440
632
1246
722
66
2347
708
1058
614
513
413
725
2180
1027
210
573
2199
1020
1527
147
1136
1269
1112
1841
1989
2854
2233
1541
1901
712
1032
2748
2506
951
1465
1889
1365
934
1710
1887
1470
2849
645
1179
669
2623
515
1950
1504
1282
2276
2550
3405
2500
2420
1873
2238
2115
618
2378
1725
2415
2191
1321
690
1817
650
2128
2078
1615
1357
2651
1215
2316
3071
1859
610
2086
810
1565
1260
2133
1417
1377
1888
2576
662
919
1514
2767
1907
1754
880
1734
3254
832
2751
1492
1805
2701
1824
1053
1471
2556
2886
2827
1706
2740
2788
1905
739
2644
1079
2781
1343
2278
2918
2351
2843
110
514
2081
3368
1676
592
2248
3041
2653
3228
2475
1599
2036
870
2618
1497
1807
2075
1992
2992
1970
1972
3860
1370
1312
991
2510
1164
1791
2239
2251
2460
335
2318
2029
1762
1126
1719
2398
1783
1605
2942
3255
840
2580
1422
573
3100
2714
741
1354
3379
3332
1974
2235
2883
2858
1849
3700
1026
449
1520
2979
3825
2178
3747
1322
1104
1574
2397
3259
1864
1647
1963
664
2157
2226
655
2912
2267
1020
2349
2348
335
2066
2309
1782
1267
2088
2159
789
2094
2881
3600
1654
3229
1275
3252
1733
3290
3072
3513
1546
1608
1769
2751
2464
1298
2885
2427
590
1867
2428
1840
2392
1729
2977
2931
2923
1065
1370
2027
2306
1787
1231
753
2006
1491
1588
3169
294
1772
1039
1686
2146
1520
3838
2282
2216
1295
1100
1563
2189
3050
1372
1187
1987
2349
1553
2584

29
250
11
15
15
14
11
19
9
9
14
12
6
20
15
9
17
6
8
13
17
12
19
15
14
15
7
9
15
9
6
8
18
13
8
14
6
7
11
19
19
11
16
17
6
14
8
14
20
16
14
16
5
6
6
11
7
13
10
12
15
10
19
20
9
10
6
6
20
19
8
11
8
6
8
10
16
18
6
9
8
16
12
18
12
10
8
6
18
18
17
8
9
17
9
14
8
11
16
19
20
12
14
11
20
6
10
20
10
7
8
14
12
20
6
10
11
17
15
13
12
19
7
12
19
13
7
14
8
12
6
20
19
12
17
13
15
7
14
15
12
6
8
12
15
7
16
11
10
9
12
5
10
16
15
6
10
17
10
5
13
19
18
19
19
17
14
17
16
12
12
9
18
11
19
20
13
12
18
7
6
14
8
9
16
17
19
16
12
17
8
9
8
5
5
12
13
10
8
13
7
20
12
11
15
5
6
17
11
19
17
16
13
18
18
10
14
10
12
7
14
8
13
6
5
12
12
5
9
10
13
13
19
9
7
16
10
19
14
19
13
7
19
6
8
9
7
16
18
10
18
19
0
416
1072
1596
1833
1467
1600
402
75
456
2253
2014
2178
1550
1119
121
1755
1289
1063
547
1842
2097
798
1958
7
1591
571
2270
723
2119
527
1542
1182
288
1078
1146
2191
936
1888
151
1923
1380
1861
293
995
1987
1351
1938
2137
508
2054
71
452
700
1151
2158
884
1958
658
373
924
482
750
1205
653
1168
315
889
1359
1170
1336
379
1504
2312
942
1659
2265
1684
182
262
1298
1385
1771
1592
866
651
362
1710
2005
2050
194
1926
1616
1959
1055
172
1239
1621
1342
683
344
2050
881
1170
1466
532
1279
1347
2301
686
380
1283
2119
495
1795
946
2242
418
1291
1895
110
635
1142
1622
744
1703
334
31
1075
868
124
1618
1094
629
665
362
1917
930
375
467
677
847
1597
1988
305
2020
1752
2157
44
279
1361
1746
996
1768
1187
26
1832
1314
1319
123
398
1098
2266
1376
1861
412
32
503
430
2092
737
1358
230
1196
369
1755
624
1520
1627
1207
2270
8
1835
370
968
883
697
1253
70
1888
1305
2180
1545
516
2136
1194
1839
2076
2165
1896
1317
935
593
636
100
256
1709
33
666
2165
1770
2264
1629
1186
861
1582
751
1022
402
1376
867
1692
1431
1053
1999
298
1426
1218
1165
1153
177
277
1717
1988
854
784
369
679
560
984
123
817
574
1455
1047
253
430
2315
853
1241
940
441
1952
2147
3201
2110
2503
1926
1546
807
2870
3331
2389
2044
1715
896
2080
1890
2453
2086
2088
3367
1338
3273
968
2117
1968
2343
1883
3387
1588
2386
1516
532
2216
1900
2431
1930
2748
1470
3403
2517
2398
1167
1666
2969
1448
3252
2879
1351
2181
1471
1362
763
2439
3115
1655
2726
835
901
1292
1853
1186
2150
1874
2596
1019
2044
2740
1193
1948
506
2786
3400
1924
1779
3785
2175
576
1327
1354
2126
3306
2410
1404
2170
543
1962
3024
2081
1076
3177
2319
3433
1232
450
1667
2801
2363
1436
686
2738
1918
1653
2912
1058
2715
2231
2979
1713
956
1446
3507
1084
2220
1146
3593
1304
2327
2280
142
1212
1409
1665
2141
2998
371
1527
2238
1820
1243
2986
2492
1965
1903
1065
3122
1460
893
533
842
2368
2684
2676
696
3551
3297
3310
440
1433
2759
3184
2071
2589
1483
615
2947
1876
2499
1635
1164
2618
2909
2735
2428
781
268
1593
466
3596
1272
1745
1720
2177
1060
2325
1267
2383
2613
1559
2668
783
2032
1218
2378
924
1232
1271
1147
2520
2818
2911
2912
1886
3541
1473
2915
2940
3672
2729
2081
963
1919
1756
1042
1778
2816
1253
2021
3533
1891
2538
2091
2486
1696
2681
855
2391
1539
2689
1313
3017
1804
1118
2792
1666
2647
1690
2157
2486
873
1358
1974
3208
1135
2035
914
1381
1379
2365
558
1239
1487
2974
1708
1513
847
2818
1987
2344

30
250
18
14
14
15
5
13
6
6
6
13
14
8
14
9
8
7
5
14
7
12
17
8
11
14
18
17
11
12
10
13
14
14
15
17
11
16
15
20
12
6
6
19
14
15
12
12
17
11
13
19
12
13
11
11
9
8
5
15
13
20
15
18
13
8
12
16
6
6
13
19
16
20
15
10
10
11
19
5
13
13
8
13
16
7
19
15
19
6
13
9
19
11
6
6
15
15
19
10
16
16
16
20
5
13
6
11
9
13
16
16
19
19
5
18
15
17
8
8
15
14
11
6
10
20
10
6
5
16
10
14
7
16
11
7
16
20
17
12
10
9
14
17
17
15
9
7
5
7
16
15
18
17
17
12
19
18
7
8
5
14
6
6
15
8
12
14
10
20
20
18
8
17
6
15
5
6
16
10
18
15
18
20
8
7
13
12
18
9
19
7
7
6
8
7
9
8
19
19
12
18
5
11
9
11
16
5
15
10
13
9
7
7
5
9
9
15
16
19
16
13
9
14
5
11
5
5
16
19
14
19
20
11
16
19
13
9
5
18
19
19
9
13
11
6
12
20
7
19
19
14
0
2124
2078
1096
2079
1178
1109
684
1575
1071
1176
265
1754
1941
2123
708
2324
1249
2006
395
1348
677
4
1928
1085
1719
618
996
2038
1692
278
44
1878
740
1595
1920
790
1241
1440
496
1945
871
395
373
1620
362
749
1058
1997
1558
953
1055
1508
511
324
1539
430
154
941
2111
2243
664
1869
952
1820
1407
626
1183
1584
524
1694
797
70
416
367
592
1026
533
11
485
1473
2022
731
2322
2202
1006
1197
1207
1449
2019
575
2128
1249
397
365
1934
1196
133
76
1417
2110
2000
528
1541
1330
466
1724
1945
2154
1147
2080
56
469
1745
2282
1956
1407
1821
1898
1359
1109
681
1354
791
402
2096
2052
1033
1799
1449
921
274
672
2014
165
1300
1272
981
507
570
853
1264
1040
1783
523
1361
1955
2162
86
648
608
1042
528
362
520
2292
1704
340
467
1902
249
2091
1881
2179
893
1937
1737
1923
1924
1120
2155
1713
615
306
1538
1633
330
702
839
262
2190
206
1410
244
315
2150
54
1275
819
1728
2042
2147
1980
325
1747
2016
57
1172
622
1543
142
1569
524
1077
930
389
135
1181
407
1129
92
355
668
1247
300
2238
568
1669
2007
1493
1059
1564
460
319
260
608
1714
1442
768
1820
428
1573
1598
2216
1200
1139
1941
1665
1622
621
763
872
946
1659
783
224
1506
1914
875
739
1024
3350
3245
1233
3617
1578
2339
1980
2062
2348
2270
1394
2661
3310
3550
2146
2672
2480
3424
1952
1615
1411
611
3289
1132
2296
1600
1640
2827
3107
502
307
2398
1358
1915
2344
1730
1960
2311
615
2024
2402
1653
1224
1712
1433
1915
2386
3256
1922
1354
1665
2409
529
1746
2349
1165
1065
2469
2533
3147
1967
3295
1485
3182
2651
771
2245
3010
1067
3052
2167
947
1246
1319
1535
2218
1964
1486
1510
2641
2946
1934
2978
3121
1300
1606
2038
2054
3181
1347
3071
1666
1368
1724
2879
1655
492
1584
2893
2657
3441
2019
2729
2066
1742
2283
2630
2727
2430
2215
1485
1370
2638
3285
3191
1979
2915
2748
2580
1751
914
2200
1639
1217
3219
3534
1588
2748
2753
1919
1550
1990
2941
1504
2762
2008
1107
1396
1695
971
1298
1805
3119
1843
2529
2479
2680
1088
1715
1680
2263
901
1905
1777
2804
2957
1840
1863
2915
1653
3115
2256
2525
2279
2242
2287
2308
2306
1845
2234
2188
1577
1172
1978
2209
549
1704
1802
363
3200
1209
1982
1345
1209
2722
393
1862
1022
2655
2376
2471
2406
1345
1960
2398
822
2624
675
1845
944
1601
1899
1332
1366
1754
729
1197
501
2137
857
550
904
2021
409
2872
843
2124
3566
1921
2621
1992
759
958
1573
1670
1742
1641
1044
2503
838
3034
1715
3339
1885
1855
3236
3002
2329
2135
1167
1000
1402
2973
1528
1158
1568
2474
2148
1777

