1
30
10
14
12
9
13
10
7
7
19
11
13
5
15
14
7
7
8
16
6
19
17
7
12
8
18
6
16
17
14
11
0
61
222
25
31
43
16
161
168
173
71
12
166
125
144
195
200
208
56
170
37
31
216
90
170
77
194
151
22
92
46
93
272
90
136
99
148
287
256
219
101
117
322
160
247
283
336
316
218
260
218
176
309
197
203
89
233
188
140
210

2
30
11
9
10
9
16
10
14
7
17
6
12
18
9
12
9
18
11
19
12
14
13
14
15
19
6
14
13
15
10
18
0
35
42
224
127
36
116
53
211
183
9
193
143
197
223
8
210
229
264
110
191
229
280
185
221
96
97
61
164
25
135
137
116
295
214
201
198
197
308
228
194
215
203
319
355
135
314
406
365
176
216
348
414
381
300
214
139
190
254
60

3
30
9
19
17
7
5
18
13
6
14
11
16
18
19
15
8
15
10
17
8
12
14
8
5
18
7
8
19
5
16
16
0
155
220
183
69
179
52
60
33
261
257
54
175
50
168
188
66
89
252
188
86
150
8
232
189
166
87
210
55
110
42
218
369
217
127
197
167
72
68
277
275
226
336
114
355
261
129
254
438
380
156
176
16
395
230
292
212
324
180
190

4
30
13
19
14
9
7
15
12
18
11
13
15
10
8
14
18
10
8
6
8
16
16
15
16
9
7
15
19
9
10
18
0
123
16
9
81
97
37
47
161
60
23
152
17
30
215
282
148
84
66
47
18
281
209
72
242
243
69
272
133
173
163
155
82
104
145
246
199
194
350
228
111
190
169
207
281
475
299
151
89
101
216
297
273
225
396
382
109
361
180
378

5
30
5
6
5
14
16
8
17
16
9
12
14
15
15
19
10
12
7
9
13
17
15
13
18
19
9
5
15
18
20
20
0
205
252
185
163
161
87
78
3
148
92
12
243
227
245
284
22
119
143
119
148
32
211
222
41
188
80
66
177
274
95
223
258
309
248
210
229
245
72
305
162
164
451
249
336
476
87
305
158
136
233
67
310
285
238
353
257
106
315
443

6
30
18
19
14
20
18
18
11
7
11
18
10
8
9
19
10
14
8
9
13
7
6
10
14
19
9
12
7
11
9
13
0
170
21
138
237
64
98
247
19
48
111
50
211
242
197
8
10
40
209
178
246
230
81
144
268
239
45
188
38
117
20
205
86
181
415
194
207
402
197
108
261
217
297
428
242
185
72
173
241
243
425
333
189
336
295
339
172
199
128
261

7
30
11
16
9
16
8
7
11
16
15
13
10
5
19
18
8
17
15
7
6
7
13
19
7
5
16
11
9
5
12
5
0
17
202
30
171
197
169
60
220
99
191
198
49
101
57
183
218
79
124
128
241
41
72
250
64
245
215
242
92
152
24
177
221
187
316
204
244
108
263
241
297
238
77
133
123
346
367
210
212
266
266
186
150
379
227
329
333
321
104
205

8
30
15
18
13
11
11
6
5
13
16
8
12
11
16
15
10
14
7
13
13
16
15
8
20
9
8
20
14
6
15
8
0
253
183
215
241
57
12
161
188
17
241
60
121
185
250
271
38
218
55
80
83
59
210
110
205
33
189
177
40
274
104
277
250
309
397
216
110
305
386
53
253
76
163
206
393
438
144
251
163
265
176
130
409
194
248
222
207
318
134
417

9
30
12
14
11
14
12
18
7
14
15
15
16
19
20
11
7
5
17
18
16
6
9
16
15
11
12
15
15
14
9
13
0
208
42
58
222
280
108
272
240
8
167
60
168
26
235
15
23
107
181
145
199
38
263
78
152
36
61
229
143
19
188
244
169
165
266
436
268
372
358
89
251
169
342
63
398
30
213
168
262
205
402
171
463
246
339
67
95
378
192
188

10
30
7
14
13
18
11
13
17
10
18
13
11
20
19
9
5
11
15
20
11
20
18
5
19
20
10
20
12
16
15
6
0
150
167
298
236
77
114
274
107
187
127
51
49
153
217
163
27
218
24
117
152
248
135
249
147
277
180
139
88
50
161
316
357
476
256
100
189
305
300
267
202
260
151
296
327
262
196
304
96
321
199
265
252
392
178
427
275
357
160
206

11
30
13
16
8
10
9
12
11
13
8
8
8
12
13
15
16
9
6
5
5
6
6
10
15
16
7
13
7
9
9
19
0
13
129
185
0
186
212
80
151
146
77
206
198
171
94
196
96
209
189
144
46
200
189
90
79
199
80
207
99
30
25
91
174
335
39
281
231
185
186
307
238
358
268
321
183
270
207
361
261
206
57
237
219
137
99
361
89
330
217
128

12
30
10
9
16
17
19
17
18
11
6
9
11
17
18
10
11
6
15
15
8
9
14
15
14
6
20
13
17
10
6
13
0
158
2
134
94
124
93
200
250
182
128
104
38
39
55
86
56
53
182
68
137
105
26
157
124
7
274
77
213
82
149
310
92
258
245
165
199
339
370
191
168
220
215
138
224
179
140
254
308
127
156
131
102
329
215
101
330
234
348
199

13
30
11
9
10
8
14
9
7
17
12
11
5
18
17
11
7
6
15
17
9
9
18
7
19
8
9
18
19
7
14
8
0
111
144
152
215
249
249
111
41
69
52
168
9
207
253
225
40
31
231
126
242
185
15
69
79
119
249
214
254
84
41
185
259
271
257
395
349
170
124
102
156
211
37
359
306
378
175
154
315
295
429
290
56
105
102
148
441
357
378
112

14
30
6
19
16
7
7
6
12
7
10
14
13
6
17
9
11
10
9
19
6
8
18
18
12
17
6
20
14
14
12
13
0
214
207
160
223
193
160
220
186
161
80
153
84
246
145
266
73
72
28
181
162
182
251
10
190
149
158
194
59
172
66
387
315
196
399
251
173
327
295
303
244
334
172
432
207
435
259
139
72
189
277
273
289
196
201
228
224
345
225
296

15
30
17
16
14
8
19
14
10
10
7
12
17
15
7
7
7
17
10
11
18
14
10
5
14
18
15
17
17
7
18
15
0
28
174
105
62
233
135
31
7
44
106
196
47
35
156
89
197
229
132
280
287
144
268
64
260
232
255
0
272
169
139
222
195
163
260
315
331
131
104
210
258
238
118
218
199
180
392
356
245
305
302
254
469
173
275
378
347
28
406
344

16
30
14
16
6
9
16
18
9
20
14
6
20
20
19
14
15
18
15
12
14
11
13
9
18
8
9
9
13
17
11
6
0
196
174
224
199
125
273
261
14
225
83
98
44
202
264
49
97
39
122
98
84
263
133
296
60
230
225
108
134
63
25
405
347
243
308
341
439
423
76
357
164
280
261
230
328
89
123
63
270
306
115
401
304
366
203
261
286
306
334
180

17
30
13
12
6
10
19
8
12
14
14
17
18
11
17
11
16
11
20
17
10
11
13
18
10
16
19
8
10
11
9
18
0
66
215
69
244
241
249
169
287
121
150
147
144
210
224
48
215
236
139
278
10
236
44
78
217
78
81
205
230
21
89
219
365
240
338
266
366
286
304
210
272
315
211
237
324
242
298
369
262
355
59
410
93
258
312
255
104
388
382
70

18
30
8
14
19
12
17
16
16
17
18
16
13
13
13
20
6
18
8
5
20
17
5
9
6
8
12
6
11
16
16
18
0
35
114
132
30
260
27
286
230
181
22
293
70
89
251
17
27
272
148
119
202
211
290
186
80
82
281
263
162
163
197
225
280
181
139
384
225
376
352
280
142
414
208
295
282
81
142
379
173
190
310
287
297
332
284
144
454
409
321
286

19
30
11
12
5
9
18
10
13
10
16
14
10
17
11
15
9
15
17
13
11
17
12
10
14
10
9
9
6
10
8
16
0
87
79
50
232
266
250
53
135
202
158
149
7
162
40
121
233
194
30
219
116
220
31
239
5
119
185
25
223
23
104
165
185
157
426
395
373
146
204
336
249
220
189
274
71
298
409
325
138
389
299
263
128
354
45
222
330
162
310
97

20
30
6
11
20
8
5
9
10
19
17
14
9
19
13
11
6
9
15
11
18
16
18
13
19
6
9
7
6
11
17
8
0
176
35
203
248
72
82
154
81
0
80
145
261
26
88
180
96
82
121
111
200
106
33
159
166
158
10
138
98
55
67
357
161
257
422
227
103
233
101
67
195
251
350
82
244
276
131
196
209
154
260
204
74
175
198
198
22
229
254
103

21
30
16
13
19
15
17
7
12
10
17
13
13
20
6
9
8
11
19
13
9
13
18
18
19
20
9
19
17
16
16
18
0
121
151
79
109
161
25
173
304
240
202
203
221
241
14
225
211
288
236
134
226
164
181
27
218
88
98
151
180
308
21
290
223
129
229
254
102
236
323
417
306
226
234
371
218
327
354
402
448
339
456
216
398
137
275
207
258
184
387
428

22
30
16
8
12
20
16
16
15
9
13
6
19
10
7
18
7
7
17
6
10
11
9
20
8
12
13
10
17
11
18
14
0
111
177
225
272
17
163
110
17
163
106
162
210
249
56
139
29
192
146
108
257
192
170
214
65
122
36
41
81
84
83
155
245
361
433
110
251
232
136
230
171
347
383
324
195
275
101
370
323
216
311
214
192
357
99
193
225
60
206
281

23
30
9
9
17
12
19
13
10
15
12
12
6
12
17
14
11
6
9
16
14
15
14
15
12
12
11
6
6
18
15
12
0
191
147
228
244
55
125
171
55
35
36
238
180
58
159
109
169
47
161
119
42
52
267
270
107
260
14
133
56
175
48
264
217
409
398
160
161
209
206
157
214
377
315
101
333
146
263
85
200
284
239
83
391
293
277
436
196
299
124
326

24
30
6
20
5
7
9
8
19
12
14
7
19
13
7
20
13
15
13
7
16
9
13
14
18
18
13
10
11
16
18
17
0
65
118
113
95
258
133
107
35
251
235
122
248
134
77
120
142
161
115
154
107
6
115
74
87
25
33
271
19
124
179
252
176
175
182
356
331
184
60
375
375
268
302
254
259
264
156
260
183
319
172
136
152
228
176
226
82
300
48
246

25
30
12
17
9
15
20
10
13
10
6
17
19
8
10
19
11
11
18
18
8
8
18
18
19
6
15
8
11
13
7
13
0
189
208
197
70
260
91
68
152
71
160
7
157
110
182
81
188
162
88
160
39
165
207
134
173
222
249
90
208
251
177
296
356
335
178
449
173
114
330
271
292
195
265
161
356
277
270
206
119
346
58
302
349
166
214
346
340
105
338
353

26
30
12
12
6
6
7
13
12
12
15
17
15
13
13
15
7
18
17
13
6
6
7
11
6
18
10
8
18
12
6
15
0
180
128
159
56
115
107
202
176
258
128
173
169
43
215
219
88
9
136
131
55
165
188
244
169
142
256
31
87
108
152
309
211
330
204
136
184
286
261
281
165
202
249
168
389
392
173
84
244
222
160
323
268
277
240
160
307
101
247
258

27
30
11
12
17
18
19
6
18
16
13
14
13
16
17
11
12
18
9
15
8
10
18
12
12
16
18
14
16
13
9
18
0
127
9
167
261
70
170
156
57
57
124
142
213
272
308
78
52
21
148
87
101
233
166
125
142
227
264
164
140
18
157
337
93
268
378
108
294
247
97
111
201
203
401
348
447
283
160
245
235
224
234
268
383
162
355
278
441
356
337
167

28
30
7
8
12
5
11
17
14
20
15
5
11
19
20
13
14
12
11
16
8
9
15
13
6
6
18
18
6
20
9
12
0
129
204
89
150
258
29
164
141
250
268
147
164
157
113
120
197
70
184
96
262
154
264
57
66
246
236
85
37
230
83
244
225
95
282
416
209
333
264
432
379
285
258
286
298
167
217
185
256
145
424
303
403
134
255
264
292
252
99
405

29
30
14
13
17
17
10
19
12
11
15
6
14
9
18
6
17
13
12
10
7
18
6
17
7
7
16
19
16
14
7
12
0
168
77
103
238
64
260
254
137
182
114
250
62
54
257
169
101
17
14
34
86
172
149
174
94
52
56
39
225
189
58
253
196
163
306
122
443
389
218
275
297
400
261
232
279
369
292
163
118
94
104
263
157
244
194
185
236
198
380
337

30
30
6
18
17
14
12
19
5
10
9
16
10
16
9
16
13
17
17
13
7
10
13
15
15
9
15
18
7
17
12
19
0
260
215
36
84
247
113
201
231
155
172
227
7
194
142
169
269
187
20
27
43
223
192
57
46
33
106
246
178
200
194
311
257
176
285
440
224
317
319
265
190
276
53
371
290
353
375
350
164
46
210
248
377
247
209
118
222
414
319
341

