1
40
10
8
12
10
5
14
8
7
12
10
12
5
6
7
13
20
8
19
15
17
14
10
12
13
16
17
18
10
20
9
9
19
17
16
7
14
10
9
8
10
0
274
114
185
261
26
151
278
129
211
256
48
84
67
41
298
53
131
338
290
1
292
176
263
278
35
2
198
17
283
138
22
132
317
73
188
193
230
55
325
32
469
279
358
480
100
326
485
227
287
453
60
98
109
209
425
90
232
382
421
187
398
325
407
361
107
46
299
56
338
246
278
211
513
82
355
247
460
63
361

2
40
15
10
6
12
17
6
15
17
6
12
14
16
9
12
6
6
6
6
12
7
13
13
6
16
20
11
11
12
5
16
15
18
13
8
17
9
9
6
9
16
0
272
80
33
148
310
241
327
263
218
215
300
317
167
289
246
182
144
156
253
243
272
217
54
27
197
211
123
209
262
15
10
13
150
155
241
228
103
92
19
84
318
305
137
200
372
431
526
353
401
381
352
370
299
508
410
243
218
185
337
258
370
301
112
52
255
392
298
397
434
186
251
47
310
193
308
306
227
174
146

3
40
19
8
14
7
17
16
11
10
14
10
6
15
5
14
15
18
16
10
15
16
10
18
19
7
8
9
19
20
5
14
19
16
14
5
18
9
14
10
8
16
0
8
101
331
158
134
155
71
331
282
30
275
214
362
26
123
281
98
62
94
138
56
98
153
145
105
174
277
293
336
17
318
248
14
306
313
45
356
165
148
245
127
303
390
276
248
213
246
523
468
154
495
349
536
260
396
516
279
293
258
346
315
339
239
232
327
348
314
424
550
230
392
347
220
486
432
228
532
315
180

4
40
17
12
11
8
17
14
9
10
13
6
13
15
19
10
12
20
18
9
11
16
13
7
5
6
11
11
7
14
6
18
6
7
13
10
8
5
18
10
18
13
0
164
152
302
26
2
297
330
236
111
273
348
245
202
111
135
220
48
212
211
252
205
93
56
314
84
188
65
217
243
105
211
342
203
133
95
308
75
86
16
137
239
300
336
265
55
510
468
273
174
358
476
464
331
199
334
396
57
244
367
358
318
114
280
456
214
237
120
227
479
241
445
383
269
254
239
387
124
215
202

5
40
6
9
7
8
18
11
14
11
9
15
14
17
14
15
11
18
13
16
16
6
10
18
19
12
12
12
19
9
10
16
19
16
12
14
10
9
14
6
18
6
0
357
358
174
58
141
44
77
344
238
145
269
147
229
379
295
324
381
18
21
31
290
99
109
295
250
129
290
80
294
243
21
102
82
76
195
17
296
324
206
33
584
502
246
257
270
199
208
578
375
349
447
383
261
508
470
520
517
118
43
173
547
249
158
343
298
320
402
321
510
316
197
133
286
333
281
181
431
368
389

6
40
19
7
8
7
14
15
10
9
19
6
9
12
17
15
11
11
9
7
11
11
8
9
18
18
19
8
9
11
14
8
12
9
18
14
17
13
9
19
7
15
0
92
38
233
276
237
132
65
52
302
9
24
158
149
10
228
271
102
169
252
281
143
338
256
12
54
330
236
267
308
17
145
144
49
189
238
210
261
138
60
247
211
54
313
305
267
317
259
311
393
91
147
241
308
259
298
327
263
295
450
303
247
396
507
100
186
519
328
300
478
260
360
277
154
399
355
346
450
378
250

7
40
12
18
17
12
11
19
13
16
20
18
7
18
14
20
10
19
9
18
14
12
7
8
9
6
14
10
11
14
16
19
9
9
7
20
13
10
11
5
16
7
0
320
296
65
181
1
262
206
278
127
78
122
268
71
19
115
334
88
207
74
242
65
129
385
148
49
228
126
243
19
282
230
237
105
359
74
324
280
247
227
260
543
328
207
270
138
526
240
458
297
301
171
350
114
177
260
450
318
458
237
389
291
335
640
352
75
340
211
273
233
294
308
405
131
503
137
457
479
461
346

8
40
20
19
13
11
20
10
10
20
19
15
17
5
7
19
19
16
9
6
16
18
20
17
5
9
19
14
7
18
7
13
9
7
19
17
13
16
20
12
10
13
0
362
120
285
334
87
59
60
221
122
154
68
375
109
70
348
57
179
63
57
138
399
396
124
391
233
325
86
83
128
224
99
116
133
195
163
192
154
376
84
44
422
168
365
517
179
315
289
345
382
340
104
619
259
305
580
162
312
248
201
224
632
534
382
432
451
373
208
355
415
328
114
386
280
402
237
389
247
555
112

9
40
11
11
20
9
7
19
12
14
18
11
9
16
16
20
16
6
17
18
11
14
15
9
9
14
12
8
14
17
7
8
15
6
12
9
11
11
7
11
7
17
0
346
130
290
27
19
104
172
246
70
236
202
207
121
16
2
287
11
167
191
64
218
321
348
32
284
84
95
238
158
246
171
86
302
271
168
349
302
307
164
123
580
248
526
102
74
148
368
425
313
437
277
274
359
216
42
439
141
211
450
297
438
423
594
287
473
130
275
344
204
398
207
190
437
452
208
431
484
316
223

10
40
8
10
19
16
8
10
8
13
18
13
8
9
11
16
19
14
6
17
12
20
6
14
8
14
10
12
10
18
16
19
19
16
14
9
18
8
19
15
10
5
0
162
354
358
340
35
262
186
81
238
26
333
34
372
12
77
268
129
67
197
7
74
133
18
151
291
296
16
348
337
382
379
81
289
168
24
301
114
332
386
34
346
484
587
575
253
476
426
295
333
262
489
206
597
196
120
515
380
249
462
78
312
355
258
253
388
518
203
385
599
596
451
180
402
377
56
418
323
506
467

11
40
19
10
17
8
18
9
6
17
16
8
16
13
18
11
7
12
11
16
16
6
6
12
9
15
14
20
16
15
17
13
15
9
18
11
5
11
7
17
8
13
0
278
297
289
336
208
140
87
350
303
171
261
312
47
337
288
232
90
222
30
336
143
113
173
164
4
243
198
167
320
63
47
160
260
343
99
195
63
129
329
97
506
352
337
578
435
316
331
409
378
304
351
406
236
569
535
288
207
276
95
541
336
270
242
310
250
460
407
215
537
159
107
280
382
459
237
306
84
357
553

12
40
8
10
18
18
17
11
14
12
15
16
6
19
9
13
18
10
13
10
16
16
16
16
18
17
17
6
20
20
18
12
6
7
10
17
7
8
13
9
8
17
0
379
145
237
171
11
132
172
269
30
287
20
152
239
95
47
238
312
356
187
310
367
113
138
259
392
231
205
195
350
119
62
39
272
123
366
102
153
66
23
254
488
237
270
196
108
398
356
548
194
505
205
415
426
285
150
467
423
462
314
580
544
282
226
531
509
314
299
471
364
216
115
83
437
131
412
322
359
218
209

13
40
16
5
9
8
13
10
19
9
10
13
10
8
15
15
11
20
10
12
12
19
5
18
10
16
16
13
13
16
15
20
18
17
6
18
12
20
10
14
15
16
0
172
52
237
137
269
161
62
111
272
370
4
100
295
42
260
57
244
350
19
74
265
196
370
108
214
233
74
322
80
72
199
16
243
317
250
93
323
117
194
179
367
234
371
279
381
257
104
239
291
408
163
126
466
298
518
302
291
475
279
211
506
291
459
367
456
468
281
435
339
143
246
25
438
410
314
113
365
180
380

14
40
7
15
11
15
17
8
9
6
18
9
12
16
19
18
11
20
15
14
11
17
9
15
9
19
5
7
10
6
9
20
18
9
10
14
17
13
19
8
17
5
0
47
289
166
186
23
287
63
290
31
199
107
150
183
268
306
11
281
50
342
265
264
364
233
80
202
110
41
42
10
45
5
98
345
309
14
215
299
369
209
238
200
529
244
398
175
437
216
455
230
231
135
271
373
513
355
244
525
233
568
512
453
487
446
248
239
133
203
69
54
271
226
332
596
406
213
434
344
550
347

15
40
20
8
17
13
6
16
15
9
16
7
6
10
8
13
14
7
7
8
13
10
16
20
13
14
9
15
16
20
5
18
10
18
16
17
13
19
10
11
18
9
0
217
110
43
283
322
78
299
209
295
6
231
69
7
199
114
225
350
258
251
375
224
136
306
66
207
263
344
219
120
98
38
192
59
69
373
374
115
151
102
177
447
152
104
502
573
281
334
475
470
126
446
219
122
303
184
282
416
435
504
535
495
359
548
282
353
285
404
409
337
317
89
286
289
193
522
597
173
360
347

16
40
7
14
20
12
9
19
14
16
6
17
19
7
17
18
16
15
8
17
14
14
12
7
8
11
18
9
13
8
12
8
15
14
17
5
18
8
13
11
17
8
0
31
152
130
123
13
67
257
257
373
137
75
231
167
313
149
361
280
306
201
142
307
361
268
370
302
101
35
34
165
213
306
182
366
127
77
288
248
287
102
53
230
330
311
370
206
82
304
421
583
260
320
358
362
366
417
526
408
547
296
300
547
601
383
490
462
131
139
72
407
256
383
277
456
203
179
486
263
429
178

17
40
7
20
7
19
9
17
7
17
7
8
14
15
13
15
14
12
14
8
8
9
12
18
11
10
6
19
20
8
13
6
16
15
7
17
6
7
8
12
19
10
0
30
348
105
288
42
86
131
333
269
103
205
276
97
112
190
128
157
5
280
225
113
44
307
110
70
284
262
263
299
1
55
333
278
260
339
330
32
300
251
159
108
500
134
383
167
292
362
352
330
174
400
424
214
229
349
150
332
225
410
352
205
128
348
325
215
510
447
453
419
143
234
476
421
319
522
342
114
511
420

18
40
9
8
14
7
13
15
19
12
18
5
9
7
14
7
7
17
13
13
5
5
13
16
7
6
16
18
12
18
9
12
11
15
19
20
12
10
13
7
9
12
0
269
147
164
122
327
58
42
310
99
335
38
89
31
287
107
104
26
195
337
316
51
50
168
92
288
61
109
342
53
182
2
120
275
20
62
71
251
265
173
136
400
335
251
158
512
294
146
422
268
491
182
178
94
475
318
268
261
254
577
490
174
229
273
231
533
75
235
542
259
331
107
320
463
231
120
166
326
457
325

19
40
7
15
7
13
18
15
9
19
13
9
13
15
11
6
8
14
6
11
9
15
12
15
17
15
7
10
6
12
19
8
12
18
17
6
5
9
11
6
5
5
0
132
240
119
236
42
47
236
109
218
86
224
102
206
22
311
21
309
284
77
49
15
98
181
311
195
21
35
179
3
187
237
75
88
124
299
272
22
119
156
70
295
389
141
331
249
177
453
337
450
284
435
247
406
49
516
97
331
474
122
136
208
320
300
392
402
85
97
410
137
404
277
285
121
294
325
490
242
132
167

20
40
14
19
18
14
11
18
13
16
10
14
13
16
20
7
10
18
20
15
12
11
11
7
14
14
9
16
17
11
12
17
6
6
6
20
12
17
13
14
7
19
0
14
94
158
215
34
200
260
332
226
236
50
91
246
163
244
183
177
297
4
173
307
222
251
95
8
382
144
380
17
324
398
227
125
245
293
371
192
224
30
207
104
225
266
388
178
271
493
459
283
308
255
291
454
264
344
207
226
419
58
238
435
341
424
144
237
411
370
468
119
360
531
317
159
391
401
444
219
374
190

21
40
17
19
17
8
11
16
14
8
11
16
13
14
17
12
11
6
15
19
13
19
19
6
7
8
16
15
18
9
16
16
12
14
8
7
17
17
18
10
18
19
0
308
385
80
130
309
60
19
32
161
359
275
209
388
144
298
70
268
268
44
187
248
58
140
207
277
331
40
347
90
122
324
273
351
285
350
61
44
304
277
224
368
582
299
384
465
139
75
255
439
453
461
251
491
222
456
111
475
510
171
429
378
295
227
244
537
537
233
596
306
365
560
503
378
314
578
215
215
590
546

22
40
20
6
15
11
13
9
9
16
18
7
18
19
7
13
10
10
11
12
11
12
9
11
10
7
12
16
14
9
17
6
7
13
9
17
16
6
6
14
15
14
0
284
70
150
233
76
113
193
50
132
196
31
256
67
318
106
167
179
39
208
191
89
277
188
271
247
100
8
301
14
183
90
27
151
225
225
44
213
197
129
252
356
217
349
371
214
297
257
258
181
348
93
373
171
424
181
299
368
94
227
385
317
309
215
338
452
231
142
457
210
406
122
118
391
312
313
211
282
326
318

23
40
9
10
18
9
14
16
14
17
18
13
13
19
12
6
9
13
9
13
9
19
19
11
19
9
18
15
20
10
14
8
13
18
8
10
9
13
9
18
17
16
0
385
269
263
326
46
10
397
57
245
268
351
126
299
377
70
258
146
171
99
72
170
164
103
369
400
4
142
146
89
176
216
26
96
115
187
145
278
82
386
247
594
536
428
370
116
47
665
183
459
424
397
142
533
619
309
367
243
401
139
110
199
192
139
397
469
40
195
203
301
229
474
287
206
253
231
268
344
228
549

24
40
19
7
19
20
17
10
14
12
6
19
16
18
15
20
10
16
8
13
8
11
13
13
11
11
17
10
5
14
7
8
17
8
17
17
8
16
9
18
16
7
0
60
275
67
226
355
328
20
237
106
27
170
67
257
379
229
371
47
262
319
197
7
171
305
382
26
61
74
240
361
81
122
337
380
304
70
153
162
45
354
213
176
502
95
497
463
482
103
495
130
171
348
291
395
578
283
614
290
466
465
276
37
373
437
518
92
161
162
494
509
353
303
387
652
542
293
332
282
183
393

25
40
17
17
7
16
17
16
13
15
18
17
10
9
16
16
12
11
16
17
18
14
9
11
9
7
14
14
14
6
12
8
14
17
13
5
6
5
9
18
6
8
0
286
208
295
347
182
325
36
80
99
22
307
233
319
369
160
43
369
83
183
246
33
358
185
21
178
205
341
307
129
274
43
210
91
98
57
274
155
10
357
71
484
316
545
510
320
573
202
217
344
42
338
251
479
574
240
204
522
246
312
268
181
582
214
186
430
282
502
394
332
448
72
384
239
271
84
315
284
210
513

26
40
7
20
13
8
5
12
12
17
8
16
13
15
7
18
15
7
9
12
8
13
17
9
19
6
17
8
19
9
12
11
17
17
19
16
13
17
8
13
13
13
0
235
308
53
218
17
247
108
8
165
70
348
175
8
378
326
82
357
342
213
262
95
150
361
156
345
179
12
331
161
65
159
221
289
225
144
184
100
254
255
51
283
444
235
223
64
364
172
159
299
304
407
344
233
625
372
115
620
494
324
468
179
180
432
375
468
380
157
543
379
107
313
413
378
395
405
192
359
382
385

27
40
15
16
8
16
14
19
18
5
9
8
8
8
17
18
9
20
14
14
16
8
6
9
13
11
9
20
16
13
12
17
11
5
19
8
20
10
9
19
12
18
0
32
234
212
158
232
248
130
121
49
56
59
57
3
267
365
212
144
112
374
131
178
206
8
359
43
94
26
236
169
244
176
384
68
98
219
59
327
311
71
204
76
246
306
317
384
450
324
136
57
130
123
278
108
401
483
253
394
224
459
196
188
333
259
432
311
177
93
482
291
504
214
539
330
175
355
284
505
448
271

28
40
15
18
5
11
12
13
14
5
8
13
6
11
9
7
9
11
11
12
17
10
11
10
10
19
16
17
17
18
15
13
15
6
8
11
16
10
9
15
9
19
0
251
348
336
24
13
17
211
268
2
148
339
227
247
272
192
233
86
130
263
219
352
185
190
155
318
192
221
224
102
154
194
121
284
243
166
284
58
75
122
88
345
380
583
226
35
44
426
491
163
390
390
388
267
317
384
439
98
385
472
460
369
388
412
189
453
427
305
247
240
213
210
321
398
403
205
380
85
256
165

29
40
14
9
16
8
18
11
6
15
15
13
7
15
17
8
18
9
9
14
13
5
8
9
16
16
10
8
13
14
17
14
11
13
7
11
10
20
7
19
7
20
0
276
61
315
126
226
310
289
114
184
258
40
120
169
343
251
6
190
112
75
288
176
300
322
341
83
2
37
256
69
211
84
51
139
181
330
85
248
74
1
42
458
110
516
367
255
356
340
362
248
297
206
363
340
395
295
191
220
312
100
426
330
515
469
586
131
213
181
432
136
432
107
132
215
201
454
213
289
83
97

30
40
8
17
19
11
11
13
9
10
17
8
9
19
16
19
9
10
18
8
8
16
20
11
15
14
5
19
10
13
17
12
16
13
19
5
14
17
14
8
8
15
0
203
271
282
389
229
221
351
21
292
329
228
27
235
82
296
204
377
381
284
89
275
71
0
132
307
18
388
335
373
239
99
237
353
329
123
93
147
356
352
84
247
303
444
623
495
395
502
254
391
571
424
134
496
336
457
324
400
503
466
129
521
268
251
333
434
150
631
431
500
307
315
466
596
359
307
110
299
499
555

