1
60
10
17
12
11
12
19
9
7
6
9
11
6
13
16
5
17
8
6
10
16
12
13
13
19
15
13
5
18
10
6
9
6
12
11
6
8
20
17
16
10
12
5
13
19
11
6
16
13
13
9
7
15
5
14
11
13
7
17
9
17
0
274
397
75
15
480
150
217
363
198
349
281
479
337
444
303
178
394
209
210
124
405
427
417
367
243
142
295
65
487
72
428
386
19
294
305
346
284
235
478
503
475
474
322
158
316
419
421
359
424
149
205
446
311
496
367
441
91
333
176
79
458
514
256
198
744
214
503
550
505
524
297
798
406
496
478
278
484
389
424
208
444
607
686
602
405
361
426
395
783
373
585
669
48
567
356
626
537
380
683
714
550
698
418
255
643
466
460
375
501
229
300
467
433
818
697
533
279
479
248

2
60
15
12
8
7
9
15
15
14
7
11
8
7
8
15
17
5
17
10
15
5
7
19
19
8
9
14
14
5
17
17
13
16
17
9
8
9
12
8
17
17
7
13
17
11
8
8
13
19
6
18
19
10
15
14
8
18
18
9
17
15
0
384
66
507
339
478
428
271
97
346
135
282
415
106
30
219
335
394
223
68
334
375
37
62
399
7
134
198
395
365
512
499
496
507
15
58
210
174
474
459
397
176
82
545
190
350
150
290
397
216
431
226
322
5
541
303
131
552
350
156
102
572
262
664
501
765
763
398
348
560
361
356
538
339
84
570
578
658
499
357
388
474
260
414
600
171
450
490
626
697
644
720
862
883
95
75
367
500
775
620
446
507
232
795
529
683
182
596
621
420
522
568
627
243
825
650
183
604
411
350

3
60
19
8
15
11
11
17
12
14
13
11
15
18
11
12
17
12
19
5
16
14
10
7
18
18
8
11
7
7
20
9
15
13
7
7
16
16
8
11
5
7
6
18
8
19
9
11
19
7
12
9
15
5
20
13
6
15
9
16
11
7
0
526
525
320
457
163
34
268
54
488
118
511
405
456
132
464
225
264
398
502
71
519
145
48
275
346
271
242
341
363
188
410
79
414
65
112
342
174
457
320
364
109
290
283
439
40
430
494
432
419
196
152
122
280
42
75
33
246
477
16
55
678
616
489
793
244
269
348
134
682
400
707
530
745
359
604
522
500
512
656
162
874
200
355
390
620
338
482
494
600
316
429
318
448
365
255
674
200
544
490
722
386
450
464
649
159
625
615
536
754
513
194
326
619
298
290
182
523
634
111

4
60
17
11
11
19
19
18
19
8
9
8
15
8
14
10
20
12
13
13
9
13
6
16
5
15
7
12
16
18
15
7
6
10
9
5
14
13
19
10
18
12
17
13
11
20
18
10
18
11
7
9
18
13
6
15
17
11
7
13
17
12
0
330
116
481
102
288
420
153
555
290
451
147
260
543
19
48
282
389
38
558
464
459
159
106
527
277
301
313
312
204
37
208
75
307
344
466
395
458
522
441
310
535
519
115
97
458
321
11
475
80
347
354
35
384
230
510
435
270
508
3
394
420
135
770
174
399
666
346
812
345
803
263
618
751
403
118
470
445
97
773
591
661
332
304
651
496
510
589
447
387
332
355
262
607
510
527
776
666
910
741
558
585
542
485
488
753
616
401
840
204
654
683
260
447
484
778
628
615
710
53

5
60
7
5
15
8
12
17
8
17
10
10
6
19
18
20
16
15
20
9
13
5
5
12
12
6
13
14
16
16
10
16
9
15
7
18
17
13
10
15
13
16
9
18
15
16
14
16
13
13
10
18
9
18
17
9
11
8
9
15
18
12
0
165
570
471
376
181
523
370
389
28
249
284
562
93
197
95
165
331
567
457
132
532
293
132
426
204
53
331
99
200
75
392
214
388
552
64
250
98
74
241
293
293
469
85
216
321
143
292
60
317
523
35
325
397
173
234
28
193
18
101
339
350
606
610
409
403
818
455
462
178
542
609
661
239
278
371
466
474
648
502
186
908
472
475
499
599
266
432
393
326
373
548
604
660
808
292
527
386
123
283
666
644
521
480
385
692
359
408
353
605
877
414
612
789
236
550
253
377
255
367

6
60
7
13
14
10
8
8
7
13
17
17
11
18
17
19
15
16
6
12
13
7
20
6
10
12
13
16
8
12
8
19
6
8
19
6
14
10
6
16
7
7
11
9
15
15
13
6
8
10
16
20
14
13
5
7
13
17
18
18
14
11
0
279
336
377
517
149
469
205
346
18
55
159
297
417
131
355
365
56
60
211
284
64
80
354
391
106
536
385
259
101
41
384
212
374
528
212
229
384
275
154
272
253
230
188
351
380
377
370
1
74
79
150
386
278
298
189
13
477
460
161
207
461
587
682
547
491
736
286
628
93
222
278
411
669
199
475
657
198
209
497
624
171
287
719
672
322
720
756
550
222
156
686
476
412
816
491
290
507
598
268
471
619
550
203
471
656
741
467
332
212
388
379
593
308
661
484
35
600
495
371

7
60
10
13
8
19
5
17
9
20
11
17
16
6
19
19
16
16
20
18
19
12
10
14
10
12
9
19
10
6
12
8
7
14
8
15
15
14
8
18
20
16
15
10
18
6
16
8
18
11
16
20
9
11
6
12
20
11
11
8
19
13
0
320
58
240
305
389
406
100
415
341
479
157
413
381
368
93
516
26
160
475
395
583
588
293
409
367
523
388
16
117
108
79
533
146
178
163
70
155
216
198
280
463
373
257
260
159
269
428
229
415
111
508
426
144
423
301
592
586
551
4
254
356
452
584
320
448
599
508
439
553
690
226
520
452
677
314
555
202
341
876
636
980
720
363
613
392
870
553
127
409
211
278
593
311
455
186
83
243
504
422
492
822
682
623
448
345
664
575
368
812
122
777
670
423
610
540
824
929
580
245

8
60
13
18
18
9
8
14
8
6
6
6
11
15
11
20
15
7
16
6
12
13
15
18
15
16
16
8
16
17
7
10
16
16
20
7
7
10
6
7
12
15
14
17
14
6
10
11
16
14
19
18
19
11
8
7
16
11
12
10
17
10
0
70
7
270
427
38
306
539
305
345
287
169
324
54
96
286
523
250
412
212
264
532
157
207
132
359
388
214
179
201
331
363
173
23
330
297
546
142
470
302
219
273
139
175
53
155
147
480
273
360
368
471
56
509
117
108
499
238
366
459
107
168
354
540
744
84
580
599
636
439
375
373
420
405
442
339
784
621
726
507
507
712
488
347
204
390
454
326
233
435
368
405
312
385
592
592
802
189
513
494
328
608
296
521
128
430
169
583
297
455
409
753
64
517
140
474
725
557
406
767

9
60
12
18
5
6
19
15
5
6
11
14
12
14
8
7
15
8
7
12
9
6
8
7
17
15
7
8
19
16
14
17
13
12
7
15
14
16
15
13
11
8
11
17
13
11
7
7
16
8
17
12
8
19
13
5
9
20
9
12
10
13
0
373
339
306
189
166
490
39
398
332
12
481
147
437
206
78
442
306
125
47
136
319
215
336
514
295
214
216
191
196
511
35
110
378
162
437
470
412
217
290
449
498
337
92
356
304
499
71
340
304
472
252
503
435
481
96
223
113
462
274
341
512
534
646
380
422
779
186
746
417
174
593
363
501
258
191
542
446
338
170
321
431
487
465
662
471
279
441
298
431
606
228
218
657
394
761
489
765
351
629
755
858
694
283
523
335
610
415
460
554
506
496
518
523
667
309
258
256
778
517

10
60
12
9
11
18
10
20
10
16
10
8
9
15
8
10
16
13
18
16
7
10
11
17
18
20
15
8
7
14
18
6
15
8
17
16
12
11
13
8
11
12
17
9
7
9
8
8
20
15
6
13
19
8
16
16
6
9
17
7
17
12
0
27
10
312
532
41
108
421
442
287
160
192
23
493
231
290
545
116
217
393
151
142
71
538
438
376
211
233
307
441
272
338
392
191
161
238
494
522
458
327
534
308
18
96
246
440
41
174
349
126
233
290
391
332
218
387
483
78
168
191
303
345
330
346
653
375
431
695
771
647
246
415
208
578
587
543
825
387
230
578
349
357
317
820
595
414
421
536
615
599
623
682
420
222
200
489
826
557
616
515
847
530
96
251
415
617
144
251
686
378
357
348
577
662
255
472
781
319
214
210

11
60
11
8
11
18
11
12
11
7
12
19
12
13
15
8
19
20
12
16
5
17
6
15
8
14
18
9
16
14
9
6
16
11
6
13
15
13
19
19
8
10
18
17
9
9
12
6
16
10
15
16
7
8
11
13
10
9
15
11
8
7
0
279
83
334
518
377
8
262
527
420
225
188
203
43
168
491
428
87
240
213
340
436
440
136
442
31
108
338
460
112
39
489
411
508
270
539
6
419
269
209
490
75
313
413
183
496
367
114
437
471
190
451
130
8
260
393
329
86
130
99
373
484
344
398
881
434
256
444
900
529
345
439
456
127
215
791
656
308
394
523
603
682
742
257
701
68
409
626
565
463
159
673
661
575
640
870
29
690
306
580
677
328
377
560
284
581
559
476
686
785
370
491
341
237
536
520
546
192
194
223

12
60
7
15
18
8
19
6
6
19
16
9
7
15
8
5
8
11
10
11
9
8
7
19
8
9
5
18
19
16
16
11
11
8
8
14
10
12
6
18
14
18
16
13
6
5
20
18
19
11
8
7
16
15
18
17
11
9
13
15
7
14
0
89
401
447
467
60
49
53
231
183
310
246
20
86
56
62
386
0
218
186
433
493
344
131
403
437
424
117
436
535
107
501
174
527
133
6
371
91
232
176
391
212
487
19
313
447
423
152
432
206
99
407
419
10
177
498
89
45
384
111
182
160
660
774
679
229
156
81
515
311
319
320
99
412
413
114
543
103
334
402
643
692
493
472
525
753
651
446
780
892
131
638
392
658
275
173
443
121
525
311
737
302
574
260
684
715
613
479
522
429
273
744
649
344
450
511
182
164
683
152

13
60
9
18
16
6
8
12
14
19
12
10
8
17
18
6
13
16
12
17
15
19
13
15
5
6
16
8
11
14
5
5
12
12
17
11
8
7
7
9
15
14
19
6
13
15
5
18
10
9
11
11
8
8
13
19
18
15
7
9
8
14
0
21
118
31
414
144
175
320
389
85
523
531
303
174
79
168
335
333
103
133
11
368
422
241
114
167
275
501
257
110
47
230
261
213
457
35
417
468
271
199
258
330
301
497
515
377
357
317
416
352
129
374
338
342
246
109
363
368
102
34
335
274
419
343
771
510
359
353
430
448
536
771
464
447
315
510
608
500
415
492
237
710
758
347
374
451
302
800
562
210
200
317
429
396
716
352
527
655
397
413
347
440
336
859
841
592
522
472
693
399
147
568
700
706
554
332
605
703
228
92

14
60
10
11
8
10
10
19
9
10
5
11
9
9
13
16
5
13
17
17
19
19
17
15
17
19
8
7
7
8
19
7
9
14
7
10
11
13
18
13
6
15
7
18
17
16
13
14
11
6
10
6
14
19
13
9
17
11
6
14
15
18
0
440
496
537
54
422
525
226
386
97
103
495
480
63
519
100
349
152
172
505
362
99
357
454
544
335
203
477
330
305
132
12
109
248
434
380
86
548
548
125
550
169
510
376
191
398
253
130
397
11
423
209
61
175
388
210
395
265
419
28
299
546
772
673
401
803
816
543
668
141
471
723
677
156
585
295
415
242
550
697
636
404
382
763
800
424
256
795
611
521
307
205
389
294
650
565
392
716
581
503
713
446
598
720
330
686
476
347
690
79
755
245
196
387
567
332
458
555
652
201

15
60
14
8
16
12
17
11
20
18
14
15
8
18
9
19
16
7
15
15
7
10
10
15
9
17
11
8
15
8
18
7
14
20
7
13
9
13
16
19
5
16
6
13
19
11
17
7
11
6
16
15
5
9
11
7
6
7
17
11
15
5
0
386
73
170
546
511
431
477
141
501
413
276
473
106
427
219
300
92
160
486
513
360
193
428
68
89
245
36
166
146
543
316
160
11
400
456
369
422
507
383
230
163
273
12
368
404
0
480
313
43
349
319
439
422
79
119
418
127
450
366
379
678
252
528
869
799
608
839
457
667
751
367
837
230
478
577
424
337
443
502
817
628
515
697
190
220
428
191
253
453
896
395
419
105
516
663
596
574
558
483
581
421
500
57
388
721
346
657
518
353
531
601
728
696
100
196
712
386
684
624

16
60
14
15
18
14
12
13
19
11
14
17
7
6
7
11
15
11
17
12
16
12
16
9
13
9
7
12
15
18
7
7
16
16
9
5
5
17
7
17
15
18
7
15
6
14
9
11
18
10
16
8
15
16
6
19
8
5
15
14
16
8
0
17
60
36
236
419
360
197
245
18
473
382
293
355
516
85
437
404
328
393
286
187
290
224
417
153
476
317
431
222
303
216
315
418
545
285
550
367
506
74
465
153
483
82
185
339
110
456
177
357
518
377
430
223
335
473
432
387
85
434
234
204
116
221
272
519
461
223
597
327
720
404
374
579
861
114
614
705
556
414
557
482
440
290
512
450
504
495
769
382
639
524
613
479
789
321
767
407
628
264
825
207
580
162
370
469
138
585
302
376
793
418
504
443
669
628
560
582
454
790

17
60
19
7
7
12
19
18
6
15
16
12
15
13
7
16
14
6
11
13
11
17
15
11
17
15
18
6
13
14
15
16
6
14
14
8
7
15
19
10
18
9
6
11
20
18
18
18
8
14
13
19
8
9
13
20
12
6
13
20
9
19
0
170
514
333
587
103
414
574
573
576
88
578
108
432
227
404
21
385
18
580
26
50
506
366
177
149
125
11
375
521
435
157
153
246
223
114
97
553
144
552
36
269
195
521
88
451
379
258
282
257
441
276
119
127
177
522
296
221
325
125
193
275
673
587
832
351
783
680
797
916
177
689
283
496
606
656
159
773
47
934
259
210
823
656
262
454
504
126
516
842
696
303
488
586
474
310
380
800
288
752
406
526
422
616
295
855
453
577
401
621
502
524
343
515
573
625
502
384
362
159

18
60
7
14
10
8
13
14
17
20
9
14
13
9
14
18
19
6
13
10
12
11
19
18
6
11
14
18
11
8
6
12
15
13
8
9
13
8
16
10
19
11
20
18
16
13
7
17
14
9
18
16
9
8
16
7
16
18
17
7
10
9
0
196
136
248
89
401
304
204
146
553
289
386
509
214
62
75
323
403
336
364
40
296
1
220
152
233
282
350
525
89
14
28
274
559
400
329
133
419
192
74
409
160
253
217
456
486
158
124
208
381
57
327
541
341
186
351
172
84
403
479
93
413
215
290
344
479
553
247
233
675
671
493
739
243
171
88
488
705
566
593
201
661
381
496
286
263
329
729
732
307
119
131
526
848
577
389
505
609
408
272
629
274
644
356
576
506
460
220
236
539
256
697
782
618
462
725
434
346
415
730

19
60
16
14
10
9
5
12
19
5
7
18
16
7
15
12
8
6
19
11
15
10
6
17
18
9
13
16
11
18
11
9
6
19
7
15
6
6
8
10
6
16
13
16
12
18
7
14
17
12
20
18
11
8
18
8
15
14
9
6
8
16
0
106
276
236
160
292
361
139
221
87
473
299
200
511
469
244
162
289
130
54
243
309
189
55
288
468
230
142
51
209
122
439
258
273
510
406
221
197
388
262
391
432
260
210
157
391
238
258
343
199
535
441
168
157
164
463
296
299
226
173
92
476
309
536
376
646
398
431
245
267
658
359
253
558
654
549
515
570
165
413
522
422
294
389
445
586
438
307
125
362
468
717
429
552
840
608
336
262
473
521
461
521
615
377
275
428
306
423
684
377
807
509
260
479
299
695
393
385
347
302

20
60
20
19
15
15
13
17
12
7
12
16
16
17
18
14
14
9
16
16
14
20
19
16
18
6
8
18
13
12
13
10
9
19
8
15
9
14
9
19
17
13
15
12
17
16
11
5
9
10
12
8
18
15
5
7
9
13
13
19
19
8
0
53
176
217
200
464
169
85
156
386
174
296
222
581
600
304
322
91
319
87
137
87
296
530
482
129
393
96
49
439
463
370
14
554
256
80
279
100
177
450
432
516
438
271
91
174
43
521
226
455
398
571
123
134
485
339
52
441
476
116
59
465
269
454
300
547
384
257
567
651
344
468
344
678
823
313
387
148
529
425
466
470
500
819
626
430
517
370
253
842
728
545
314
602
662
339
470
175
544
647
601
925
546
400
298
248
258
889
368
687
435
628
334
345
711
711
261
569
537
454

21
60
8
13
17
8
18
13
20
13
15
10
11
19
18
17
13
13
9
11
6
9
13
12
14
13
15
14
5
11
9
9
13
15
17
5
11
12
9
11
20
6
6
9
11
19
13
8
6
9
17
14
6
15
12
9
5
16
14
10
13
12
0
80
377
407
332
534
198
75
221
233
306
514
398
48
455
493
494
53
532
284
151
225
418
4
19
185
24
101
100
486
69
165
406
149
113
63
64
503
316
95
400
306
221
413
29
314
497
174
420
112
382
422
275
503
7
422
415
224
342
33
147
281
558
428
500
780
259
416
397
586
619
622
599
334
483
643
652
270
755
518
456
316
603
250
279
311
229
438
333
712
239
395
665
389
481
428
407
523
472
280
699
567
399
655
108
614
584
464
483
268
438
560
544
614
41
792
592
536
649
192

22
60
17
15
13
17
10
16
13
19
8
19
14
9
10
6
19
6
15
11
11
20
11
15
19
13
14
10
20
15
11
6
10
18
17
5
15
15
12
14
7
8
13
16
7
14
20
10
19
19
8
17
13
5
10
9
13
16
19
6
9
15
0
562
509
531
173
413
1
153
198
92
135
505
340
349
305
502
545
434
521
111
44
280
187
279
572
10
251
367
69
434
25
436
554
312
196
194
225
507
405
191
482
250
555
11
303
338
90
212
453
234
320
418
498
374
493
317
561
181
326
75
127
673
703
856
356
583
358
432
307
145
508
743
456
408
464
530
908
827
655
485
296
568
340
526
658
83
318
686
118
466
195
471
733
401
374
403
317
808
489
241
731
493
685
186
650
375
245
459
517
538
511
577
897
495
743
378
786
564
597
436

23
60
14
6
5
13
8
17
16
14
9
15
9
20
14
19
9
17
16
19
6
10
9
8
17
11
12
16
19
15
18
10
17
8
14
18
15
5
19
12
6
12
16
7
9
18
6
9
5
12
6
10
20
9
15
6
11
7
15
11
9
18
0
375
40
321
416
192
67
535
491
171
162
418
103
413
45
466
156
122
471
278
424
137
403
457
259
288
312
523
231
101
421
386
263
20
127
487
101
79
136
426
469
367
299
20
233
219
182
402
86
480
346
262
345
246
327
318
59
163
112
60
328
636
53
603
542
392
217
675
800
280
397
520
373
733
421
797
372
465
692
299
588
277
714
641
534
670
412
733
467
151
790
470
499
366
277
524
296
154
298
582
716
380
492
318
384
277
493
766
300
641
540
319
437
458
345
623
201
263
432
174

24
60
12
14
8
11
13
13
18
17
7
15
16
9
9
17
6
6
6
13
14
18
7
8
13
15
17
18
10
14
12
13
14
14
12
18
16
13
6
9
13
7
16
8
7
18
20
19
12
8
20
10
10
19
15
14
8
14
15
8
8
15
0
401
195
294
420
194
400
382
228
235
1
120
369
380
248
366
18
414
509
338
208
322
355
212
79
8
464
448
93
184
39
278
431
186
20
311
18
115
143
382
243
221
281
416
148
397
339
530
172
75
70
236
82
241
464
297
258
510
133
337
318
640
360
480
528
305
455
604
307
317
123
397
712
565
484
671
54
665
692
714
217
492
401
496
234
136
830
834
294
423
130
575
574
344
331
626
169
157
168
488
332
454
317
505
476
684
435
538
393
256
187
280
192
457
588
388
330
544
349
491

25
60
16
6
7
10
17
16
8
14
7
6
10
10
9
19
12
19
6
19
9
18
10
10
19
6
19
5
10
13
18
17
16
15
9
18
11
9
14
18
10
9
10
6
15
11
6
17
16
7
8
15
14
17
11
12
16
7
16
7
16
7
0
151
404
31
184
138
202
303
275
157
75
121
459
301
345
267
503
130
36
466
205
322
451
176
105
58
255
299
505
54
369
52
287
141
117
387
92
195
217
7
418
434
70
296
281
47
6
271
128
545
326
88
415
252
150
193
114
501
457
457
151
255
507
73
207
182
488
443
428
224
288
246
743
432
541
458
518
180
63
603
452
586
661
406
375
331
408
586
527
321
521
258
627
256
154
530
414
308
253
79
674
449
116
314
313
171
65
543
312
729
438
349
561
265
206
450
132
560
559
679

26
60
15
13
5
6
10
18
19
15
8
14
20
19
6
6
18
16
8
13
20
13
11
19
18
9
12
18
17
11
19
8
13
19
6
17
17
13
19
16
11
14
6
8
12
18
19
7
12
20
14
20
8
16
16
18
14
17
5
12
6
8
0
114
111
385
602
99
132
2
269
172
67
334
62
244
262
426
490
123
593
17
302
303
6
99
324
483
410
55
44
537
240
455
165
463
110
358
518
397
428
4
504
257
133
168
515
89
556
597
42
81
23
283
567
108
122
178
506
195
172
232
387
487
268
669
667
178
168
50
573
281
292
498
200
573
669
453
782
150
855
344
517
475
246
220
337
800
599
160
462
728
468
599
243
792
328
745
913
501
602
198
856
459
201
495
557
204
591
993
265
404
308
582
791
135
359
450
685
299
517
547

27
60
19
16
5
10
16
7
7
15
10
9
15
15
12
18
11
6
15
6
20
17
8
18
15
13
5
13
18
10
5
14
18
17
20
8
7
13
11
14
18
9
13
19
6
12
18
17
10
10
11
18
5
5
14
19
10
8
12
17
5
19
0
286
347
153
287
133
41
13
438
136
292
348
119
99
173
325
34
218
333
196
403
553
426
100
427
424
144
395
445
494
82
262
283
443
62
1
42
65
128
354
225
79
161
350
108
340
526
521
267
193
230
31
292
353
97
187
412
335
114
76
226
573
438
276
624
403
315
160
795
393
611
615
324
161
241
454
57
436
611
466
529
619
581
256
524
492
164
435
586
564
463
370
635
476
134
194
220
134
516
698
473
258
319
610
450
431
643
719
534
353
567
90
632
431
298
394
627
677
324
402

28
60
16
12
15
19
10
12
12
16
11
6
11
12
19
13
5
18
18
12
16
8
10
18
9
12
6
18
16
20
8
15
12
16
13
14
10
10
15
7
6
12
11
11
10
8
14
13
20
11
13
19
13
15
8
12
18
12
12
16
18
13
0
109
490
532
430
93
397
520
4
383
326
180
51
579
65
29
266
486
335
103
24
328
481
299
343
451
8
169
493
242
160
386
87
351
231
201
358
386
488
103
352
236
9
507
332
101
157
440
570
417
238
446
268
220
139
277
473
388
572
266
43
401
508
840
531
385
699
801
351
672
430
552
139
619
140
402
584
765
703
321
311
585
571
455
371
846
166
235
696
500
303
674
235
746
439
471
517
767
832
212
671
522
52
825
359
497
289
832
707
797
294
619
630
246
438
295
494
414
755
296

29
60
7
14
14
17
16
11
11
18
12
19
9
16
12
14
14
10
16
15
7
5
14
19
20
9
7
15
8
7
10
18
15
16
10
14
16
17
19
18
9
16
15
10
5
10
17
6
6
5
8
16
19
11
17
12
15
19
7
8
13
13
0
422
287
211
391
135
490
227
227
322
525
441
316
233
21
370
324
205
266
445
118
309
7
356
498
536
435
229
38
573
455
543
263
439
320
480
73
32
463
357
273
574
407
369
248
267
85
155
187
352
410
19
93
102
265
284
340
387
530
178
148
498
471
369
624
428
633
402
363
486
905
477
491
386
73
605
523
541
597
652
510
621
207
444
532
871
520
412
105
812
701
815
406
551
516
569
440
337
789
553
444
605
428
703
275
491
316
300
456
683
620
253
228
420
287
566
356
587
737
551

30
60
13
19
7
16
12
8
10
10
19
15
14
11
11
8
18
15
12
10
10
16
19
20
14
7
12
12
10
18
5
12
17
18
7
18
12
18
20
9
14
9
13
8
20
15
9
9
12
17
10
6
7
14
5
8
18
11
20
11
19
9
0
536
139
403
458
389
142
163
174
133
504
567
5
525
419
493
417
515
540
17
543
341
84
264
401
377
358
69
88
488
454
77
173
339
402
529
388
255
397
490
273
196
495
274
25
463
288
473
34
561
96
481
223
397
301
254
557
257
366
182
271
733
473
745
662
663
514
315
221
152
766
628
308
677
539
547
599
631
748
79
640
437
183
417
776
550
387
415
213
847
839
331
481
587
589
792
568
596
556
541
313
354
643
567
260
589
469
523
349
879
319
742
503
458
564
381
949
649
512
244

