1
7
10
11
19
9
18
9
19
0
10
59
55
49
69
49
30
24
85
81
95
86
92

2
7
19
6
18
19
16
14
14
0
55
20
20
10
73
51
41
101
61
64
49
135
112

3
7
19
6
9
15
8
9
16
0
30
12
44
32
40
12
46
69
40
72
57
57
43

4
7
9
16
9
16
12
8
13
0
1
2
19
45
51
31
46
17
25
68
58
61
83

5
7
16
15
18
17
17
8
18
0
79
24
69
78
71
27
70
122
81
89
147
125
79

6
7
19
15
6
5
13
17
14
0
21
13
63
30
23
45
37
44
60
109
67
64
67

7
7
12
16
13
9
8
18
16
0
57
45
43
16
52
2
34
84
103
80
67
107
47

8
7
9
12
19
19
13
17
15
0
5
71
66
65
27
26
36
54
125
85
94
48
68

9
7
6
16
10
17
9
20
20
0
51
23
13
25
22
24
10
70
53
63
37
63
46

10
7
11
10
9
6
10
12
8
0
2
5
26
20
35
4
25
35
17
64
44
66
26

11
7
17
19
19
9
17
14
18
0
68
7
31
53
54
37
35
140
52
72
88
115
66

12
7
7
17
6
14
6
15
7
0
46
42
18
49
52
12
23
80
57
50
88
101
39

13
7
15
10
11
13
7
12
12
0
53
0
37
26
58
59
38
95
46
62
67
82
78

14
7
13
10
10
11
9
12
17
0
8
33
2
29
35
61
24
20
53
18
53
83
86

15
7
10
11
17
5
19
12
7
0
38
49
15
57
8
22
14
77
81
46
95
47
46

16
7
8
7
6
7
13
9
17
0
17
7
50
50
35
50
27
54
43
71
74
75
77

17
7
11
15
17
14
16
16
12
0
58
50
44
10
55
13
42
117
109
84
70
118
32

18
7
9
9
19
5
10
12
14
0
9
15
0
40
48
39
29
46
54
19
57
85
90

19
7
12
13
6
12
10
20
15
0
59
57
31
52
66
57
31
88
72
56
74
125
78

20
7
12
14
10
12
20
5
13
0
36
18
52
44
47
5
45
66
70
102
100
83
50

21
7
10
5
15
6
14
17
15
0
48
52
43
45
11
27
26
69
105
68
97
29
58

22
7
16
20
14
9
7
11
7
0
34
20
5
50
19
34
20
95
55
27
93
53
65

23
7
13
7
7
12
16
17
19
0
23
8
50
13
42
17
24
74
18
70
35
75
50

24
7
11
15
7
18
16
6
7
0
19
18
14
22
55
42
39
39
32
41
49
83
55

25
7
14
13
19
15
16
10
18
0
20
39
31
8
30
7
51
70
65
48
65
71
45

26
7
20
16
19
12
14
7
17
0
23
14
50
26
29
31
20
46
81
76
48
84
55

27
7
7
8
12
15
17
13
17
0
18
24
59
54
39
12
20
57
49
79
102
64
61

28
7
20
16
19
9
17
15
18
0
57
25
61
25
46
83
37
102
52
75
73
81
145

29
7
10
14
9
14
18
6
13
0
62
5
36
44
22
26
32
95
36
88
87
34
43

30
7
12
8
15
15
14
6
12
0
33
53
24
49
36
28
45
63
74
57
74
77
56

