1
10
19
15
19
14
7
10
12
6
16
16
0
18
50
64
24
49
34
54
32
64
31
43
76
83
36
64
46
71
53
81

2
10
18
13
6
12
20
18
10
12
14
16
0
22
58
67
20
16
53
22
19
62
29
36
74
84
44
41
69
44
37
87

3
10
15
17
9
17
6
16
20
18
19
12
0
38
35
58
50
61
52
17
72
62
20
69
54
88
68
91
84
37
99
80

4
10
17
13
19
6
8
11
9
11
14
5
0
45
52
43
24
10
27
54
30
45
24
62
71
50
43
28
36
68
46
57

5
10
6
6
5
8
7
10
17
10
16
18
0
6
50
24
20
11
16
50
25
34
15
22
58
39
32
31
33
65
44
62

6
10
7
15
16
18
8
7
17
9
12
9
0
19
20
46
3
46
29
24
41
41
16
44
37
65
17
57
47
37
54
50

7
10
19
8
11
9
5
10
20
17
16
6
0
27
3
30
35
60
45
57
59
32
28
44
24
41
45
81
67
85
80
49

8
10
19
14
17
12
15
11
15
10
7
15
0
16
41
33
27
8
56
67
19
20
26
35
61
54
49
21
76
89
37
43

9
10
19
20
20
5
12
14
11
20
11
13
0
35
8
6
47
57
39
16
50
23
31
63
36
22
71
82
54
40
66
41

10
10
18
20
14
18
14
12
10
12
12
6
0
26
61
11
43
55
65
53
16
32
21
46
80
41
57
71
81
77
31
38

11
10
8
16
17
9
8
12
6
9
8
14
0
5
53
51
52
50
5
33
5
50
8
31
75
60
66
64
14
48
13
69

12
10
8
10
13
17
16
7
18
14
11
11
0
48
27
18
43
27
23
48
42
59
17
60
45
41
59
44
47
72
57
75

13
10
20
19
18
8
17
11
7
11
16
6
0
19
32
56
24
6
2
26
49
52
29
45
56
75
53
24
20
43
69
70

14
10
13
17
9
15
13
12
8
17
14
17
0
6
40
61
18
43
50
22
34
65
13
30
58
83
37
65
62
43
52
89

15
10
12
6
16
13
10
6
19
12
9
13
0
43
6
1
39
36
7
40
46
41
12
55
28
18
49
48
27
55
64
55

16
10
18
12
14
6
17
13
19
6
15
17
0
48
19
30
21
10
30
22
30
6
27
69
41
39
48
35
59
29
58
23

17
10
13
18
15
12
12
15
12
9
12
17
0
45
14
14
0
42
63
32
3
18
21
68
39
33
13
65
83
41
17
41

18
10
11
12
17
15
11
19
12
15
7
19
0
10
59
34
29
10
47
53
24
3
17
26
79
58
50
42
63
75
33
22

19
10
19
8
13
6
14
19
15
5
11
13
0
9
2
38
0
13
35
5
30
41
19
23
23
54
21
40
60
16
51
59

20
10
14
20
14
11
7
15
5
7
16
14
0
27
10
56
46
58
51
17
26
40
25
53
28
72
58
81
61
33
46
65

