1
100
16
16
9
15
14
12
7
12
18
16
13
8
7
18
8
10
19
19
18
20
16
14
7
9
7
11
18
17
16
15
8
20
12
17
8
20
10
16
15
8
13
5
12
14
17
20
8
13
16
11
15
19
14
17
7
8
16
12
13
8
13
6
14
6
9
17
19
12
11
14
16
15
6
14
12
10
20
6
12
14
7
6
11
7
12
14
8
16
14
9
7
19
10
19
19
15
14
14
18
5
0
151
182
138
231
70
529
501
116
621
472
177
608
25
2
134
183
334
201
174
252
333
500
179
546
444
448
13
449
110
242
609
8
636
335
56
485
381
168
75
138
432
208
618
517
592
242
561
304
566
68
225
355
355
13
541
188
584
344
393
565
623
233
443
132
387
480
196
125
449
359
465
599
564
512
555
262
251
331
409
99
233
464
252
337
22
169
240
607
110
151
389
560
180
619
72
503
511
27
556
136
282
259
201
274
97
635
559
245
684
601
222
641
117
83
197
268
428
335
312
384
400
539
303
583
540
561
129
506
134
269
731
39
776
364
127
549
490
252
194
175
445
244
653
652
731
343
632
404
589
147
252
458
417
109
602
260
721
411
497
683
721
307
468
257
520
575
289
164
566
379
585
645
700
546
577
408
331
459
499
228
335
573
376
377
97
217
270
732
160
271
495
654
301
643
91
539
533
57
618

2
100
16
9
18
15
6
17
17
12
12
12
12
19
10
5
14
7
17
6
13
20
17
7
7
15
15
7
14
13
18
6
7
16
13
15
8
5
7
15
8
9
19
11
13
14
15
14
19
17
8
8
12
6
11
6
11
12
20
11
12
18
15
16
10
5
13
14
6
9
9
18
14
17
9
17
16
17
15
14
6
17
13
15
17
10
17
6
6
9
10
5
16
8
11
9
11
7
5
8
19
6
0
523
593
298
96
469
35
228
432
594
127
147
110
211
63
566
2
585
294
304
454
374
72
4
415
395
42
164
415
481
333
12
17
300
574
244
489
112
118
326
342
111
63
12
491
351
568
559
53
502
459
289
156
207
421
395
384
526
559
24
405
8
233
151
439
292
558
52
484
374
57
520
375
430
73
14
587
362
212
284
456
120
441
467
344
190
310
402
187
301
497
553
394
128
178
78
514
57
215
258
101
607
658
393
123
600
100
247
503
625
173
276
143
309
136
617
22
683
319
406
473
483
84
54
518
446
132
278
444
546
457
86
105
331
645
359
563
147
173
347
447
175
136
61
579
390
636
621
121
553
563
297
178
232
451
492
467
638
636
69
441
116
339
211
475
366
647
91
507
457
165
568
451
447
151
62
630
377
236
311
515
151
532
551
472
263
318
515
221
357
625
656
507
245
204
170
587
122
340
379

3
100
9
7
14
17
12
18
15
7
10
14
15
19
14
13
13
7
19
6
16
14
12
9
13
15
19
17
13
16
12
8
18
20
11
5
6
8
9
10
20
19
9
11
7
13
15
12
7
16
12
15
17
19
12
6
16
16
8
8
18
9
6
10
8
19
19
5
16
20
14
9
11
9
9
14
6
15
12
7
19
12
6
8
17
6
6
15
19
10
12
18
9
7
8
16
8
5
11
19
12
19
0
266
523
304
270
472
213
154
77
408
173
73
536
156
259
472
167
265
338
17
452
439
252
132
131
68
489
601
125
209
327
270
580
173
423
473
243
90
446
467
48
126
585
416
107
306
602
588
24
278
323
582
378
484
192
206
465
386
217
269
24
145
237
587
38
152
487
252
460
516
430
569
443
442
392
246
177
233
276
554
6
277
492
154
271
395
7
393
14
63
356
155
465
423
19
443
319
579
356
256
102
308
554
366
333
528
256
267
180
481
226
143
670
206
394
520
223
301
457
79
523
500
273
255
177
121
613
703
219
278
452
359
633
301
532
604
340
180
472
535
155
191
710
504
231
370
625
649
153
370
342
617
480
490
309
290
595
481
275
295
35
228
357
656
68
216
562
272
511
636
538
596
485
568
480
368
292
331
376
603
109
383
595
247
344
507
58
439
55
152
434
231
513
493
66
483
358
634
449
380

4
100
5
17
13
5
16
13
15
18
6
16
11
18
18
17
19
8
18
9
8
19
17
14
16
17
10
16
7
10
15
5
18
9
18
13
18
16
9
7
20
12
6
11
14
13
19
17
15
6
16
11
18
19
9
14
19
18
7
18
18
12
18
9
13
10
5
19
16
15
17
10
15
5
10
9
19
15
10
19
16
18
11
17
18
18
16
8
6
7
17
12
9
9
7
15
19
10
17
9
10
8
0
524
645
462
634
428
267
313
191
77
181
643
406
190
354
147
439
643
163
47
230
411
629
454
217
188
627
203
583
397
288
346
157
256
568
532
51
564
268
419
176
627
46
652
366
606
97
283
242
354
394
441
234
85
118
497
551
545
510
521
532
89
488
266
458
258
544
493
303
3
263
204
157
115
358
247
123
658
532
202
435
352
54
363
252
607
354
361
538
615
588
262
187
105
65
351
85
173
490
100
63
581
662
570
731
547
406
413
237
144
213
675
426
305
452
195
579
752
295
138
257
481
654
480
327
285
759
327
720
417
374
429
263
283
653
644
140
634
360
447
314
652
117
731
481
705
119
345
357
442
525
546
272
204
153
602
682
641
561
634
582
194
512
333
469
398
631
539
344
81
369
232
248
169
420
334
242
711
602
261
567
433
105
399
349
639
476
489
665
672
662
272
196
188
138
374
205
236
550
216

5
100
7
18
16
20
17
11
7
16
7
11
15
9
16
16
15
16
11
11
8
12
16
9
16
16
20
14
12
17
10
11
17
10
19
8
20
15
12
17
14
18
10
12
17
13
18
15
7
12
13
18
20
19
7
20
12
14
14
15
10
17
12
18
7
8
19
16
19
8
17
7
6
10
16
14
18
7
8
18
8
20
15
15
7
16
20
7
17
13
9
7
6
6
8
19
8
20
10
12
5
13
0
232
184
256
538
329
256
604
130
609
42
47
58
249
410
448
177
229
426
260
651
591
26
481
381
599
613
284
610
575
643
445
334
541
80
631
228
433
198
69
400
294
83
201
96
592
86
353
531
414
354
237
456
283
87
287
173
91
174
442
321
198
308
279
555
178
525
447
305
602
233
365
134
357
48
63
584
190
178
495
353
343
660
255
584
313
501
233
590
522
366
250
411
34
576
530
118
21
376
661
16
353
232
332
651
370
274
640
195
671
158
105
147
395
474
554
211
298
557
360
689
603
116
566
489
659
724
350
628
680
774
574
418
625
141
767
350
557
278
180
457
416
102
278
228
645
116
365
623
500
419
334
553
341
125
383
237
134
226
558
459
243
350
404
634
242
621
491
332
725
347
445
227
372
74
98
640
334
192
596
442
447
709
321
729
361
589
336
718
586
432
328
447
142
651
551
138
36
474
773

6
100
19
9
15
19
12
7
14
15
18
17
17
10
19
15
18
10
11
7
17
9
17
14
15
12
7
14
12
17
18
8
20
15
16
8
19
16
17
6
5
6
7
18
12
12
18
6
14
15
10
19
11
13
5
5
8
7
17
15
9
12
18
9
12
9
16
6
12
9
16
15
9
15
16
14
6
19
7
6
17
18
19
11
18
5
19
18
17
9
10
19
20
13
10
12
15
20
8
13
11
11
0
522
285
53
366
125
428
634
39
429
602
348
102
272
208
572
616
247
28
49
457
516
419
57
109
4
552
612
129
101
405
79
446
27
428
489
88
644
600
381
547
637
275
210
29
509
553
196
630
306
169
65
116
639
281
33
82
68
62
153
202
393
406
624
628
532
280
176
427
297
414
330
468
607
156
300
605
637
259
94
205
533
644
461
337
471
88
361
397
112
509
90
505
291
51
348
491
602
405
180
79
639
338
135
467
235
548
763
93
557
704
432
217
342
290
630
700
347
160
114
523
553
465
186
126
81
670
705
156
182
540
102
581
73
536
562
140
680
654
408
631
678
365
340
115
604
673
238
667
401
195
164
215
710
366
98
193
140
197
167
280
446
504
709
697
652
405
241
510
356
543
416
536
699
225
402
674
697
377
112
270
652
730
518
416
613
199
414
441
250
649
218
516
337
86
426
548
689
440
279

7
100
5
14
9
19
9
16
18
11
19
17
20
8
19
18
6
19
19
15
10
17
9
12
10
11
10
16
10
19
9
9
9
13
19
19
19
18
16
19
13
19
17
13
17
18
19
6
6
16
6
10
17
16
10
12
9
19
13
15
6
19
14
15
5
14
17
13
9
14
13
16
14
9
12
14
12
16
11
14
6
11
9
18
12
14
7
9
17
5
10
7
17
20
18
14
14
13
19
9
11
19
0
144
241
321
319
610
268
575
192
205
446
554
457
290
482
189
484
229
117
378
222
615
609
642
286
406
332
336
71
653
104
181
286
337
667
529
532
356
546
483
347
493
184
336
358
52
466
46
566
404
180
229
471
12
653
408
52
287
647
320
278
113
485
372
164
73
504
330
439
245
54
383
109
532
264
317
17
137
16
272
339
455
420
144
89
608
530
449
333
631
257
370
393
201
608
485
152
525
428
546
89
284
364
434
407
707
403
641
263
269
510
649
592
352
515
281
606
294
155
505
349
732
627
657
421
512
346
358
195
702
189
229
365
400
710
571
660
421
625
539
367
586
289
482
477
105
590
195
696
516
265
317
494
110
692
497
190
319
767
406
332
191
539
469
314
101
585
461
531
286
191
431
185
618
334
366
112
228
78
347
356
597
477
165
184
647
680
573
370
641
341
519
456
234
723
628
212
592
546
620

8
100
8
11
16
20
12
10
13
8
14
18
13
8
17
9
17
11
16
9
11
9
13
9
13
5
12
8
11
15
14
19
9
8
14
7
11
7
17
14
8
11
13
6
16
15
19
15
10
11
7
13
11
7
18
10
18
5
16
12
16
9
8
17
13
12
13
17
10
18
14
13
6
20
17
7
13
15
10
14
18
14
10
18
17
8
9
6
19
7
19
5
10
17
15
17
17
7
9
15
18
12
0
576
578
119
37
347
16
264
140
81
75
388
255
341
6
228
281
45
45
316
216
351
434
303
265
353
74
293
40
509
30
61
361
107
617
65
295
313
439
382
424
361
410
238
604
304
567
477
101
375
206
434
201
395
346
284
359
510
355
319
439
456
227
138
115
507
326
408
514
45
118
213
408
41
180
138
131
396
271
346
561
282
253
73
366
566
382
255
22
229
289
132
257
203
11
144
284
305
528
80
71
628
659
229
54
375
102
352
259
111
151
421
335
392
70
333
349
151
171
377
333
403
527
343
313
427
140
314
163
528
140
96
462
116
725
170
315
394
532
466
483
446
438
263
638
338
686
489
219
426
291
498
257
412
425
395
403
639
387
390
473
511
341
152
172
586
345
483
537
72
148
277
434
131
217
212
157
524
294
444
677
324
361
132
380
689
514
317
151
335
370
189
335
283
122
156
319
422
612
164

9
100
19
18
10
15
20
9
17
14
8
17
13
19
19
17
12
6
19
14
10
20
16
6
10
7
6
18
6
8
17
15
10
18
14
6
16
16
20
8
20
12
11
8
15
12
13
8
6
7
7
17
16
18
19
8
19
13
14
18
17
17
11
11
15
6
10
19
15
20
15
17
18
8
18
14
5
9
17
19
15
8
6
12
14
16
14
12
19
19
18
20
10
13
6
5
17
14
18
6
19
12
0
280
112
302
381
99
417
666
495
545
345
365
510
347
407
21
539
308
507
70
498
38
36
578
408
494
130
624
651
615
19
554
328
300
648
660
322
64
74
230
478
158
549
652
167
296
355
344
427
61
392
1
104
464
615
567
334
673
154
268
389
473
460
84
549
478
376
407
422
528
24
282
295
427
347
172
663
94
396
109
126
579
91
232
255
313
421
280
107
200
73
352
460
434
657
148
420
642
653
358
104
377
192
328
476
151
557
780
528
587
402
466
641
484
453
142
624
375
570
119
641
156
108
673
476
572
139
632
733
724
145
572
346
328
778
776
360
124
226
351
489
224
624
666
226
320
420
389
498
184
486
73
204
552
711
605
348
705
186
405
451
519
551
128
594
557
454
471
519
642
84
405
374
442
459
190
802
144
525
175
162
619
200
340
309
372
492
372
164
340
172
479
559
537
682
253
528
736
801
410

10
100
18
20
8
10
12
10
11
20
7
16
9
7
13
13
12
9
14
15
13
7
9
10
9
10
8
20
20
13
12
9
6
15
7
14
13
15
20
6
11
13
19
17
8
7
7
18
14
19
12
18
8
13
15
10
15
11
8
15
15
8
19
7
16
18
7
17
20
11
15
9
7
19
18
14
17
12
13
15
9
20
10
5
10
7
8
19
17
14
7
7
20
6
19
9
5
7
19
14
16
20
0
133
61
30
59
361
534
463
582
247
380
265
128
557
33
349
380
353
372
408
618
82
474
386
344
393
607
84
544
13
480
395
48
120
92
523
185
234
130
331
318
25
433
298
607
244
417
11
267
139
594
302
101
363
260
495
87
489
578
276
178
179
545
186
138
50
142
153
269
540
31
155
107
522
110
536
90
264
178
398
146
392
606
410
181
185
578
270
199
123
6
301
10
16
158
583
26
165
273
151
131
159
137
121
187
495
621
503
609
387
408
389
225
582
157
444
397
433
488
429
702
164
537
515
382
533
633
144
580
25
505
526
137
184
185
553
306
324
244
367
459
104
478
317
664
374
462
63
354
268
661
325
182
436
356
592
181
528
615
305
243
258
566
273
165
159
168
257
394
663
153
279
129
633
191
548
119
297
294
447
247
451
739
445
277
264
646
372
277
161
65
369
63
150
170
658
97
216
328
198

11
100
9
15
9
8
11
5
11
7
14
19
17
14
15
14
9
6
16
19
16
7
15
6
19
8
15
10
11
12
19
16
16
19
5
17
14
12
13
18
9
15
13
8
11
12
9
9
19
18
9
7
20
10
10
19
9
16
10
11
14
6
18
7
10
19
11
6
17
7
13
11
9
11
16
17
10
8
17
16
14
11
19
10
15
16
10
14
11
9
5
7
12
8
15
19
19
17
13
7
7
15
0
48
14
259
545
66
331
339
113
80
352
234
129
342
390
452
14
54
185
93
352
399
153
29
576
348
32
193
23
437
395
99
496
135
355
203
85
260
42
145
70
422
565
211
305
474
51
182
570
295
297
36
92
29
197
418
274
111
438
483
333
66
617
370
234
401
192
319
5
363
619
553
460
221
140
182
35
228
387
501
234
577
79
329
66
87
566
615
60
445
371
343
608
32
381
343
267
344
560
153
125
128
122
302
679
147
392
448
175
120
380
370
206
406
475
548
56
179
259
213
417
515
274
114
674
464
142
252
57
536
462
189
502
175
479
273
217
333
143
197
160
430
605
325
381
534
157
272
689
321
360
125
105
164
315
525
356
230
545
581
451
104
665
429
368
476
279
424
128
418
743
674
545
328
238
265
165
364
472
614
280
591
194
424
175
183
660
680
107
510
456
417
740
63
460
375
317
432
571
273

12
100
8
11
6
13
15
9
6
18
8
14
17
19
19
13
5
15
15
10
12
6
8
6
10
20
8
13
8
10
20
13
11
13
11
7
16
18
20
12
17
13
6
12
11
9
12
16
5
17
17
18
6
16
7
7
18
13
10
11
8
8
17
8
16
6
8
16
16
12
10
11
10
15
11
7
16
17
18
15
17
9
13
14
13
10
16
6
6
20
10
6
13
14
7
18
19
18
13
17
12
14
0
108
595
508
393
178
459
377
270
483
281
180
476
108
294
256
273
151
283
371
228
213
295
430
181
582
348
506
448
244
301
387
184
313
138
334
120
545
616
152
482
392
193
140
86
276
538
384
374
333
492
114
14
353
42
391
505
4
333
98
373
592
319
239
258
56
137
348
175
330
65
155
154
267
244
197
336
46
484
313
15
122
409
206
338
286
503
399
287
398
599
366
515
351
78
169
354
195
25
550
27
211
700
600
411
292
578
416
331
617
386
300
582
175
379
333
391
234
323
433
274
325
315
533
189
683
365
545
488
285
410
452
237
341
200
456
152
585
648
200
553
431
290
236
153
308
591
407
398
439
540
155
48
401
78
511
634
21
424
183
437
664
412
367
346
151
230
446
210
409
112
181
268
278
297
304
455
161
569
352
110
223
513
267
458
336
565
486
406
451
704
406
545
439
186
223
389
225
146
618

13
100
18
12
16
18
15
17
14
18
8
15
17
9
11
14
13
5
14
19
10
20
8
15
15
7
10
11
9
20
10
16
5
16
12
9
17
19
13
6
9
12
15
13
19
7
9
15
10
11
16
15
7
10
13
6
9
6
10
14
13
13
15
16
12
13
5
19
18
10
10
14
11
10
8
18
14
19
13
8
9
9
7
18
9
16
5
17
6
18
12
14
17
12
8
14
6
12
12
6
10
7
0
143
60
463
370
261
576
411
313
530
455
86
507
397
276
47
53
520
184
574
589
540
199
192
30
111
561
244
141
233
597
382
152
352
422
300
561
551
277
566
391
20
592
58
374
499
25
61
234
351
117
246
99
254
263
274
353
23
267
230
116
177
323
121
360
48
309
232
150
520
558
131
22
129
429
561
369
588
547
484
240
23
123
290
406
446
127
341
115
355
41
333
612
236
205
345
541
444
534
434
140
193
128
533
423
378
704
537
343
568
583
174
619
455
317
137
74
569
268
598
713
661
321
316
129
204
648
294
248
343
634
433
285
376
537
376
696
624
385
680
422
83
692
93
420
630
76
90
296
389
153
295
214
288
282
305
471
151
321
342
242
284
374
190
417
176
382
277
220
583
645
153
109
182
489
594
424
652
646
548
250
109
177
411
498
501
140
410
170
458
178
449
703
308
313
370
667
571
602
546

14
100
7
14
18
14
10
9
19
18
11
18
17
16
17
7
19
7
11
5
10
8
12
11
17
20
13
6
16
15
13
14
14
8
7
17
6
16
8
14
18
8
16
11
5
15
5
11
12
15
12
13
14
17
18
7
14
18
15
18
8
20
15
14
9
9
16
15
6
11
14
10
11
16
16
14
7
12
9
17
8
6
15
9
16
19
15
16
19
7
11
14
10
14
7
18
13
9
17
12
16
7
0
265
152
204
128
240
192
602
566
334
283
54
535
259
58
464
469
296
621
17
387
456
124
468
345
177
495
74
115
303
305
143
592
541
561
119
183
527
333
292
100
208
112
394
403
71
597
449
52
87
193
418
608
448
535
548
184
423
433
228
122
320
268
456
212
338
408
93
495
12
419
522
56
319
448
9
58
59
96
0
156
14
617
213
622
160
43
301
587
243
407
195
286
433
152
393
259
314
420
9
66
382
215
261
139
288
273
635
689
424
340
80
560
375
78
496
541
323
714
82
403
580
205
570
376
269
531
149
224
339
428
185
622
684
636
195
290
595
451
359
209
304
157
483
524
182
639
472
103
127
294
542
722
463
666
658
264
450
531
248
202
389
398
470
327
382
470
213
611
138
508
565
118
386
493
56
154
123
137
54
213
149
697
339
731
198
101
375
698
302
503
215
337
516
219
416
295
341
503
47

15
100
20
9
17
8
13
17
16
7
17
13
12
9
12
6
16
17
8
19
18
16
9
19
7
15
12
6
13
19
8
7
14
14
17
10
18
18
7
13
9
8
9
16
19
12
14
17
10
8
17
11
13
14
9
6
12
19
13
8
11
14
18
16
15
20
8
12
9
11
18
13
19
16
13
14
16
12
17
15
11
17
18
6
7
8
8
19
9
10
19
10
16
18
8
7
6
14
16
10
7
14
0
424
210
33
141
399
258
311
211
605
569
329
212
53
535
110
26
203
477
325
127
208
251
131
113
104
372
311
615
306
49
250
559
269
347
91
90
71
451
472
494
82
373
240
513
545
27
628
296
74
279
228
170
66
403
146
354
506
136
485
340
606
94
467
227
37
404
38
155
51
312
488
127
257
544
22
218
630
251
424
246
14
610
197
198
67
479
616
473
107
26
47
33
175
314
424
516
345
620
594
71
451
246
121
240
525
358
422
259
727
709
350
275
124
565
143
70
313
603
386
150
279
385
261
175
123
440
389
705
421
170
282
660
338
428
131
212
161
575
519
627
146
442
376
625
572
122
746
351
193
346
262
270
154
531
290
441
593
237
524
479
622
162
539
259
139
506
55
203
167
377
556
153
397
625
125
283
680
293
548
344
140
667
318
236
92
556
668
594
182
98
154
98
190
425
525
577
366
685
690

16
100
16
15
16
9
11
15
15
13
17
15
11
15
15
20
6
17
6
17
13
9
11
5
8
14
13
7
5
8
15
10
16
7
5
10
14
10
17
18
15
13
9
17
14
8
6
12
8
6
7
8
11
10
17
19
18
9
9
9
19
13
16
17
19
13
12
7
13
10
11
16
14
11
14
11
7
15
12
12
18
13
7
11
14
12
16
12
19
19
10
15
11
12
11
8
18
14
6
10
19
10
0
222
423
58
474
238
57
233
326
539
335
405
452
243
501
380
467
16
356
2
317
28
281
83
50
420
541
550
494
275
116
16
303
64
563
29
595
482
331
263
284
148
478
292
121
555
421
376
405
354
331
212
485
305
554
447
475
397
458
340
311
567
54
81
292
105
9
528
81
391
293
232
311
498
501
418
63
166
241
490
537
320
161
310
165
195
129
445
111
365
109
571
491
274
241
219
65
156
95
183
39
291
521
93
603
368
172
248
396
651
386
451
515
280
528
453
505
136
450
80
359
152
302
154
131
505
607
649
573
310
133
91
411
118
687
142
660
516
406
358
412
215
604
421
187
674
456
456
519
367
410
295
527
368
573
461
537
500
582
380
343
589
174
121
372
137
142
541
174
418
313
265
355
597
580
541
164
213
370
593
661
401
203
330
247
271
255
579
230
473
232
665
580
396
298
269
145
219
208
255

17
100
19
15
9
13
14
20
18
16
19
7
8
6
7
16
6
7
5
11
8
17
7
8
8
17
5
8
17
8
5
8
7
18
14
16
11
7
7
7
8
9
8
10
16
7
19
12
11
18
16
19
6
16
7
10
8
10
12
9
6
15
14
8
5
15
11
13
10
16
17
15
7
7
20
19
13
5
12
10
16
8
5
13
6
8
16
6
12
18
15
18
12
20
6
19
10
8
9
11
11
12
0
115
507
204
473
528
96
117
64
454
382
249
40
270
246
183
69
287
535
372
434
167
422
499
435
370
310
19
564
267
399
248
35
468
366
208
432
559
205
515
145
375
207
45
122
15
122
260
453
421
85
191
274
293
471
402
7
343
393
97
71
338
41
511
251
509
269
473
158
226
30
165
381
356
570
89
187
494
322
379
523
335
332
102
170
399
134
510
102
488
460
436
457
253
169
408
14
247
326
236
91
210
623
283
599
551
205
157
83
512
427
329
116
396
337
289
120
356
569
492
452
190
539
616
445
393
359
69
642
303
496
360
159
563
473
273
468
566
288
620
239
445
280
129
184
90
228
291
574
542
118
293
283
413
576
481
114
357
413
213
142
451
118
616
300
575
367
528
280
292
51
246
512
390
612
151
218
599
413
465
623
356
431
219
253
477
246
538
117
605
478
546
490
364
208
424
103
300
436
348

18
100
18
6
11
9
20
14
18
11
10
6
16
10
6
13
15
14
18
8
6
12
10
13
12
7
18
6
12
12
19
6
12
12
9
9
10
11
20
12
18
10
13
9
8
18
11
7
17
9
10
13
6
20
12
9
19
14
19
14
17
17
17
12
19
18
19
10
12
17
7
15
18
13
20
9
18
7
15
18
6
6
18
9
9
17
6
15
6
8
7
7
10
19
5
18
6
15
17
9
19
6
0
269
193
402
571
133
385
85
31
247
97
498
400
414
506
387
137
323
241
524
431
494
85
544
476
62
380
278
366
273
552
334
67
519
535
71
606
113
476
123
285
105
350
195
148
314
235
514
311
163
379
139
151
364
556
527
115
369
356
78
123
434
502
515
410
112
19
241
397
155
520
494
196
263
18
73
339
276
582
109
602
363
412
244
361
349
281
226
98
549
485
98
282
546
237
568
353
135
507
448
68
298
300
455
663
210
496
205
142
374
144
586
527
512
544
485
275
355
326
558
523
541
167
649
602
152
486
363
472
354
626
410
112
549
582
201
659
211
518
185
401
115
464
315
270
406
265
593
344
221
393
246
252
494
644
593
196
408
481
133
258
558
600
576
536
220
145
302
453
186
555
596
329
377
47
84
371
368
665
202
690
416
437
262
412
377
366
310
220
676
549
138
317
637
253
698
395
146
639
571

19
100
5
19
14
19
18
8
6
8
7
10
8
18
19
18
5
17
15
15
5
6
9
18
19
19
13
5
19
7
19
9
10
16
9
20
19
10
7
8
14
18
11
16
15
6
16
20
15
13
17
15
6
15
7
9
15
6
18
13
15
5
8
10
6
13
8
9
15
10
14
11
12
11
12
13
20
11
18
8
17
7
17
18
15
12
15
19
15
14
7
8
18
16
15
11
16
14
20
12
16
14
0
441
425
28
360
476
228
334
34
454
310
633
239
548
2
476
360
452
562
531
169
333
153
376
430
382
72
445
20
528
249
206
524
232
247
371
641
574
491
572
345
191
55
312
370
138
491
395
231
234
470
449
298
24
375
17
190
437
307
115
296
605
368
533
628
87
191
51
583
320
135
628
262
86
486
251
483
58
443
564
218
288
275
459
154
529
100
473
181
137
593
100
152
370
348
0
80
27
356
219
25
483
445
169
429
516
314
414
113
559
349
701
277
598
48
499
412
469
665
604
234
351
207
443
487
387
181
560
101
619
350
342
570
331
336
414
700
611
533
673
397
266
171
358
462
236
528
495
374
351
493
525
400
81
491
70
265
519
372
201
361
618
469
574
698
158
319
144
658
352
209
648
276
174
583
270
583
178
480
615
276
353
404
597
210
576
126
545
294
211
716
239
237
488
364
56
174
105
388
248

20
100
17
15
17
6
9
12
18
10
11
19
18
14
20
20
13
15
12
19
9
16
12
10
7
15
12
8
9
8
6
12
9
20
17
20
18
13
11
12
15
8
8
9
8
15
9
18
14
13
14
11
15
6
19
10
10
18
7
18
17
12
7
7
8
17
19
16
18
10
9
6
20
17
10
16
15
16
8
11
10
16
9
7
10
7
14
5
11
5
12
20
6
15
13
9
16
12
18
7
10
20
0
345
391
460
519
362
547
591
370
273
553
616
496
224
82
235
247
171
509
143
479
416
212
64
49
503
508
324
23
278
9
193
506
300
437
445
6
340
438
186
596
126
404
472
300
422
560
342
12
382
139
314
64
32
131
221
439
2
371
132
11
426
387
83
581
608
486
393
323
104
474
203
134
304
66
433
544
187
295
574
26
521
495
571
187
71
259
377
226
599
334
202
52
436
482
377
143
364
250
62
108
424
422
469
604
485
653
696
417
350
629
751
546
348
101
252
370
250
553
166
575
434
291
112
88
610
620
444
79
358
36
295
563
419
506
563
32
437
563
300
651
203
537
560
331
460
652
394
110
512
243
364
86
98
228
286
531
73
472
221
129
526
474
191
633
669
600
473
400
207
510
311
148
328
169
460
578
204
319
612
132
584
517
642
274
182
383
493
240
644
430
314
182
535
558
470
262
467
367
137

21
100
11
16
20
6
12
16
17
8
12
10
8
18
13
7
11
19
9
15
8
19
6
19
19
17
13
15
10
15
12
15
18
7
6
18
20
13
6
11
19
20
18
14
13
15
16
7
5
13
18
19
16
13
19
12
16
11
13
11
20
19
5
19
14
14
15
19
16
13
16
5
11
20
6
19
17
14
7
6
6
13
18
11
13
16
20
19
8
20
12
12
6
12
14
13
8
11
6
14
17
13
0
225
538
625
105
347
128
554
459
85
217
641
349
366
318
482
197
628
348
592
14
510
17
283
163
353
401
415
220
649
666
562
525
183
28
594
534
366
609
236
568
87
487
561
416
656
83
335
18
474
459
527
416
331
590
523
110
322
322
52
439
559
1
383
386
81
141
52
438
102
139
126
608
639
94
186
187
18
38
33
401
361
637
363
140
411
343
664
658
254
417
313
33
610
89
457
5
504
628
583
127
261
677
654
196
452
225
615
520
138
307
738
440
499
331
539
290
753
362
733
70
586
122
324
254
397
485
551
246
707
684
591
531
219
104
632
611
460
670
372
607
139
606
627
495
760
189
439
55
576
513
597
559
360
649
552
223
410
355
73
553
613
61
450
401
166
278
82
489
166
234
262
660
674
145
294
280
151
67
170
474
408
737
441
179
463
429
790
726
342
455
434
177
664
106
538
43
568
661
720

22
100
9
6
6
7
5
17
10
18
11
20
12
16
12
17
9
19
11
18
13
7
18
13
7
7
10
12
11
6
12
16
13
13
17
15
9
18
15
6
19
9
20
12
19
11
18
6
18
19
6
9
11
15
18
16
13
18
13
19
17
20
18
9
7
5
8
16
6
19
8
13
16
8
11
10
6
15
11
16
18
10
8
6
14
12
12
19
19
18
8
11
17
18
6
13
16
10
15
20
12
13
0
585
274
607
102
514
490
331
596
266
49
236
159
72
142
407
72
116
635
296
31
461
393
74
545
2
468
459
364
121
311
356
407
342
585
376
347
9
158
58
617
360
225
34
479
452
560
183
437
598
210
528
268
328
473
403
313
50
634
87
514
496
368
424
344
116
551
136
534
574
353
473
116
611
316
206
600
602
311
254
534
29
153
297
606
545
109
239
611
63
88
448
105
194
535
141
107
245
601
48
77
613
372
686
171
542
531
375
728
369
163
379
265
121
251
485
166
252
724
372
167
508
503
179
658
86
497
572
499
146
400
378
448
421
604
502
408
129
192
118
759
446
352
78
510
547
680
271
517
712
347
604
364
371
537
468
443
102
738
141
646
580
382
528
398
185
589
155
638
672
422
515
147
669
439
288
632
734
445
277
648
105
242
397
716
684
142
279
710
201
217
522
170
293
595
202
205
313
627
139

23
100
8
7
8
17
17
14
14
9
15
18
13
8
13
5
19
17
15
18
19
13
12
9
12
11
16
12
9
17
15
16
18
11
15
12
11
15
7
16
17
8
20
18
17
12
16
5
18
16
6
18
14
11
10
12
12
11
8
14
10
13
7
16
18
10
17
7
14
7
11
6
14
6
18
16
15
11
16
10
11
10
11
7
14
12
17
20
6
18
20
19
19
17
15
15
19
10
16
6
8
9
0
23
619
276
585
439
393
652
567
461
311
624
483
303
214
209
13
82
642
9
154
482
598
163
236
26
277
75
453
636
454
328
443
208
351
31
481
221
39
140
403
563
46
133
199
440
328
543
5
434
405
22
185
397
189
93
518
645
77
410
494
517
474
268
396
428
600
282
582
177
53
423
626
317
342
43
284
629
75
9
34
549
608
188
550
182
159
214
148
197
396
53
26
558
211
469
15
304
55
555
111
85
634
344
716
567
430
760
676
582
327
700
551
319
345
251
148
226
709
59
227
595
699
217
280
88
293
219
536
678
593
450
462
256
462
87
488
286
94
250
544
601
129
249
222
558
380
616
101
508
506
68
324
451
209
171
540
679
203
490
548
577
526
314
459
547
671
298
676
228
70
549
769
409
387
63
368
728
203
20
107
680
692
244
687
302
209
239
262
273
443
129
101
625
334
510
116
402
148
575

24
100
16
8
11
9
18
7
9
10
6
6
11
7
16
10
17
10
5
6
6
15
8
6
17
15
11
19
7
7
20
19
11
14
19
10
12
6
18
10
7
11
14
13
11
11
7
19
15
17
16
6
14
10
17
11
18
18
10
12
18
15
14
6
8
13
11
8
5
6
11
11
16
17
15
17
10
14
12
14
16
7
8
18
10
9
5
9
20
12
9
15
10
16
17
10
16
17
7
9
18
6
0
551
573
204
508
284
191
363
506
377
490
6
319
48
215
252
46
273
113
106
449
365
107
518
391
88
218
210
478
431
95
445
180
93
87
393
447
528
510
287
297
462
265
595
568
499
395
54
341
527
16
501
416
378
370
467
538
197
227
373
583
214
205
107
151
563
414
481
225
252
38
97
136
86
581
301
61
307
484
210
510
130
170
473
71
99
426
116
173
107
67
366
250
564
252
414
390
170
507
184
66
590
663
303
643
309
248
465
571
482
609
32
373
122
347
293
122
364
141
139
565
453
222
624
405
110
226
300
562
490
152
469
242
132
146
431
583
584
551
353
362
494
286
650
650
529
484
175
416
585
127
586
447
390
425
597
606
304
335
448
622
271
285
177
215
673
424
560
326
330
133
189
267
167
651
406
163
353
537
296
632
167
225
540
144
161
555
176
214
138
116
421
299
575
310
457
481
208
575
263

25
100
6
14
7
16
20
15
10
20
19
14
15
6
19
10
16
13
8
12
12
17
14
13
12
9
14
16
5
12
19
8
11
20
5
12
18
15
7
17
18
15
14
18
16
19
6
7
15
10
8
15
11
9
13
8
18
12
10
10
12
16
17
8
16
11
18
11
11
15
16
6
9
8
15
17
10
14
18
10
7
14
6
18
15
8
18
18
9
16
19
17
6
5
15
11
12
10
11
16
6
12
0
56
18
571
48
113
317
322
359
432
232
27
509
396
628
383
339
112
77
379
595
56
161
598
431
372
307
302
185
259
35
336
66
87
20
17
340
286
85
40
3
295
203
206
185
541
54
181
355
536
36
370
552
522
557
294
295
383
591
457
375
78
608
9
73
410
22
14
504
93
18
157
235
52
614
616
254
71
271
133
616
8
301
76
104
255
64
439
359
262
517
128
316
15
174
207
248
96
423
168
127
94
110
694
136
146
417
467
420
449
298
86
638
485
748
409
396
174
152
418
679
134
284
728
467
498
438
412
233
392
70
376
76
198
126
54
447
309
182
109
44
375
293
289
289
597
95
249
364
632
148
380
620
555
640
310
394
479
634
499
439
117
696
39
216
472
149
42
625
222
82
210
258
155
710
702
349
183
329
166
673
60
425
187
197
340
172
523
384
380
564
260
447
130
233
309
334
217
463
180

26
100
16
18
13
18
17
6
13
9
15
7
17
7
18
15
16
16
17
10
11
14
6
17
15
6
11
11
18
11
14
6
18
17
5
12
19
8
9
11
8
16
16
12
13
13
13
14
14
12
10
9
15
10
15
14
19
17
16
10
19
14
15
13
5
19
14
9
10
10
9
14
18
16
19
14
9
9
14
18
17
7
16
17
16
19
11
10
17
9
9
5
7
6
10
16
6
10
17
15
7
15
0
223
97
563
271
466
132
296
309
602
581
526
399
64
616
109
421
570
311
132
561
522
214
466
186
51
399
443
391
219
385
151
187
74
329
441
408
101
412
66
190
349
89
231
76
503
542
222
460
454
468
163
448
282
75
348
592
136
222
358
469
210
21
252
342
17
373
622
416
354
67
585
544
132
258
137
286
414
112
160
257
153
62
102
190
469
601
79
402
13
232
372
185
200
373
573
431
286
325
340
53
327
181
612
328
554
246
350
445
727
660
600
419
182
744
163
535
664
341
230
579
625
280
575
245
91
502
545
409
308
494
210
310
173
444
465
533
173
506
198
267
394
113
306
205
597
637
263
562
538
597
299
469
329
156
421
690
202
305
434
609
327
144
334
411
47
409
659
534
399
177
620
620
237
278
156
356
540
157
248
315
208
87
198
233
576
734
196
442
106
248
441
309
220
393
620
480
312
361
462

27
100
12
11
18
13
17
16
10
19
5
12
17
11
9
20
11
15
12
6
9
13
18
7
7
15
8
9
13
7
10
18
19
20
19
8
9
15
19
8
13
9
6
13
15
12
17
8
10
20
13
19
10
8
17
10
9
15
10
12
17
15
7
9
7
9
16
6
13
9
19
10
7
7
7
17
15
6
14
20
8
5
10
7
11
15
15
10
17
15
17
11
16
14
16
12
13
6
8
20
11
9
0
183
538
177
599
352
17
452
281
18
454
586
569
424
164
446
547
558
229
479
378
51
511
255
507
383
73
343
126
378
50
530
424
28
535
28
68
9
567
52
116
523
150
287
274
325
496
74
30
162
215
108
57
461
189
157
251
554
133
249
234
319
212
212
502
481
501
113
258
608
27
168
530
263
447
206
19
491
124
327
262
64
260
390
191
228
233
575
345
112
110
48
511
208
390
273
0
388
371
165
68
205
662
205
649
445
126
586
380
88
565
625
637
482
198
536
577
631
296
543
476
131
619
313
574
460
176
358
230
425
135
629
495
152
638
133
132
124
644
117
172
604
258
392
392
370
586
138
62
295
340
231
100
573
246
268
372
652
190
312
341
424
258
275
542
512
518
182
308
629
70
277
581
291
498
328
61
513
160
439
335
92
272
409
319
248
314
678
402
162
127
173
648
341
412
349
44
475
490
181

28
100
8
16
20
17
15
7
12
19
14
19
16
20
6
20
18
12
14
6
9
9
15
5
9
10
9
6
10
16
18
15
11
11
14
18
17
18
6
17
7
5
6
6
11
9
10
6
12
11
9
7
5
10
11
10
13
16
18
18
19
10
17
11
14
15
5
19
11
9
19
8
9
19
17
5
17
5
13
9
18
7
7
20
15
14
17
5
7
11
6
14
10
16
14
11
10
12
8
6
18
8
0
176
299
325
413
138
444
22
277
210
173
559
217
209
583
324
336
440
423
149
562
190
95
143
558
190
354
332
305
32
505
426
257
493
541
412
254
543
542
318
299
215
599
231
583
297
585
129
249
391
46
5
118
161
542
448
417
495
443
531
544
356
221
427
365
517
372
155
415
312
379
72
500
399
142
562
108
96
226
482
125
452
540
275
212
422
434
256
393
338
443
593
599
11
190
111
94
249
551
451
41
305
389
350
542
151
565
60
350
243
201
672
313
332
713
399
451
512
438
187
598
273
163
200
616
278
469
446
356
63
524
502
304
533
675
434
274
677
660
390
386
258
683
243
668
358
715
147
302
509
155
82
182
275
668
532
442
526
554
625
674
408
284
556
373
588
445
174
481
383
415
154
612
503
265
669
146
189
350
587
246
479
632
306
274
502
446
368
417
466
481
647
724
141
233
141
125
255
626
542

29
100
14
12
17
11
7
18
11
19
15
10
12
12
18
11
11
8
16
5
17
12
7
6
6
14
16
16
6
9
15
11
15
16
10
8
15
9
11
19
10
11
18
18
16
13
15
12
16
9
19
17
9
15
17
10
14
17
16
17
7
10
15
9
10
12
6
17
19
11
12
12
7
16
15
11
12
12
8
19
15
10
10
10
11
12
8
20
14
16
6
7
5
9
15
10
11
15
18
20
13
17
0
271
156
576
578
239
439
470
455
352
525
569
504
622
444
283
507
374
190
342
255
316
236
63
530
304
422
138
221
481
83
416
187
523
80
239
126
251
87
308
335
126
42
324
312
461
381
267
392
387
443
175
259
498
464
593
537
56
195
459
30
290
190
283
508
241
84
430
219
475
523
466
57
501
549
134
385
123
253
321
435
90
504
163
423
225
78
32
581
534
343
226
425
306
109
38
28
72
283
329
76
318
235
656
647
294
523
515
565
462
552
693
610
676
499
348
588
434
220
355
337
366
342
88
613
337
440
235
320
533
149
448
219
607
162
373
230
393
185
349
474
234
113
435
360
556
432
321
501
409
565
242
317
572
558
665
599
136
212
543
74
376
264
331
558
273
226
466
324
530
642
557
152
629
648
199
504
245
350
333
495
221
561
288
491
306
195
102
623
596
447
235
465
421
171
88
92
94
364
384

30
100
9
8
20
6
14
8
18
7
20
17
16
20
7
17
6
7
10
16
8
15
18
14
13
8
19
7
18
19
20
9
14
12
7
15
18
5
7
5
14
7
18
19
17
11
18
17
7
16
5
20
18
8
19
11
9
14
16
19
19
14
11
14
6
19
18
7
17
9
18
17
8
18
16
17
13
17
5
9
12
13
15
9
6
16
5
6
15
12
15
20
15
9
7
13
17
19
6
9
20
9
0
566
327
438
413
520
143
351
249
209
636
322
167
121
527
39
222
467
336
17
117
649
151
242
124
156
269
606
491
97
576
574
575
358
70
372
570
26
205
458
561
632
455
288
426
354
181
273
517
173
391
156
143
390
628
293
287
27
193
361
422
283
210
47
420
516
160
123
11
270
334
21
288
365
584
59
367
331
323
529
194
138
546
605
8
260
481
329
309
231
40
184
635
126
29
205
338
568
231
295
76
675
413
533
540
539
269
476
377
328
730
351
253
207
606
91
237
509
394
68
175
712
210
303
155
238
395
692
515
166
675
709
697
488
124
506
633
154
289
467
624
778
475
322
446
449
303
343
627
286
412
252
226
494
718
422
356
130
308
473
463
381
236
185
521
575
186
188
151
411
453
65
305
462
656
112
418
367
425
633
323
220
559
719
26
316
505
383
369
301
71
223
735
258
129
257
388
694
308
387

