1
15
16
11
10
16
19
7
7
8
7
16
16
7
10
7
9
0
24
46
13
77
78
25
46
73
76
45
40
35
12
45
28
40
69
44
99
93
34
70
89
96
71
61
55
25
61

2
15
10
16
12
11
10
18
16
16
15
15
7
9
14
10
16
0
9
40
4
27
83
81
65
66
7
29
4
13
52
90
23
39
57
18
37
114
97
87
95
32
52
22
31
75
117

3
15
19
12
20
6
12
10
6
11
13
15
10
5
13
16
9
0
55
57
33
63
70
77
32
15
85
23
80
23
16
30
34
74
82
40
76
94
83
59
45
111
41
91
46
42
44

4
15
19
20
6
17
12
13
18
17
5
7
19
11
20
6
5
0
40
33
42
34
97
41
84
39
71
75
40
17
31
66
27
73
39
71
46
128
65
119
57
78
95
68
51
53
85

5
15
12
11
11
5
9
16
8
12
15
6
10
17
14
6
12
0
40
9
52
44
4
14
20
8
56
74
66
35
77
38
24
64
30
72
63
26
26
42
33
72
97
94
55
93
57

6
15
15
11
9
17
11
9
9
5
18
20
15
14
8
11
17
0
63
23
53
61
9
68
17
44
24
57
0
31
51
43
18
85
49
87
72
25
85
30
77
54
78
26
51
77
64

7
15
18
13
9
9
13
16
19
11
9
16
10
16
18
16
17
0
34
8
29
3
3
92
40
47
76
30
43
32
32
19
31
55
35
41
33
23
121
54
74
97
40
62
64
54
42

8
15
18
17
11
7
18
20
7
12
17
6
19
11
7
15
5
0
80
64
43
33
12
49
34
54
89
68
47
14
82
26
35
114
82
64
54
42
60
51
74
105
100
67
34
101
37

9
15
11
15
13
16
6
13
11
19
11
17
15
19
11
9
19
0
99
54
87
28
20
27
85
45
22
101
32
22
97
61
30
128
84
115
36
53
49
123
65
45
125
61
39
110
93

10
15
7
17
19
16
5
11
16
14
16
17
8
18
15
10
14
0
25
25
47
68
48
42
27
10
66
54
77
67
16
69
19
47
62
70
90
64
74
41
45
87
68
101
86
44
88

11
15
9
15
11
11
10
19
8
19
15
17
18
7
16
20
18
0
87
100
100
44
54
34
10
17
19
97
72
93
101
75
11
112
129
130
61
73
62
35
33
43
124
85
129
138
111

12
15
6
17
12
12
12
6
13
18
17
9
13
5
10
20
12
0
65
21
61
73
27
72
89
87
28
30
59
11
20
50
17
94
44
85
99
45
91
115
110
55
46
69
24
46
77

13
15
19
20
19
16
19
5
14
13
10
13
9
14
9
12
10
0
1
70
6
86
78
58
69
74
17
57
58
51
59
101
31
28
99
34
110
99
87
92
90
42
82
72
74
80
125

14
15
14
11
17
16
8
7
19
14
7
8
17
16
9
7
8
0
74
59
35
33
1
45
85
0
52
31
76
36
54
58
23
90
83
58
45
11
73
110
11
76
50
103
62
75
68

15
15
12
18
15
13
16
11
20
16
16
15
16
13
11
18
11
0
83
4
86
8
22
56
99
10
107
96
41
52
24
91
32
119
40
120
30
52
78
124
39
138
117
67
78
57
119

16
15
9
14
6
10
8
14
12
9
10
9
20
17
17
18
10
0
35
19
70
58
76
90
31
13
59
36
81
5
52
65
20
66
31
86
73
101
114
45
35
76
69
98
28
75
76

17
15
12
17
18
5
19
10
20
16
16
12
9
7
7
8
10
0
76
64
77
7
3
56
62
34
40
63
28
60
33
25
14
98
83
84
37
26
80
92
59
61
72
45
81
48
40

18
15
16
14
17
12
10
5
19
10
14
16
10
13
18
9
17
0
82
53
53
18
54
21
44
2
8
20
21
84
20
12
30
98
81
81
28
71
47
68
26
39
40
47
121
39
32

19
15
11
19
10
12
18
15
7
9
9
17
10
8
10
10
11
0
10
8
42
40
30
85
51
75
39
76
17
33
69
63
26
45
32
57
60
58
101
77
95
57
94
25
57
87
74

20
15
18
17
13
19
10
14
17
14
7
11
13
6
7
11
18
0
96
34
86
35
28
12
20
34
89
26
48
9
59
33
20
129
64
111
58
53
47
52
46
117
43
54
25
78
67

21
15
19
6
16
17
17
13
13
14
10
7
12
11
17
11
18
0
41
22
91
14
92
72
97
71
1
5
21
0
84
100
22
56
50
125
42
124
97
131
88
9
17
34
22
98
126

22
15
8
13
9
19
18
18
13
18
17
15
20
20
5
13
16
0
94
12
53
31
65
82
110
92
83
54
105
60
29
93
22
120
29
91
49
101
103
141
114
109
81
145
85
52
111

23
15
10
6
6
12
5
16
12
8
11
16
7
7
12
18
11
0
11
10
65
51
23
62
16
13
38
75
65
8
63
15
23
17
31
88
57
46
83
25
25
62
84
72
33
96
36

24
15
18
16
5
18
15
17
10
6
15
9
16
5
13
18
14
0
39
26
52
43
34
87
31
75
7
24
86
85
46
72
36
74
46
73
62
63
113
45
91
20
45
105
109
81
88

25
15
8
8
17
7
13
8
12
10
18
7
8
11
8
11
18
0
37
79
9
7
77
46
2
37
73
34
72
23
38
4
14
60
100
29
23
98
69
27
55
92
47
96
38
55
36

26
15
8
6
15
15
9
19
15
9
19
18
13
19
17
16
17
0
78
23
10
2
20
66
88
29
68
28
30
88
104
107
22
92
50
31
13
49
100
103
60
95
53
63
116
138
130

27
15
5
19
14
6
13
6
8
17
17
11
7
9
16
8
6
0
15
66
51
57
38
81
3
24
32
76
59
54
59
4
17
38
89
65
70
57
94
34
52
52
89
81
84
80
21

28
15
11
7
18
8
18
18
7
7
14
9
6
12
8
15
19
0
8
74
37
62
59
4
28
0
87
85
48
84
54
27
25
16
105
60
87
85
20
52
20
113
92
62
95
80
61

29
15
9
5
7
19
12
10
16
14
11
13
7
11
19
20
7
0
16
86
17
9
10
38
31
3
83
86
57
85
39
3
16
36
103
43
24
35
60
47
20
96
109
76
104
69
21

30
15
17
13
19
9
15
13
13
8
6
11
14
12
19
16
6
0
25
60
41
25
80
12
91
70
12
53
39
6
23
54
28
41
92
51
55
108
29
108
94
30
71
56
42
42
69

