1
150
16
6
16
20
17
15
7
14
18
18
12
9
18
19
19
14
7
14
12
8
9
10
16
11
14
16
11
17
16
19
6
12
16
15
14
14
19
18
6
19
9
8
11
11
13
7
6
11
6
9
7
11
18
16
17
13
15
9
8
13
14
16
8
9
16
11
9
16
14
19
17
18
12
13
9
7
16
8
6
8
5
19
7
6
7
19
18
7
19
7
6
9
20
18
16
20
10
6
12
7
10
6
6
8
9
5
8
12
6
14
16
6
8
7
6
10
16
6
18
14
12
16
12
16
6
10
7
15
12
19
16
12
20
8
6
18
19
6
6
18
8
17
5
5
10
16
12
7
13
8
0
26
439
776
574
664
275
25
878
82
445
601
504
448
708
231
368
31
66
192
446
570
476
596
41
271
468
710
97
529
790
169
119
817
470
90
818
817
897
846
514
471
833
27
22
794
846
875
462
621
91
438
570
282
308
204
534
125
872
353
876
380
667
525
691
233
537
727
15
764
450
20
707
606
435
138
686
727
360
851
265
852
379
536
108
325
731
518
503
375
2
456
431
726
467
483
725
142
678
93
756
175
145
457
176
49
792
154
553
887
269
28
391
11
587
841
29
721
92
401
879
261
370
27
161
302
606
829
793
860
170
586
586
329
881
581
260
419
875
674
756
810
382
112
466
345
513
380
767
397
23
141
595
831
614
750
287
109
953
215
552
660
568
581
750
345
483
175
159
377
595
594
509
754
94
312
485
876
131
641
878
337
156
988
631
257
883
936
974
887
563
591
881
46
119
940
920
1022
531
640
276
622
673
459
406
360
690
139
950
438
952
433
702
616
791
253
696
788
36
787
475
126
867
771
489
226
791
793
525
987
303
1051
402
550
185
425
817
644
679
521
168
545
549
744
597
568
893
154
778
224
927
327
180
501
219
108
968
340
585
913
384
210
530
185
752
880
47
824
247
420
1053
346
514
144
183
484
613
935
951
1005
249
727
675
422
944
736
293
428
955
756
838
884
511
274
523
406
591
477
957
492

2
150
18
9
19
19
6
15
13
15
17
14
11
20
18
8
8
7
13
12
18
6
16
15
11
19
5
12
16
11
12
13
7
7
11
14
15
11
18
19
14
8
18
8
10
18
12
8
9
10
7
10
15
13
19
8
12
9
15
16
16
19
5
6
10
18
12
20
14
5
6
17
8
8
14
12
6
9
10
8
14
9
19
9
6
12
18
13
5
8
7
9
12
8
17
7
16
14
14
6
14
18
14
6
9
18
16
13
16
9
17
17
11
14
8
19
13
7
9
14
14
8
10
13
18
18
10
6
15
17
14
12
12
7
6
15
6
19
10
9
20
19
17
6
5
14
13
14
7
16
19
13
0
92
278
637
721
476
414
244
365
463
426
854
445
500
871
182
885
818
560
31
178
246
251
419
187
837
864
871
533
351
314
368
722
309
848
820
915
566
511
21
97
752
30
187
119
743
570
499
494
221
583
668
735
548
430
562
671
702
857
764
738
676
286
164
76
375
103
87
894
30
749
891
308
323
539
544
278
859
359
506
229
716
297
714
213
624
591
85
426
359
340
35
19
137
825
641
401
503
411
800
266
281
815
330
494
2
634
573
594
218
508
544
229
277
470
874
426
803
896
576
462
705
551
750
718
254
371
246
116
124
12
157
281
566
426
343
409
757
409
220
536
644
396
865
888
717
510
379
217
176
141
253
337
658
815
638
497
335
414
499
571
1006
544
577
907
336
948
845
591
38
284
406
320
612
262
991
898
941
608
500
335
431
911
366
912
908
1009
592
698
126
223
832
56
387
295
799
717
576
513
320
730
852
936
561
598
620
832
751
993
823
799
851
350
283
114
448
225
169
962
47
815
941
329
357
608
700
296
869
520
600
365
810
479
744
348
658
767
204
448
396
517
208
109
204
1021
820
506
569
498
931
410
388
857
494
689
61
816
613
634
275
661
725
383
445
602
916
557
931
932
687
602
826
640
940
746
401
569
445
195
246
60
303
382
755
611
388
574
883
514
286
717
812
574
908
972
774
689
402
388
283

3
150
16
11
7
9
19
6
11
11
5
7
6
9
16
16
9
18
19
18
7
5
20
11
14
11
10
10
10
10
8
14
11
8
19
5
18
20
16
9
19
19
11
9
7
11
7
15
6
11
20
8
12
6
17
6
7
13
17
9
12
15
9
7
9
11
13
20
13
9
6
12
15
9
12
19
17
19
16
16
12
5
5
6
9
11
10
18
16
14
18
9
16
14
19
16
15
10
10
13
14
15
15
5
10
18
8
13
15
17
6
9
14
15
13
19
8
12
12
14
10
7
6
14
8
12
15
6
14
15
14
13
16
14
13
8
19
13
9
19
8
16
7
18
7
13
19
7
18
14
9
9
0
324
209
376
777
774
516
765
553
409
263
701
484
489
425
789
470
254
510
310
578
774
374
113
224
190
437
235
410
822
123
148
820
651
239
858
476
595
886
337
154
111
631
673
662
645
400
170
656
440
473
643
868
218
430
402
169
498
465
446
387
40
242
728
735
806
88
327
590
651
685
316
615
110
609
311
879
856
629
281
566
280
434
449
684
850
361
789
650
362
159
270
216
897
80
104
353
791
891
164
861
117
784
147
183
415
401
144
681
875
249
287
194
18
803
553
524
493
538
388
900
488
364
138
657
424
558
310
197
179
507
634
715
26
142
442
901
604
582
503
218
487
139
523
591
383
535
664
572
648
82
414
274
433
890
836
593
824
694
594
272
880
662
683
470
911
563
320
594
463
652
906
435
207
269
333
489
397
574
894
273
177
1011
745
290
956
540
749
963
393
224
270
763
807
751
820
565
356
727
584
496
743
1041
301
488
515
216
637
555
483
461
162
342
825
830
909
139
407
740
743
769
345
637
300
672
430
914
879
668
360
637
364
553
624
725
966
457
926
806
505
331
408
266
1038
95
208
530
894
936
188
993
273
797
322
299
551
584
200
711
1045
268
333
231
59
978
681
625
596
643
526
1007
554
425
229
812
484
591
327
261
200
527
802
869
97
223
521
993
745
598
674
263
613
175
635
789
554
555
844
667
757

4
150
19
14
6
7
15
17
6
6
9
17
11
17
18
16
13
7
7
13
7
18
7
8
12
7
18
18
8
7
6
12
8
16
18
9
14
10
6
18
9
10
15
14
20
17
19
8
16
8
17
11
18
10
18
12
10
10
6
11
5
11
11
13
7
20
5
16
14
9
16
5
8
8
6
11
16
10
14
9
13
7
11
18
6
16
5
12
16
15
12
14
13
16
13
19
7
17
17
19
8
12
6
11
18
16
19
6
7
19
12
13
13
14
16
5
17
15
14
13
20
12
10
18
16
8
6
20
12
14
8
20
13
18
15
13
18
14
11
13
17
11
10
5
15
16
8
19
7
9
17
12
0
771
839
463
623
508
381
777
501
849
524
115
852
529
631
165
539
19
202
177
660
893
865
875
364
328
662
773
582
69
788
749
660
329
722
610
399
775
51
714
894
468
620
766
810
291
299
471
129
671
870
676
571
907
833
369
729
378
302
291
270
474
889
124
88
91
734
23
626
289
186
916
166
705
590
341
904
533
514
626
371
632
738
87
248
12
921
818
816
24
199
27
53
203
466
344
86
925
361
476
871
578
160
702
594
544
917
419
361
85
364
798
60
30
586
23
670
156
166
680
823
771
736
3
104
835
602
256
626
353
749
628
733
288
539
466
295
281
19
392
298
483
133
372
345
303
61
849
53
411
151
869
947
624
683
694
511
810
665
1008
597
132
878
681
797
326
604
181
343
312
819
954
1063
957
455
493
685
874
681
229
868
902
701
470
763
705
506
809
241
812
1057
652
661
786
998
402
441
580
246
757
1055
817
635
1051
971
419
736
517
401
475
304
557
1057
306
134
165
837
133
725
391
251
979
272
892
712
533
1098
668
529
766
515
684
821
113
429
25
1064
892
852
205
297
110
232
226
597
465
121
986
535
549
967
750
361
892
677
597
1073
598
480
150
473
907
183
73
673
154
747
198
244
876
870
858
809
191
213
992
799
350
659
483
808
731
929
379
620
595
453
363
116
407
468
527
318
392
378
446
145
999
189
570

5
150
19
11
19
9
19
10
15
8
6
5
20
15
19
20
5
7
16
12
16
5
14
9
16
19
19
8
15
19
15
8
17
8
19
15
9
17
17
11
12
16
8
16
14
19
19
10
12
15
14
13
9
20
6
16
19
15
12
5
17
13
19
7
15
10
15
16
13
11
17
14
6
9
16
20
7
19
14
12
5
8
10
16
18
10
19
6
19
8
8
8
10
6
10
7
16
16
16
12
10
16
12
16
11
13
18
19
7
12
6
13
7
16
12
5
7
9
6
8
19
20
5
11
12
13
14
7
10
16
12
17
10
13
17
19
6
17
6
17
11
12
16
8
19
18
11
5
8
6
15
13
0
18
131
816
356
569
682
137
531
548
185
439
346
788
561
339
827
449
949
639
616
936
851
735
670
497
735
733
428
132
137
599
942
17
427
548
503
383
843
676
144
354
684
224
734
112
63
189
503
841
693
150
394
195
46
643
386
609
376
53
850
579
220
210
643
503
337
125
300
842
294
635
116
370
492
351
531
864
140
902
317
263
254
918
942
667
276
565
221
818
262
833
778
375
81
331
231
891
900
474
59
292
419
855
65
80
447
444
146
146
190
707
102
407
508
552
146
357
144
170
463
502
594
809
576
570
623
397
685
388
924
648
3
207
849
780
946
662
110
160
851
95
713
245
78
851
101
500
566
396
80
145
316
972
432
699
801
260
545
623
307
623
523
944
619
430
925
532
1023
689
753
972
871
804
780
637
920
754
483
207
326
662
1084
146
532
661
679
567
1014
705
249
497
800
265
866
249
254
221
704
863
860
269
574
227
195
745
440
766
504
239
1012
709
347
362
683
593
523
215
394
931
409
825
221
451
683
483
731
998
323
1016
446
439
420
950
1042
814
474
719
416
983
387
931
837
385
106
503
424
1048
910
675
230
468
577
956
178
263
546
574
218
304
221
819
228
469
665
635
217
528
305
294
640
623
760
901
768
599
748
569
766
407
957
744
139
230
920
819
1014
745
147
222
1008
140
785
432
144
950
279
598
673
454

6
150
20
12
9
11
12
8
15
14
12
10
18
20
5
18
19
16
7
16
18
11
11
11
18
7
6
19
9
5
13
10
10
16
11
11
14
7
9
5
19
9
16
9
7
6
17
20
13
18
17
9
6
6
7
14
20
17
6
8
8
5
13
14
20
7
15
15
12
7
8
19
18
15
13
16
19
6
6
12
18
8
6
8
8
7
14
11
8
12
17
11
20
8
8
18
9
10
12
14
15
11
17
16
11
17
15
7
7
13
16
16
7
16
10
7
15
15
13
18
6
10
13
15
14
15
8
10
14
10
7
7
7
10
5
6
19
9
7
10
19
11
8
17
6
11
8
19
18
11
5
6
0
856
761
643
351
251
158
438
14
104
50
187
215
863
858
49
224
547
48
461
136
456
122
152
691
20
81
885
752
455
625
441
616
748
255
427
136
273
29
581
726
479
389
822
226
329
681
575
399
238
838
521
880
263
678
800
238
151
755
801
276
394
211
808
313
284
30
833
793
158
891
470
281
254
457
447
715
680
715
794
527
294
751
775
325
760
747
831
726
199
616
104
88
557
318
492
307
606
454
91
721
480
354
361
816
383
292
57
696
630
582
271
354
812
613
750
117
806
408
235
622
516
610
641
223
173
808
134
690
765
136
810
349
167
72
871
701
622
856
567
331
814
383
718
321
688
387
779
366
291
62
919
945
705
526
380
187
530
71
260
161
286
298
912
949
79
308
623
224
555
238
492
145
203
834
166
224
949
778
509
743
484
685
902
361
445
236
435
83
735
799
504
443
950
398
463
853
651
482
425
1014
665
909
353
788
950
396
296
877
925
400
435
303
918
401
302
208
888
912
198
993
648
389
430
556
540
897
861
766
837
593
456
849
839
512
811
900
946
811
227
790
204
120
697
466
669
443
718
582
268
816
510
379
468
986
493
352
144
776
761
747
308
420
863
778
845
173
858
461
261
740
575
629
703
356
333
996
277
862
845
288
948
384
239
172
969
856
788
1022
700
443
862
548
847
473
864
413
820
403
453

7
150
12
17
9
8
13
19
11
13
13
15
11
6
12
20
6
13
10
20
12
19
17
7
9
19
11
14
18
18
20
7
6
16
8
9
15
8
14
9
12
13
9
12
18
9
9
15
11
18
16
7
9
10
18
11
7
7
17
16
6
17
9
15
7
7
16
11
14
7
8
15
20
15
8
8
16
9
18
12
12
18
18
11
11
6
10
13
17
19
18
8
12
14
11
17
16
11
11
7
13
7
20
20
8
12
17
19
17
17
12
15
15
14
11
10
13
11
9
12
6
13
14
8
16
13
12
6
9
15
19
14
9
17
13
6
10
12
15
19
12
18
9
9
10
9
7
14
15
9
16
15
0
567
714
273
55
47
449
559
720
76
908
326
26
230
29
189
94
638
109
756
657
731
842
49
782
795
881
245
936
609
657
294
245
239
568
514
289
85
485
427
849
568
350
855
828
408
254
21
146
498
737
333
745
70
725
512
599
628
479
106
572
582
343
497
99
777
789
194
585
82
221
587
42
266
717
153
693
292
284
833
797
205
658
799
913
372
719
153
584
245
802
395
547
324
233
598
614
152
154
390
781
753
573
410
427
567
880
896
325
844
307
410
439
104
22
58
132
243
517
125
346
114
678
145
224
104
707
637
19
138
180
555
866
485
13
1
35
70
567
363
572
692
893
103
912
568
774
55
350
679
51
670
745
428
214
174
470
709
861
180
1106
461
120
331
41
212
148
698
190
821
746
901
960
239
826
831
1079
285
966
650
829
379
296
421
728
671
416
135
623
543
905
700
369
1002
897
598
353
186
251
647
871
472
914
94
821
523
698
732
617
145
696
607
359
565
212
803
967
343
717
269
406
684
66
377
761
209
744
369
425
958
874
229
822
806
977
565
860
215
704
426
837
426
607
451
325
653
692
215
287
450
865
914
696
574
485
656
930
960
380
901
377
581
595
190
101
229
174
401
648
174
499
130
843
264
367
291
837
704
125
283
365
579
1055
511
210
126
63
100
670
525
700
775
914
210
965
728
877
229
499
701

8
150
8
7
15
8
19
6
13
15
14
8
19
8
9
16
15
15
9
9
12
10
7
18
11
20
19
7
13
20
5
17
6
13
5
16
10
11
12
8
8
11
9
7
10
12
18
20
13
10
18
18
16
16
18
15
13
10
19
14
19
14
13
10
8
11
8
10
8
16
19
14
8
8
18
5
13
19
12
15
15
11
10
18
11
13
5
9
18
7
10
14
5
5
6
9
8
20
18
15
8
16
12
18
16
12
15
5
19
20
15
12
19
10
12
10
15
17
14
17
8
11
13
6
17
10
14
10
18
18
9
7
12
18
20
16
7
15
7
6
8
13
13
8
7
18
6
19
18
10
11
13
0
141
255
72
632
725
481
474
389
917
65
925
517
699
437
17
801
456
744
800
440
475
411
880
732
9
180
172
646
861
848
605
628
299
299
624
511
708
230
872
341
212
704
525
284
99
473
656
927
747
863
644
147
384
281
270
21
191
532
62
313
118
775
372
416
181
303
154
321
7
18
626
55
179
391
730
303
17
748
814
853
19
478
508
515
807
459
667
785
233
612
41
31
144
307
275
140
152
341
551
245
178
97
151
392
342
784
543
64
347
877
8
392
934
262
484
576
214
159
922
156
551
338
585
475
87
360
605
98
491
748
106
30
346
514
477
369
139
64
45
489
427
271
238
324
451
214
806
789
260
60
248
451
188
816
820
495
571
544
1004
207
1023
576
727
622
35
845
552
936
967
529
573
459
1082
752
91
297
216
770
1062
902
652
733
398
356
723
654
795
297
900
535
264
749
564
431
294
615
669
1063
849
906
784
273
421
323
286
45
374
729
169
338
212
861
483
508
276
317
251
446
103
165
703
149
257
425
848
366
101
892
947
914
135
673
657
589
943
657
701
805
410
701
58
104
337
391
353
215
347
420
668
354
320
140
346
428
497
966
667
172
388
1039
132
458
1022
380
511
590
386
304
974
280
569
359
632
609
182
537
794
137
502
831
266
215
434
686
500
562
158
246
69
526
484
333
442
449
565
410
924
974
352

9
150
7
14
19
19
15
8
10
19
18
7
18
10
7
20
9
6
18
6
16
12
17
17
8
17
8
10
6
18
10
7
19
13
9
20
6
12
10
8
6
13
8
8
6
9
18
20
13
9
13
6
16
17
6
10
6
5
19
12
6
6
18
12
19
9
19
13
19
12
8
11
18
15
5
16
7
18
15
12
17
17
19
9
9
16
8
9
10
10
12
17
19
14
16
8
10
20
9
17
6
10
8
15
20
17
6
15
9
17
18
6
15
13
11
13
10
12
17
6
18
11
9
19
17
12
7
19
15
8
7
16
19
6
14
20
19
14
15
13
13
11
14
9
15
14
7
18
16
18
14
6
0
792
821
440
145
465
209
418
114
796
537
698
621
661
406
390
168
473
843
486
146
492
573
157
426
895
167
530
940
941
415
221
522
679
631
531
843
618
242
808
92
920
839
927
334
278
679
850
882
765
610
41
672
827
122
872
918
694
630
820
729
499
363
320
639
222
798
643
106
676
504
686
146
470
111
183
938
460
917
228
835
213
930
90
826
834
239
174
43
577
575
616
567
423
516
631
494
380
569
428
158
834
644
389
446
118
362
260
134
758
807
644
530
383
178
65
658
607
885
310
769
403
663
67
242
636
398
921
74
488
286
43
765
134
935
283
127
805
904
610
747
518
658
461
383
270
664
847
599
30
156
948
898
518
311
627
394
607
162
811
599
737
715
710
452
445
261
632
884
676
213
557
641
328
524
1087
316
563
972
954
538
368
548
869
727
673
1025
645
285
936
210
1059
993
969
496
300
862
1010
992
845
697
239
849
950
226
966
1096
789
801
882
783
602
517
351
803
278
850
701
152
817
535
713
180
633
200
337
957
542
1101
259
964
322
1063
244
951
972
362
216
70
648
764
765
739
576
679
742
579
442
604
618
354
1010
842
463
639
165
522
315
197
864
924
696
641
535
319
149
732
625
933
385
806
591
852
152
266
832
585
1080
126
591
321
63
925
231
1073
325
308
967
990
685
864
583
795
492
563
392
698
922
617
191

10
150
8
8
15
15
18
15
8
14
13
18
8
12
13
7
8
16
10
8
9
14
14
7
9
6
11
11
19
13
11
8
20
13
8
16
18
7
15
7
13
17
12
8
16
17
20
20
20
14
15
18
8
12
17
16
17
14
11
14
13
10
5
19
13
11
18
16
15
16
6
17
15
10
8
8
8
7
17
16
7
13
16
10
12
13
9
18
17
12
14
19
9
14
10
18
9
6
13
17
15
19
16
16
8
8
9
5
10
7
10
15
16
11
18
12
12
17
5
8
6
13
13
10
8
19
12
12
17
16
17
8
7
11
9
13
6
9
18
13
16
11
15
14
6
16
19
6
9
9
8
20
0
428
309
818
685
261
36
695
551
918
138
663
36
836
621
215
731
194
646
442
354
535
702
926
299
526
448
225
559
531
124
671
449
79
748
872
593
932
658
83
225
768
521
669
264
482
296
914
587
761
254
52
89
613
814
269
146
697
174
348
369
701
422
422
400
171
475
291
390
474
618
473
773
433
719
629
552
187
22
775
330
176
294
872
861
454
517
444
550
340
863
382
481
787
380
151
718
133
496
47
211
591
663
803
926
202
104
789
396
755
434
3
515
756
613
782
827
197
570
347
376
284
259
765
759
494
179
489
682
482
439
555
923
792
629
859
616
508
421
837
26
794
319
591
87
276
620
855
751
593
172
567
449
946
774
363
216
737
570
956
301
675
134
989
703
283
817
270
663
467
400
710
792
1024
384
675
492
319
613
673
195
723
501
114
904
967
775
1058
719
233
271
853
699
773
313
666
495
1062
752
927
382
166
143
693
914
390
232
760
209
389
524
757
561
444
528
207
535
354
582
493
637
645
955
593
898
810
714
302
203
902
491
313
347
1060
1056
492
656
561
593
369
1014
507
553
942
420
336
892
182
528
151
304
735
709
983
1046
323
176
901
411
923
518
23
585
850
781
857
932
297
655
474
482
456
277
963
830
521
325
565
704
610
538
707
1005
831
737
1026
731
526
579
979
75
847
343
757
161
351
783
1036
823
649

11
150
19
13
9
10
9
15
17
11
20
9
6
17
19
19
16
9
14
9
6
7
7
17
5
14
16
9
18
15
17
7
12
10
6
15
11
6
5
9
9
10
12
12
6
16
7
6
16
12
15
12
16
5
14
14
18
8
15
13
19
12
15
14
12
11
13
9
17
12
6
13
18
17
14
11
5
14
7
8
8
10
19
10
17
13
16
16
14
17
6
9
15
17
14
19
12
9
19
6
12
19
14
10
9
9
9
6
5
10
9
15
14
6
8
13
19
12
8
10
13
12
19
19
8
14
5
6
7
10
12
12
10
17
6
15
12
12
11
7
8
17
7
18
17
7
7
9
12
15
7
11
0
608
621
838
491
524
622
655
837
564
314
121
417
378
169
0
631
254
533
531
75
700
761
550
384
150
435
209
418
56
654
751
178
372
345
573
685
33
720
656
736
565
344
773
802
725
200
437
752
780
299
268
766
773
122
793
127
683
449
623
601
197
168
794
189
658
771
298
857
662
535
294
27
351
8
227
109
516
801
674
503
884
599
611
141
619
235
346
802
59
808
486
100
498
444
173
883
139
762
84
121
837
559
91
42
604
149
621
160
743
109
292
469
809
31
645
276
458
663
746
691
87
755
505
581
629
21
823
247
632
432
701
848
792
313
817
470
700
195
337
688
646
627
15
486
383
226
150
274
538
195
664
808
923
658
598
785
723
862
667
490
310
487
406
314
166
669
427
588
635
246
763
812
640
465
321
558
383
536
161
807
810
242
546
526
604
866
79
874
684
871
710
365
796
847
788
295
494
814
890
361
329
860
803
256
828
272
766
609
665
727
246
194
959
376
732
820
466
956
731
636
448
55
468
167
340
223
666
938
746
684
985
722
801
224
706
360
387
867
89
900
619
198
551
477
316
915
234
842
243
183
951
617
114
84
675
272
752
206
842
276
398
505
963
150
835
405
555
765
875
818
109
932
569
687
709
122
893
376
721
514
818
928
933
397
974
642
821
379
374
730
683
786
78
493
511
342
216
414
629

12
150
9
5
19
10
19
13
17
13
14
6
15
14
9
11
13
7
15
17
5
9
13
6
7
9
7
6
10
15
9
10
11
7
13
13
12
13
7
10
11
20
8
11
20
14
7
7
15
8
12
18
9
11
6
10
20
9
7
9
20
16
10
8
16
9
15
14
12
10
13
9
5
20
20
17
10
14
10
19
7
19
6
19
8
12
15
8
7
8
15
12
15
17
15
10
13
8
13
13
19
19
6
11
17
13
7
17
11
15
10
15
18
6
6
18
11
7
12
11
11
5
10
7
19
11
11
19
14
7
17
18
18
15
5
10
8
12
14
6
16
11
16
15
19
9
6
15
8
11
15
12
0
801
300
372
873
314
192
601
489
487
122
644
16
92
25
718
80
155
235
803
31
705
577
338
769
57
837
72
194
23
495
711
75
250
580
634
443
328
124
786
284
68
851
169
413
426
17
807
357
845
290
223
384
4
440
184
526
222
195
765
536
55
106
415
708
487
160
697
323
269
397
485
831
411
117
718
651
580
724
17
378
217
689
468
783
584
286
281
730
829
62
718
738
409
836
386
445
85
852
736
216
354
582
309
517
291
21
705
327
191
770
4
781
168
452
210
47
825
709
864
8
835
196
882
861
230
86
559
615
675
682
614
751
717
502
115
4
646
669
28
864
605
828
772
887
268
198
508
615
818
161
907
350
474
923
348
228
688
503
514
202
790
59
260
195
826
141
330
325
828
79
726
607
425
781
196
945
177
273
95
598
832
217
388
743
706
492
441
206
949
350
106
884
304
528
533
55
933
390
1000
441
288
402
40
552
338
621
404
370
804
594
76
180
424
887
516
185
784
419
348
579
533
854
449
286
841
686
698
800
206
525
249
747
588
944
606
436
292
907
841
214
899
913
579
1014
545
497
209
955
807
352
410
612
354
579
410
104
896
469
265
873
46
820
235
606
337
181
905
842
902
43
927
326
895
884
356
126
722
758
753
727
767
872
815
668
206
146
688
821
152
895
624
891
800
987
461
339
622
756
874

13
150
19
10
10
8
10
20
11
15
18
16
16
12
17
7
15
7
15
11
5
18
14
17
15
11
14
9
10
20
6
17
15
12
9
11
20
6
10
16
9
8
5
19
18
9
13
7
19
17
16
13
10
15
8
8
17
19
11
7
9
8
7
9
8
14
13
9
16
7
14
15
17
19
12
20
7
10
7
17
12
17
10
5
20
15
8
18
12
16
16
6
13
16
5
7
15
15
13
15
15
17
13
14
5
11
9
8
15
10
18
14
6
7
18
7
14
8
18
8
13
13
11
13
11
18
8
9
8
14
7
8
19
10
10
14
13
14
10
17
19
6
12
13
8
10
16
19
8
17
5
8
0
570
683
527
512
416
816
675
675
634
648
240
474
208
356
357
308
882
231
693
9
645
453
247
731
192
773
266
473
779
130
885
107
90
394
184
338
576
400
183
906
849
174
761
18
300
580
805
701
460
753
511
805
7
714
107
163
200
429
18
682
91
888
522
558
144
296
357
885
81
191
655
893
335
731
721
102
337
880
355
252
229
297
775
337
165
179
357
722
95
773
357
418
659
218
193
723
691
743
220
242
279
69
835
11
273
861
112
64
696
364
69
627
49
443
673
347
748
185
911
125
494
186
826
359
678
72
742
144
564
844
825
105
8
55
883
782
716
633
801
75
162
129
576
170
500
603
348
639
726
92
645
724
712
607
450
861
780
832
797
780
300
554
310
418
406
386
998
348
829
168
674
512
368
844
245
856
308
638
974
146
946
216
185
456
301
382
685
482
298
1037
898
290
770
112
365
660
872
767
653
918
620
927
164
832
176
190
331
502
207
835
232
1067
665
674
301
323
453
1006
239
294
842
989
432
844
900
149
449
1059
504
322
410
407
935
388
220
360
508
821
137
870
391
564
827
409
358
830
783
907
309
352
389
215
964
169
391
1040
282
143
781
450
156
676
201
626
801
425
829
225
1069
218
620
298
885
512
819
174
868
267
732
870
1001
216
95
169
938
906
783
654
897
106
215
189
690
297
577
773
379
692
839

14
150
19
13
6
9
18
18
12
13
19
11
10
9
16
10
18
7
20
11
19
13
18
8
13
10
16
13
14
18
13
17
6
19
20
10
10
5
6
11
8
16
11
15
6
8
8
19
8
10
8
8
5
6
18
9
8
6
19
6
9
11
12
10
10
16
17
18
15
9
8
19
17
14
6
11
14
18
9
12
8
19
6
18
7
19
15
14
11
18
6
8
18
10
16
5
13
8
16
5
12
19
16
8
6
14
20
14
17
18
7
16
20
14
14
5
18
20
13
20
6
7
20
6
18
13
14
19
13
15
8
6
9
13
12
5
6
7
7
17
15
14
11
8
10
7
13
12
19
9
19
20
0
839
246
622
348
742
503
806
868
913
438
435
429
810
901
671
710
838
642
244
547
340
583
931
79
628
437
569
428
23
654
851
893
49
734
854
810
434
356
749
630
195
905
611
21
173
778
165
613
55
699
204
928
174
310
341
439
183
403
362
300
223
450
759
911
436
192
405
646
698
555
921
557
147
525
782
743
253
159
845
662
753
792
596
253
589
475
288
158
614
883
379
730
642
426
404
885
665
60
782
226
655
243
401
850
402
627
919
120
324
522
372
659
41
511
90
886
313
468
40
732
463
889
83
771
628
912
895
511
13
874
610
182
504
920
512
572
274
707
907
597
738
114
510
197
297
406
60
797
81
53
887
383
780
445
902
649
939
1060
1109
491
490
525
877
1014
795
901
880
750
381
622
456
640
966
189
762
557
743
466
213
675
1025
1093
203
761
919
885
568
365
806
776
310
955
798
63
218
867
268
756
159
716
233
1104
275
337
360
624
268
582
462
367
414
463
902
1075
498
375
500
808
890
667
966
622
158
648
864
914
338
257
1018
782
815
932
782
440
661
619
388
349
803
929
528
860
722
499
578
922
746
232
854
402
776
314
490
903
454
657
981
161
379
629
471
732
114
631
274
921
432
626
94
762
622
1088
251
933
705
1101
1073
696
121
972
717
299
631
1095
522
639
359
774
951
767
867
211
587
229
375
510
184
826
205

15
150
12
15
18
18
18
14
14
16
7
8
17
9
6
12
6
19
18
9
9
7
14
9
15
15
18
16
17
6
7
10
11
16
18
20
15
13
5
12
17
13
10
14
17
16
15
9
13
8
7
12
7
12
6
11
11
7
9
18
15
16
6
17
16
8
16
15
11
12
13
14
7
13
10
20
12
9
7
14
8
7
5
9
12
19
17
20
17
18
15
8
14
6
12
15
18
7
19
11
10
17
9
18
14
13
10
11
5
18
7
15
8
10
20
9
12
10
10
8
18
12
8
10
5
7
10
20
13
14
14
19
12
8
15
15
19
6
13
19
20
15
5
14
18
8
17
11
16
17
8
17
0
409
517
385
121
777
376
491
578
440
478
91
146
109
444
251
83
100
729
575
85
617
484
79
24
429
228
603
682
451
174
648
197
366
590
51
416
439
702
581
60
445
638
216
213
307
81
128
921
23
28
478
274
670
372
237
221
264
643
734
306
427
413
802
557
660
82
178
361
881
446
926
433
369
825
915
357
535
737
226
686
625
195
377
209
386
784
274
191
656
699
830
535
853
56
483
631
331
220
139
186
704
266
725
559
82
717
567
20
814
694
283
401
16
532
722
667
503
686
702
521
79
500
818
885
588
875
267
809
334
263
515
270
896
264
857
865
430
843
644
677
728
499
772
764
111
249
340
685
375
85
600
641
563
150
968
405
682
647
553
537
242
216
174
488
293
285
131
839
662
239
637
534
165
70
460
297
613
760
502
262
823
316
569
638
148
470
561
868
721
250
555
748
350
310
417
220
207
982
202
77
669
409
842
442
300
417
310
824
905
478
570
439
858
627
814
277
254
554
1002
458
986
614
408
846
938
459
694
847
300
794
728
280
401
227
495
825
422
369
830
776
958
672
926
94
590
682
511
270
163
361
898
449
844
698
104
896
631
99
965
864
336
510
26
565
858
844
624
857
757
711
257
693
945
990
611
920
303
845
523
425
537
413
912
410
875
915
621
1017
715
833
820
667
913
821
170
289
533
773
431

16
150
16
7
19
14
18
20
7
19
5
20
12
20
9
5
18
11
17
16
17
19
6
12
11
7
15
5
10
18
17
19
14
13
10
7
16
8
15
19
6
14
13
14
20
7
18
12
20
5
17
6
7
9
16
18
17
13
6
19
15
8
9
15
11
7
11
13
17
15
16
15
18
14
17
6
17
8
12
6
9
20
12
7
11
16
10
19
11
11
12
16
16
13
6
12
13
17
14
6
6
15
6
13
5
6
6
18
12
15
14
12
7
17
15
12
6
19
11
18
13
19
18
9
8
16
16
10
16
15
20
7
14
18
8
16
16
8
16
8
19
20
12
10
14
8
12
8
7
11
16
19
0
533
468
90
898
273
577
156
547
656
964
625
598
216
533
547
730
266
551
250
559
635
219
800
423
798
121
16
915
910
233
18
609
580
825
313
531
488
614
60
381
846
539
872
849
842
741
65
850
759
90
408
215
324
316
254
487
761
924
722
857
228
468
543
238
743
0
795
555
841
156
729
80
737
239
173
829
35
405
318
512
289
837
52
779
169
951
870
316
361
236
147
687
168
864
286
219
50
186
23
927
742
252
220
900
660
274
66
21
557
159
600
137
734
295
153
534
738
658
535
699
366
814
870
625
313
23
790
22
332
954
496
186
954
777
113
267
856
163
313
346
740
429
845
173
22
101
874
205
100
146
673
592
201
1088
452
671
302
590
750
997
732
649
228
606
699
833
420
660
371
696
811
306
861
530
932
158
196
978
1048
259
145
621
670
969
392
704
684
701
181
497
1035
561
895
868
949
914
186
986
954
278
547
401
482
369
305
546
829
1046
900
1052
391
658
557
347
863
18
902
632
916
246
899
275
928
307
347
985
222
566
457
626
395
863
124
811
218
1024
883
447
477
441
298
851
180
905
430
382
152
288
88
1006
815
384
341
915
825
373
141
57
683
336
653
188
858
370
221
546
857
849
673
730
378
824
1044
762
343
154
819
80
408
992
521
245
1041
825
223
351
902
215
498
372
907
486
881
253
50
160
952
309
190

17
150
14
10
20
19
9
14
12
5
15
10
19
18
18
6
13
7
10
14
6
17
6
18
18
7
12
16
14
15
10
9
15
11
14
17
12
8
11
9
17
18
10
17
19
12
17
12
20
9
6
8
9
17
17
12
5
9
18
13
9
12
6
14
6
11
15
8
12
9
7
7
8
18
6
11
20
8
20
9
16
17
17
8
15
19
6
20
10
20
6
15
12
12
7
17
12
11
18
6
14
11
6
8
14
12
17
10
12
16
13
12
8
17
15
17
19
18
14
10
18
10
12
13
6
7
6
10
18
14
7
9
12
10
6
13
10
9
7
9
17
13
12
18
5
12
7
14
10
14
8
13
0
29
377
652
888
744
631
541
486
491
232
704
108
186
534
825
4
710
884
116
240
32
478
103
262
142
167
253
646
76
95
595
413
413
535
215
264
123
12
283
508
117
803
491
392
815
303
300
433
742
394
317
705
893
431
504
349
782
493
643
435
83
695
669
775
51
267
797
126
260
560
879
506
454
71
768
283
306
330
195
596
437
660
853
611
256
636
31
666
566
203
497
727
55
658
298
368
54
138
4
542
263
594
256
509
729
591
525
288
125
122
392
156
115
29
493
214
339
174
753
742
227
86
428
837
439
706
296
649
873
863
520
118
873
874
37
460
424
472
157
368
619
701
803
524
359
659
326
140
407
126
74
400
821
928
880
733
658
566
618
297
814
234
193
664
991
15
732
932
172
389
159
667
129
278
248
236
301
709
104
204
694
477
517
666
349
391
293
139
395
625
176
902
645
443
884
399
383
613
773
495
344
851
967
560
582
429
839
631
783
517
103
850
724
815
61
445
898
280
332
699
900
549
479
195
793
483
315
374
342
719
472
852
919
743
355
795
88
819
603
224
585
902
243
845
358
538
94
318
47
580
433
738
402
641
773
760
555
369
159
306
542
234
134
82
583
282
426
361
779
780
269
183
450
983
468
769
472
771
956
995
698
195
1031
1043
55
636
544
565
286
546
683
771
844
596
490
785
394
193
493

18
150
20
10
17
11
7
16
7
11
11
8
12
7
6
8
9
19
18
7
17
11
9
19
10
13
9
13
11
20
15
6
11
20
11
19
16
20
18
16
8
8
13
6
19
17
5
17
15
15
18
20
15
16
10
11
12
13
19
6
17
6
14
8
18
10
20
18
16
20
15
14
14
11
8
8
10
19
8
16
18
20
9
9
14
15
13
18
10
12
9
18
16
18
14
9
16
7
19
15
7
14
9
10
16
12
10
6
12
6
8
11
20
8
6
14
8
11
12
9
8
6
8
16
19
11
17
10
11
13
18
16
19
19
12
19
13
10
8
17
20
17
15
10
12
12
14
8
18
7
18
20
0
288
500
395
298
732
833
100
554
363
336
772
296
861
279
671
20
774
505
632
517
33
653
35
458
1
119
466
163
573
69
273
504
181
602
772
3
224
273
488
536
284
808
134
321
254
846
555
200
632
52
747
935
526
350
609
926
218
294
893
365
46
515
162
764
486
645
701
969
79
813
762
76
953
766
720
552
67
939
478
515
303
489
127
673
13
497
699
231
53
543
417
451
540
755
868
899
42
464
925
236
645
675
649
240
392
538
813
535
931
859
753
270
162
935
688
77
626
796
474
65
528
964
932
835
81
133
707
352
763
409
634
481
961
63
758
418
675
971
67
577
217
938
627
21
737
49
842
255
260
20
300
605
580
350
913
988
162
753
537
506
941
377
946
341
831
75
907
576
668
627
148
817
209
580
59
249
637
360
653
110
368
675
253
753
883
109
407
313
571
677
359
878
244
481
304
1034
609
283
791
211
794
954
647
368
698
971
338
346
915
437
140
622
202
796
537
731
874
1052
121
990
850
206
1006
968
766
678
152
1041
576
682
375
507
214
696
59
695
746
253
196
586
569
535
673
897
950
1023
153
533
1040
273
709
755
834
314
470
656
899
601
1087
1030
949
460
317
1065
801
190
734
811
505
237
595
1019
1089
1023
279
336
826
390
963
566
750
610
1024
265
791
472
807
1139
91
767
333
1060
675
54
759
133
950
463
344

19
150
12
17
19
8
9
14
7
17
13
16
15
7
19
16
5
11
18
5
18
14
16
19
19
10
9
5
15
11
8
11
12
15
9
12
19
7
16
16
19
5
6
17
6
14
16
10
8
13
19
7
17
20
19
7
13
8
5
6
6
17
14
12
14
6
8
5
10
14
5
16
14
17
9
6
9
16
6
14
12
17
17
15
13
10
20
17
9
12
18
14
17
19
7
5
12
11
18
20
16
6
20
11
6
16
11
16
10
18
8
20
17
18
5
13
16
5
17
12
9
5
14
13
10
17
15
14
17
19
13
14
17
19
16
16
16
18
16
13
7
9
15
7
13
16
16
9
20
11
16
12
0
182
44
703
395
171
908
447
879
617
371
421
691
170
542
590
814
463
623
225
776
777
0
299
725
625
754
922
90
27
673
225
575
289
211
619
502
846
11
907
779
769
860
410
827
491
57
324
890
790
875
536
632
361
185
233
804
582
795
527
776
505
89
107
642
295
548
424
702
27
482
830
273
474
929
193
196
518
533
798
405
720
863
233
767
913
738
815
415
403
90
61
896
200
603
443
645
457
525
23
559
234
784
246
479
480
506
226
566
6
50
301
873
764
252
561
576
630
562
765
749
607
210
835
609
813
248
623
730
580
3
73
267
162
254
418
735
116
876
753
481
671
454
288
106
21
63
627
87
630
90
206
114
770
448
204
1055
507
1057
694
431
431
749
198
677
693
845
659
747
277
956
964
35
388
855
740
945
938
246
96
870
267
760
457
316
638
629
995
164
946
822
863
975
536
1001
544
120
507
977
951
987
574
747
431
227
241
858
628
872
725
838
550
209
178
781
422
564
442
727
109
623
955
465
501
1010
342
380
647
601
839
452
738
946
381
865
1072
777
892
622
523
234
159
1054
336
780
551
699
533
709
193
592
351
871
312
628
675
599
295
765
214
164
507
957
792
290
661
694
736
612
831
830
665
249
974
633
831
368
820
903
762
211
237
307
288
348
473
940
253
1012
907
673
863
547
348
306
165
244
712
146
784

20
150
6
18
17
8
10
10
7
8
18
19
19
16
13
12
10
12
16
10
7
9
8
7
20
19
7
16
13
18
17
18
9
11
8
20
15
13
19
16
13
19
19
17
14
13
19
8
8
6
7
14
13
8
8
20
19
5
13
10
18
19
10
5
18
9
16
15
9
18
15
15
8
16
8
5
6
7
13
17
13
20
6
6
9
6
7
9
17
7
20
19
11
10
7
10
13
17
9
18
16
18
14
11
11
6
6
19
9
17
6
13
16
14
13
16
14
15
13
14
7
6
14
12
15
6
17
19
9
8
9
16
6
14
18
17
17
18
10
5
8
19
10
10
11
6
9
16
12
9
7
6
0
783
212
212
817
87
81
257
408
497
639
774
301
333
329
656
220
539
155
716
662
555
387
200
481
583
379
692
142
755
257
728
354
251
881
183
159
821
853
539
910
75
10
578
705
395
701
555
577
248
499
471
504
235
202
836
18
896
295
840
90
447
433
472
606
127
248
572
335
233
196
837
227
114
764
11
178
66
629
129
363
730
422
443
38
738
635
585
267
282
298
436
702
199
791
460
558
539
25
200
464
270
871
542
415
257
493
24
754
921
266
85
479
441
139
224
722
715
389
770
278
895
668
734
304
613
682
75
431
130
788
358
621
2
319
121
307
520
303
319
773
732
24
346
461
76
589
16
322
587
64
815
333
343
937
259
96
334
556
657
659
933
338
376
522
722
414
586
193
799
703
616
500
398
604
608
459
851
288
898
337
876
463
291
917
295
327
907
897
708
1043
126
122
743
734
454
819
742
696
375
655
595
669
417
238
1017
46
973
440
871
270
591
552
548
726
295
356
611
535
364
204
917
352
149
930
29
301
93
766
291
436
796
518
538
205
881
824
600
417
428
412
625
828
288
901
600
584
606
212
282
589
391
1042
594
453
397
569
162
850
1031
360
153
605
546
179
352
835
757
459
866
298
1011
794
894
324
732
700
219
469
264
963
478
790
188
355
270
494
669
483
369
830
807
52
367
470
157
633
36
510
614

21
150
16
11
19
15
20
12
19
14
18
13
6
10
15
13
14
18
7
17
19
17
20
14
8
18
19
14
12
11
13
9
6
8
11
18
13
19
11
20
7
16
17
5
10
17
18
12
17
11
10
13
12
8
12
10
12
6
10
7
9
8
14
7
11
17
19
16
9
9
5
5
6
17
14
18
19
16
17
17
19
7
8
16
6
12
18
7
18
13
12
20
18
12
12
19
13
15
15
20
18
19
14
14
5
9
7
19
18
6
7
14
9
9
7
10
12
12
8
9
5
14
18
9
5
8
14
10
14
12
8
9
8
7
13
6
5
7
10
16
15
14
9
9
5
16
17
19
19
5
6
9
0
418
247
724
95
751
344
28
355
596
445
920
287
511
437
478
258
795
340
77
697
25
623
831
493
916
153
536
213
770
198
430
138
293
64
680
382
553
243
382
551
391
511
577
606
476
475
868
393
160
258
283
444
811
419
430
557
833
669
120
643
725
226
43
351
581
279
139
74
925
216
773
798
479
226
637
724
819
55
613
119
326
926
918
205
455
401
773
66
180
274
43
714
720
454
889
704
140
817
492
834
844
760
874
444
249
720
747
66
699
62
92
394
516
242
119
199
402
209
382
890
112
401
901
737
48
440
796
478
423
348
359
503
486
652
854
150
755
0
584
769
472
593
182
690
681
451
721
558
489
127
457
388
868
174
866
364
68
536
786
504
1093
306
574
564
553
401
900
363
103
801
196
673
1000
516
1007
336
660
361
963
282
601
237
409
262
831
544
669
355
554
669
579
543
692
758
632
605
881
573
333
378
417
512
852
503
550
688
982
716
259
787
893
354
224
545
700
323
288
156
1038
318
834
898
537
331
713
741
929
248
744
202
500
1073
960
294
527
477
811
94
343
340
112
871
840
484
941
760
303
998
545
902
953
919
1013
597
351
770
928
87
733
241
210
497
664
421
274
242
442
385
561
919
213
430
999
937
91
561
957
620
476
371
394
563
511
725
1023
313
772
110
754
927
529
738
264
842
770
605
822
726
577

22
150
5
15
12
13
9
7
6
20
16
19
20
14
9
14
17
8
18
15
5
16
7
9
15
15
14
18
15
7
11
8
8
20
10
13
10
5
14
17
9
7
8
5
16
18
9
7
5
14
7
10
6
6
7
9
18
6
11
9
6
18
12
13
16
15
13
17
18
14
10
19
14
19
10
20
17
18
9
11
16
9
14
10
14
19
20
14
9
9
9
19
19
6
18
16
12
12
7
7
11
12
8
17
17
15
15
17
8
16
6
14
10
6
17
12
15
16
14
19
9
5
18
15
11
15
20
5
8
8
13
12
12
11
9
10
7
14
12
18
7
7
15
16
5
19
8
16
10
12
8
13
0
73
173
11
442
546
183
517
346
367
844
132
916
668
489
57
284
481
102
801
815
820
397
460
585
436
852
50
513
784
587
508
589
413
568
355
537
4
577
747
447
123
549
196
147
2
665
411
214
600
554
30
631
9
312
450
906
109
920
529
432
540
314
679
140
777
194
488
523
167
490
275
791
131
243
829
675
250
248
689
414
716
431
888
462
103
186
838
129
24
196
813
369
103
121
249
725
343
826
844
254
778
3
12
719
755
902
252
694
617
17
627
59
771
139
540
755
916
805
418
259
851
589
4
487
132
111
64
37
736
584
847
767
803
607
322
291
203
768
288
499
450
319
336
887
390
116
670
372
564
140
128
251
59
522
712
246
638
537
470
898
246
1000
832
624
119
421
515
164
826
996
994
540
507
628
514
1016
201
689
814
650
542
729
556
599
519
660
78
677
819
601
159
618
339
201
157
742
481
341
701
633
161
725
169
348
517
1081
211
937
698
444
628
483
815
196
948
225
620
612
199
522
430
866
213
293
1022
720
439
273
744
590
749
626
931
593
259
364
979
235
87
387
837
388
145
246
404
786
518
933
1016
279
943
99
35
893
865
999
403
763
689
187
749
91
787
201
570
870
1002
923
470
378
916
684
173
600
278
218
75
122
871
697
960
926
825
627
477
321
337
885
309
661
604
392
374
992
518
160
839
482
594

23
150
18
5
5
16
11
19
7
15
17
7
14
8
5
10
18
10
18
13
10
6
16
15
16
6
11
12
5
16
13
12
19
11
16
8
12
9
10
17
13
6
16
19
11
7
14
14
13
19
6
8
12
13
17
19
9
5
20
16
19
14
18
13
19
13
12
9
20
16
15
17
12
7
9
14
20
10
14
9
7
7
19
16
16
9
14
17
15
8
13
5
6
18
11
10
18
17
14
15
8
13
12
15
14
5
9
9
20
7
11
19
6
7
9
7
8
17
14
19
7
8
16
14
18
14
10
19
9
10
6
7
10
13
16
18
15
14
6
9
13
10
18
20
15
6
7
17
7
8
7
16
0
867
343
445
795
217
200
448
787
347
92
930
529
18
708
55
634
455
822
212
151
280
49
770
277
311
836
603
155
476
635
298
134
377
98
3
433
620
587
504
353
650
94
701
854
439
855
922
759
819
551
610
572
527
838
743
446
549
459
440
702
822
158
3
750
805
603
749
144
132
86
877
428
646
164
43
344
423
905
721
714
640
416
433
423
66
775
113
736
824
630
386
314
220
771
779
15
630
144
619
772
172
258
841
623
796
78
795
229
233
302
423
615
735
55
72
621
96
212
847
137
681
151
550
759
108
246
238
675
220
640
599
516
791
248
401
233
662
453
404
25
625
730
793
256
93
876
182
371
452
180
882
369
586
910
310
252
575
894
441
206
1118
574
43
828
200
754
525
850
370
344
355
129
788
393
429
849
722
264
637
829
415
327
429
280
65
518
732
756
567
540
758
240
770
982
566
905
1114
768
844
705
767
769
610
1032
804
520
566
490
480
742
865
318
61
775
983
705
798
181
317
278
953
508
671
221
205
481
456
917
749
914
683
518
479
605
194
961
270
933
887
651
562
507
383
874
967
72
703
192
815
792
336
301
933
652
948
199
979
249
406
443
514
648
851
73
228
646
201
262
946
170
778
261
699
812
241
406
349
839
312
732
682
609
946
279
565
376
847
650
465
112
677
772
923
374
171
895
208
494
580

24
150
8
18
12
7
11
18
19
15
16
14
16
7
20
6
11
13
14
7
10
16
11
11
7
19
9
20
18
6
15
20
16
20
8
18
9
18
12
9
6
9
10
6
7
20
10
16
5
8
15
15
9
20
11
18
16
6
10
8
19
9
16
7
10
17
17
6
9
5
6
8
11
9
17
13
14
9
14
8
9
8
12
9
12
11
6
11
12
20
13
14
6
7
15
10
10
13
17
13
12
13
9
15
17
12
13
6
9
9
15
9
20
7
10
8
8
12
11
15
14
8
11
6
6
17
15
10
14
6
6
18
10
11
16
6
18
7
7
8
13
16
5
16
19
19
15
11
6
11
17
10
0
194
593
497
821
875
36
505
99
807
325
526
178
627
113
692
368
189
712
234
144
182
463
677
386
775
694
112
164
218
226
417
145
326
418
713
61
391
379
698
385
708
753
534
138
816
195
407
75
290
243
705
496
535
41
601
252
272
192
416
470
113
732
223
831
873
63
50
844
335
311
396
203
747
107
396
835
560
756
356
301
525
551
657
532
318
531
188
175
674
886
562
773
562
620
551
389
806
167
377
463
139
867
285
387
430
92
567
239
832
888
816
436
267
173
245
10
481
193
420
110
553
150
628
169
42
218
635
454
793
731
136
248
489
211
749
14
71
881
749
355
289
376
867
791
589
571
656
52
556
140
249
613
540
844
1059
56
533
225
879
343
638
242
749
168
835
535
211
895
408
200
349
489
821
514
829
874
257
335
346
336
523
292
493
601
858
130
527
452
854
530
876
911
656
153
919
375
465
153
448
310
737
623
683
185
675
273
432
385
546
505
214
874
313
978
955
243
103
995
451
478
548
285
862
289
459
852
636
868
398
490
602
588
792
578
424
555
222
313
848
985
618
933
625
729
581
543
943
192
550
603
213
992
463
569
450
145
604
312
878
1023
976
598
432
273
389
73
599
302
590
206
722
160
716
321
208
294
754
611
818
816
241
360
628
269
851
159
231
1029
840
425
306
454
900
943
601
677
684
150
621

25
150
5
11
6
7
20
17
5
11
6
13
16
12
7
20
20
18
18
10
19
19
12
9
17
19
10
6
11
7
12
13
14
10
20
12
18
13
19
6
18
6
6
15
18
16
11
6
6
19
10
12
8
7
13
17
15
11
18
11
6
9
10
17
18
11
11
13
8
13
12
17
19
10
12
12
14
7
11
10
6
8
16
13
8
17
18
6
7
18
14
8
6
6
12
11
16
12
15
8
5
12
7
12
7
17
14
13
6
15
11
10
15
8
19
11
11
19
16
18
17
5
19
16
10
19
6
19
19
13
20
17
6
8
15
10
14
9
15
20
5
20
14
15
14
14
7
11
20
10
8
7
0
380
565
512
930
594
754
360
741
366
822
744
663
28
226
534
719
778
439
164
433
157
448
329
533
116
181
235
406
777
214
426
429
89
614
809
115
435
319
746
256
454
827
227
10
174
707
611
839
489
529
204
790
873
70
892
341
581
875
576
521
703
685
678
529
212
269
682
733
151
785
579
574
705
81
876
38
643
565
568
753
653
688
412
458
486
381
723
210
759
892
114
352
241
456
225
893
427
725
505
36
764
250
205
887
49
169
43
540
428
267
177
446
614
321
8
142
848
716
181
219
639
491
176
811
610
764
253
65
676
529
211
313
297
220
1
300
472
20
233
755
179
886
170
748
910
842
574
923
812
23
509
643
614
964
754
838
376
879
401
883
802
717
94
347
611
740
862
583
282
560
309
525
416
619
197
299
337
434
881
334
614
635
202
740
979
171
507
492
800
410
491
981
340
130
292
886
678
949
665
695
364
828
957
106
949
384
724
975
661
667
793
865
781
675
300
393
792
863
347
859
773
655
834
224
944
137
805
602
643
841
841
811
495
644
548
497
904
270
947
935
135
517
366
520
349
943
572
772
640
96
800
335
344
975
72
210
195
734
613
347
302
614
645
452
99
231
943
836
200
335
674
534
239
909
810
883
297
265
706
535
342
367
484
274
98
403
645
59
267
832
298
1077
342
881
1098
953
668
975
824

26
150
8
12
11
6
18
18
6
17
18
18
9
20
12
8
14
5
7
12
18
11
13
20
19
17
18
14
14
6
15
11
9
6
8
11
20
17
13
8
19
6
19
7
20
7
6
8
18
13
19
10
12
8
6
10
9
10
11
8
15
5
12
9
10
18
14
6
20
10
13
18
17
6
14
9
15
6
7
20
13
6
18
15
19
18
12
11
5
9
10
17
18
13
9
12
15
11
16
11
18
15
19
14
11
18
11
9
12
13
19
5
8
18
14
18
11
18
10
13
6
11
14
9
16
9
9
16
11
7
12
7
14
19
16
13
14
17
6
18
9
7
14
7
18
16
7
20
18
18
6
14
0
382
852
853
334
302
900
473
836
32
37
108
749
14
156
929
74
534
5
802
693
553
684
108
343
320
771
904
905
699
337
174
469
188
568
69
473
522
293
25
219
116
674
266
628
384
507
461
852
448
914
384
168
524
939
504
119
836
6
866
422
302
66
905
605
715
741
437
910
851
122
702
245
369
178
34
776
780
186
24
898
696
725
711
337
6
710
654
50
740
569
255
870
413
624
578
559
520
274
767
735
483
208
448
713
682
56
794
109
905
317
251
436
854
7
311
187
390
778
345
69
470
439
645
596
574
794
257
214
194
457
251
717
176
400
893
746
152
425
536
173
138
168
745
893
643
773
930
383
856
20
437
937
981
538
363
1019
490
919
232
177
223
811
92
265
1006
196
695
157
983
709
666
786
198
545
348
822
1085
1084
893
434
232
546
364
685
87
503
604
432
114
417
243
777
346
647
410
598
515
1001
561
955
448
354
591
965
577
134
943
78
996
501
491
199
1104
740
871
799
542
966
881
201
786
344
401
227
220
945
949
308
118
1028
836
751
892
534
34
735
720
179
838
703
279
880
613
642
601
735
604
388
827
827
596
228
476
854
725
240
893
151
954
326
374
504
965
121
378
262
468
832
404
111
666
600
739
619
697
877
329
408
380
617
354
749
281
593
941
851
257
606
599
354
257
261
867
1044
717
821
1007
545
1054

27
150
6
17
19
10
15
10
10
13
10
8
5
16
14
13
11
6
19
8
18
13
16
6
16
12
9
9
6
8
15
5
16
9
18
9
12
12
14
10
8
9
10
16
5
16
19
6
17
16
17
9
14
18
9
11
15
17
18
20
9
10
5
12
19
20
17
13
7
9
19
8
11
10
13
14
6
7
18
16
13
11
19
6
16
17
14
9
11
6
9
17
11
15
14
20
17
8
16
9
11
14
13
5
10
18
18
9
9
17
19
11
8
12
16
7
8
15
6
16
6
5
11
12
14
5
5
5
8
12
9
14
17
9
10
17
5
11
6
16
16
13
18
6
19
15
7
12
7
15
13
18
0
247
759
704
317
64
232
133
126
586
667
848
481
798
697
697
749
736
792
612
632
616
95
612
26
432
12
24
734
390
755
716
67
280
160
782
378
877
27
121
135
37
276
842
533
157
688
359
490
648
493
887
443
250
150
589
477
39
139
43
514
253
178
161
786
810
41
762
337
461
864
391
857
823
852
241
900
266
599
104
467
216
140
57
117
689
241
352
71
369
9
530
704
693
600
187
810
273
787
620
498
852
484
693
547
255
719
668
561
789
754
85
441
381
757
716
253
359
787
686
305
786
850
744
126
33
39
623
879
307
434
130
851
490
169
129
319
656
385
832
901
514
488
714
315
755
110
729
233
432
67
427
797
760
458
204
244
194
146
723
684
925
515
947
742
815
810
898
913
685
792
651
166
637
207
609
44
137
922
491
778
784
257
335
236
961
476
892
109
251
204
173
337
890
628
314
813
469
669
741
653
1037
503
371
236
627
523
156
164
106
643
296
243
236
964
918
83
911
502
519
875
488
941
871
1035
293
999
368
635
226
543
372
294
87
251
728
389
439
103
549
118
571
729
844
652
340
868
409
962
675
638
995
515
887
689
304
823
773
698
902
834
151
551
401
815
741
280
473
894
847
454
907
866
898
176
209
192
677
1065
332
617
182
960
613
307
220
424
851
497
908
1082
656
629
733
407
880
184
907
289
489

28
150
14
8
18
12
8
13
17
11
15
6
5
7
17
9
7
14
12
8
9
20
16
18
12
12
18
9
5
7
8
10
5
12
10
8
7
16
18
7
16
11
6
16
8
17
10
11
15
12
15
15
19
20
7
12
5
20
14
12
18
15
7
15
18
9
19
18
7
16
6
17
11
6
18
17
7
8
12
7
16
15
9
9
14
6
15
9
14
9
7
8
17
11
13
16
14
13
7
6
12
7
20
10
13
10
16
17
13
14
7
13
10
10
18
9
10
14
14
19
17
6
9
5
9
18
8
17
11
17
10
17
12
6
17
8
11
17
17
9
19
17
14
8
19
12
16
9
19
7
11
12
0
400
903
589
450
724
895
722
774
826
439
662
836
499
592
31
236
501
870
857
775
595
672
208
305
277
850
686
682
183
539
401
479
753
353
393
255
703
680
280
182
143
683
903
463
807
454
271
798
18
46
684
166
109
570
527
527
656
183
491
157
756
184
477
315
613
344
458
14
436
524
773
752
530
496
497
541
579
390
320
13
191
89
364
849
505
913
281
124
729
586
288
111
367
378
424
561
86
795
347
353
102
122
609
172
13
545
413
218
773
499
108
146
853
819
674
722
92
609
237
682
536
340
888
161
390
891
243
526
559
508
222
98
708
336
169
272
646
383
394
497
432
223
624
292
378
23
249
453
748
143
485
1044
698
512
746
1085
789
956
848
445
696
1018
677
768
131
339
687
1003
933
846
768
800
288
358
336
861
744
845
223
692
534
580
936
491
498
290
849
713
356
288
203
729
927
505
986
582
305
820
172
139
864
231
257
699
604
603
722
269
610
257
813
298
579
457
660
388
606
62
626
585
923
854
584
507
510
625
653
406
435
164
280
114
531
924
660
1086
466
301
790
774
431
294
557
478
460
600
184
807
519
548
137
174
754
286
139
707
472
295
800
675
203
306
868
971
723
911
175
704
408
777
718
508
1013
319
490
993
296
573
685
610
246
168
806
464
229
458
692
491
458
646
533
282
730
380
526
81
271
580
834

29
150
14
14
16
8
17
11
15
13
13
10
9
8
14
17
6
18
10
8
6
20
12
5
18
17
17
9
9
19
13
9
13
14
15
13
18
19
5
18
16
14
11
19
7
10
17
18
17
15
6
13
15
20
16
18
18
15
15
6
9
7
13
16
15
9
5
18
7
12
7
5
6
17
7
13
17
19
6
15
19
7
16
18
16
13
16
14
15
13
16
11
15
20
11
7
17
11
19
18
9
6
12
10
13
18
15
10
15
11
18
17
14
20
7
5
14
19
13
11
6
14
20
11
18
10
18
9
12
13
16
15
7
7
18
15
16
8
6
13
10
5
10
11
16
15
8
11
16
18
16
18
0
560
442
464
334
670
76
354
433
927
30
938
229
932
456
495
380
21
909
352
350
706
395
962
26
67
362
852
569
10
924
280
881
395
576
244
221
112
428
647
402
383
772
959
517
190
752
344
98
584
690
579
734
951
247
936
549
53
772
67
873
565
122
903
956
639
35
395
46
479
665
153
274
659
403
281
357
615
20
740
910
410
916
868
645
549
427
868
327
965
356
778
612
811
403
745
857
165
488
62
674
404
245
737
565
452
141
372
467
300
322
623
377
218
647
377
899
223
959
928
76
908
164
76
945
442
975
472
785
565
338
370
920
749
736
873
233
200
870
782
498
540
943
429
367
516
561
247
270
973
27
739
639
612
533
869
93
447
490
995
111
1002
359
1053
559
652
575
135
1032
397
403
732
414
1169
111
103
413
994
586
153
1010
326
903
566
677
452
236
235
592
848
530
587
896
1065
716
354
957
494
250
637
785
648
814
1147
346
1042
577
107
903
195
888
762
287
976
1035
777
144
425
164
662
694
292
433
811
599
332
496
682
204
833
971
606
1093
951
682
727
463
919
509
1133
516
866
664
863
601
824
1022
291
610
120
722
460
433
797
693
539
186
394
650
389
444
830
506
268
738
401
928
340
1032
1062
212
994
201
178
1145
626
1028
557
987
670
413
466
988
899
912
1044
428
278
988
924
519
622
1040
548
436
575
595
384
372
1133

30
150
9
12
10
6
15
11
7
9
18
17
19
15
5
11
17
12
13
18
6
11
16
11
14
14
15
16
18
14
9
9
5
7
6
16
10
13
15
10
13
15
7
11
18
7
7
15
12
17
12
19
8
20
17
9
13
11
11
11
18
12
16
18
10
12
14
17
18
19
6
10
9
12
6
7
20
8
15
12
14
6
8
20
16
5
8
8
10
9
16
16
10
12
15
7
13
13
16
7
12
19
17
6
11
7
15
10
15
19
6
20
8
11
5
9
10
20
16
18
10
14
12
5
8
18
15
13
11
7
11
14
18
17
14
7
12
6
17
11
14
15
6
6
19
8
7
8
15
18
15
14
0
480
711
586
62
546
384
626
331
355
192
235
393
830
201
375
775
735
779
309
289
482
488
816
311
903
806
711
614
691
122
735
691
363
354
811
736
814
372
135
584
627
497
797
899
452
520
503
307
216
819
846
118
251
32
125
233
355
722
867
619
535
847
99
237
206
858
825
445
499
584
799
168
32
65
712
886
742
580
767
449
340
709
179
234
859
243
757
21
675
332
580
526
364
723
99
843
834
899
231
605
183
417
58
560
809
684
367
338
137
703
422
903
392
60
630
340
664
762
336
588
264
56
654
907
523
780
638
273
915
101
388
131
595
678
320
275
285
488
64
419
896
785
18
249
264
349
754
400
4
169
600
883
770
145
735
542
751
488
402
347
378
573
986
224
540
952
891
862
333
385
496
644
994
383
1014
933
814
687
872
254
798
708
511
420
888
902
840
433
202
717
681
585
966
935
586
665
678
476
366
996
971
227
332
72
259
259
434
917
920
754
603
979
168
362
297
922
967
627
631
737
877
240
41
108
733
977
790
753
955
476
372
823
344
388
910
379
809
157
762
377
655
720
552
764
270
903
965
1066
399
689
225
452
225
577
822
821
467
423
253
787
551
1024
411
210
775
431
774
916
472
604
416
220
737
933
559
836
818
327
1111
298
465
265
619
751
504
370
328
588
230
602
1021
911
96
436
335
531
843
502
26

