1
200
16
10
17
13
18
9
10
11
12
12
11
9
15
13
16
13
16
18
8
12
17
12
16
8
11
7
18
10
16
5
9
17
9
18
15
6
17
10
18
13
19
18
14
10
5
17
9
7
9
9
9
15
19
10
6
6
8
9
8
8
15
9
9
14
9
5
8
8
20
7
6
6
19
14
18
19
14
15
10
12
8
16
20
14
12
19
15
14
9
12
15
15
11
16
14
20
12
6
14
14
15
13
13
14
6
16
15
16
16
12
5
15
12
16
13
8
5
12
11
17
6
14
7
5
8
13
5
6
7
13
19
10
6
5
8
10
16
15
13
15
17
7
17
13
15
14
18
14
13
14
10
10
16
10
14
17
15
10
14
14
8
16
9
15
14
12
12
11
18
14
16
5
12
6
14
16
7
18
5
7
19
12
6
14
8
13
17
19
11
11
5
6
8
7
11
6
18
11
7
16
0
177
1163
637
227
561
428
666
966
869
1158
952
641
587
1112
797
1203
962
78
543
691
379
576
217
1095
588
221
185
482
816
1066
533
1052
996
73
129
17
816
577
523
1035
96
423
1135
963
516
250
571
578
863
944
195
82
374
1029
589
173
1122
557
342
998
1015
471
1123
389
1047
370
626
661
215
600
361
1135
520
708
167
204
320
174
390
1078
871
726
545
190
682
422
874
851
117
583
466
869
540
35
766
344
1067
149
881
153
236
1210
772
1005
804
271
1163
229
767
92
514
1015
302
566
893
995
455
391
92
311
268
997
1191
917
861
497
1181
909
164
1177
742
458
126
126
416
118
407
1037
1066
818
393
1064
485
855
478
432
428
394
244
797
179
318
219
110
616
1093
3
817
944
605
663
413
1156
253
529
558
871
107
793
128
341
882
346
1163
337
802
1096
331
643
261
790
931
1139
1160
621
1117
358
480
1025
600
334
106
841
910
534
973
1072
303
570
241
304
1331
759
422
720
500
795
1136
925
1230
1060
733
720
1273
1019
1306
1079
325
697
892
614
610
249
1312
790
421
356
650
891
1119
722
1189
1098
112
277
117
968
654
748
1153
184
524
1155
1148
691
412
757
652
1047
1192
338
294
402
1072
667
403
1319
791
380
1119
1184
602
1369
539
1155
437
826
806
368
828
533
1262
763
896
277
432
386
396
592
1151
1119
903
604
346
771
678
965
904
164
817
537
943
593
289
821
491
1206
358
913
282
308
1420
923
1023
946
383
1245
343
876
307
681
1201
385
759
1024
1126
642
498
113
397
311
1079
1268
1023
893
731
1332
1088
227
1333
835
637
188
374
567
205
432
1201
1201
898
550
1246
573
1056
614
464
531
460
423
974
347
534
363
325
764
1222
234
880
971
630
813
502
1274
276
653
582
930
134
856
279
521
1060
452
1399
418
890
1139
438
780
430
954
1114
1370
1389
866
1176
397
570
1103
638
501
225
940
1150
550
1114
1318
338
654

2
200
19
10
11
13
8
12
16
10
7
8
15
16
19
8
19
17
14
13
6
19
7
19
15
20
12
7
9
17
12
19
18
7
10
12
12
11
14
16
16
17
15
14
16
12
15
7
8
19
16
6
10
7
10
19
7
19
12
20
9
10
14
16
11
11
13
8
6
16
19
6
8
10
7
17
13
9
13
10
19
6
19
5
15
11
14
8
15
19
15
15
16
20
16
19
14
7
11
18
11
17
14
17
16
19
15
16
19
13
15
5
8
13
12
14
5
13
20
6
14
16
19
14
17
7
7
6
13
19
17
12
18
18
8
8
16
7
6
10
6
14
11
10
13
6
13
13
8
7
16
5
5
12
5
18
10
6
8
6
7
15
9
14
18
19
16
15
19
17
19
19
17
14
9
15
19
16
6
10
6
18
12
12
12
17
12
8
12
19
17
17
14
14
5
13
18
7
9
5
15
8
0
828
754
282
936
263
768
1179
96
1014
86
820
229
1239
366
89
803
611
89
238
994
1077
703
1135
641
344
246
212
374
556
1183
907
4
553
78
555
1265
538
1107
905
1258
265
659
1029
507
488
322
523
520
242
569
776
780
959
652
376
584
1092
266
447
390
1153
499
693
467
280
906
681
391
457
410
1144
1024
735
127
733
1052
141
544
826
1173
539
88
1089
387
116
193
951
8
586
1034
1138
1126
953
654
59
978
949
743
833
652
962
1257
843
324
1224
1130
1230
831
1069
3
591
480
1029
383
100
821
943
96
873
102
667
1154
423
853
375
719
846
151
674
469
1228
446
811
60
898
604
254
784
41
1236
688
410
87
495
960
209
590
421
1103
54
103
26
355
68
298
267
191
1230
481
934
1111
531
847
600
389
1067
338
12
1161
856
1090
996
587
1132
262
1242
575
429
288
1225
1161
1234
552
729
938
597
251
1217
262
384
885
428
1089
936
1259
546
443
1090
137
224
965
791
435
1196
308
876
1227
246
1244
140
992
260
1400
621
303
1043
799
101
473
1069
1257
795
1322
667
437
505
279
560
735
1392
1049
70
602
244
634
1384
647
1264
1102
1524
475
829
1271
523
736
368
713
671
428
644
1001
896
1203
880
606
705
1359
398
606
558
1244
594
796
485
496
1051
742
604
528
530
1209
1153
924
225
846
1103
210
567
888
1310
583
190
1332
545
300
219
1053
123
645
1104
1280
1261
1170
810
312
1082
1032
991
976
837
1023
1310
1000
515
1472
1315
1362
1027
1082
29
614
507
1083
421
300
1045
968
119
1086
198
720
1373
490
974
582
873
924
381
938
597
1361
624
1017
318
927
781
410
920
171
1456
747
426
168
530
1135
247
619
463
1190
111
201
262
602
211
366
437
278
1387
644
1048
1208
645
949
664
405
1163
554
255
1316
1008
1301
1137
817
1326
449
1437
659
551
495
1330
1178
1264
751
834
991
695
503
1239
441
423
1147
554
1193
1145
1371
702
466
1305
168

3
200
8
12
20
18
16
11
7
11
14
14
19
13
11
5
10
7
9
13
18
16
13
10
15
18
17
19
8
6
6
12
7
5
17
17
17
8
11
14
12
8
15
17
6
10
18
12
16
10
13
10
9
7
18
7
6
10
15
16
20
14
18
5
10
6
13
16
13
8
7
10
6
11
10
5
20
19
11
17
10
15
14
14
14
14
18
9
7
19
14
8
6
12
20
16
11
9
10
10
12
13
16
18
10
16
12
20
11
10
13
15
10
18
8
10
10
17
7
7
20
14
14
13
7
6
11
19
13
9
16
9
12
14
15
17
20
15
8
10
17
11
15
6
18
11
14
8
15
8
6
10
17
7
7
15
10
18
6
10
6
7
15
9
7
7
12
20
17
20
8
12
8
8
7
10
13
5
9
13
14
11
9
18
5
13
6
12
15
10
14
16
15
14
10
13
14
16
13
11
15
7
0
590
607
596
848
227
1138
1098
284
442
884
688
181
1142
1183
59
689
627
588
770
27
1024
533
1128
903
708
350
981
1153
100
627
888
9
587
544
1169
1102
1139
895
880
1152
245
858
972
20
472
225
790
468
236
10
655
561
388
1001
879
403
519
474
284
678
460
1171
317
151
49
17
863
1108
546
1014
1131
796
753
358
179
887
907
360
785
897
154
220
299
296
657
813
63
723
503
662
79
306
608
847
800
569
485
858
547
984
815
755
736
437
1023
89
135
33
89
478
37
1086
927
1098
363
1187
1111
5
85
379
569
274
168
943
554
1139
608
695
263
997
674
890
564
932
1194
731
607
490
1035
806
394
1024
1152
790
1167
1050
1092
383
917
168
114
954
1120
827
1144
1108
194
240
623
608
665
523
67
1021
721
276
558
552
759
525
237
533
451
358
866
410
1192
636
1099
1128
340
808
721
1038
628
1153
760
571
523
316
707
1028
1045
471
769
397
888
281
705
134
762
647
761
906
477
1308
1299
495
575
933
902
320
1296
1305
114
913
735
811
1026
110
1275
596
1327
1099
733
438
1141
1259
223
705
905
252
714
576
1232
1290
1359
954
1078
1281
400
1033
1187
245
675
406
967
671
272
253
782
637
514
1094
940
619
612
657
312
782
527
1233
501
250
128
237
1074
1356
689
1103
1260
863
925
390
386
1062
1104
555
802
1147
316
401
376
370
776
912
160
813
615
818
225
434
749
875
967
818
675
1048
774
1214
972
983
951
584
1223
287
171
239
182
590
116
1195
1002
1151
392
1240
1198
66
243
614
689
316
280
1195
702
1205
853
846
505
1191
800
989
660
1173
1422
842
623
562
1282
833
466
1201
1325
952
1382
1153
1172
411
1041
409
288
1171
1341
839
1326
1199
329
319
637
701
769
707
155
1122
767
466
797
646
827
673
287
611
522
553
1034
560
1336
887
1130
1362
390
842
839
1279
777
1352
986
803
678
389
795
1055
1280
555
1006
644
930
521
784

4
200
11
12
16
7
12
17
9
17
18
19
13
7
16
12
13
17
13
18
16
10
6
16
8
12
7
17
17
9
8
13
12
14
7
9
12
6
11
12
6
18
14
19
9
18
13
14
7
19
11
13
20
5
9
18
16
9
10
17
13
7
6
9
12
14
15
12
8
14
7
13
8
14
10
6
10
11
12
12
10
7
19
15
12
12
19
18
14
15
7
19
9
17
17
10
11
6
14
13
9
8
14
10
7
7
9
6
12
9
15
18
15
17
6
16
17
19
15
12
17
17
10
16
19
12
11
14
6
5
8
6
15
19
19
5
14
15
6
6
11
5
9
16
6
14
8
16
11
10
20
8
15
20
12
7
18
16
7
16
11
16
7
9
9
14
6
16
12
13
20
17
12
13
11
16
15
9
11
19
14
9
11
16
17
13
12
11
13
19
8
10
17
13
14
15
16
12
6
11
6
7
0
837
343
1069
755
397
504
1078
833
31
205
443
1101
676
645
165
160
1076
379
1138
107
942
145
910
1000
444
239
490
908
226
8
1079
340
592
1061
762
621
366
364
591
1185
250
670
552
132
63
1057
999
549
875
1186
1126
1090
177
528
210
392
939
291
593
1226
559
404
891
853
226
506
551
278
728
997
571
406
583
774
562
538
703
41
356
484
679
1114
187
775
759
816
266
1022
756
667
1159
778
103
107
866
457
155
205
1094
522
630
333
142
201
1148
474
911
87
985
272
371
27
615
89
78
362
626
116
374
381
338
344
640
813
346
1121
232
540
217
950
317
494
494
1114
5
7
253
228
534
1046
570
616
1062
661
233
1003
1050
629
216
1112
178
1078
785
29
917
925
352
405
1030
221
904
342
804
144
778
1043
1210
680
555
993
560
334
388
1052
330
369
968
1092
628
698
9
216
899
991
153
930
1139
284
455
960
718
39
899
175
1171
229
747
166
222
173
936
465
1199
888
449
556
1118
1055
292
328
647
1216
791
880
263
303
1264
606
1184
133
1163
302
1081
1152
615
312
699
1133
426
196
1096
429
636
1233
781
710
566
434
659
1395
272
694
638
299
291
1306
1142
716
1090
1238
1201
1331
197
559
348
553
1059
502
766
1264
706
524
947
1051
375
628
658
340
747
1205
766
424
745
958
640
670
920
107
383
716
825
1316
442
820
842
904
527
1029
929
812
1364
922
236
134
1029
523
387
280
1227
616
839
448
176
340
1187
674
1141
323
1206
371
434
64
723
200
266
507
882
228
423
594
430
498
673
893
388
1190
400
602
457
1181
402
613
505
1291
26
117
342
241
550
1160
681
854
1127
785
354
1255
1208
850
377
1197
264
1165
806
116
1036
1011
604
560
1240
325
933
475
884
373
946
1276
1339
704
718
1163
669
420
428
1203
543
409
1060
1347
815
766
175
449
918
1203
406
1103
1239
339
620
1107
936
185
954
381
1403
459
896
289
404

5
200
16
17
9
11
11
13
14
5
11
7
8
17
15
12
19
10
18
16
19
7
6
16
12
19
14
14
16
10
8
18
15
9
9
10
18
9
9
11
12
20
19
14
18
12
17
15
7
10
8
13
18
6
19
19
15
11
15
10
16
12
6
13
13
6
10
8
18
6
6
10
9
10
10
19
15
5
16
17
7
13
15
20
14
19
7
19
11
19
20
18
16
6
16
16
7
6
17
17
6
14
16
5
10
16
11
17
14
13
11
11
11
15
8
12
13
11
20
12
15
12
5
7
18
15
17
11
13
16
18
9
16
11
15
8
13
11
8
13
6
20
11
7
9
16
20
15
16
6
9
8
14
8
10
15
18
13
15
17
12
16
15
20
12
18
6
15
20
14
18
18
6
20
18
15
7
7
10
18
12
6
12
19
19
16
14
14
17
17
11
6
16
6
15
7
9
7
17
7
12
6
0
869
245
893
88
927
819
237
467
988
31
546
628
932
683
853
1022
971
608
45
267
838
425
41
1157
471
339
801
145
340
611
1011
855
163
448
928
559
534
957
718
451
1108
519
1053
186
1126
1033
552
579
1073
567
683
597
990
1132
1188
990
625
698
485
675
824
729
776
823
1055
934
254
161
187
953
363
308
531
1202
236
803
469
804
1131
74
40
194
696
1253
969
1226
1155
609
1143
801
997
1100
906
362
659
608
695
323
771
1212
943
514
376
596
465
69
605
400
391
1154
716
317
891
1014
960
1206
334
1072
443
114
764
902
618
481
1156
687
9
1201
276
480
1052
622
859
667
557
955
1031
916
61
463
599
717
1162
1197
434
103
310
431
764
1078
716
1246
993
651
717
165
419
358
621
107
1195
104
190
146
111
1199
586
101
1271
531
874
916
361
731
354
400
804
347
662
1185
937
410
951
980
974
380
617
1219
946
635
320
320
1200
1139
365
1262
1002
655
21
207
971
299
1044
123
1153
1071
479
697
1093
76
685
706
1017
869
864
1139
996
847
84
388
994
487
191
1184
645
571
896
160
410
662
1193
944
273
609
996
568
764
1141
743
554
1272
541
1175
364
1280
1104
655
598
1149
718
890
623
1220
1256
1300
1104
779
849
704
927
956
935
1014
991
1291
1117
445
353
390
1179
535
513
645
1404
265
863
598
953
1335
144
109
241
751
1478
1063
1304
1409
740
1278
830
1164
1187
1006
448
685
826
893
344
890
1312
1096
666
581
729
489
252
769
608
546
1176
980
496
1114
1045
1047
1452
433
1294
458
287
817
935
663
563
1221
903
147
1276
509
738
1089
805
877
914
623
982
1046
1106
194
494
647
782
1377
1332
515
186
511
659
1026
1144
855
1459
1201
853
731
423
486
429
712
280
1364
369
464
239
253
1239
821
232
1523
625
1044
1076
413
896
568
637
1017
396
779
1271
1200
588
1008
1216
1081
585
744
1281
953
823
483
574
1251
1250
556
1481
1260
726
121

6
200
16
13
13
10
11
6
17
14
14
16
16
15
12
13
9
14
8
10
10
19
14
6
8
12
11
7
19
9
8
7
14
10
11
15
15
13
16
7
11
14
12
17
12
7
13
18
10
11
10
8
10
12
15
10
19
15
14
8
17
7
13
11
11
9
8
13
19
8
8
9
20
9
14
16
11
19
9
12
7
5
7
13
19
11
11
14
20
7
10
6
19
5
13
14
19
14
6
10
18
20
11
19
9
15
14
9
7
16
10
15
19
17
17
9
6
12
19
8
14
14
15
17
13
9
16
13
13
14
10
10
12
17
17
11
19
7
6
14
17
10
9
13
6
6
16
9
6
17
18
7
19
13
19
12
14
13
13
11
13
14
13
9
12
6
11
11
15
16
5
19
20
7
6
14
19
19
15
14
16
6
18
5
8
15
18
11
11
17
18
9
8
14
14
15
19
13
9
13
9
11
0
1045
638
1090
1167
1123
323
1020
705
720
872
770
289
144
367
963
357
511
6
1176
749
964
769
139
906
722
539
773
474
1163
1076
655
32
63
1189
181
1056
569
464
279
1105
889
1104
759
781
975
1089
1072
1001
896
1108
849
908
1026
1008
732
1127
1162
755
903
258
1225
336
283
534
647
1130
45
557
373
702
717
1022
805
966
254
90
892
510
1030
567
400
1003
750
599
597
935
154
1225
426
418
1
10
811
244
293
381
481
250
380
882
946
111
445
214
265
140
521
955
706
244
43
496
1240
822
287
665
1197
32
269
899
973
1174
909
231
1220
956
535
334
89
1022
304
13
1185
1072
100
811
657
993
999
395
955
230
1096
866
1002
646
775
1207
340
1088
491
977
634
1129
903
684
987
950
898
1034
346
1134
839
173
956
557
362
1092
1232
1105
540
914
662
1224
984
394
114
750
455
344
249
240
270
923
78
1075
415
389
865
769
65
517
1232
959
1179
355
1101
92
700
108
1127
799
1330
1286
1341
552
1089
752
855
959
928
387
233
509
1045
382
586
166
1301
787
987
882
250
1004
846
770
1018
493
1358
1244
790
184
165
1276
297
1134
704
654
459
1349
1124
1143
992
915
1227
1126
1131
1048
955
1136
965
1155
1058
1258
936
1358
1236
964
932
377
1391
503
478
740
772
1273
197
665
399
760
887
1135
937
1165
407
199
961
712
1190
643
483
1116
822
672
785
1089
206
1264
483
510
86
232
949
334
548
463
516
492
554
1026
1178
218
637
259
453
165
582
1016
742
282
122
673
1286
1021
392
906
1362
125
463
949
1089
1272
949
272
1280
1080
765
403
126
1118
389
201
1443
1172
218
971
767
1025
1028
507
1016
277
1299
969
1198
823
994
1251
445
1350
625
1217
703
1143
1041
804
1066
1116
955
1210
493
1346
1047
261
1064
694
493
1165
1374
1345
549
1158
684
1464
1250
510
207
935
482
496
323
469
435
996
183
1211
680
521
903
1014
241
660
1447
1089
1198
428
1294
125
812

7
200
11
10
18
9
8
18
16
14
16
10
12
9
9
10
6
9
19
17
9
15
8
18
9
6
15
13
14
9
17
12
5
19
9
13
12
16
17
15
18
13
7
15
20
19
16
12
9
14
14
16
17
7
7
11
6
10
19
14
15
10
14
18
16
17
19
20
9
15
19
10
6
12
10
9
8
8
17
10
16
18
19
14
17
13
7
13
12
8
19
9
9
15
16
18
11
16
12
17
7
7
8
12
16
12
20
14
11
17
17
9
13
9
10
10
7
13
10
15
8
14
10
6
9
8
15
12
19
12
16
11
19
11
13
10
7
9
15
8
18
18
10
12
10
8
8
20
19
10
13
6
17
12
13
15
13
11
9
6
15
18
16
14
18
13
9
8
19
18
16
5
7
6
13
20
10
19
18
18
8
14
16
17
10
16
20
8
7
8
19
6
19
15
6
9
6
20
8
20
13
8
0
713
335
1108
957
1197
710
791
984
644
767
457
843
498
894
688
533
1267
1238
505
160
281
937
447
1064
569
947
1256
1003
642
468
129
454
571
520
1134
824
505
897
981
179
291
207
1128
368
524
505
1064
607
957
780
811
316
424
1151
593
265
565
777
262
640
960
1139
426
363
687
262
227
102
294
969
83
557
70
932
531
1020
94
339
374
1246
487
17
563
177
961
398
462
927
660
881
555
271
1198
1067
810
84
1152
881
1105
1138
200
1060
564
136
1156
1013
958
65
90
619
815
1272
1162
449
670
1156
513
581
1027
449
57
146
704
683
585
333
75
1006
662
238
319
593
377
1025
630
792
784
148
1078
539
637
17
324
821
345
117
965
250
767
779
275
91
388
360
752
794
143
18
398
739
341
372
986
894
225
440
598
621
1163
943
1035
1061
1103
745
223
69
374
1237
207
227
108
1065
852
1154
620
1125
941
197
135
920
970
750
1196
1133
55
54
932
1149
346
72
835
606
1350
1150
1234
909
829
1100
838
782
700
994
759
1147
925
783
1458
1472
607
255
312
1148
562
1079
640
997
1472
1136
730
652
265
577
773
657
1298
861
635
1097
1086
407
359
360
1242
529
752
675
1152
661
1201
933
1048
560
683
1265
855
292
766
918
274
767
1139
1350
508
563
778
301
342
225
486
1143
347
748
157
962
543
1287
262
412
619
1463
509
127
597
233
1049
559
669
1184
917
1061
747
298
1439
1301
960
263
1272
900
1133
1336
464
1180
737
201
1290
1169
1101
105
268
870
927
1512
1402
505
860
1404
744
595
1243
708
152
329
739
904
748
507
293
1264
772
442
469
775
596
1187
795
951
813
196
1253
734
837
210
380
1013
423
161
1156
389
996
867
458
227
452
581
922
1018
340
114
488
826
456
618
1211
972
269
634
846
689
1270
992
1130
1138
1124
838
307
197
552
1364
285
432
129
1245
1051
1373
813
1295
1150
412
323
975
1187
850
1336
1283
111
112
1029
1378
389

8
200
12
14
11
17
13
6
9
9
9
15
19
14
6
10
9
19
9
6
5
10
16
9
5
18
20
16
6
18
14
6
6
14
15
17
18
9
6
18
19
14
13
16
12
8
11
9
5
17
9
9
6
5
12
14
14
14
18
19
18
12
8
14
7
9
10
20
17
8
16
17
9
7
13
7
9
15
9
15
12
16
10
10
8
19
7
9
11
17
19
18
19
15
8
11
14
15
17
5
16
6
6
15
9
14
13
9
18
16
13
18
8
15
18
5
6
8
13
10
15
5
19
10
11
9
11
13
17
6
15
16
13
17
5
15
12
9
19
7
20
10
18
12
10
6
10
7
16
8
18
7
11
9
17
18
15
8
20
10
17
12
11
17
10
7
8
11
12
6
7
19
16
12
8
14
18
9
10
9
11
11
6
12
13
12
11
6
11
16
19
14
13
10
12
19
12
8
15
18
10
14
0
692
622
508
478
230
872
778
105
482
152
790
470
501
764
715
1114
876
272
769
169
535
608
802
1208
697
659
806
308
7
641
99
227
848
983
834
613
1140
906
235
185
119
109
308
1186
939
224
1178
943
872
932
737
983
604
801
795
288
288
153
1070
709
493
215
663
855
2
720
533
390
113
1184
1065
786
87
688
402
140
689
209
1025
950
484
1097
1060
466
589
85
905
772
148
5
426
908
629
60
309
895
5
672
1048
649
1019
132
992
527
1182
1027
320
1107
894
31
193
409
970
939
312
769
427
176
1152
461
1090
509
727
517
664
952
666
628
311
342
515
1201
1074
321
1120
44
588
145
868
754
908
713
787
611
1197
514
1059
583
699
851
79
391
317
629
518
556
277
510
664
1136
414
341
1063
833
576
1168
1075
768
391
599
764
803
732
121
996
1211
69
984
124
5
198
1164
825
1176
1153
433
1119
1019
1008
498
184
650
1060
1163
295
954
466
150
214
25
763
869
581
638
439
933
1021
160
532
362
955
584
670
905
770
1239
1056
494
887
359
579
760
831
1354
833
815
1028
468
236
667
125
435
865
1116
850
663
1281
925
288
226
235
152
410
1243
979
351
1346
1115
970
938
900
1092
742
882
977
486
523
290
1146
864
729
364
803
865
126
936
739
473
183
1414
1135
910
105
819
569
342
747
286
1046
966
670
1214
1193
558
788
117
1004
967
351
193
534
1019
820
260
436
1027
97
866
1212
880
1055
341
1224
675
1258
1163
543
1354
1141
206
221
590
1130
1169
345
828
523
217
1160
633
1307
585
823
732
749
1012
773
807
489
560
749
1288
1278
336
1249
163
682
302
1089
906
941
728
843
716
1204
530
1078
770
742
1062
214
478
561
677
677
769
290
717
864
1321
493
521
1112
1049
703
1220
1140
940
549
646
958
953
942
364
1187
1375
257
1039
154
204
361
1206
945
1231
1353
482
1352
1132
1230
740
364
752
1093
1355
401
1211
704
250
259

9
200
15
9
12
18
9
18
12
16
13
17
18
9
14
16
9
8
12
9
6
8
18
10
11
7
6
6
10
17
11
10
7
19
10
16
17
17
17
11
7
20
16
7
10
18
9
6
6
17
18
9
13
16
14
11
11
17
18
8
15
17
19
12
10
7
10
10
9
13
18
10
16
7
17
17
18
14
10
14
12
11
19
15
7
7
9
16
12
8
14
14
6
7
14
16
9
7
19
14
17
9
19
20
15
13
15
17
12
10
9
19
6
13
16
10
9
9
12
9
14
14
13
8
11
19
11
18
16
19
6
18
10
13
19
7
14
11
7
9
9
8
17
8
17
16
20
9
11
8
7
17
8
7
17
8
17
12
17
10
16
13
9
15
17
19
16
8
13
15
14
9
7
16
16
6
20
10
8
12
17
10
9
10
6
13
7
15
6
10
6
5
19
14
18
12
18
15
12
6
6
6
0
8
1178
1149
729
310
735
368
396
440
1166
739
498
172
727
507
631
989
957
1230
497
1212
398
167
582
910
1052
140
1220
544
246
52
227
171
583
481
1056
508
724
1145
725
310
936
1139
417
6
994
1035
570
1114
861
393
1069
232
300
927
564
544
406
214
655
35
745
1038
289
390
47
202
1004
723
308
493
906
317
1219
950
494
495
876
458
703
114
807
766
188
789
344
626
682
241
648
584
221
1029
947
190
408
672
1093
998
59
329
434
824
199
515
919
56
145
1215
713
540
997
877
1102
502
1228
496
568
693
677
1081
83
456
132
723
901
144
414
599
335
964
534
132
235
103
68
536
217
700
377
700
265
1074
1147
918
851
115
485
875
434
581
21
6
768
160
946
222
78
326
1104
566
611
555
133
1129
737
512
468
821
569
59
67
152
1188
1118
575
1035
440
1
792
1165
59
247
393
960
1084
1147
1097
825
1080
664
528
540
1087
109
627
801
1148
1020
231
47
1389
1195
921
520
915
430
591
530
1241
836
587
347
779
545
787
1004
1100
1445
635
1284
604
243
624
929
1255
374
1314
660
272
291
255
305
711
573
1076
722
922
1355
948
336
1118
1229
484
138
1221
1055
768
1186
977
619
1296
316
554
1006
590
699
567
455
820
179
871
1191
369
414
220
226
1225
902
367
527
1082
533
1272
1173
645
608
1107
483
835
283
875
983
342
883
391
786
910
257
833
631
369
1143
971
274
573
896
1295
1178
170
588
533
854
417
715
934
305
331
1313
813
762
1074
1117
1325
668
1370
749
706
937
736
1309
250
611
328
890
999
374
634
736
355
1097
594
243
316
342
274
747
416
833
486
815
312
1182
1256
1088
890
349
693
926
645
630
119
136
983
387
971
453
168
440
1301
645
852
720
394
1373
870
610
685
982
802
129
209
175
1305
1138
789
1272
674
83
1017
1362
160
438
500
1157
1272
1362
1233
874
1227
822
721
583
1287
139
862
963
1165
1125

10
200
18
11
20
17
11
16
5
15
12
12
6
9
11
20
5
10
10
8
20
6
14
13
6
11
19
15
19
18
9
15
13
14
16
5
12
16
13
19
10
12
19
17
14
10
11
7
6
9
16
6
7
6
20
6
13
9
11
8
5
18
15
12
6
18
20
6
6
14
17
15
8
5
14
19
13
16
7
14
12
6
6
9
17
9
14
10
7
20
19
15
12
19
5
13
9
11
20
16
11
16
9
16
6
11
13
16
17
16
7
7
13
17
15
9
13
6
15
15
11
17
6
13
16
14
13
13
11
5
17
18
20
11
10
9
17
6
18
12
11
12
8
10
9
17
11
11
7
15
17
18
15
11
6
7
11
14
14
11
7
17
11
5
15
17
14
13
19
17
7
9
12
20
12
8
7
18
8
10
8
7
15
16
14
17
8
9
6
10
7
6
15
8
12
11
5
7
6
19
12
18
0
1168
1034
135
327
424
1061
261
370
744
872
629
797
574
367
666
477
312
653
474
365
1204
822
939
286
576
902
1092
327
1160
104
1110
1097
753
700
512
176
601
609
1164
855
1170
792
1011
152
637
809
269
112
1168
182
1146
897
704
717
1005
242
794
764
52
248
933
830
409
4
217
580
697
472
1044
616
571
128
508
1171
1143
509
587
191
1188
176
939
1150
524
1085
568
319
769
1011
64
214
318
896
356
752
406
745
596
291
924
817
822
534
425
1149
1093
162
813
380
338
287
830
267
1135
543
681
1079
643
389
679
343
588
225
484
727
726
1133
40
738
238
250
251
699
559
7
890
96
145
348
1058
591
144
636
883
474
575
991
89
919
1119
663
611
119
664
142
396
510
42
1001
108
320
859
454
200
705
10
79
346
914
678
258
531
638
602
964
39
169
240
1073
894
529
98
1068
1090
286
750
104
1149
896
284
785
840
321
276
483
1119
98
480
771
244
171
1297
1140
221
562
484
1304
288
467
924
909
724
994
769
473
847
501
528
882
527
379
1243
1048
1086
474
768
1064
1303
426
1413
333
1175
1303
991
909
616
208
676
660
1363
951
1268
975
1205
285
850
915
379
210
1224
402
1162
1053
918
797
1245
268
1041
991
103
422
1043
876
565
188
418
669
871
560
1297
772
749
323
593
1275
1357
589
781
269
1209
244
1041
1219
648
1262
809
465
945
1094
207
226
415
912
512
989
434
812
765
389
984
1016
850
709
659
1340
1216
329
932
562
577
436
893
375
1362
705
816
1217
694
589
925
496
767
270
684
874
918
1353
54
905
460
495
498
870
648
264
1131
307
290
490
1192
657
238
646
1117
658
594
1113
169
967
1256
684
794
320
807
205
631
549
134
1184
203
487
1010
657
245
951
23
147
600
1127
711
487
556
703
616
1085
248
333
456
1285
1090
669
186
1229
1182
533
768
322
1215
1030
324
920
921
422
499
556
1298
248
626
832
404

11
200
8
10
7
19
19
11
5
5
20
8
12
8
13
7
20
15
15
17
10
8
13
8
9
19
9
11
12
18
11
15
5
19
15
11
9
10
14
8
17
9
19
16
14
14
5
20
16
8
17
9
13
12
17
18
10
13
10
15
6
18
7
11
17
17
9
6
6
8
10
9
7
17
6
17
11
10
15
18
14
18
16
15
5
12
18
15
6
9
17
5
11
16
12
6
20
11
14
19
19
15
6
5
15
9
12
14
12
12
20
11
14
8
7
6
20
17
8
14
7
13
11
13
12
18
19
8
19
11
14
12
19
17
16
18
18
20
13
8
7
9
13
7
15
8
9
8
10
8
7
17
8
10
10
6
20
11
19
16
11
9
15
17
15
17
7
15
15
16
6
9
12
6
17
7
7
12
14
15
13
9
19
15
8
10
5
8
8
16
19
17
7
15
12
18
14
17
5
13
5
19
0
465
378
30
186
43
960
387
98
194
969
1053
874
919
1
148
760
620
553
146
123
157
971
151
69
340
642
867
43
22
939
59
472
66
878
179
1061
573
659
992
815
354
914
117
282
864
965
281
958
101
1206
456
1129
921
553
589
374
759
259
799
897
776
98
27
604
201
676
971
697
285
352
344
454
949
531
942
734
942
386
1069
1234
644
961
298
677
1061
938
588
1027
583
323
942
187
375
499
481
236
199
857
694
828
464
202
735
1103
971
682
11
731
1017
213
678
1213
1214
767
836
522
567
1229
680
736
290
942
37
757
478
1176
922
1173
1128
1000
920
756
1043
719
942
561
1149
725
798
48
838
272
1179
1176
37
69
342
1218
550
874
356
99
860
721
111
549
158
274
1044
937
849
413
324
1057
602
290
1168
993
243
982
172
968
40
735
1125
826
788
512
366
891
769
905
538
374
69
465
291
13
846
1228
733
176
199
607
865
1109
78
121
579
63
719
438
200
379
176
1142
492
222
247
1180
1221
921
1099
66
383
975
864
704
257
310
194
1061
184
116
453
723
958
120
95
1050
277
617
105
1055
398
1252
724
748
1144
841
482
960
353
481
958
1096
465
1144
183
1315
529
1382
1037
705
714
480
1006
387
1051
1033
929
304
192
628
401
876
1047
895
469
433
542
671
1125
556
1021
808
1192
462
1115
1381
810
1168
554
751
1175
1030
638
1280
743
504
1010
263
520
748
650
422
374
1104
954
1035
522
218
824
1305
1070
705
187
776
1041
351
800
1343
1388
945
990
777
805
1375
872
874
496
1008
127
800
629
1199
1147
1397
1307
1082
1121
988
1143
974
1200
622
1297
814
954
64
1087
401
1257
1248
228
180
481
1422
716
981
569
167
893
792
136
738
398
387
1150
1063
953
609
573
1308
665
548
1286
1019
429
1226
243
1144
283
903
1202
842
909
640
411
952
805
994
622
586
255
612
314
209
1049
1428
865
429
340
642
1038
1166
303
174
747

12
200
18
14
15
13
15
7
18
9
12
17
19
9
16
18
7
7
13
7
20
11
19
8
6
13
11
10
17
13
15
9
20
14
15
12
6
18
18
13
8
8
20
9
16
13
5
10
16
13
8
9
19
19
20
9
12
7
10
14
9
6
12
9
20
15
19
19
13
12
20
8
6
10
9
16
12
20
16
17
14
17
5
13
15
9
16
19
14
20
16
9
11
8
16
15
8
8
16
5
9
7
17
19
5
18
15
11
16
14
14
12
8
11
18
13
8
11
5
18
6
5
9
17
8
14
16
7
18
16
15
8
6
11
7
13
5
10
6
20
14
18
8
12
11
19
7
12
11
8
14
19
7
9
6
7
8
15
14
8
12
19
19
9
16
10
19
15
10
9
17
13
9
20
11
19
12
9
16
19
18
6
11
16
20
18
16
13
18
11
16
11
17
15
7
13
15
15
19
19
11
14
0
1115
754
607
889
1161
833
1013
267
63
1135
1116
296
399
970
460
314
625
798
553
582
330
96
1177
70
623
848
334
1248
171
987
1254
129
883
1236
1013
698
671
700
70
1213
92
803
864
488
330
631
169
1127
67
690
1035
125
755
716
307
219
935
858
605
355
632
834
211
1217
320
1257
773
846
119
454
358
911
371
1227
241
1236
273
361
644
565
865
984
1004
412
65
56
482
478
146
69
201
446
1257
1091
354
470
86
432
81
1070
614
938
956
1167
931
67
173
81
223
491
1214
963
175
274
1153
958
28
822
319
191
551
890
1190
768
782
746
1193
966
243
177
134
667
739
308
18
142
1203
636
22
539
217
1231
285
1013
965
238
616
841
1174
470
78
180
1280
1122
231
126
544
1232
31
853
253
1149
564
1057
402
448
1190
40
17
353
153
553
333
109
471
887
470
510
809
1261
222
181
379
189
861
371
111
733
641
16
945
1048
256
679
724
654
831
557
785
159
1274
970
750
942
1305
1038
1201
470
171
1403
1185
394
485
1180
651
358
846
826
719
703
579
272
1325
100
848
958
541
1519
325
1206
1389
323
1088
1454
1038
788
714
910
289
1337
261
930
1124
728
521
662
278
1181
179
866
1175
303
992
922
350
349
1023
899
629
460
666
998
275
1408
404
1426
864
917
168
469
526
989
546
1423
329
1425
296
523
812
721
1088
1239
1066
665
216
77
655
540
220
325
299
550
1345
1327
553
694
161
631
283
1322
852
989
1037
1207
1019
126
281
136
438
729
1476
1179
205
365
1192
1133
50
861
375
340
816
1000
1259
867
844
957
1306
1139
395
247
292
705
856
522
68
355
1269
786
112
696
383
1363
413
1099
1144
375
692
1072
1352
634
224
201
1338
1233
262
229
553
1261
209
1065
363
1307
758
1111
435
574
1217
179
101
606
377
774
375
291
506
1143
647
676
950
1306
391
443
517
300
938
471
142
780
856
196
1033
1063
415
820
983
919
881
698
799

13
200
10
8
20
12
11
19
16
12
13
13
7
13
18
9
12
7
9
19
19
8
20
17
8
12
11
12
9
17
9
18
9
8
16
19
14
16
13
17
18
9
8
13
6
16
19
18
13
5
17
15
10
9
20
7
10
13
6
18
14
14
9
15
6
10
9
8
8
14
5
11
7
12
6
7
16
10
6
18
8
16
19
8
8
15
17
7
14
7
8
8
13
11
5
18
18
7
14
8
13
7
10
13
12
11
13
15
18
10
13
13
15
10
6
7
12
18
15
20
12
9
10
12
11
7
6
18
18
17
14
12
17
18
16
19
18
15
7
16
15
11
9
11
18
7
15
10
13
17
15
6
9
5
5
6
8
12
17
7
19
16
9
10
13
11
19
12
5
6
13
13
16
8
17
18
15
14
7
9
8
11
11
16
8
5
5
5
7
17
20
7
19
15
16
13
17
19
12
19
15
16
0
678
1114
1136
40
613
540
1202
758
498
9
722
414
214
276
546
1224
278
1000
1142
390
379
375
778
613
520
469
1156
703
496
333
596
229
211
122
885
1219
260
725
522
349
351
70
478
42
1134
46
112
12
889
659
767
126
1213
294
832
652
887
763
1008
104
675
440
1119
61
666
1150
1073
1210
639
1086
796
6
1045
627
724
860
324
701
113
499
895
940
887
1115
1129
583
795
364
363
773
777
114
415
173
482
397
1182
951
707
840
798
1101
211
560
388
1203
744
409
564
349
395
996
758
762
143
370
805
740
25
753
1145
347
1225
1205
1054
729
314
336
1091
610
522
669
592
287
523
738
62
743
324
869
528
817
692
160
1131
922
134
770
498
302
219
716
714
1212
1159
1128
1056
886
902
547
1144
636
523
989
681
655
918
833
710
75
974
471
923
291
618
675
409
414
500
19
44
70
505
722
426
837
1111
1048
918
690
1193
819
1056
963
1212
596
73
571
465
62
828
1269
1352
222
793
691
1394
903
681
38
765
523
239
465
777
1304
416
1224
1326
536
538
427
793
635
678
668
1400
806
722
520
718
247
451
334
1004
1421
286
789
718
564
367
139
685
157
1317
293
311
185
1007
780
932
247
1239
470
1044
897
959
899
1137
133
794
459
1146
106
803
1184
1090
1339
756
1280
1050
134
1161
792
808
1000
513
833
140
727
1079
964
977
1339
1287
642
858
401
610
907
847
350
667
242
524
411
1341
1022
828
993
823
1340
400
772
477
1332
759
444
730
400
551
1110
791
954
354
600
878
962
42
870
1217
562
1300
1238
1134
989
469
402
1218
757
548
801
794
391
586
838
93
912
500
890
687
1007
763
223
1258
949
285
875
643
531
442
760
863
1249
1176
1270
1258
956
941
731
1289
857
630
1109
700
842
1052
864
807
213
1082
549
1047
550
821
727
630
461
623
263
64
205
603
924
602
964
1207
1275
1101
889
1312
1011
1187
1123
1380
714
111
794
662

14
200
6
19
20
17
9
14
19
16
16
12
15
17
6
13
20
20
7
12
14
11
14
17
12
7
16
6
15
8
10
16
12
17
16
17
12
16
13
7
10
16
13
15
18
9
18
18
14
7
10
18
15
5
6
12
9
16
12
7
13
19
16
11
10
12
18
20
19
15
7
19
9
8
12
19
11
18
10
8
14
6
14
6
11
7
9
18
8
14
5
19
8
9
19
10
9
14
12
16
19
9
6
10
13
12
16
19
12
8
9
13
12
20
16
12
6
9
6
16
6
5
16
13
7
17
8
9
9
17
16
13
11
17
6
12
9
17
16
12
19
8
9
14
12
5
13
12
11
9
5
12
6
8
9
12
11
15
10
14
6
15
10
19
19
17
13
5
12
11
10
14
7
5
12
13
6
8
9
17
18
12
13
8
8
10
11
9
14
11
8
14
16
14
5
13
15
9
18
11
8
9
0
676
504
1038
606
210
414
815
570
468
224
200
618
1041
630
527
512
501
745
1066
1026
154
1021
166
78
1158
452
141
759
88
891
567
522
814
237
585
873
191
739
964
735
821
758
923
638
1060
1117
1188
412
879
464
973
471
606
1039
355
325
658
478
612
766
20
804
585
917
362
484
1134
252
140
702
1123
437
212
258
664
8
409
490
1143
1161
94
738
696
908
418
843
265
515
572
982
596
616
393
688
450
36
395
763
780
1102
606
188
725
457
258
270
1185
1060
941
816
595
5
614
568
1095
65
615
106
1180
762
860
1166
351
1059
489
571
390
1166
1113
781
707
179
647
1100
463
245
482
92
20
519
582
82
1011
175
370
367
17
1043
733
522
762
1067
606
422
785
899
538
60
666
164
619
436
306
833
278
44
1067
352
751
432
231
487
650
734
233
1128
76
738
837
122
43
928
369
95
459
774
1013
654
508
782
361
87
1018
1036
836
809
466
524
866
249
705
717
1184
839
419
661
1035
783
637
246
268
659
1295
841
583
530
550
914
1236
1064
190
1090
380
138
1383
550
258
927
241
1052
717
683
863
319
749
1013
424
843
994
788
885
868
1035
838
1182
1340
1277
544
1122
557
1088
639
853
1164
496
529
907
546
785
928
62
1001
616
996
531
718
1277
295
241
938
1176
513
270
419
846
37
439
747
1168
1191
113
948
725
1131
530
1014
432
547
758
1000
816
853
456
878
470
59
533
974
1014
1144
673
250
877
543
334
493
1404
1244
1080
1040
764
87
677
673
1341
263
739
300
1324
849
1073
1290
442
1142
678
588
443
1416
1149
880
958
251
808
1226
629
339
594
208
129
683
596
290
1067
324
461
507
32
1256
748
625
951
1165
750
531
956
914
649
259
738
391
875
485
404
1012
339
230
1252
449
999
597
303
555
819
930
282
1203
243
948
1023
363
235
1138
520
174
529
987
1046
814
686
1001
397
246
1272
1233
912
1057
633
654
957

15
200
9
12
8
19
9
10
12
17
15
14
19
6
10
7
20
13
18
15
18
11
7
17
14
14
18
9
6
13
6
8
7
19
19
15
17
11
5
15
6
13
18
5
18
13
15
10
12
7
19
16
19
18
19
18
9
14
9
9
6
11
10
19
11
6
5
17
10
9
20
6
15
16
20
19
15
8
5
10
12
18
6
15
12
9
17
16
14
20
9
15
18
16
14
18
6
9
7
8
19
13
9
18
16
17
19
16
12
15
19
20
19
10
19
7
6
5
20
18
20
16
10
12
17
18
6
14
8
7
16
14
16
18
9
19
15
8
15
5
17
6
10
17
11
7
19
18
13
19
7
16
13
18
18
19
10
14
10
14
15
7
11
18
6
11
16
7
9
12
18
15
7
5
11
8
6
17
13
19
18
12
8
13
6
10
19
13
5
12
10
6
7
7
11
10
13
17
20
19
8
6
0
410
1218
113
905
1156
297
1009
128
1142
1058
136
630
920
249
1147
158
1010
288
865
488
744
84
966
751
1161
596
1066
379
794
990
809
689
711
317
754
1107
1248
1079
163
831
390
144
714
678
578
530
152
495
590
34
267
1017
1045
500
416
405
203
106
956
745
890
903
638
675
115
434
786
925
149
916
310
232
1086
986
796
726
857
925
578
246
1151
451
899
933
365
791
486
31
233
349
371
1208
839
833
420
793
426
326
412
70
330
414
1236
568
677
27
1114
176
29
528
341
858
1232
1120
501
929
792
139
103
607
1201
513
785
227
455
373
413
590
763
394
36
217
933
1179
1009
276
336
481
40
392
733
714
760
1258
533
697
858
1095
1088
9
318
587
374
148
28
788
73
117
436
932
126
115
260
1157
342
692
1096
392
1114
795
1271
853
1002
15
150
409
1198
763
111
923
538
306
455
1029
25
442
1258
149
551
381
1146
166
1236
610
608
798
25
1279
1246
151
441
1437
335
1002
1300
414
1072
375
1180
1216
230
757
972
399
1296
269
1230
383
904
513
901
337
1019
872
1228
761
1239
443
939
1225
981
923
857
421
926
1367
1281
1130
376
849
492
209
806
879
685
621
305
522
662
174
332
1140
1290
716
673
497
423
359
1119
794
1107
1067
860
695
318
649
1015
1154
185
1059
474
479
1152
1153
1059
918
1042
1168
829
437
1364
625
942
1097
469
937
700
217
401
423
510
1313
882
910
554
838
473
375
678
211
538
524
1477
812
899
73
1278
245
89
634
518
977
1458
1341
518
1093
862
267
304
704
1289
630
940
318
540
605
665
625
816
534
230
317
1067
1331
1181
376
454
611
147
499
820
842
909
1281
749
819
921
1329
1147
195
499
638
542
351
84
825
211
158
528
1157
395
217
469
1201
385
841
1237
570
1181
915
1511
882
1243
242
173
578
1405
782
355
1082
640
367
709
1294
42
671
1509
218
636
509
1243
295
1451
765
684
843
74
1474
1441

16
200
7
7
10
17
14
10
19
7
8
18
12
17
9
9
16
17
16
6
14
13
17
16
9
11
5
15
6
8
7
7
8
9
11
6
14
18
17
9
19
14
19
8
5
14
5
17
17
18
12
7
6
19
11
7
13
14
14
14
8
19
15
8
17
16
17
19
5
20
6
18
15
17
17
14
7
7
12
9
14
15
7
11
14
6
9
11
7
13
9
12
14
19
13
20
9
10
18
12
14
10
10
12
20
18
5
5
12
11
17
12
8
8
15
8
20
8
20
14
16
16
9
20
6
17
9
10
19
20
7
8
16
8
5
7
11
10
16
6
6
15
16
13
13
9
9
13
7
14
17
12
15
6
16
19
18
9
15
14
7
8
8
17
19
20
7
6
7
14
8
13
10
9
13
19
6
9
18
11
11
17
12
19
8
9
18
19
11
8
11
14
18
10
14
15
8
9
7
7
10
16
0
680
1023
951
710
1067
831
429
165
869
920
162
619
346
567
329
817
1155
509
502
950
515
469
1140
152
78
150
745
938
99
406
1048
473
150
643
322
447
159
122
600
808
1052
455
334
587
3
1104
748
346
305
1020
1057
207
376
684
1043
193
198
608
823
482
701
311
418
1016
220
1152
1157
486
132
1174
571
226
634
1202
1077
865
1200
586
952
904
98
619
91
940
190
108
13
746
755
1148
133
237
852
1016
256
80
68
443
319
780
207
533
30
875
1091
264
407
388
117
1020
106
420
948
801
741
147
721
415
656
399
193
646
1133
453
106
507
814
875
128
1176
1115
257
251
118
840
1134
274
728
345
723
903
27
768
66
871
510
383
1120
941
113
431
980
652
304
523
353
1106
923
857
93
875
1017
1093
471
781
1128
937
179
953
689
812
1184
1032
605
350
591
358
1013
399
21
471
645
191
238
653
1207
228
568
1039
21
102
103
378
1175
587
731
521
372
430
92
898
1146
1139
736
1290
879
611
394
1118
1136
193
732
514
641
450
909
1399
656
530
1106
567
664
1239
240
174
217
807
1051
118
422
1133
529
354
790
557
605
368
182
702
888
1096
532
398
669
99
1175
869
509
484
1179
1123
326
520
933
1268
233
278
739
1075
653
838
403
506
1262
480
1392
1179
607
201
1265
696
268
744
1443
1265
877
1377
814
1014
971
258
838
98
964
294
117
200
825
923
1267
347
279
973
1204
447
237
271
648
359
983
243
708
283
1050
1146
397
644
641
263
1032
249
672
1101
991
797
306
838
595
865
520
451
811
1186
687
306
605
1043
1048
289
1430
1263
446
275
282
1023
1378
315
849
433
946
979
248
805
130
1031
670
580
1203
963
165
628
1201
880
491
698
433
1178
1051
1022
232
1131
1136
1354
660
847
1180
1011
276
1163
788
985
1303
1219
612
422
634
517
1256
644
184
520
664
234
332
889
1456
324
705
1280
58
326
132
474
1396
661
809
595
529
670

17
200
8
17
13
7
15
9
13
7
10
14
19
9
8
6
10
6
11
16
18
11
8
13
9
7
17
8
6
14
6
10
14
18
10
17
10
7
15
18
17
16
11
15
15
15
18
18
12
15
10
5
13
11
5
9
17
15
6
7
13
12
20
7
9
20
8
12
19
9
15
6
15
17
9
17
8
7
12
19
9
15
19
12
8
6
17
17
14
16
15
16
17
14
19
19
7
19
6
14
11
12
7
16
12
16
15
8
13
7
6
10
19
15
16
17
18
14
12
12
8
7
8
14
10
5
8
13
7
9
16
17
16
5
14
13
16
19
5
18
12
9
19
14
6
6
18
17
14
9
9
6
11
14
17
10
11
6
20
7
14
7
16
19
19
11
16
12
14
12
10
6
18
13
12
17
16
19
7
8
7
16
13
19
12
13
11
16
7
10
18
15
10
15
7
18
16
10
13
7
13
7
0
312
1210
335
192
255
572
481
311
78
1170
365
1130
734
1035
127
341
580
464
1017
778
430
633
404
808
972
360
1061
37
31
752
430
734
226
966
433
814
1070
1010
1061
875
929
983
964
91
209
328
456
964
240
89
473
239
380
626
302
813
175
238
4
915
427
776
449
338
118
931
698
1027
369
612
496
980
1228
820
197
839
12
137
919
1082
491
715
971
532
812
131
20
94
392
550
841
147
1085
434
316
454
800
223
375
926
649
859
841
957
287
581
1150
617
58
1025
139
185
694
859
1079
72
608
340
8
87
102
1215
409
101
161
615
140
1056
181
472
1069
956
889
177
942
869
704
205
603
729
458
500
953
1207
1021
315
489
94
79
625
1218
717
1073
952
383
1017
954
394
536
611
695
872
558
671
259
123
145
507
940
906
172
353
275
438
515
622
1219
153
13
946
968
1018
156
404
934
997
1081
1009
770
738
147
1028
638
657
215
1210
599
439
776
133
382
1268
365
257
265
764
526
485
213
1237
443
1307
792
1238
136
553
716
511
1074
988
606
801
529
871
1051
432
1086
112
87
822
590
841
244
1114
556
888
1155
1051
1200
930
1055
1097
1146
277
245
456
628
1054
357
292
563
460
395
719
372
983
383
341
261
1167
462
927
631
404
342
1182
779
1184
558
772
604
1121
1401
1000
344
1068
91
272
1029
1330
680
932
1039
621
830
384
155
147
578
639
1063
342
1159
633
574
706
850
341
508
1099
734
1076
878
975
405
610
1217
791
255
1055
171
316
954
993
1306
253
631
477
208
175
154
1362
494
270
328
808
151
1173
425
530
1297
1035
1128
439
1055
1039
964
350
831
939
670
694
1178
1366
1191
527
731
332
272
739
1244
886
1113
1133
410
1056
1106
642
715
873
926
972
634
782
475
334
254
602
1183
964
331
396
471
668
647
790
1385
165
76
1004
1207
1183
324
481
987
1068
1257
1177
917
832
247
1048
735
697
282
1304
693
567
947

18
200
15
17
5
10
20
5
7
17
18
16
10
8
19
11
15
9
9
12
18
13
7
6
12
15
15
10
16
10
15
20
17
7
5
12
8
6
18
11
16
10
9
8
5
12
17
9
12
7
12
19
7
6
17
18
9
17
15
12
12
6
10
11
5
8
14
16
19
14
15
14
14
19
13
7
10
12
18
17
16
16
10
6
16
12
6
18
12
10
17
8
14
17
11
10
20
13
10
20
10
15
10
14
6
16
9
5
14
12
12
11
13
6
10
6
11
19
16
7
5
6
10
10
12
17
9
18
7
11
6
7
14
17
10
13
18
12
15
9
6
15
6
13
11
13
14
16
17
13
16
17
15
13
14
15
11
9
17
20
9
10
8
19
19
14
10
17
13
8
20
18
9
9
14
19
13
18
19
15
15
10
11
10
12
10
14
10
18
8
17
6
17
10
7
16
16
12
9
15
19
10
0
1204
427
641
339
221
545
884
368
165
1161
1023
158
348
219
324
838
1209
441
254
835
857
595
972
952
1129
480
217
1023
360
1003
688
937
420
17
304
783
226
120
59
452
807
470
118
937
329
22
211
189
453
414
1099
698
1170
1056
771
517
513
801
822
1057
1182
1222
472
901
651
996
1159
238
407
65
409
105
925
572
402
1131
601
862
1222
899
106
637
485
838
511
1131
438
616
368
957
668
900
24
111
1167
1152
929
358
91
893
734
783
1042
1072
572
379
479
254
444
232
1229
949
310
1001
295
894
270
696
655
759
1231
889
249
630
696
240
352
546
14
891
248
1087
281
380
480
627
774
858
240
192
730
799
8
74
932
970
1206
391
940
1066
277
960
881
107
95
208
1137
639
2
938
126
1222
1082
284
963
890
397
282
1038
64
858
226
197
447
489
1000
322
824
201
1225
878
18
63
496
557
186
776
723
878
533
266
951
726
794
838
322
67
810
640
177
1340
552
862
512
309
749
908
533
239
1253
1135
216
365
334
370
925
1465
663
349
973
1072
724
1128
1159
1338
718
285
1124
421
1034
789
1142
614
207
477
972
402
273
152
568
1043
556
225
997
577
169
268
388
689
591
1284
889
1314
1147
849
652
746
966
879
1262
1315
1237
691
945
800
1065
1223
387
662
181
490
300
1012
792
594
1216
626
909
1337
995
226
893
583
1014
571
1355
686
635
562
1051
753
1102
207
346
1279
1272
1103
605
231
958
839
860
1122
1157
639
574
525
415
466
489
1356
994
529
1150
510
1156
421
711
897
987
1260
950
304
737
894
481
370
554
144
1080
433
1268
353
464
583
737
854
985
343
251
764
836
202
233
1190
987
1383
411
1149
1094
538
975
982
135
251
393
1356
857
79
1066
259
1447
1307
491
1044
1047
433
448
1251
143
902
259
344
621
736
1152
458
963
362
1255
900
81
172
692
767
312
875
871
992
623
321
1186
886
899
895
407
177
984
792

19
200
19
18
19
9
6
20
19
11
9
18
19
10
11
5
20
5
17
12
12
9
16
11
8
11
17
16
20
18
18
18
19
10
19
13
19
15
19
11
11
5
11
10
16
12
6
13
19
8
10
8
18
8
7
17
13
19
19
12
5
7
7
7
9
14
10
12
11
5
10
6
15
7
6
20
8
18
8
16
20
17
18
14
8
20
8
19
14
14
15
10
12
9
13
7
11
19
12
6
6
10
19
10
13
17
16
13
6
8
15
7
19
10
12
19
13
13
14
13
16
12
15
12
6
12
12
17
11
13
20
15
12
13
8
6
18
9
9
14
17
10
10
11
20
16
10
13
16
16
16
10
10
10
20
17
5
7
8
13
12
8
19
10
15
12
12
9
18
15
20
14
15
5
19
13
10
12
11
8
6
15
19
16
7
10
8
8
10
13
5
5
18
8
17
18
10
9
7
10
16
13
0
686
849
370
287
129
975
497
701
896
889
884
248
622
85
32
516
134
103
774
218
1174
178
211
354
524
1178
70
1012
385
1057
988
1027
123
896
303
999
580
940
925
754
1151
707
492
565
697
186
1133
970
120
1086
220
455
28
139
1183
954
154
1087
979
256
229
871
847
183
174
566
739
823
566
341
96
832
1239
54
647
569
241
4
1156
359
1077
780
1177
718
243
514
11
624
745
1073
319
654
959
87
103
790
737
483
121
966
562
593
375
452
397
273
159
372
483
1202
468
417
640
299
613
345
344
1007
414
1108
1163
1082
1090
1082
1228
543
1108
1136
962
995
239
156
921
948
544
1064
895
1170
1178
131
17
757
893
1027
733
485
99
1230
1256
417
15
1038
783
783
820
455
828
655
119
181
509
916
1187
938
620
1011
842
1005
474
1018
388
38
1097
1040
671
224
13
642
773
272
8
416
410
978
750
829
383
246
695
452
1140
71
810
44
112
857
1037
743
445
127
937
934
445
358
313
1193
659
807
947
1120
1059
399
840
207
212
712
187
182
826
374
1262
249
386
591
546
1281
92
1034
585
1167
1247
1168
231
1037
440
1019
831
1188
1140
1002
1336
821
609
722
955
317
1317
1016
139
1238
294
635
164
348
1410
1065
291
1097
1180
480
262
1044
920
254
226
690
820
963
646
357
180
1060
1474
301
860
823
444
181
1192
405
1185
868
1257
938
393
733
46
848
859
1156
341
761
1160
165
349
928
770
717
308
1003
591
855
452
661
451
303
232
475
597
1319
658
475
831
379
732
438
561
1150
484
1146
1312
1109
1158
1274
1358
631
1364
1307
1091
1104
338
412
1086
1011
559
1246
1058
1232
1202
243
77
898
1078
1154
976
702
312
1356
1422
496
81
1189
812
831
900
490
1032
702
266
303
731
984
1330
1099
673
1065
907
1095
615
1118
394
277
1140
1279
719
383
125
680
1027
431
56
634
468
1237
886
856
630
447
760
577
1385
170
911
173
169
930
1261
945
574

20
200
15
15
12
14
13
8
20
13
16
19
9
8
6
11
8
11
19
18
6
12
5
10
7
14
9
11
6
20
11
15
6
15
14
10
10
5
6
10
9
9
13
15
18
13
11
12
14
9
10
14
10
18
6
10
11
6
16
17
14
7
12
15
14
17
9
20
10
5
12
9
14
6
10
7
15
12
20
8
14
12
15
11
14
17
11
14
16
7
16
20
14
14
18
13
5
6
11
16
17
7
11
16
7
17
17
9
18
10
10
12
6
14
18
14
15
13
8
7
5
15
15
12
8
20
8
8
9
17
10
18
15
12
18
10
10
11
9
14
14
20
18
18
6
15
14
14
17
6
20
7
9
18
16
12
12
13
18
8
14
12
17
9
19
16
17
15
18
6
12
16
16
5
9
6
6
16
18
14
11
19
7
13
16
16
12
10
7
6
13
8
13
15
8
7
5
12
5
5
15
6
0
1076
29
20
770
17
765
812
1149
386
1134
418
574
153
202
212
1038
1152
50
1006
223
865
764
1212
206
509
67
515
852
696
993
132
1012
398
1168
1054
912
910
1147
1073
871
95
529
527
665
540
1034
505
781
1065
1079
1027
132
96
1048
1204
1214
1017
136
340
240
564
310
798
1216
274
704
635
1079
122
432
1140
686
1004
415
279
918
738
321
806
995
508
692
402
844
330
245
1125
271
487
869
655
440
881
585
193
405
640
353
3
291
901
132
432
206
927
349
87
399
205
3
469
277
345
245
235
562
1184
1025
564
128
707
855
1132
309
510
661
883
920
859
1109
131
798
450
427
1143
450
761
385
96
189
864
687
404
1062
873
371
151
719
1095
1080
672
74
463
393
1176
719
790
481
910
427
942
809
511
782
876
168
944
196
829
1069
188
952
1032
436
649
1110
601
978
724
1112
974
419
505
806
402
278
1143
908
662
1091
1088
429
332
219
366
441
672
523
280
183
1268
242
272
883
80
954
898
1325
628
1150
635
804
273
240
359
1212
1290
172
1242
410
939
968
1254
252
585
192
752
1017
872
1022
378
1092
431
1283
1063
1136
1047
1349
1137
1027
311
723
771
861
713
1061
702
1003
1192
1219
1231
207
106
1257
1369
1303
1124
160
377
478
792
544
1025
1312
450
799
766
1275
240
636
1192
775
1155
437
457
995
813
543
850
1109
610
772
447
1024
583
378
1136
410
680
1048
839
551
905
722
244
557
841
531
133
340
1096
306
531
381
963
488
257
605
258
49
721
403
572
496
340
809
1303
1103
579
296
951
1023
1178
507
534
815
998
1101
969
1331
334
1042
500
547
1182
582
973
420
177
349
939
819
649
1156
925
463
342
933
1278
1249
857
256
547
559
1338
876
1005
629
993
606
1181
1022
758
933
1020
409
1007
449
1006
1124
345
1044
1139
530
897
1269
844
1081
800
1228
1009
643
625
1023
525
451
1215
1127
757
1301
1322
572
448
419
467
486
839
741
456

21
200
10
7
12
16
13
15
6
8
18
12
15
14
19
19
6
18
12
16
9
19
11
13
15
14
14
11
13
8
13
12
18
17
5
10
9
9
8
5
18
7
20
13
7
10
17
13
12
19
20
18
9
7
13
12
11
19
9
18
8
10
8
16
13
6
13
15
5
16
6
12
18
13
19
12
20
16
11
12
6
17
6
8
20
11
12
7
20
17
5
11
7
13
8
13
11
10
14
10
17
11
14
6
9
12
18
6
20
6
15
5
15
5
13
13
6
16
17
15
14
13
14
7
12
10
9
16
16
17
6
20
19
11
17
19
20
8
6
17
9
6
7
16
9
9
10
11
16
9
20
6
6
11
19
15
10
19
18
9
18
17
7
15
9
13
11
7
18
10
19
12
11
11
6
7
12
15
13
13
10
14
6
14
9
8
19
9
13
11
7
10
5
6
17
7
6
12
17
19
17
17
0
141
636
286
765
545
896
1187
562
531
611
1003
435
799
444
1157
29
1125
638
340
700
839
993
273
683
583
632
1032
659
1125
515
419
877
456
1209
183
1090
921
111
384
404
581
286
680
943
216
698
902
139
163
908
21
123
1195
1069
625
601
851
784
804
1213
633
1031
231
678
751
414
1092
272
273
1005
1170
176
270
308
295
1151
762
555
246
83
123
825
900
460
42
748
957
510
110
920
1145
957
1115
539
1015
33
1114
749
744
514
905
667
300
88
502
729
5
893
793
338
984
926
576
754
955
706
701
211
1041
180
591
802
620
817
100
611
822
182
598
450
1053
62
1009
1137
560
695
1146
1020
469
958
699
409
1110
392
55
487
1123
817
1152
902
531
952
1029
843
750
220
843
398
45
249
906
863
748
581
813
808
931
442
1033
80
386
640
450
1169
960
237
973
466
382
480
184
622
195
830
351
883
1099
783
28
320
193
935
243
298
285
1009
123
572
282
125
231
877
338
816
724
1021
1346
600
746
737
1150
522
1033
628
1312
164
1168
683
459
744
864
1174
326
862
733
680
1163
675
1293
558
646
927
659
1364
349
1264
1113
208
511
666
700
303
834
1116
338
873
938
206
365
1140
177
272
1301
1320
666
627
1040
816
963
1404
752
1131
365
714
939
604
1342
485
431
1241
1280
237
289
353
517
1298
980
714
271
327
327
958
998
607
122
916
1193
605
269
1006
1192
1088
1194
560
1033
58
1311
921
913
581
1098
829
371
153
561
778
31
1129
969
583
1162
1019
592
955
1198
862
893
227
1155
257
707
954
651
959
275
629
861
234
814
713
1235
108
1156
1161
769
919
1343
1055
603
1045
791
656
1177
412
140
611
1375
1039
1215
1081
644
1148
1179
883
979
460
1018
450
136
486
1115
902
880
756
1012
968
1149
551
1163
242
584
712
614
1209
1146
295
1164
586
551
565
217
682
341
851
456
1091
1173
892
71
410
245
1196
468
512
492
1211
171
798
530

22
200
6
13
16
17
19
9
17
6
6
13
11
10
18
7
6
11
15
14
19
13
15
12
14
7
10
11
13
17
6
16
11
14
14
6
6
7
10
13
12
7
11
5
12
5
20
5
19
12
13
20
11
8
6
16
17
13
9
16
5
7
5
14
18
10
19
12
16
12
8
8
15
18
20
17
8
19
6
18
10
7
14
12
14
11
17
16
20
14
9
13
16
17
19
6
18
11
10
9
11
6
8
6
18
16
6
13
18
18
8
13
5
14
11
8
13
13
16
18
8
12
8
14
15
8
16
13
6
6
10
7
10
14
13
7
14
12
7
6
7
18
9
14
14
7
13
11
14
12
16
7
14
7
8
18
9
6
9
16
7
12
17
19
8
7
11
12
12
13
18
12
9
11
6
9
17
18
19
12
17
11
7
10
7
15
15
10
14
17
6
8
18
15
15
15
10
6
15
13
7
10
0
355
913
10
653
3
336
517
883
1006
48
861
1174
465
893
1164
943
185
292
88
1009
714
108
12
758
461
496
583
308
81
636
246
272
959
431
839
629
385
221
252
842
897
939
458
358
578
569
396
429
873
64
1029
420
1101
274
392
283
727
658
1192
1185
25
409
414
430
1129
844
206
127
85
138
1151
686
546
733
471
964
352
220
443
28
711
336
648
870
1178
107
792
291
302
618
870
1109
937
562
332
1060
714
515
938
514
77
1046
638
90
36
671
1050
452
546
253
378
431
314
757
298
985
593
959
1042
399
632
1115
85
168
463
103
883
1007
1094
377
527
60
1075
1106
946
1003
979
990
593
346
465
668
506
1022
631
1162
774
1068
1122
187
1007
114
1108
689
1131
131
759
19
599
195
402
360
681
1102
1141
455
767
488
549
917
518
269
345
1051
1169
1074
562
378
1117
715
698
708
591
24
267
451
971
863
143
887
438
826
690
577
161
492
466
16
24
59
573
1141
125
737
44
469
594
1077
1126
259
1071
1192
587
950
1360
1078
310
412
257
1088
775
219
59
811
624
536
750
382
131
706
472
439
1017
642
1008
862
563
314
434
1026
926
1158
610
516
693
772
568
646
1131
304
1272
535
1129
482
588
359
934
806
1217
1362
263
468
484
668
1144
979
224
161
211
170
1328
902
646
953
504
1020
403
393
496
110
825
443
864
979
1334
217
822
435
464
756
895
1201
1010
706
374
1122
960
715
1125
547
292
1293
773
119
143
821
1185
502
774
262
483
660
480
833
513
1136
737
1025
1290
525
873
1264
233
189
584
277
1029
1163
1150
594
714
226
1305
1343
1122
1121
1158
1153
793
397
702
800
589
1215
850
1248
803
1304
1216
240
1132
228
1343
849
1222
203
899
209
782
231
652
373
759
1312
1287
609
945
687
585
960
590
347
398
1187
1213
1272
697
483
1167
906
798
849
741
207
492
646
1106
1068
229
1003
605
959
914
754
260
558
578
67
41

23
200
16
14
7
18
6
11
6
18
16
10
12
10
18
14
13
9
12
14
7
15
19
13
5
13
15
17
13
12
16
19
14
8
19
12
19
7
10
6
18
17
12
11
18
8
9
19
16
13
17
5
6
7
8
12
14
13
9
19
8
11
15
11
11
18
6
11
18
18
13
13
10
7
13
19
17
6
15
19
15
14
16
11
7
13
14
11
17
18
18
16
15
17
18
17
18
13
12
8
14
16
9
18
11
5
13
13
17
15
18
6
9
12
7
8
19
9
15
9
6
17
6
18
6
15
10
18
17
18
13
7
18
16
16
19
15
16
19
7
13
10
9
12
9
10
18
9
10
6
6
17
8
14
9
11
13
13
17
8
16
12
13
14
13
11
11
10
14
15
6
17
17
19
15
6
7
10
14
16
8
9
8
14
6
14
15
13
13
13
7
9
18
7
14
10
14
17
9
13
7
5
0
371
61
680
873
259
888
907
965
1225
1210
962
1002
809
1223
1008
129
774
1187
635
362
902
30
43
681
1107
507
502
839
890
908
993
265
889
657
1133
774
581
1051
991
985
687
732
342
1245
543
1203
547
647
253
531
291
1173
413
641
953
543
385
34
240
141
524
1135
1212
788
524
290
181
113
522
989
806
858
929
684
207
1007
48
579
720
282
592
144
681
207
197
486
219
758
990
1031
658
1060
726
1050
715
854
526
565
891
93
571
815
331
964
1124
79
50
870
415
182
608
843
463
547
557
263
997
172
125
1096
144
796
84
101
949
86
256
1032
769
920
222
66
466
365
371
462
326
809
818
826
722
568
120
395
938
93
129
1026
287
28
1259
106
1257
766
825
744
1159
1182
160
667
1006
1146
374
54
459
460
37
1073
1256
74
1135
275
561
755
1255
826
452
12
1065
331
1096
105
1255
158
53
213
344
831
573
698
316
406
873
131
1220
746
54
386
530
170
426
163
914
989
277
1043
1031
1037
1455
1347
1009
1113
955
1272
1236
369
981
1198
666
408
951
239
91
883
1353
699
576
1051
1013
1004
1019
304
1086
912
1327
1009
791
1124
1076
1142
915
770
512
1374
664
1423
574
755
406
570
380
1255
470
751
972
644
650
145
338
210
762
1252
1294
974
682
400
435
306
708
1008
837
948
1150
845
245
1139
102
712
897
418
815
349
824
245
248
685
435
977
1087
1086
836
1089
825
1161
950
866
657
722
1150
239
830
927
364
986
1155
116
202
1074
611
262
719
913
662
697
628
513
1028
197
383
1272
232
853
262
347
1199
286
408
1160
811
1122
370
223
569
490
431
587
576
1068
828
895
904
628
305
595
1068
144
206
1221
398
151
1457
284
1291
794
851
785
1248
1407
282
842
1053
1239
500
187
701
487
256
1114
1443
327
1344
399
756
1004
1420
1081
481
228
1212
345
1321
279
1511
295
296
362
532
904
726
919
447
455
1125
167
1430
894
129
629
585

24
200
19
10
18
8
10
8
6
18
6
11
18
7
17
15
9
7
18
17
16
13
15
7
13
9
13
6
6
14
13
9
14
8
12
18
6
20
12
16
17
18
7
12
6
9
13
14
15
12
13
15
20
17
8
17
16
18
13
15
13
10
16
8
8
8
15
9
5
16
18
11
9
13
11
19
8
10
10
13
20
16
9
12
19
16
7
19
18
9
17
6
7
10
6
19
18
12
8
10
12
11
7
14
9
15
20
13
15
18
18
20
7
11
5
19
14
18
9
7
7
18
20
11
16
9
16
13
10
17
19
17
12
5
12
9
13
13
7
17
18
14
8
17
17
14
12
16
6
16
6
13
14
20
18
15
12
20
17
13
9
14
18
9
12
17
12
14
11
8
7
8
15
12
20
8
13
8
15
12
18
7
12
13
6
10
8
17
17
10
14
19
6
19
16
9
6
5
9
11
6
10
0
276
228
168
403
591
1114
743
650
549
745
1066
23
1117
37
170
501
1028
797
533
592
156
137
1026
893
691
397
106
324
898
862
637
137
942
16
751
567
450
1129
1230
921
942
697
1230
597
397
474
182
454
668
1188
418
781
1101
988
610
329
352
900
1031
215
1217
1209
672
774
67
1138
894
200
1148
900
689
732
737
806
778
932
347
305
331
1261
264
472
1031
248
1090
192
1005
881
1155
918
895
727
1048
162
835
552
653
1208
497
1178
1156
273
1154
602
1215
76
487
272
1027
924
532
967
946
623
557
967
826
1008
323
959
611
660
654
570
788
637
274
1088
697
246
1079
525
883
872
598
619
1167
1180
229
582
644
454
424
970
97
969
60
62
417
898
185
1064
58
215
357
1176
240
1011
382
1037
757
678
726
512
140
1045
505
434
689
361
230
236
601
54
634
973
190
723
959
1164
646
359
674
0
872
815
406
390
1140
175
1016
1147
170
1026
402
1082
676
915
819
124
521
257
389
479
687
1146
810
704
802
810
1321
145
1219
126
244
756
1182
1023
605
614
332
161
1133
999
863
593
153
560
1131
1099
886
339
1017
33
1002
760
544
1216
1367
955
1086
906
1341
794
541
494
438
474
873
1339
664
965
1354
1118
756
371
547
914
1127
420
1380
1273
893
799
225
1150
1016
402
1174
1084
746
807
982
944
1038
992
418
327
360
1343
405
592
1173
274
1277
388
1112
1074
1378
953
1045
956
1242
192
1001
719
721
1384
673
1346
1380
510
1402
627
1268
172
756
373
1107
1005
722
1073
972
658
691
995
923
1153
351
1065
800
809
831
804
961
670
376
1241
808
373
1136
773
991
1101
640
739
1292
1229
481
787
866
550
667
1156
252
993
204
263
443
945
270
1313
294
381
590
1301
374
1141
619
1156
838
921
981
594
165
1283
750
501
911
563
407
348
800
291
744
1027
294
938
1132
1276
736
369
839
248
896
991
553
522
1360
368
1262
1304
245
1131
410
1208
841
1124
919

25
200
16
14
18
8
6
11
9
16
12
17
13
8
10
8
8
12
15
18
16
12
6
15
17
17
20
14
7
18
12
12
16
7
5
18
8
20
20
15
6
8
18
7
13
15
7
11
19
19
17
7
6
16
10
17
6
17
10
16
11
7
11
12
9
16
15
19
8
15
11
18
11
19
10
17
20
20
12
6
7
20
19
12
13
12
16
9
9
19
17
20
8
19
13
6
11
13
6
6
10
7
17
19
15
17
13
7
17
8
8
17
19
9
9
18
6
11
16
17
13
18
12
16
13
11
10
9
12
14
7
13
19
15
17
12
16
11
15
15
6
17
10
19
19
9
13
19
12
10
20
15
11
8
17
13
10
8
10
12
9
17
14
15
8
16
5
9
19
9
16
17
13
12
6
7
7
8
8
15
12
11
11
14
19
9
7
18
11
7
9
15
6
16
16
18
11
6
12
5
18
13
0
358
39
36
142
885
929
1132
296
510
1073
724
34
1109
1060
631
281
466
146
497
354
170
666
580
1189
527
603
699
1041
299
876
786
344
688
1159
211
67
899
666
64
120
1193
568
489
1160
775
333
1039
1139
81
1183
1250
95
1153
54
509
708
418
1238
751
360
606
1138
920
305
533
1264
678
1032
932
1091
1044
523
297
502
391
60
1129
271
150
1257
571
1098
867
241
1045
1079
433
769
909
1018
529
116
754
953
71
9
597
1102
773
267
720
776
1049
727
481
841
849
880
209
727
1264
1213
513
661
1165
740
315
109
130
1089
628
566
1026
189
152
1148
1164
1167
1145
195
982
440
196
239
114
942
156
320
889
504
64
957
575
40
592
683
29
629
903
541
1164
1104
307
544
574
817
946
682
14
130
736
644
404
767
762
673
62
1104
1105
256
690
1252
398
894
1145
303
1052
744
308
572
1132
94
531
1247
242
382
1200
53
399
459
579
596
33
777
556
819
207
133
688
189
544
204
106
292
1118
1166
1188
403
613
1178
916
107
1276
1262
808
376
542
326
708
383
395
840
792
1388
647
656
776
1158
377
1124
1000
526
774
1290
424
223
1122
762
185
143
1329
734
637
1417
1019
546
1074
1351
317
1209
1362
316
1284
83
748
791
584
1495
940
406
736
1272
1068
371
556
1283
934
1184
1048
1255
1162
670
440
539
564
75
1365
500
301
1283
688
1173
889
400
1179
1107
479
906
938
1217
750
211
888
1193
267
84
843
1219
926
433
982
974
1075
760
519
999
1068
1140
456
853
1341
1364
688
876
1426
981
439
227
201
1173
872
664
1112
392
228
1347
1401
1367
1347
421
1076
674
231
333
332
1099
389
551
1154
728
178
1043
834
206
620
827
126
819
1140
672
1253
1260
569
697
822
959
1158
723
250
221
942
763
608
996
896
819
218
1295
1335
502
885
1456
642
1104
1342
358
1277
774
356
602
1305
151
791
1470
448
472
1302
302
482
649
838
693
298
928
648
948
217
396
849

26
200
19
18
13
15
9
10
19
5
7
17
9
10
13
14
18
8
14
10
12
7
15
6
16
18
5
6
12
13
15
15
18
12
14
10
15
9
7
14
7
16
20
13
18
16
17
19
14
9
18
11
20
14
14
15
18
14
10
10
11
13
18
15
5
10
16
11
9
19
11
16
11
7
8
5
16
7
17
18
18
20
16
13
18
9
20
17
10
16
6
16
18
14
15
10
14
15
7
17
9
5
11
19
9
19
17
7
16
7
18
17
15
13
17
16
5
9
8
8
19
7
17
18
7
18
6
6
11
9
12
19
17
15
17
16
16
8
18
11
17
10
13
9
13
12
15
17
13
17
7
19
6
7
17
6
14
10
8
15
17
13
6
18
16
6
11
14
11
13
20
16
17
8
15
5
14
18
12
5
11
19
15
6
12
12
7
9
16
19
13
17
14
6
7
10
10
8
11
9
10
17
0
939
113
855
146
461
1219
552
2
585
652
1073
884
307
1155
753
258
985
75
77
523
1168
562
264
1242
826
946
713
1205
467
755
315
412
455
1007
590
438
82
89
276
960
462
1273
1115
1148
525
1175
366
1135
429
827
35
757
408
956
677
1007
387
115
784
274
1193
798
357
1073
1170
1186
222
98
568
731
799
383
1074
1053
868
461
83
899
22
585
364
1227
239
115
127
1238
18
525
820
114
838
936
195
685
178
621
318
306
1099
529
596
1028
1113
338
383
22
568
997
470
18
963
324
1085
714
134
578
1104
669
822
203
1227
111
1133
178
428
851
79
1030
1255
148
766
450
485
340
888
851
1195
328
491
964
975
987
1270
27
44
845
490
167
636
1274
1178
965
433
112
685
1273
77
646
1042
956
651
769
650
1022
916
793
477
1185
912
1118
956
1013
1247
57
984
1171
817
178
831
621
224
154
1137
417
823
968
1110
969
253
904
888
855
24
505
938
724
366
868
911
244
1056
345
1077
233
473
1254
722
134
661
795
1227
1097
410
1375
791
376
1126
191
128
741
1403
597
417
1331
953
1177
841
1315
529
878
339
621
593
1242
825
604
137
150
476
1163
518
1291
1341
1214
736
1204
558
1395
537
852
250
868
571
1122
866
1247
555
381
1019
508
1408
1046
430
1147
1273
1240
319
355
838
750
963
637
1230
1175
913
682
203
949
121
673
491
1302
262
313
390
1332
46
774
1087
257
910
1082
394
846
376
709
351
513
1220
658
707
1094
1257
356
494
104
650
1163
637
124
993
386
1279
797
238
797
1120
844
840
339
1467
287
1355
393
688
1047
185
1168
1400
233
968
508
602
520
904
876
1289
521
514
1086
1213
1067
1458
243
293
911
546
370
672
1497
1345
1195
533
252
920
1306
285
918
1234
1119
747
1021
802
1033
1059
877
609
1365
1137
1268
1023
1064
1297
206
1104
1357
980
326
1068
740
388
328
1221
640
922
1144
1336
1138
405
955
1067
1107
275
686
1057
949
475
963
1065

27
200
17
7
8
15
11
14
20
19
17
8
13
19
13
13
16
5
16
12
10
19
13
6
6
17
8
14
6
17
11
5
7
13
19
10
18
10
18
13
14
15
14
15
7
19
19
18
20
11
5
7
14
15
18
13
18
8
11
10
12
9
12
15
6
9
18
9
10
20
6
15
13
10
17
5
18
11
7
7
12
13
17
15
6
12
14
7
16
11
6
19
14
10
11
18
18
6
16
12
20
15
10
6
6
9
14
18
5
19
16
19
12
19
11
18
18
16
15
14
20
13
7
18
7
14
18
11
10
18
9
11
19
10
6
20
15
12
15
16
11
6
7
8
9
17
16
15
6
5
17
16
9
9
17
14
8
15
8
11
10
19
12
8
19
20
11
18
20
8
18
17
14
12
14
8
12
18
6
14
7
16
15
17
8
17
18
8
16
9
15
9
5
11
15
16
11
15
15
15
16
13
0
964
64
1062
1027
636
679
852
328
1155
1257
520
730
1189
340
855
973
559
700
340
7
549
859
810
780
1082
1129
426
565
939
562
1058
1181
66
467
1119
1020
1146
1160
959
929
471
1182
875
18
29
1096
820
589
1266
496
1174
806
824
641
782
756
214
64
653
517
815
711
495
428
22
371
342
211
1110
557
900
692
1156
429
691
917
494
772
368
847
593
222
689
1128
383
13
660
1126
395
728
364
882
280
900
817
428
355
243
227
868
477
630
869
644
451
1165
227
398
412
1057
1190
854
254
206
804
687
401
915
95
687
416
640
885
580
319
1069
1245
1274
1110
268
540
153
364
925
1261
1210
1267
126
586
617
64
139
31
399
1200
490
421
526
648
499
226
202
875
900
524
1147
510
231
1196
1167
282
350
605
415
481
62
99
923
603
201
1143
1201
900
431
273
1245
1042
838
574
441
772
143
1106
1123
319
1041
1008
296
310
335
292
279
249
110
591
182
414
888
753
74
1196
99
1242
1143
726
868
941
482
1261
1416
652
796
1262
415
943
1075
649
772
568
206
623
1089
1012
938
1106
1170
487
695
1127
603
1143
1297
253
680
1271
1212
1361
1305
1011
1057
641
1319
1003
270
290
1213
1067
784
1410
560
1229
992
1059
681
901
821
331
255
677
583
840
756
528
611
235
561
385
356
1126
728
1147
877
1377
610
746
1020
546
905
422
1069
614
396
731
1231
475
97
807
1342
515
950
428
977
479
1124
852
444
492
340
345
1092
665
885
1099
828
691
1397
274
562
504
1249
1391
1062
343
320
991
739
639
948
197
866
548
727
1000
804
332
1186
1414
1531
1240
471
622
267
526
1160
1367
1351
1501
389
674
755
207
287
149
525
1264
728
535
653
817
601
330
361
1003
1118
541
1321
563
399
1449
1330
503
593
671
475
523
296
109
1120
716
324
1296
1268
923
637
338
1275
1075
988
763
613
921
254
1186
1344
502
1240
1051
542
392
414
468
408
290
247
658
218
637
1095
895

28
200
10
11
13
8
16
19
11
8
14
15
12
10
7
13
15
16
9
18
8
12
15
11
14
12
15
8
6
7
6
6
16
16
7
11
9
9
7
8
16
17
10
5
12
6
12
13
18
18
9
6
8
12
20
12
6
10
18
11
18
10
6
7
7
16
7
7
14
14
14
15
11
10
8
16
9
5
7
8
7
16
17
16
11
6
6
9
11
8
8
13
19
19
8
9
16
15
20
17
7
11
9
8
9
13
15
16
9
7
15
8
16
13
10
19
12
6
5
13
14
9
11
15
7
15
11
12
12
18
5
20
8
17
9
11
13
5
15
10
17
5
14
6
9
17
16
18
14
15
6
20
19
18
16
10
7
19
18
17
13
19
19
16
6
11
19
18
14
17
16
9
16
17
13
9
16
20
14
9
18
6
12
7
7
13
19
13
9
16
15
7
12
12
19
12
15
14
10
9
9
18
0
989
854
1198
545
190
179
158
1129
1139
296
220
923
601
545
1083
990
360
689
839
925
1185
369
206
282
1132
79
949
407
1126
985
518
650
687
269
82
528
102
1182
38
588
405
481
194
189
470
362
565
749
791
287
527
511
1107
22
799
315
246
864
1123
366
1113
1144
538
185
63
937
420
1164
22
1119
167
855
1073
771
284
251
602
1159
307
1057
441
847
266
858
866
1101
394
802
763
81
508
950
815
1040
1054
317
1093
879
1161
1046
830
84
565
965
269
373
739
660
215
726
1173
845
392
636
695
351
751
606
1001
872
738
222
436
893
684
834
673
679
323
1041
992
780
1013
489
376
142
623
204
330
552
995
381
722
448
1160
846
973
600
1091
284
115
1060
88
627
759
944
1211
575
767
1095
1019
430
759
553
312
987
301
231
552
459
1206
1072
1021
115
501
389
258
733
1210
370
1040
552
430
875
589
1131
1063
217
495
196
626
360
1020
979
1046
136
935
115
170
176
1066
989
1284
664
377
394
402
1176
1295
316
236
1017
814
660
1123
1001
581
866
985
1151
1259
529
436
518
1144
135
1147
431
1185
1232
564
763
875
403
233
619
318
1284
82
736
429
540
332
433
523
443
611
917
956
414
751
635
1131
162
993
349
417
1116
1240
488
1239
1393
705
296
97
1144
654
1311
242
1214
406
987
1150
947
527
268
678
1182
435
1249
699
953
478
889
950
1277
487
870
915
314
686
979
943
1237
1151
533
1169
917
1213
1202
887
199
789
985
329
509
881
730
366
936
1302
957
519
864
763
548
909
755
1063
903
779
272
457
989
736
995
752
894
459
1221
1022
969
1147
539
519
233
749
250
397
754
1136
470
932
498
1208
1075
1150
615
1234
461
175
1164
131
748
1006
1048
1346
816
939
1129
1204
467
773
776
418
1223
560
431
629
549
1433
1232
1192
238
597
502
431
914
1319
395
1206
645
521
904
619
1332
1217
437
613
439
644
382
1109
1090
1129
252
1042
140
284

29
200
18
9
10
19
9
12
17
8
19
9
19
15
16
15
19
6
8
18
14
18
8
7
17
9
12
9
19
18
16
10
18
9
10
15
16
17
6
12
6
20
13
15
18
9
13
10
15
5
7
19
15
13
14
13
13
11
11
6
13
15
13
17
11
12
6
7
16
14
18
9
15
10
8
6
18
20
15
9
13
7
9
10
9
7
14
17
6
19
17
16
11
6
11
13
17
6
19
5
14
9
7
12
6
11
7
9
20
8
5
8
14
15
7
14
7
18
15
6
9
12
5
16
8
14
13
10
20
11
7
6
10
11
7
16
13
10
14
13
12
9
20
20
17
7
12
16
8
19
17
12
19
19
10
7
5
11
14
20
18
7
20
15
6
12
16
16
9
17
7
16
7
7
17
11
19
10
7
11
20
7
15
8
17
14
11
15
8
9
8
10
7
8
19
14
14
17
12
8
12
16
0
363
284
1229
816
230
361
902
328
294
858
481
42
800
625
349
17
1021
400
773
18
589
200
646
972
819
431
1099
459
522
1053
143
298
1124
1152
887
542
816
648
1013
407
1151
341
816
165
914
775
1215
1115
668
1048
697
126
182
537
772
512
1081
946
600
1222
603
566
197
913
1125
332
279
1038
398
9
921
184
719
411
603
749
727
1053
332
467
667
519
824
984
840
57
1138
1039
652
408
317
312
165
1014
547
1191
482
241
1086
39
1161
828
1173
786
859
724
1187
537
620
618
529
978
1231
942
5
188
222
1163
1001
158
872
32
610
647
610
960
885
1132
738
256
558
1166
1167
599
973
1219
1159
357
713
466
554
1134
826
974
304
171
54
1228
492
137
739
744
811
454
1110
1184
455
237
788
1081
1165
406
146
382
520
551
637
839
168
274
294
1205
64
603
124
356
949
413
822
1161
927
690
611
1093
963
501
715
607
256
1180
950
498
1226
145
566
769
132
718
368
133
436
466
1310
962
387
530
1091
468
355
1043
535
152
890
726
507
240
1195
591
802
231
624
217
798
1068
943
612
1231
518
630
1306
202
404
1251
1307
986
602
1074
840
1156
637
1258
361
877
300
1118
916
1464
1306
915
1166
762
258
407
620
892
724
1147
1099
745
1241
706
737
261
1108
1133
396
442
1267
621
115
985
248
776
607
851
822
878
1114
473
714
808
564
931
1173
1069
259
1315
1113
755
420
434
329
344
1227
604
1259
576
378
1242
78
1285
1073
1340
934
1072
925
1392
626
803
762
571
1052
1362
967
112
346
275
1308
1102
230
1131
198
733
857
800
1114
1136
1279
775
491
627
1295
1344
634
1075
1293
1295
489
906
567
791
1317
941
1155
551
403
125
1474
649
307
931
979
939
629
1149
1386
609
274
847
1111
1194
514
372
440
544
633
900
1055
344
517
323
1345
184
828
177
489
1023
651
952
1269
1043
720
787
1202
1068
731
844
640
461
1338
1086
530
1258
281
642
825
338
776
619

30
200
9
18
15
13
19
11
9
18
10
19
17
8
10
17
20
7
9
9
13
20
17
17
11
11
10
9
8
13
10
18
11
14
16
18
14
9
13
11
8
20
5
14
18
14
19
10
14
19
10
5
11
12
14
14
16
9
19
17
6
8
7
15
14
8
14
13
12
16
18
17
18
19
16
6
20
13
9
12
20
17
15
14
18
7
5
17
18
12
6
7
8
10
20
13
12
19
15
20
8
18
11
13
16
18
18
10
12
7
19
7
11
11
14
7
17
14
11
15
8
8
10
17
9
9
6
7
16
18
19
10
13
7
10
9
6
7
7
12
10
20
13
6
7
7
19
18
13
20
17
8
6
15
13
12
11
16
8
7
7
5
15
20
14
8
14
9
10
15
14
17
17
6
10
13
10
13
12
9
5
16
7
6
19
16
19
20
8
19
7
13
12
9
12
12
7
9
7
12
17
13
0
562
907
2
952
593
728
557
1226
573
1177
988
872
129
582
211
693
1055
455
55
626
475
367
683
424
290
586
365
1130
384
592
104
785
336
1035
421
1085
1004
1018
880
791
534
783
967
167
86
433
322
1065
1222
1001
731
489
189
982
302
27
64
971
1127
34
677
696
711
940
1123
1077
1050
726
1213
659
623
860
175
292
637
922
357
370
879
518
385
744
149
20
635
186
529
1133
456
490
273
70
1163
777
989
765
552
909
63
637
505
850
283
254
831
1045
68
724
945
695
28
1145
126
288
590
236
335
218
1252
614
1090
580
96
970
449
291
366
1036
383
601
76
833
408
1097
399
192
417
802
1259
186
321
19
993
1148
1124
431
1232
151
48
369
1140
262
689
360
1039
456
643
779
823
1156
210
422
599
583
918
473
288
518
976
40
581
435
455
296
740
1126
634
911
659
545
260
754
161
489
843
403
441
541
1061
833
608
406
1243
836
553
923
493
136
566
200
806
1059
37
1089
708
843
585
1296
600
1274
1124
921
382
813
385
768
1260
511
91
888
640
604
798
527
300
843
534
1317
620
765
244
1023
578
1267
446
1155
1153
1137
1103
856
765
860
1202
367
142
552
481
1320
1404
1166
973
606
397
1129
341
123
269
1228
1193
43
818
765
954
1049
1190
1302
1090
928
1398
882
784
898
346
495
674
1174
538
490
1114
676
538
905
251
164
699
299
615
1209
467
629
283
265
1279
970
1092
968
728
1038
190
775
634
1048
309
495
931
1112
118
779
1182
830
214
1410
313
334
721
404
456
472
1430
710
1333
729
154
1030
581
481
462
1153
429
849
295
962
520
1354
646
361
477
881
1437
426
378
45
1043
1198
1359
567
1432
232
265
497
1162
391
891
435
1210
569
761
870
958
1329
253
567
768
839
1118
515
332
601
1162
215
721
521
621
352
869
1317
881
938
726
673
408
952
212
633
923
643
609
691
1252
973
774
587
1270
1020
727
1110
642
219
660

