1
20
16
20
16
14
12
7
18
12
8
8
16
8
16
7
16
13
7
15
11
15
0
11
42
69
80
14
24
79
21
125
90
6
123
43
62
110
104
64
118
49
36
47
77
87
104
44
63
95
46
142
116
15
147
66
87
125
124
96
152
87

2
20
14
5
10
7
6
14
20
19
12
14
13
11
7
15
9
19
7
7
19
14
0
58
6
7
66
120
3
9
25
42
75
43
12
90
66
33
5
32
40
53
19
85
35
22
90
136
32
40
37
66
111
60
36
105
98
61
30
39
71
88

3
20
16
19
15
12
10
10
18
18
20
12
11
11
11
12
13
19
9
16
7
17
0
113
47
59
97
22
107
14
100
14
73
6
40
40
47
92
103
44
102
120
31
158
78
93
133
47
127
36
141
40
90
27
74
55
80
120
116
70
120
153

4
20
18
10
11
7
18
14
6
16
10
20
8
8
16
20
7
19
15
7
14
13
0
55
20
27
98
11
23
29
19
77
110
117
100
14
93
41
9
25
14
87
20
87
50
52
120
47
52
60
54
114
120
137
120
46
115
71
26
41
43
104

5
20
19
20
18
13
6
11
17
16
15
18
9
8
6
12
12
6
15
11
13
20
0
78
75
95
20
41
82
39
6
38
14
50
101
56
40
94
115
14
20
73
42
112
106
120
50
57
119
65
42
61
48
72
117
79
67
118
148
47
44
105

6
20
11
12
8
20
19
6
14
12
16
15
9
11
17
17
18
18
9
8
5
7
0
37
13
0
64
46
41
51
16
12
33
77
45
18
114
27
33
51
109
123
16
52
36
27
89
57
63
75
49
29
63
111
79
50
137
48
66
74
121
137

7
20
13
19
16
18
6
9
20
6
12
16
14
12
19
14
6
8
8
17
15
9
0
122
60
24
100
72
85
10
0
36
18
65
1
118
104
19
0
69
120
39
20
145
79
57
113
90
124
23
24
77
55
101
42
147
129
36
17
101
138
71

8
20
8
17
10
9
18
13
18
19
16
16
16
14
20
13
16
18
13
12
13
14
0
46
81
96
146
19
78
96
96
146
11
78
81
68
106
100
2
104
17
28
16
89
106
115
184
53
124
126
117
173
47
96
120
87
133
146
22
140
44
42

9
20
13
13
14
6
13
12
8
7
11
18
18
14
19
10
13
19
16
15
10
16
0
111
18
107
24
9
46
46
71
121
119
26
15
88
59
47
98
3
124
30
35
130
40
120
54
32
78
66
104
160
147
65
38
119
98
71
124
37
143
63

10
20
18
16
7
8
11
16
13
16
11
18
15
16
9
12
11
10
17
18
13
18
0
89
48
25
69
121
106
33
39
114
93
67
136
32
14
77
2
90
108
50
35
122
67
45
97
137
122
53
60
134
133
86
149
52
47
106
20
132
122
73

11
20
10
18
6
11
11
15
8
6
5
19
18
18
11
17
6
7
15
8
13
6
0
28
63
19
77
76
1
106
25
10
106
65
28
70
24
26
50
48
5
86
23
58
82
32
100
105
9
120
42
37
126
83
41
87
50
46
68
71
22
102

12
20
13
13
13
20
16
8
16
15
10
18
19
8
8
17
9
6
12
13
9
18
0
84
58
25
25
110
49
79
125
82
47
89
53
118
90
8
77
10
6
75
38
107
71
63
54
143
87
113
141
105
80
104
80
142
106
24
109
33
21
118

13
20
15
7
17
12
19
8
9
14
9
16
7
10
20
13
14
14
13
19
17
10
0
45
117
88
66
83
64
41
103
88
47
1
9
102
97
118
114
33
114
55
15
69
137
108
102
108
74
73
126
119
58
24
39
121
114
136
132
52
136
85

14
20
17
18
18
13
16
20
14
14
12
18
16
14
20
5
18
10
15
7
19
18
0
43
111
131
131
111
142
23
116
78
147
70
130
15
87
102
140
90
100
130
38
68
141
151
172
160
162
47
149
117
181
102
176
29
124
117
172
107
138
166

15
20
14
8
8
10
15
15
7
19
18
6
17
16
19
9
14
11
11
8
17
9
0
16
42
72
7
25
121
85
37
40
70
89
94
36
114
22
108
28
97
8
23
34
58
86
30
59
152
112
71
48
104
106
116
69
139
47
138
48
121
38

16
20
12
14
19
14
10
15
6
18
8
11
19
20
10
19
11
5
6
17
7
16
0
10
2
27
101
84
80
34
43
103
111
21
102
120
123
45
126
89
27
100
36
36
21
64
130
112
92
75
59
115
142
61
136
145
153
58
146
117
42
120

17
20
17
16
18
8
18
5
15
19
15
14
14
6
18
18
17
18
10
10
14
13
0
115
101
7
21
69
31
36
63
75
25
42
134
133
90
68
130
1
2
15
21
147
133
43
59
90
62
66
82
112
58
68
167
171
116
107
163
33
34
53

18
20
15
14
14
14
14
5
8
5
11
18
10
11
15
18
8
5
8
16
18
9
0
49
63
107
65
1
6
38
93
76
71
80
56
105
21
59
17
47
48
58
19
80
94
127
92
18
33
47
118
112
98
113
93
137
50
86
39
82
75
68

19
20
7
16
16
5
7
18
12
14
19
19
14
10
9
15
13
10
16
19
18
10
0
27
86
70
31
96
122
67
35
96
86
3
129
97
79
36
113
70
133
43
27
60
104
81
59
132
152
105
77
133
114
28
144
126
108
65
154
111
174
55

20
20
18
8
19
18
13
12
17
10
19
14
14
7
18
7
20
8
17
13
8
6
0
68
39
12
96
109
117
43
85
69
61
32
83
36
88
113
69
34
7
55
23
91
78
49
111
139
157
54
116
98
78
45
126
60
114
140
90
64
35
67

21
20
8
10
15
6
7
13
9
12
8
15
8
15
11
14
17
8
19
8
12
19
0
21
108
31
94
15
104
19
102
116
101
30
66
12
90
47
89
92
27
49
20
50
129
47
101
41
120
31
123
132
118
51
94
40
111
58
119
118
57
81

22
20
8
11
5
16
9
13
10
13
18
6
12
6
15
19
17
10
11
12
14
19
0
34
79
22
80
75
30
37
42
94
105
112
109
75
92
30
6
25
46
63
30
53
93
61
101
90
59
66
63
122
119
140
139
105
118
53
37
40
76
97

23
20
18
18
18
20
12
11
14
9
11
18
9
17
8
10
13
18
12
6
8
16
0
28
114
71
17
70
12
95
81
131
24
93
22
25
116
128
78
73
16
81
24
59
147
103
50
104
35
112
113
149
44
127
44
55
154
146
109
91
47
114

24
20
11
7
17
8
10
6
13
6
12
9
13
14
19
10
12
17
6
14
7
16
0
18
77
105
45
98
97
13
112
86
79
39
111
107
21
47
32
23
79
43
24
33
109
128
69
117
116
30
143
98
107
68
152
130
42
86
43
46
97
72

25
20
5
16
18
17
5
12
6
15
8
9
16
18
17
5
17
5
17
5
10
10
0
95
94
56
39
39
56
59
97
79
6
78
101
94
74
4
28
91
10
59
17
117
126
79
45
61
67
82
108
96
34
112
126
111
106
13
60
102
34
86

26
20
14
18
13
7
16
9
8
15
14
5
5
8
9
7
18
16
19
6
17
10
0
2
106
5
2
104
64
47
111
69
49
49
29
114
68
75
72
38
53
49
28
32
119
22
34
121
82
64
145
78
70
72
42
139
108
111
100
66
93
77

27
20
17
8
13
16
13
15
9
10
16
19
13
6
8
10
17
15
13
14
6
5
0
2
40
23
75
81
3
41
3
36
39
87
75
76
1
78
3
80
118
16
28
12
56
60
93
98
20
51
42
56
52
94
103
106
32
116
31
98
134
44

28
20
18
14
14
8
15
10
15
16
8
18
7
18
6
7
19
20
15
11
12
20
0
89
77
11
78
35
50
3
24
87
25
16
122
62
88
26
79
101
86
27
22
126
92
45
117
70
67
32
45
123
46
47
146
70
114
55
118
126
100
59

29
20
13
14
19
11
11
9
6
8
15
16
8
18
9
19
9
10
10
8
10
10
0
35
2
56
108
80
68
34
92
68
57
106
64
49
72
78
99
108
42
6
26
69
34
81
125
102
74
45
122
104
85
124
75
75
103
99
111
123
66
30

30
20
14
8
11
6
15
19
15
12
11
19
10
6
6
10
7
10
9
19
8
16
0
31
1
110
22
109
85
44
42
21
58
74
25
22
74
20
36
107
98
89
24
45
17
121
59
130
118
65
68
61
70
81
38
36
97
43
64
128
124
120

