1
250
20
6
16
12
9
5
9
18
15
7
16
12
13
8
12
12
17
11
12
13
16
8
16
7
16
10
16
20
18
7
7
9
20
12
19
10
10
20
17
18
20
13
14
17
17
10
19
7
10
9
7
12
19
13
14
12
15
15
7
9
13
6
18
5
11
10
17
11
14
14
16
13
17
17
9
7
13
19
16
17
17
7
10
6
13
7
19
13
13
17
9
19
10
14
6
13
8
5
9
17
12
17
13
17
6
7
19
15
9
11
15
8
12
12
6
15
13
6
10
16
5
12
17
15
19
19
9
11
19
5
10
8
13
7
19
15
11
5
20
19
17
17
6
17
9
16
6
20
7
7
17
10
15
13
13
17
6
19
12
18
18
17
16
11
14
13
8
16
7
16
13
15
5
14
14
15
17
10
9
20
13
15
15
11
15
18
6
14
17
17
5
7
20
18
8
12
13
13
18
11
8
15
14
19
20
19
9
20
10
19
7
19
10
11
17
16
15
12
18
18
9
11
16
7
17
17
11
18
10
10
19
19
8
9
8
7
19
10
15
11
15
5
11
11
8
17
11
19
7
7
0
669
919
1277
140
1199
606
798
176
1293
431
449
658
1415
571
637
1592
291
1336
467
1508
1099
936
632
274
794
292
1261
938
102
651
396
1570
1599
1514
1246
1139
1146
719
19
733
1360
990
1157
1581
817
609
1180
537
554
1525
826
603
906
1302
1214
71
1240
576
201
433
1410
494
1072
1472
1370
867
1367
1123
996
885
1402
739
1395
246
286
1135
76
942
1244
1312
595
1082
513
1353
59
369
958
454
862
526
499
1235
387
950
1324
16
209
313
1263
3
1412
1134
423
1272
179
654
548
1259
218
504
1205
1581
1374
763
891
69
354
1216
707
916
1588
1211
962
878
1611
1582
1250
534
1415
27
814
164
485
1144
65
238
1175
285
70
1529
1313
1102
883
674
471
162
352
368
1016
119
747
998
358
930
650
975
643
1603
395
1573
78
636
149
6
188
240
1142
427
1248
889
456
762
862
965
1157
1193
154
942
764
274
314
1064
811
293
408
47
484
774
147
1483
973
119
808
1611
1261
402
1533
618
693
1459
334
1444
334
245
243
1194
740
955
928
381
1021
281
397
1235
78
56
1600
992
27
376
217
1341
1418
1269
2
1263
1559
1467
1355
897
37
1388
1445
1383
202
508
1492
925
1014
1051
1534
1046
272
127
841
687
396
1593
422
59
816
1083
1609
337
1448
714
887
507
1363
636
534
862
1733
892
847
1727
462
1613
649
1634
1346
1154
751
514
1031
388
1334
1103
398
942
658
1790
1806
1625
1431
1411
1354
1013
275
787
1429
1138
1482
1663
949
646
1200
750
868
1554
847
646
1231
1399
1482
258
1264
773
446
591
1565
702
1141
1632
1611
1002
1396
1439
1124
1126
1427
1063
1658
275
385
1428
115
970
1507
1375
682
1406
813
1552
109
489
1046
661
904
705
575
1501
420
961
1351
114
255
611
1351
65
1662
1182
605
1473
503
905
844
1546
375
786
1302
1812
1492
1089
927
224
592
1418
886
1118
1905
1237
1255
1103
1778
1621
1506
870
1530
227
861
320
493
1296
227
383
1182
344
342
1621
1540
1228
1214
776
578
204
623
386
1303
440
873
1196
658
1130
847
1281
690
1869
639
1839
105
878
244
203
252
556
1183
442
1316
1070
631
1029
1010
1190
1224
1309
278
1224
1027
451
449
1148
970
550
528
122
640
916
173
1520
1021
176
832
1622
1446
436
1808
673
859
1582
651
1688
638
333
313
1425
778
1079
1250
468
1071
549
629
1351
209
303
1867
1165
75
551
235
1375
1490
1535
109
1543
1661
1562
1444
1015
276
1593
1768
1396
285
793
1806
1107
1272
1170
1731
1345
386
335
1152
745
586
1703
439

2
250
12
13
14
12
16
20
17
19
5
7
9
11
20
14
9
6
9
9
17
13
8
10
11
6
18
10
12
17
15
10
15
19
17
6
16
11
8
12
12
10
19
10
19
18
14
6
7
8
19
5
8
8
18
15
6
7
18
12
14
17
19
7
8
12
14
14
15
14
13
13
12
18
12
10
5
18
15
18
7
12
17
5
14
7
15
14
20
19
6
12
7
5
19
20
13
19
14
9
7
10
20
20
13
7
7
5
18
10
16
13
16
6
11
8
15
18
16
18
9
14
6
12
17
6
14
6
16
13
20
16
13
15
15
12
20
19
17
18
16
17
10
15
13
13
15
18
14
19
10
8
7
11
9
20
10
12
8
10
19
19
12
20
20
9
18
15
8
7
6
12
15
13
6
16
10
11
7
16
13
7
14
5
9
19
9
20
6
8
16
16
17
15
11
12
13
13
16
20
18
18
18
7
12
11
15
7
10
11
18
19
9
10
18
18
12
18
12
17
8
20
11
6
6
14
12
19
18
10
14
19
6
9
18
9
15
18
15
6
20
12
11
5
13
15
11
7
18
18
15
9
0
1160
267
597
99
1247
1093
238
1242
905
721
1311
1205
56
1364
101
1551
972
315
1263
1128
124
899
1296
1491
1144
386
826
90
1595
58
388
716
548
1220
1319
518
622
86
343
836
1514
140
1054
1154
582
102
235
839
740
279
1268
236
924
1539
1267
1577
7
1015
962
1296
728
689
105
1595
966
699
5
625
850
1611
146
409
137
383
831
1535
1440
1024
412
1186
219
512
659
611
1260
1608
772
1526
658
214
39
767
443
532
918
1383
1298
841
316
1125
217
1542
1146
699
1412
833
1291
799
1230
668
129
1276
533
1263
702
467
451
330
935
1597
1111
1116
345
104
1180
283
1140
704
76
9
1126
960
687
838
866
1484
1567
313
1525
471
619
662
1354
449
845
615
1104
1088
1493
404
510
1090
642
1464
996
757
609
890
1554
836
314
842
1362
534
1451
714
905
1589
1313
321
670
312
726
1276
461
311
1575
933
10
384
1388
1555
722
1574
1396
58
1154
797
75
330
576
488
1451
594
1609
99
545
1020
499
490
1006
186
1142
1543
1513
1416
1130
1511
1178
804
449
949
814
538
426
437
332
1594
36
1372
1379
53
701
639
961
797
895
1369
1292
249
1350
1545
652
296
567
401
170
242
1448
515
983
1484
668
392
904
808
946
556
501
119
1198
331
674
145
1356
1371
417
1411
1216
943
1526
1298
305
1513
410
1656
1273
537
1433
1214
206
1089
1372
1599
1268
598
846
351
1852
198
683
829
704
1537
1576
720
792
408
545
1072
1723
281
1219
1243
623
313
500
864
1055
480
1568
558
1117
1631
1578
1811
43
1047
1018
1502
958
698
213
1854
1233
912
181
936
934
1841
381
715
170
638
907
1776
1658
1306
527
1379
269
693
816
693
1368
1783
1097
1802
857
472
186
967
713
606
1219
1480
1525
1020
539
1335
283
1615
1245
963
1683
1027
1619
919
1388
941
342
1530
573
1499
894
525
592
543
1009
1663
1416
1433
606
271
1497
415
1348
1043
353
324
1386
1064
846
898
1134
1683
1724
419
1654
786
733
863
1582
514
1030
725
1381
1414
1595
591
646
1351
702
1654
1100
843
857
1015
1665
1105
619
1174
1565
818
1756
896
993
1628
1476
490
686
501
882
1522
501
620
1629
1091
77
451
1400
1728
760
1691
1521
263
1263
1118
124
451
753
561
1667
827
1711
189
803
1321
719
816
1192
375
1155
1671
1716
1479
1264
1827
1404
864
757
1052
866
594
604
521
557
1913
231
1648
1578
371
914
760
1243
830
952
1590
1560
575
1546
1667
770
570
793
612
218
332
1715
725
1270
1603
852
404
1107
986
1212
724
589

3
250
11
19
9
9
10
17
6
8
19
18
11
10
7
14
6
12
12
13
17
18
14
10
7
14
17
17
9
7
6
16
17
10
13
16
17
17
16
18
17
16
6
10
18
9
5
18
15
16
15
13
14
7
13
18
10
16
9
16
6
17
15
6
12
6
19
11
8
9
8
15
16
6
8
17
16
20
15
12
11
17
11
17
16
18
13
5
15
6
11
17
15
8
15
6
13
17
8
16
9
10
18
15
14
9
18
16
17
11
14
8
19
11
15
16
7
12
12
6
7
13
15
13
11
15
15
6
15
16
14
19
5
7
12
5
19
8
14
19
5
20
15
14
19
12
8
7
19
19
18
8
15
5
14
18
16
17
17
20
7
9
12
8
15
13
19
18
16
16
17
12
10
15
7
7
10
16
19
19
11
16
10
11
14
14
13
5
11
18
13
13
19
15
5
9
12
16
19
6
16
20
16
14
7
6
17
18
7
6
10
11
19
19
7
11
6
8
16
12
7
16
18
11
16
11
11
6
5
12
8
7
12
18
14
19
17
7
16
17
14
11
6
8
6
5
18
15
17
17
9
19
0
1548
967
1501
1212
1083
1222
898
1161
1385
207
51
883
1512
742
910
799
1314
734
629
933
1546
1022
934
114
876
190
763
713
219
920
532
826
73
619
941
1257
1294
470
736
1245
1370
860
283
722
1405
1355
1011
583
1528
325
1184
1205
1526
1209
413
285
376
1371
594
1389
297
874
1330
772
1025
706
1444
571
1111
695
1463
1566
1495
137
1130
1276
1054
200
1162
32
107
1569
151
922
1577
1173
589
1472
273
605
564
1218
1026
1356
1069
718
333
1081
661
217
929
1105
1062
603
343
1093
205
530
518
686
1103
328
284
1550
290
178
227
948
166
1579
869
572
1003
1200
1395
1016
1008
477
554
850
83
912
596
962
555
472
1530
1252
557
907
904
1488
421
1509
753
1393
226
310
238
615
889
556
1121
16
1293
396
1438
149
663
309
1306
1558
251
1426
1007
1171
814
550
948
577
1094
1290
1174
1331
153
868
459
1473
824
713
636
308
1164
395
236
123
1468
703
642
695
992
924
861
816
761
183
912
1092
968
661
1118
1476
1375
213
1338
584
1182
935
190
1417
410
432
1493
210
841
348
858
1331
611
481
1134
1453
1211
289
928
271
261
40
110
136
1589
1078
24
822
11
649
858
1263
1056
1495
985
108
1144
1354
738
553
1217
113
1096
39
1576
1162
1770
1476
1177
1230
961
1344
1650
281
268
1080
1827
933
1059
1035
1536
837
695
1076
1627
1267
1135
223
1103
245
877
723
284
1224
723
894
122
899
1076
1402
1436
596
976
1455
1469
1194
453
1017
1622
1645
1344
787
1780
387
1400
1387
1768
1359
746
585
473
1665
793
1514
408
911
1433
1098
1114
821
1666
603
1264
954
1694
1630
1526
324
1301
1531
1103
383
1471
303
327
1666
385
1102
1671
1421
901
1749
313
829
838
1417
1293
1452
1145
997
510
1159
887
292
1103
1154
1353
709
630
1351
234
824
654
993
1290
516
323
1739
465
438
244
1150
419
1745
913
807
1164
1527
1420
1155
1230
738
682
965
92
963
802
1149
592
687
1829
1367
705
945
1036
1677
568
1665
829
1688
275
554
554
742
1153
821
1367
76
1444
686
1585
372
762
381
1512
1694
561
1553
1272
1320
937
713
1190
837
1214
1346
1444
1434
233
1145
680
1703
849
967
957
484
1408
490
470
400
1601
888
680
913
1278
959
1064
1071
898
296
1167
1262
1238
840
1251
1589
1476
540
1503
690
1418
1054
297
1554
611
577
1777
507
921
652
968
1477
811
626
1229
1472
1303
303
1248
503
570
204
247
370
1849
1116
119
850
157
793
1161
1283
1375
1611
1182
123
1351
1442
858
788
1307
209
1144

4
250
11
5
17
5
19
13
20
17
9
18
12
10
10
16
19
7
16
13
10
15
7
6
15
9
13
17
15
5
8
17
12
6
18
9
9
9
15
20
15
14
7
20
16
6
18
10
13
9
20
20
17
7
14
10
14
14
14
9
11
11
8
7
5
15
19
15
7
20
18
19
6
9
19
19
19
8
8
11
14
8
8
19
15
15
15
9
6
7
15
19
19
20
14
13
8
16
10
6
19
18
11
18
18
6
20
18
15
5
11
18
15
6
13
6
20
13
20
11
13
18
20
10
19
6
14
15
13
12
14
6
8
15
13
14
10
16
12
15
14
17
17
16
14
9
5
18
17
17
9
13
17
8
13
14
7
18
17
7
10
13
6
18
12
18
16
18
6
11
9
19
11
18
7
11
18
14
9
11
7
13
15
14
13
19
7
16
8
13
20
17
10
19
19
11
11
6
15
15
11
13
5
15
17
7
10
9
13
11
18
9
7
16
14
15
14
10
11
6
17
8
8
14
16
7
5
7
12
15
11
8
6
6
9
18
13
17
15
17
6
8
6
19
19
8
16
20
14
6
15
18
0
1245
1183
1339
1217
561
1557
26
646
713
1520
493
1323
575
626
366
1539
621
1036
803
1275
904
191
1491
658
1108
1249
1522
1497
930
141
42
1565
1442
84
885
867
880
1222
680
1551
1506
225
1441
1516
211
300
1525
145
277
877
1185
243
987
1006
581
613
902
118
888
114
267
1402
768
1271
1592
1456
431
670
277
236
758
592
1091
588
131
338
1200
990
401
104
1163
353
678
1430
554
947
1558
306
1272
1088
64
155
770
441
1132
767
1464
1588
312
20
977
315
302
1237
648
1059
11
642
184
378
1149
551
1476
476
1443
352
657
458
292
1334
1025
136
323
1397
305
861
315
1311
880
1418
1314
156
1258
631
604
11
1412
1539
179
732
1050
1595
1173
71
1062
510
1293
774
1598
632
298
1545
621
1086
189
673
787
522
346
415
1310
134
1476
969
248
1001
1007
884
1465
180
186
762
538
424
730
1497
1416
1166
89
314
1329
16
1545
1437
566
1215
236
1457
180
1127
1304
1436
1075
1573
883
1001
1121
295
504
881
542
1378
29
1134
1038
1295
1323
716
884
1410
1340
37
252
1000
452
956
1419
847
1487
1081
497
235
1321
787
146
1424
71
643
1506
1232
937
1272
25
1387
158
903
990
1291
909
1063
1062
53
1010
1258
1219
233
1084
1100
589
42
1373
1264
1624
1406
849
1722
71
659
736
1639
798
1489
710
881
642
1776
928
1240
1074
1550
968
310
1579
782
1187
1412
1833
1785
1099
296
114
1737
1681
134
937
929
1000
1509
920
1710
1642
554
1520
1806
347
468
1771
422
400
1072
1282
543
1302
1284
710
914
1091
191
1087
294
523
1667
1054
1483
1739
1546
750
906
410
373
776
705
1196
624
449
595
1256
1261
626
297
1321
462
912
1563
866
1025
1597
531
1309
1192
94
248
935
569
1393
870
1544
1782
541
105
1299
496
357
1387
727
1209
266
842
488
429
1360
660
1693
768
1505
392
672
543
496
1518
1124
195
391
1582
395
997
476
1415
956
1460
1403
267
1538
702
690
228
1706
1589
466
756
1292
1765
1389
125
1298
660
1429
842
1859
712
614
1639
670
1214
372
796
954
771
512
488
1555
211
1522
1246
432
1053
1146
1131
1591
289
478
836
684
653
984
1581
1579
1280
278
440
1550
79
1702
1626
810
1474
559
1791
359
1143
1445
1656
1183
1667
957
1039
1235
536
803
1002
838
1505
54
1366
1257
1315
1345
907
984
1453
1495
232
529
1266
525
989
1596
948
1510
1162
594
385
1572
1108
440
1710
122
910
1606
1534
1241
1299
73
1629
243
1054
1268
1494
1113
1382
1286
201
1113
1362
1322
382
1253
1197
703

5
250
18
17
8
13
17
9
15
15
16
17
7
10
11
17
9
18
6
14
16
6
7
15
10
10
5
19
10
16
6
15
13
5
18
16
13
20
16
13
18
6
17
19
14
6
13
16
11
9
8
7
12
11
20
9
11
13
19
16
18
16
10
19
9
20
14
6
7
18
11
9
18
17
6
13
7
18
8
6
16
17
7
6
15
14
6
16
16
13
10
12
15
15
13
15
14
16
15
9
10
10
14
8
14
18
16
9
7
6
7
9
10
8
19
10
6
6
8
9
19
5
10
14
16
13
15
9
17
7
15
14
20
10
18
6
8
15
8
9
9
13
13
14
12
11
18
10
12
8
14
7
10
18
14
7
12
8
9
7
16
10
14
16
8
14
10
15
12
15
5
9
16
6
11
13
20
15
11
6
11
6
10
14
11
11
13
10
17
12
15
15
12
17
10
19
15
13
18
18
9
17
17
12
8
9
10
12
17
14
6
5
13
14
19
7
9
7
5
11
19
14
18
10
18
6
6
17
10
11
18
11
8
7
10
14
12
11
13
19
17
20
15
7
8
10
16
19
7
15
18
16
0
948
1482
426
1069
907
416
309
1202
852
481
711
410
1537
247
1103
109
1524
981
1437
722
1022
1473
169
102
1418
1177
1169
694
151
388
330
652
1385
738
401
332
572
907
216
925
299
64
707
461
131
838
37
920
886
1278
216
876
1490
1435
630
1261
1117
180
838
231
157
213
385
93
421
1470
1053
733
1180
890
832
964
701
312
440
718
1405
426
876
865
614
1027
548
1270
401
888
1225
36
54
573
572
717
36
1494
548
1171
973
1469
153
103
388
87
297
1129
1472
282
50
1141
1247
959
1243
1305
86
929
710
1298
1496
1311
982
1266
1036
473
249
1367
990
1007
102
267
426
1270
1102
938
323
193
69
508
1118
230
689
198
18
197
539
1340
850
1351
1529
402
673
1536
712
1368
1340
738
756
1443
1000
579
109
739
1408
1069
615
1167
1433
257
308
546
304
78
1442
1025
1014
956
1486
887
457
782
225
1153
1385
828
1464
657
406
352
912
255
979
929
331
604
1014
728
1035
303
939
1300
1414
427
326
948
861
645
1228
321
888
682
166
453
1185
9
782
425
1449
265
1381
1040
545
241
159
134
772
236
45
1309
1095
990
536
157
949
152
22
549
51
751
588
434
408
739
319
1260
570
1178
487
457
658
602
338
239
1063
1651
579
1349
943
596
617
1310
977
747
768
472
1820
364
1200
288
1763
997
1526
886
1119
1552
248
243
1470
1429
1273
997
338
672
361
684
1615
1032
424
416
674
1187
456
964
343
255
1003
641
269
880
46
1024
1103
1328
298
1158
1799
1678
703
1375
1381
466
942
529
375
522
639
143
530
1478
1374
984
1367
1195
907
1032
729
519
622
732
1439
731
1111
1013
797
1056
850
1440
705
1110
1410
153
354
845
614
770
97
1671
844
1242
1213
1633
317
240
574
147
435
1302
1499
569
257
1354
1563
1276
1329
1519
327
1240
1012
1328
1770
1361
1038
1356
1243
656
377
1616
1212
1313
296
363
477
1335
1295
1031
353
325
363
697
1303
308
991
470
126
494
831
1438
923
1429
1781
497
866
1767
814
1546
1554
1020
988
1550
1020
633
222
805
1504
1295
690
1406
1452
306
539
802
528
247
1732
1088
1141
1259
1615
1062
645
794
484
1221
1458
1059
1640
806
573
603
1121
448
1037
1108
650
765
1237
1048
1098
512
1105
1391
1473
552
403
1161
887
828
1457
552
1122
821
241
674
1305
90
1033
686
1462
279
1467
1103
718
441
190
206
1036
426
203
1574
1178
1276
772
267
1258
204
202
774
273
831
907
606
565
976
349
1447
754
1485
732
554
736
660
547

6
250
5
15
15
6
13
14
15
12
6
6
17
8
10
11
18
17
14
6
14
5
7
12
19
16
6
14
10
13
19
19
10
6
10
9
13
13
15
11
13
6
15
8
18
11
18
5
7
15
10
11
13
17
18
6
11
13
15
12
14
16
5
14
7
15
9
12
19
6
8
15
6
12
12
8
6
6
19
16
7
13
6
15
19
11
14
20
9
11
15
6
8
9
12
16
13
6
16
10
7
10
8
12
14
11
12
10
12
7
9
6
19
13
17
19
8
8
16
10
10
18
14
8
18
5
14
14
15
16
20
15
13
8
9
20
13
8
15
19
11
13
19
16
11
10
16
6
19
14
6
15
10
9
20
15
15
7
11
13
7
16
6
12
20
16
15
5
18
6
6
7
14
13
15
19
8
9
20
18
20
8
6
18
15
12
10
7
5
17
9
14
13
14
8
10
11
6
6
15
12
15
16
6
7
12
14
10
16
12
15
19
13
17
17
10
14
20
9
6
11
13
8
6
6
18
13
20
7
14
15
13
19
10
16
17
6
17
13
19
7
12
7
20
6
9
15
16
7
7
10
19
0
1154
1348
1055
862
1489
629
452
1483
1208
1133
371
734
1078
402
320
153
106
409
1188
176
574
1003
809
735
356
1123
1132
447
96
1008
269
141
412
876
1194
507
20
1457
1233
1147
300
328
200
1434
1384
71
432
1346
1366
932
115
1168
414
88
262
1265
132
569
892
821
1461
300
700
1290
577
770
81
1321
1277
1228
519
1051
775
1215
213
993
811
100
212
1282
999
1260
1185
169
496
442
549
552
1375
890
439
673
277
1358
1332
536
1245
1106
912
178
1349
1426
324
91
247
701
957
1184
492
512
1495
912
1093
67
1162
1197
1301
1007
671
459
390
1389
725
567
1307
903
225
1035
919
675
92
643
549
1489
1188
61
1314
484
749
1361
1225
805
89
1042
1124
821
652
1291
1455
202
1191
1188
1511
88
470
165
1387
1213
47
1247
49
28
910
825
378
334
663
1091
924
985
233
1495
442
1474
961
818
997
1153
1069
1147
775
481
1205
1281
379
1321
719
1266
59
1001
471
1004
1032
1469
1386
967
483
915
906
131
1011
1340
857
655
1315
975
14
764
1042
447
78
556
261
737
1372
654
661
546
289
209
1090
1501
1222
1518
614
1466
348
411
182
1103
1081
66
897
924
321
45
610
278
792
1258
499
1367
705
1448
584
861
883
602
373
216
1232
1368
1124
951
1613
807
569
1745
1307
1276
678
1001
1169
539
403
340
146
720
1359
452
747
1226
935
888
512
1191
1257
510
213
1169
474
210
668
1155
1376
696
293
1740
1521
1340
441
484
219
1719
1621
336
649
1559
1624
1214
357
1401
553
128
534
1313
179
633
947
966
1675
428
996
1403
838
947
265
1552
1359
1406
789
1166
917
1274
261
1131
1058
115
325
1580
1134
1510
1255
260
719
472
603
567
1381
1008
584
810
337
1575
1518
787
1428
1164
1195
237
1475
1741
365
224
461
944
1266
1378
749
668
1779
1130
1255
82
1444
1452
1517
1159
948
635
470
1612
1002
748
1436
1159
386
1139
1220
821
368
946
661
1653
1480
143
1337
742
778
1504
1414
984
193
1100
1184
991
860
1367
1762
234
1471
1280
1670
227
724
202
1697
1264
268
1495
165
158
1140
1108
385
447
946
1225
1198
1102
414
1611
651
1685
1220
1117
1073
1298
1371
1200
803
670
1353
1537
658
1407
837
1544
254
1020
660
1146
1257
1592
1486
1069
657
1104
1179
379
1083
1574
1023
843
1527
1002
317
986
1279
584
163
815
407
921
1691
690
730
668
412
358
1375
1691
1494
1674
790
1564
494
526
474
1229
1352
134
1068
1189
557
355
747
530
962
1347
667
1533
875
1477
840
1031
966
637
593

7
250
8
14
5
15
5
11
10
16
11
14
15
9
14
10
16
16
18
17
6
13
6
14
15
17
8
17
12
15
19
9
19
5
16
12
10
14
9
13
13
20
10
6
14
17
7
19
15
13
12
5
20
18
15
13
6
11
10
15
8
16
20
11
20
14
10
10
20
12
8
15
17
8
7
19
9
13
16
14
11
17
14
14
13
7
14
5
15
14
7
15
7
15
20
7
16
9
15
7
6
6
16
14
6
6
10
5
10
16
6
15
11
10
17
12
8
8
14
19
6
10
10
20
18
8
6
12
15
10
18
15
10
9
14
12
11
16
15
5
7
15
17
12
12
7
18
10
8
20
10
13
17
20
19
15
11
20
8
12
16
16
13
14
10
19
10
14
19
17
13
10
15
13
9
19
12
18
6
15
8
9
11
9
15
11
11
13
16
18
10
14
17
18
14
10
7
5
13
14
6
11
14
6
13
14
5
7
10
17
6
16
15
5
10
19
14
7
16
8
9
15
11
14
20
16
12
19
13
11
14
11
9
11
19
11
7
9
8
11
9
15
19
13
16
7
11
14
15
7
7
20
0
130
279
39
738
781
1223
1322
556
1416
17
1515
255
371
1453
44
1369
606
1188
226
530
1036
1040
133
1512
261
1120
48
837
274
1330
504
68
106
406
1462
705
1224
144
1495
593
625
1433
1323
633
1211
1294
1230
267
1422
878
1371
1435
1464
952
728
998
544
1061
605
678
709
656
651
513
997
1276
1072
196
623
296
581
750
1133
207
633
1355
1361
622
828
885
1
82
698
519
1182
1281
536
1449
557
148
931
256
140
605
1435
858
1417
1221
1154
521
97
259
117
1467
448
1095
1109
927
1031
749
1504
275
906
1042
1195
91
1434
243
634
29
1429
54
1062
1403
1231
1348
1175
317
997
174
736
318
1012
993
716
1293
205
1130
1161
1399
674
706
338
1369
394
1386
1042
1340
595
1545
1172
1332
640
945
891
171
669
774
376
876
392
1231
258
218
309
1178
515
1543
1510
501
605
597
985
349
1259
540
405
345
1380
1227
394
391
1381
288
1361
1481
161
822
48
707
173
1069
1275
1312
9
1288
1394
316
1390
86
263
1003
671
1446
1349
360
1054
41
792
307
95
262
1247
585
1120
812
3
369
29
281
1206
687
780
647
120
500
137
370
139
293
1186
667
1166
1368
883
1092
1392
692
254
228
871
600
1150
946
703
537
883
261
221
214
444
399
54
959
1089
1347
1466
662
1558
224
1610
411
678
1563
181
1462
747
1238
435
649
1053
1278
346
1639
394
1442
307
1063
330
1412
603
227
273
628
1540
1018
1368
451
1786
888
906
1601
1379
727
1510
1512
1374
583
1563
1203
1436
1458
1593
1125
923
1265
660
1227
787
817
908
828
710
801
1032
1602
1095
389
718
417
638
848
1251
431
783
1517
1509
703
1106
1014
44
164
917
841
1439
1350
853
1571
840
340
1132
296
290
830
1751
953
1449
1359
1254
652
181
419
317
1669
588
1195
1187
1044
1290
935
1604
517
1133
1098
1393
216
1542
554
945
261
1496
379
1077
1663
1447
1419
1435
607
1250
318
1045
540
1177
1058
822
1337
476
1344
1340
1670
874
1022
367
1506
545
1503
1210
1582
662
1593
1319
1529
740
1174
914
263
852
856
463
922
507
1463
322
346
520
1477
787
1856
1556
665
838
681
1297
536
1323
770
580
557
1693
1337
481
544
1641
520
1441
1508
468
1015
337
960
361
1188
1545
1401
50
1588
1603
626
1570
255
471
1223
741
1628
1435
433
1112
89
1092
386
400
509
1483
821
1218
1110
280
554
135
439
1478
891
1015
966
232
623
245
464
419
456
1335
686
1427
1512
1060
1180
1530
873
362
268
1070
744
1298
1050
751
673
1107
573
248

8
250
7
17
7
19
9
9
13
14
13
10
18
7
10
7
17
17
10
13
10
15
6
14
20
11
20
14
15
12
16
12
17
11
19
8
11
8
6
14
11
14
15
18
17
15
7
20
9
18
6
6
8
16
19
13
11
7
18
16
8
8
17
17
8
14
10
14
12
20
8
12
7
18
17
19
13
20
10
18
17
5
16
9
6
14
8
12
17
11
10
10
14
7
10
10
7
6
6
5
8
6
12
13
9
8
11
12
8
8
7
11
17
8
15
9
12
18
14
8
16
17
19
6
10
11
6
15
13
10
6
18
19
15
14
5
11
5
7
16
11
15
13
19
16
10
12
12
12
11
16
9
18
17
12
15
9
15
10
16
10
16
14
13
14
11
6
16
6
16
19
6
9
8
10
9
7
8
7
11
17
12
19
20
17
17
6
7
15
5
8
11
14
11
10
14
13
8
5
10
6
16
6
6
12
6
6
6
12
11
17
17
14
17
11
7
7
6
6
12
15
17
17
6
11
13
19
19
16
13
13
19
18
9
6
10
8
19
6
12
10
15
18
12
13
13
19
9
14
18
7
6
0
876
1356
1091
1034
991
299
960
581
1078
261
652
514
485
693
1061
1174
395
1192
724
685
435
587
257
618
1416
173
365
882
1296
238
412
439
745
837
804
123
894
465
1141
89
642
571
397
221
139
544
113
524
1296
151
296
809
1409
43
1073
1206
810
793
1278
1318
1108
98
996
1043
1380
629
773
887
457
1114
1487
279
639
1156
599
724
1436
1414
822
307
1221
1080
1348
1380
1407
1327
1213
1427
968
135
1480
975
1462
706
1228
26
1375
820
1110
366
1426
390
423
238
1178
566
1473
248
1059
96
1156
984
663
1366
68
682
1446
257
66
486
141
813
1024
73
570
289
791
221
119
607
91
1093
1084
806
1307
793
157
969
1403
1009
249
760
1007
244
918
510
1336
990
1089
28
450
829
386
38
1135
1324
1198
1443
1293
188
810
1298
178
576
1271
226
403
1500
786
633
1450
198
294
1421
693
521
1070
128
680
1057
1446
688
1095
626
50
143
1208
908
149
610
254
222
1429
305
493
316
867
881
412
647
1056
1444
845
501
1027
1458
952
1479
1005
943
819
622
670
640
1154
1291
1283
1062
308
501
283
105
128
856
756
160
1335
1297
303
353
1449
1269
1265
1387
1495
1084
821
107
1442
8
1406
1281
1135
410
1470
1153
203
1465
1022
74
928
1615
1110
1162
1156
582
1249
793
1321
474
670
642
701
833
1278
1296
501
1320
960
886
597
757
417
653
1566
314
494
967
1557
259
424
583
898
1014
962
350
1110
718
1288
215
888
750
541
307
192
692
262
767
1405
191
382
829
1593
267
1341
1503
1063
996
1451
1477
1165
223
1267
1191
1401
808
999
1000
473
1154
1764
334
770
1217
849
1022
1493
1578
1110
336
1442
1168
1377
1495
1661
1355
1254
1612
1188
272
1592
1003
1654
912
1470
313
1453
1006
1292
499
1531
636
578
323
1474
809
1617
403
1357
151
1316
1127
909
1667
157
941
1483
285
316
665
417
1068
1252
217
613
468
1066
478
264
642
184
1396
1264
1112
1364
934
347
1084
1699
1258
289
830
1311
445
1162
792
1605
1128
1286
176
767
1050
665
235
1336
1347
1429
1736
1539
367
1013
1612
429
584
1337
525
504
1771
840
776
1663
409
375
1609
925
752
1264
284
701
1094
1722
729
1236
750
332
237
1222
945
425
883
441
498
1659
357
599
447
1074
953
648
941
1169
1555
912
770
1187
1621
1181
1581
1032
1165
1103
817
831
650
1217
1404
1316
1318
620
760
372
266
147
888
866
422
1647
1607
603
467
1745
1497
1461
1664
1524
1104
897
163
1564
72
1590
1378
1329
672
1670
1289
233
1689
1082

9
250
20
13
9
18
8
9
15
17
6
20
11
8
6
19
13
8
16
16
16
19
20
14
15
13
14
11
9
13
14
8
6
18
8
16
12
19
12
7
15
11
14
13
9
17
9
7
6
5
20
19
11
14
13
6
13
19
14
11
14
16
6
11
9
13
12
16
10
19
20
17
15
6
16
18
7
13
7
15
12
20
14
8
10
11
14
14
19
16
20
5
9
8
13
5
16
10
12
15
15
16
13
7
9
14
11
9
10
11
17
20
10
14
6
9
19
15
6
20
11
13
6
12
14
5
16
17
8
10
15
16
8
11
6
12
19
12
10
5
9
16
15
9
15
9
14
17
9
9
19
8
17
16
17
6
17
15
15
7
18
7
19
6
13
11
16
15
7
5
16
13
6
5
10
6
16
6
6
12
11
8
12
18
12
14
18
8
8
16
11
20
9
10
6
20
8
8
18
6
20
10
15
6
20
7
12
15
11
19
18
7
11
15
19
8
10
6
13
9
17
10
9
15
11
9
10
16
15
19
18
16
19
10
16
7
20
8
18
15
17
14
9
12
7
10
20
19
10
19
16
15
0
970
1154
1065
253
1074
1529
1121
952
426
1103
442
1541
1412
936
218
253
1569
1111
956
378
931
838
1568
627
529
38
320
340
306
1074
37
1337
827
675
346
1547
1377
551
1341
1485
377
63
1454
1419
134
1003
1342
880
1451
416
1303
356
1099
1523
875
1097
1221
1395
692
1324
1292
1148
1140
454
542
441
1004
221
293
69
78
177
1166
1137
1082
1561
296
1031
721
1339
787
1375
1349
1376
865
1516
102
424
71
542
1074
156
957
249
1145
793
1232
635
1313
277
344
763
396
791
1321
1283
998
486
457
1026
300
889
619
1254
276
7
1499
540
473
39
1028
152
121
1269
532
1348
946
69
725
311
1362
268
1548
1397
109
856
793
1037
1550
686
1386
649
1490
409
274
897
649
1500
199
1114
1103
1421
47
199
1442
504
320
796
895
753
1415
536
1487
1153
1421
395
1200
1093
958
1381
188
776
1347
788
447
828
499
20
571
950
1079
705
565
1391
781
1098
1042
820
1258
879
806
660
835
1247
696
16
1259
546
405
699
1471
597
892
206
812
418
640
1553
326
352
1531
568
1044
1145
34
1525
459
567
1452
1300
214
400
1523
790
1084
1252
1386
1051
1423
1156
199
492
272
546
33
831
891
1310
288
468
209
924
550
256
774
782
146
311
874
315
1130
1220
1277
452
1124
1668
1332
1232
743
1402
718
1784
1620
1216
512
348
1687
1252
1013
434
987
897
1672
882
775
197
336
506
513
1279
160
1515
912
708
385
1693
1651
818
1498
1759
538
226
1688
1593
321
1212
1553
1163
1621
736
1538
620
1242
1608
1139
1333
1417
1507
854
1394
1416
1275
1336
642
639
604
1242
331
509
226
175
427
1327
1349
1367
1867
496
1140
996
1398
999
1405
1433
1503
1170
1635
310
642
214
612
1243
465
1166
440
1205
1014
1505
960
1375
463
552
806
424
1114
1345
1358
1083
727
743
1189
531
1044
673
1568
306
29
1548
608
705
60
1051
225
191
1530
715
1462
1217
338
836
518
1514
388
1777
1594
311
934
972
1197
1584
787
1460
933
1659
557
428
1047
936
1803
233
1328
1390
1673
134
496
1461
697
541
1100
987
843
1499
560
1512
1373
1518
607
1438
1218
1109
1491
194
1063
1409
844
578
1108
558
332
858
1194
1317
874
839
1660
835
1240
1311
1126
1421
1045
833
801
970
1355
949
70
1416
635
457
900
1577
665
946
395
1121
440
780
1876
356
480
1737
633
1180
1365
113
1711
751
727
1732
1408
494
524
1741
868
1263
1316
1691
1147
1482
1224
325
649
585
840
346
888
1002
1438
431
526
267
968
561
436
891
805
356
527
1164

10
250
7
18
18
13
17
13
15
16
16
6
10
15
11
19
15
10
19
10
7
17
18
10
7
12
7
12
20
8
13
11
20
14
9
19
15
16
6
18
7
7
17
11
11
8
18
9
10
12
10
14
5
12
12
18
19
9
20
15
13
12
7
20
16
15
5
12
10
13
14
19
9
7
14
10
9
12
13
14
17
15
14
11
18
8
19
15
17
20
15
19
17
9
18
14
12
20
8
12
13
12
16
17
19
7
19
15
13
18
12
8
14
10
16
18
15
11
9
10
10
8
15
15
11
8
16
11
17
13
7
8
13
19
18
14
12
18
6
17
15
12
15
7
16
19
11
13
6
8
9
10
10
13
7
6
13
18
16
12
18
10
15
12
12
16
12
6
8
6
19
11
17
5
9
12
9
9
14
9
15
10
20
5
20
20
15
10
10
7
6
16
20
17
8
8
7
12
19
8
5
15
18
13
18
19
9
7
17
7
5
11
14
9
11
15
14
13
11
11
14
17
16
8
16
11
14
7
10
12
19
15
18
18
18
16
15
7
18
20
19
15
18
16
6
5
12
13
20
10
7
11
0
1554
391
32
843
10
936
425
98
697
1003
1383
122
218
1411
375
1470
1059
742
431
1137
1264
1561
1363
536
1277
553
541
975
12
1317
1443
1558
1354
712
37
772
1525
370
387
617
1077
729
539
22
674
192
75
565
252
267
1008
1577
998
624
243
1218
745
1053
39
1528
1543
679
882
217
678
146
1582
1042
16
368
4
1342
97
309
1532
1491
976
300
1277
1276
400
452
298
573
49
681
913
1544
743
1576
1069
734
583
1325
540
515
1092
845
233
862
1487
1048
940
909
644
1151
544
273
1397
1308
822
590
1283
754
335
477
1424
1170
630
476
1566
30
645
1514
50
1344
103
571
588
1181
1271
898
1114
1168
880
218
420
886
250
19
1056
1434
1244
980
714
75
1593
271
528
169
730
853
1546
214
661
195
96
691
115
768
26
585
362
57
975
1347
1589
824
1608
1423
157
1006
1136
757
1095
741
991
1597
1374
396
1274
840
185
1334
271
538
1454
1004
1322
1180
363
535
1526
1157
1278
313
375
846
853
102
1204
898
1429
139
48
1218
1399
434
834
1504
253
1141
1585
154
430
1233
202
471
187
1576
1564
47
1493
1565
411
1219
1397
272
686
790
538
918
687
112
451
615
1492
178
809
1273
222
258
465
1034
1445
165
536
521
222
115
1675
610
188
1104
56
1225
704
144
976
1334
1499
321
265
1494
621
1674
1088
878
760
1171
1363
1627
1454
741
1504
585
808
1301
109
1623
1552
1710
1637
1018
202
944
1614
646
489
635
1144
941
648
303
686
390
134
860
282
575
1027
1670
1152
648
377
1527
999
1323
134
1631
1741
776
1048
305
996
178
1763
1073
123
440
52
1488
207
609
1582
1619
1265
536
1591
1440
441
698
378
767
289
781
1224
1644
762
1826
1108
1016
665
1536
659
547
1126
947
376
969
1756
1262
1120
1219
901
1355
789
454
1695
1612
872
748
1325
868
666
779
1561
1274
927
693
1886
212
792
1672
315
1550
196
849
782
1383
1346
1001
1387
1228
1068
455
446
1016
368
291
1374
1469
1441
1181
1018
164
1612
440
644
470
829
1039
1594
495
893
280
225
765
287
837
327
910
433
140
1280
1456
1879
1086
1845
1687
333
1278
1274
885
1368
867
1168
1929
1490
611
1555
951
426
1437
322
597
1614
1126
1514
1457
402
646
1693
1262
1296
502
471
1171
921
301
1333
1011
1488
266
73
1380
1506
700
1137
1778
308
1373
1878
176
640
1458
388
783
468
1669
1727
153
1735
1648
692
1347
1610
524
857
966
791
1050
905
233
528
761
1629
303
887
1523
256
576
478
1160
1704
230
636
612
237

11
250
12
19
11
18
18
5
11
12
18
8
12
16
13
15
20
7
7
8
5
9
12
11
12
5
14
17
11
13
6
16
9
8
6
10
12
17
7
9
8
20
10
7
15
17
8
20
5
15
20
16
12
8
14
16
8
18
16
14
15
13
13
16
13
18
17
18
10
8
8
15
11
18
10
9
9
17
20
9
13
17
18
16
8
8
7
14
12
15
11
16
10
19
18
18
13
14
17
14
20
7
13
6
14
17
9
14
12
14
18
5
13
10
18
11
16
17
14
10
17
13
11
20
14
8
14
12
12
10
5
18
14
13
18
7
20
11
11
11
14
13
8
13
10
6
19
10
18
6
7
6
7
16
12
8
17
11
18
17
7
16
9
10
11
16
14
10
11
10
5
10
6
10
15
17
7
17
16
9
11
13
7
13
8
10
9
16
14
7
5
15
5
15
10
20
18
13
10
20
11
11
8
8
12
11
12
14
17
11
8
10
12
11
13
12
11
15
13
20
14
13
19
17
9
6
19
19
16
10
7
5
7
8
20
8
16
16
6
15
16
15
17
16
8
9
13
9
14
18
13
17
0
1141
401
1463
1127
929
1065
978
1101
1014
50
713
469
649
981
491
1245
1063
1025
780
354
109
896
202
403
1551
634
1373
196
754
534
1266
384
1518
839
935
1061
828
819
1427
151
931
229
405
624
1145
639
52
1027
693
255
154
808
892
46
1016
1152
499
714
1011
9
663
532
944
1089
794
128
24
1133
221
815
301
235
1025
992
1256
1077
358
625
1391
1246
427
1169
998
724
1045
2
1095
602
1346
1092
517
1064
563
355
198
1226
1047
235
1032
1078
289
1024
1199
312
116
21
1234
504
1091
726
849
781
902
680
463
1231
700
761
845
1059
691
1427
1301
1082
1427
597
763
670
1476
832
645
292
113
1466
1329
1345
391
515
504
362
925
780
866
507
1438
1220
1020
1551
1013
805
521
579
63
647
721
570
567
338
1099
1301
1522
860
872
952
1363
647
872
52
1158
256
1428
203
29
674
613
181
36
1361
1089
568
1042
228
233
787
1235
73
1457
1252
1007
269
1086
749
871
88
1231
207
484
249
1428
1397
407
978
754
803
1159
341
675
1558
1192
509
1287
1509
870
734
1508
618
1537
292
573
1389
548
1131
456
210
1016
679
312
1113
1197
438
1326
1413
1059
560
550
1031
283
1327
1494
585
272
460
1303
1009
42
951
1039
1011
107
243
1251
504
1709
1262
1005
1339
1103
1306
1114
89
816
767
725
1252
503
1418
1150
1225
918
474
167
1199
346
559
1860
654
1524
426
781
587
1476
437
1728
996
1166
1276
882
1118
1748
473
1247
485
590
704
1385
837
211
1314
810
344
215
1059
943
255
1322
1175
744
895
1282
328
921
557
1112
1225
1048
336
275
1192
419
830
594
436
1221
1024
1554
1231
372
841
1518
1439
476
1224
1269
785
1321
249
1143
845
1446
1208
803
1273
733
614
363
1537
1180
508
1110
1235
298
1342
1431
615
393
55
1363
754
1311
891
914
929
1085
926
628
1464
784
1026
1064
1347
1007
1574
1578
1365
1650
644
1002
942
1704
1091
941
371
362
1794
1380
1367
668
723
706
506
995
1099
1057
751
1452
1295
1266
1712
1057
992
660
672
261
834
995
590
820
351
1257
1526
1590
913
995
974
1419
814
910
201
1219
379
1727
468
317
778
755
291
125
1515
1127
800
1121
297
331
859
1405
158
1600
1369
1037
524
1111
929
1168
172
1469
418
596
339
1633
1506
639
1226
861
866
1177
632
864
1728
1341
617
1430
1708
922
752
1663
812
1632
553
884
1488
809
1146
464
241
1080
742
599
1361
1296
525
1625
1512
1336
878
686
1311
549
1468
1576
685
337
548
1459
1133
178
1189
1113
1272
407

12
250
10
10
6
6
13
6
10
16
18
10
8
7
17
11
11
10
5
12
10
10
18
14
20
11
14
13
9
12
8
19
17
19
16
9
8
5
12
7
7
18
6
8
14
16
12
12
13
10
14
11
19
13
13
8
14
12
12
15
15
16
16
9
20
8
15
18
7
12
9
6
14
6
8
10
19
18
7
19
17
11
11
19
8
11
5
13
14
9
15
11
17
10
16
19
11
5
13
9
9
10
13
8
13
11
14
8
20
8
19
13
19
13
14
8
13
16
7
12
20
19
19
6
7
12
6
18
14
20
14
18
6
11
10
16
9
9
9
19
14
10
9
9
10
6
11
8
12
7
18
16
10
6
14
15
5
9
17
7
14
8
17
5
8
10
19
8
13
11
20
8
17
19
18
9
16
17
16
11
13
10
17
12
16
16
19
16
18
14
8
19
19
8
5
14
6
14
17
9
15
7
11
14
11
8
15
19
13
19
7
7
10
16
13
19
17
10
20
14
7
11
19
15
17
17
16
7
11
16
17
15
14
20
18
7
11
15
20
14
14
6
8
8
12
19
6
12
15
15
12
7
0
582
722
1364
1364
1339
645
548
1295
1084
284
45
590
1093
10
992
797
1376
679
496
1411
540
344
139
323
899
199
825
891
1508
1464
1383
1481
58
681
400
326
364
1024
1512
911
1084
251
1340
755
1462
1023
886
343
1277
1083
838
1016
1122
1215
1320
458
507
964
854
1460
1465
1312
1046
404
1095
1451
823
837
1030
1045
784
1409
86
1385
1492
396
1196
1188
657
453
456
755
1147
1164
308
882
416
511
646
847
1400
629
488
620
1419
1492
1480
690
681
1337
594
1520
1003
1507
770
722
415
164
297
888
1105
684
628
1184
469
420
1236
1256
1456
1272
898
1495
1034
1512
557
89
787
914
611
595
22
514
267
771
1346
945
1180
1396
25
952
1158
1143
1124
57
434
589
1415
713
65
197
322
1433
892
1284
329
1222
1357
1055
216
544
1058
92
894
419
525
879
646
488
970
152
1111
777
755
483
828
182
127
166
786
1098
29
882
362
710
306
9
295
237
277
805
432
161
755
1084
1100
228
1114
1435
519
367
1404
1393
221
1018
18
1196
1553
565
8
964
509
868
509
879
1459
1406
429
440
821
843
224
381
256
567
809
645
444
918
1048
1105
676
273
673
9
587
180
704
1519
1169
182
426
764
1388
1125
151
1510
31
604
1039
112
727
904
1419
1669
1603
748
726
1390
1239
410
86
756
1201
205
1029
824
1626
715
649
1493
619
481
193
401
1220
226
1148
909
1831
1699
1481
1726
191
690
450
360
393
1260
1611
958
1307
407
1499
826
1583
1223
1138
552
1581
1387
922
1077
1309
1478
1610
519
741
1163
939
1607
1496
1421
1354
728
1175
1704
1010
1014
1189
1108
959
1702
305
1691
1722
467
1434
1509
802
501
730
798
1305
1451
579
1112
689
727
778
1015
1567
705
618
706
1654
1659
1766
701
811
1547
743
1752
1075
1628
905
747
507
275
408
950
1121
979
819
1306
624
724
1473
1284
1585
1562
1118
1525
1075
1777
782
204
983
1100
878
883
77
539
316
832
1382
977
1257
1460
113
1159
1450
1209
1293
139
670
739
1713
793
333
338
575
1740
1068
1554
585
1303
1552
1364
365
679
1234
374
1177
717
654
892
692
718
1153
454
1186
1047
1070
761
1154
281
450
296
872
1414
167
947
558
1000
348
167
593
434
473
879
581
192
779
1242
1165
457
1127
1548
589
567
1536
1715
273
1282
293
1368
1720
598
150
1061
596
1174
720
950
1514
1609
715
657
928
1088
469
629
470
801
952
795
498
1037
1211
1389
792
369
919
110
838
201
872
1610
1195
396
545
915
1487
1215
267
1543
350
901
1247

13
250
12
11
15
6
5
7
7
8
14
11
7
6
6
11
18
7
17
8
8
18
16
18
18
10
10
9
12
8
6
14
14
12
20
5
19
9
6
20
9
7
6
7
19
17
6
14
15
7
17
6
15
13
11
6
13
10
13
14
12
16
6
12
9
14
11
15
11
19
13
12
17
7
18
6
16
13
12
17
17
17
13
15
19
18
9
18
10
12
17
10
15
6
15
8
12
16
9
10
11
9
17
17
11
14
12
11
6
19
16
8
7
10
13
16
7
8
18
11
17
7
6
19
15
9
7
12
15
16
6
12
16
11
18
7
14
7
10
20
5
10
19
18
15
8
12
12
13
10
16
5
13
7
11
12
17
7
8
17
8
16
13
8
11
9
11
16
19
13
7
5
18
20
16
19
8
11
8
16
6
7
16
19
19
11
20
11
12
8
12
18
10
8
15
6
6
10
16
19
15
20
14
10
11
17
12
15
12
18
14
18
19
6
13
11
9
10
9
19
17
18
7
11
9
19
11
7
13
8
17
5
7
19
17
11
16
13
8
7
6
20
19
16
18
13
12
18
18
11
17
14
0
1528
426
85
223
94
1335
1509
56
429
1474
368
619
779
15
1191
1506
673
1132
951
1098
777
722
503
1049
1219
892
721
1095
1137
698
353
1031
1430
446
1067
1227
1098
499
1187
1520
1519
1000
576
671
1326
443
1256
867
860
1053
1508
908
403
357
482
1097
365
100
244
396
1534
1053
661
1129
1182
978
324
249
154
1366
443
1007
1276
47
195
839
297
16
556
146
696
739
454
135
1033
759
723
401
84
1034
1252
1508
873
734
629
65
152
1217
654
98
41
627
318
414
577
1010
151
274
624
1135
2
91
1405
1535
321
838
1510
1155
843
494
791
1285
546
515
471
813
515
543
1424
22
1234
541
299
44
550
913
924
1312
842
1265
461
455
742
730
207
1358
21
490
530
1205
699
643
442
1197
571
1275
1498
1254
816
1457
984
548
710
1392
326
268
1118
1409
1359
1125
585
1516
907
1247
1078
1363
1128
877
1022
1249
1280
1004
393
933
708
775
155
1515
346
909
727
972
82
977
285
968
918
837
698
79
4
286
260
321
1371
1034
1099
569
1094
423
1174
684
622
1082
265
728
800
1229
684
556
987
609
1229
1167
596
699
634
728
1183
183
1297
561
246
1384
214
115
1117
867
1133
837
754
1533
885
1048
1454
860
898
209
554
80
1832
611
304
243
191
1403
1596
132
510
1606
390
676
895
258
1490
1620
733
1197
1130
1250
836
907
789
1213
1234
905
798
1139
1156
788
452
1091
1690
521
1311
1434
1400
620
1407
1539
1645
1155
807
750
1516
633
1377
1094
1113
1125
1714
1089
544
384
539
1219
588
402
550
583
1598
1366
982
1340
1489
1268
387
444
400
1442
488
1313
1371
250
462
897
405
287
832
162
780
985
555
272
1151
847
1016
694
335
1062
1469
1652
1153
766
834
284
416
1351
671
275
85
685
455
609
896
1317
322
296
766
1443
65
138
1510
1709
517
1115
1718
1452
912
574
876
1574
850
633
532
1053
733
834
1634
156
1405
680
405
134
791
1089
1015
1515
1054
1356
502
479
932
913
374
1474
245
785
649
1300
853
745
616
1244
628
1422
1564
1493
845
1732
1063
747
912
1535
350
289
1395
1435
1475
1372
657
1675
1065
1419
1312
1589
1153
1153
1180
1567
1506
1063
588
1182
1002
884
353
1835
424
1053
770
1205
114
1246
376
1026
1226
1006
949
165
142
430
525
538
1681
1215
1304
804
1323
737
1445
915
894
1348
528
750
894
1312
867
746
1227
810
1435
1342
710
996
719
840
1476
287
1596
860
282
1679
297
143
1166
1084
1363
1010
1061
1677
1077
1067
1583
949
1160
364
575

14
250
13
6
7
11
15
15
7
17
15
10
5
6
14
8
16
16
11
5
8
15
6
17
17
19
6
10
7
18
16
15
20
11
19
8
16
5
13
18
7
20
19
6
14
13
19
18
7
9
7
15
17
13
11
8
5
12
18
15
13
6
8
17
12
9
9
18
18
12
13
6
18
19
15
7
15
15
14
15
9
12
11
13
6
14
17
13
12
19
15
8
20
19
8
8
11
6
9
19
8
18
16
16
13
11
16
17
8
19
10
15
7
13
14
20
8
6
6
19
9
12
13
7
13
13
14
6
10
18
18
8
17
13
13
15
6
18
8
14
10
7
9
10
12
13
20
7
19
10
12
17
8
18
9
19
14
7
20
8
9
14
17
9
18
16
6
19
8
12
20
15
14
5
9
14
18
5
19
8
9
18
15
6
17
12
5
16
15
8
11
14
7
14
6
16
6
7
18
7
11
17
7
8
15
13
15
16
15
9
19
6
8
9
7
20
13
11
17
16
16
8
11
17
16
6
14
20
7
12
19
10
19
11
16
9
15
17
9
12
19
9
10
17
11
11
16
9
14
10
15
18
0
1440
1276
116
1265
834
1107
410
760
448
876
1497
1387
1456
340
1307
1312
1382
341
640
1461
781
949
1114
122
837
273
1083
1475
1487
1052
1132
79
1120
2
194
1331
1231
1485
174
752
1369
723
115
896
322
38
918
1292
1403
222
110
1038
178
756
778
1164
1067
1097
72
938
424
731
208
305
1339
1177
1088
1080
880
1368
241
255
937
572
1509
964
612
264
212
1
947
315
1040
915
310
1295
387
633
254
400
332
185
170
630
85
20
566
387
769
727
1096
337
692
982
667
965
1313
984
1401
1050
1044
93
269
243
250
56
1538
313
832
953
919
414
264
1279
1196
1297
1076
237
843
1295
1173
1123
1284
566
92
1366
951
1121
690
988
1421
327
620
947
66
1443
91
1197
746
1283
1483
1267
1322
481
664
653
495
1175
411
261
1521
1543
367
621
508
561
186
1261
1051
506
72
77
630
184
894
223
1474
895
615
1444
741
872
196
572
165
188
29
76
984
1301
69
813
823
582
385
1347
618
1421
1203
373
675
395
721
1120
205
606
736
139
1373
524
1138
106
856
1477
1139
851
1291
934
820
387
541
608
509
903
549
1245
960
1359
1561
572
287
1397
1534
744
31
1360
986
1040
630
1196
213
933
241
262
79
257
697
807
1148
258
1459
1581
406
1404
984
1306
700
842
675
1065
1776
1634
1643
478
1539
1359
1573
396
721
1545
1020
1089
1223
408
941
465
1138
1510
1502
1184
1408
376
1193
179
346
1497
1474
1745
446
1008
1496
924
301
1140
394
127
995
1444
1600
432
428
1083
425
796
848
1474
1185
1147
289
987
489
762
361
400
1416
1410
1123
1391
1067
1463
304
486
977
861
1632
1170
709
571
381
311
1246
547
1304
1198
627
1607
707
823
551
711
480
360
394
801
139
172
797
592
935
972
1246
639
749
1139
939
1226
1437
1123
1458
1307
1294
165
305
355
363
297
1795
597
852
1212
1020
621
531
1316
1335
1465
1340
289
1134
1597
1251
1268
1523
802
229
1569
1276
1190
822
1232
1471
356
785
1251
384
1686
115
1439
952
1517
1524
1520
1410
551
713
742
567
1418
580
298
1725
1718
577
716
817
722
410
1580
1272
588
134
376
834
476
1045
250
1562
1075
673
1581
1059
967
234
847
481
208
170
118
1285
1573
303
915
881
832
648
1436
803
1712
1268
489
796
567
771
1413
523
722
984
350
1662
816
1335
411
1022
1529
1248
1029
1410
1244
985
550
704
725
549
1224
647
1419
1189
1636
1631
769
362
1681
1598
775
181
1447
1195
1174
863
1484
392
1035
326
379
267
558
800
937
1379

15
250
7
20
17
17
14
16
11
10
19
19
9
11
6
13
15
16
9
6
9
6
18
19
8
8
14
14
6
19
7
18
8
18
9
8
8
18
20
16
20
9
15
19
13
16
16
6
8
7
5
19
18
16
15
11
7
15
6
6
10
6
6
6
5
10
11
11
10
16
16
17
10
12
14
6
6
18
20
5
20
6
13
11
14
8
10
8
11
5
13
16
6
17
7
11
18
5
18
13
15
11
20
15
10
17
8
8
6
12
5
20
15
17
10
19
16
20
14
17
16
20
5
13
17
15
11
11
20
11
13
9
9
18
17
12
16
18
10
9
11
8
5
16
6
19
15
15
8
15
18
6
8
18
5
7
14
12
6
6
18
11
16
6
18
11
6
13
16
15
8
16
14
18
6
10
8
18
17
12
11
19
14
18
20
10
13
20
11
18
6
15
5
14
20
11
17
19
16
15
14
15
11
20
17
8
5
8
9
10
15
19
15
10
6
15
11
17
18
11
14
16
11
14
8
6
12
7
6
17
13
16
14
20
20
8
17
5
17
19
12
15
13
15
18
13
13
20
17
6
16
11
0
772
1373
1325
1255
431
714
882
483
621
68
201
1478
535
295
586
557
220
146
370
730
581
1228
34
1310
630
562
143
1112
1586
717
500
1204
1187
90
152
331
490
1258
282
697
203
1569
138
1355
870
703
702
89
1416
485
1485
43
851
1557
414
747
809
713
1221
1538
1043
1451
220
174
1392
321
1307
373
782
1244
941
1561
415
1369
1441
423
118
646
701
1324
1371
867
812
171
1206
381
1127
639
25
969
822
368
1179
1375
266
1302
1571
326
885
795
282
969
771
217
709
1507
1557
390
1479
436
46
1517
789
1164
720
753
1539
5
407
333
629
1016
282
326
562
429
1215
82
1360
2
1182
1460
1385
1577
1502
1393
1579
902
958
239
470
1229
427
745
1416
1297
254
289
404
407
306
417
1255
591
793
1411
1177
981
1117
1180
1438
882
1166
1091
388
293
748
1537
1385
107
1551
985
788
262
1009
329
1278
1238
1486
898
1360
821
347
1132
1579
1064
224
895
499
1485
249
980
354
1375
1250
442
184
1531
1527
1508
1116
1311
339
917
33
375
14
1240
1028
1006
1577
383
284
1323
698
784
729
683
1053
1256
1011
1236
1123
282
868
1527
106
715
738
1030
1156
233
1216
407
520
356
810
493
1066
930
777
671
713
170
1233
1245
584
508
465
190
962
1521
1478
1343
556
949
979
788
843
153
347
1510
702
520
918
820
302
168
618
824
701
1488
59
1394
747
676
277
1271
1896
942
599
1237
1237
275
351
643
652
1364
436
958
377
1890
247
1573
988
832
1023
390
1683
756
1735
187
876
1680
658
797
991
851
1484
1723
1183
1731
476
473
1638
529
1353
702
1072
1483
1210
1800
578
1451
1621
515
396
976
1021
1387
1600
1052
993
413
1327
403
1302
752
349
987
883
440
1383
1686
563
1351
1756
438
956
852
535
1195
1008
496
859
1808
1787
487
1798
734
349
1532
997
1367
883
975
1608
124
485
628
744
1117
467
373
766
669
1362
317
1569
191
1264
1642
1632
1771
1561
1528
1601
979
1149
495
784
1349
538
781
1448
1483
549
358
658
583
329
465
1341
728
911
1583
1491
1251
1346
1447
1447
1109
1378
1395
672
484
1016
1718
1680
284
1600
1066
986
393
1144
637
1454
1358
1637
1150
1675
1075
369
1214
1697
1391
253
964
718
1691
499
1156
551
1427
1314
664
363
1743
1552
1696
1284
1510
450
1130
60
629
28
1316
1156
1054
1838
539
538
1589
1006
935
1046
998
1158
1406
1337
1368
1222
594
928
1766
296
874
932
1214
1436
478
1294
550
678
567
1114
531
1318
1119
1046
784
1012
466
1497
1382
897
535
662

16
250
11
18
6
16
6
16
10
12
14
17
16
8
17
17
10
12
9
19
8
6
15
16
15
6
15
17
7
19
18
8
11
12
17
17
12
7
10
20
18
7
7
6
9
7
17
10
15
11
17
9
6
19
15
19
10
8
8
15
17
14
13
7
18
16
17
8
13
15
16
17
16
15
20
14
13
11
13
9
9
8
16
8
10
10
6
15
9
8
8
19
6
12
9
8
17
12
12
9
14
10
14
12
9
13
5
18
11
11
19
10
10
19
10
12
15
10
11
8
8
19
10
20
14
16
19
9
14
16
20
12
16
13
6
20
17
6
13
11
10
6
15
16
12
11
18
8
11
15
10
10
5
9
9
15
15
5
6
18
17
11
20
11
11
7
19
5
14
13
20
5
12
14
8
11
6
14
8
13
8
8
20
12
13
18
10
15
6
8
19
11
17
9
9
18
13
8
17
17
5
6
7
14
7
16
15
19
14
9
8
16
10
11
12
17
15
9
18
5
20
16
15
16
8
6
19
15
17
11
9
10
12
16
7
8
12
13
7
14
14
5
7
11
14
6
14
7
9
6
13
18
0
526
597
361
583
732
544
660
1427
295
1196
651
309
660
762
363
150
125
782
523
355
1090
650
789
0
673
675
1483
1258
556
1090
635
842
669
497
363
922
329
1080
619
1275
543
1098
456
1036
469
370
155
933
104
785
1396
666
672
1528
350
686
1011
154
1490
1526
1307
709
1070
726
252
239
231
423
40
820
1256
1151
649
69
1015
1036
919
1143
963
440
120
1321
253
615
661
164
528
1007
1046
140
1188
616
1177
890
1462
406
1442
1361
328
1439
843
281
1409
330
111
1524
120
1191
1276
1073
11
1258
453
411
354
1528
524
63
377
1123
684
1297
498
681
223
317
16
1059
1094
1430
684
1205
699
1364
347
1386
774
312
1352
326
855
1068
1079
88
660
1291
27
1142
1311
1525
912
1431
644
317
539
280
79
594
1491
1036
1471
162
992
1021
681
1234
831
1010
702
1094
301
1335
548
364
719
1530
1115
164
331
1259
1056
112
518
1038
928
641
561
513
898
117
360
460
1056
965
611
132
378
1507
1463
724
302
1496
1412
457
1297
1113
509
1230
1472
1509
456
95
902
429
1071
821
821
204
1012
420
1346
203
713
1226
676
205
96
317
959
591
1270
758
798
1296
1136
1064
1028
734
928
1202
668
1243
792
1464
512
815
285
363
419
136
638
612
404
687
937
728
759
1641
551
1471
774
595
926
782
607
338
180
1071
684
588
1376
792
1098
113
967
881
1726
1474
743
1305
773
1078
736
597
497
1029
632
1145
880
1475
697
1255
562
1126
735
554
402
1214
205
939
1434
850
702
1636
662
897
1113
461
1696
1648
1611
992
1111
1024
525
371
269
652
333
917
1333
1450
930
157
1125
1093
961
1356
1262
685
223
1502
287
630
744
261
641
1134
1140
240
1473
714
1396
916
1762
510
1704
1477
438
1742
960
522
1445
566
263
1817
212
1265
1323
1132
97
1492
759
724
464
1564
801
148
540
1271
755
1570
645
1003
347
490
84
1244
1182
1684
837
1350
820
1582
548
1649
922
614
1378
598
1068
1373
1099
318
924
1366
227
1322
1543
1625
1025
1506
724
435
597
561
385
867
1655
1280
1515
181
1239
1198
754
1287
1035
1080
998
1241
523
1503
785
416
847
1821
1223
295
569
1340
1299
345
671
1186
1041
709
596
645
1087
333
422
582
1126
994
819
254
595
1668
1557
814
554
1547
1454
635
1540
1427
751
1278
1651
1627
659
312
997
714
1326
942
890
387
1081
637
1599
452
1017
1354
990
367
243
337
1136
690
1415
770
973
1453
1239
1096
1117
1008
1008
1336
813
1412
837
1640
759
935
591
515
556

17
250
6
12
19
9
8
8
5
18
14
14
14
7
6
10
15
15
12
10
9
8
10
11
9
16
20
8
9
8
18
6
17
7
8
5
9
7
6
16
5
18
9
12
5
17
16
19
20
9
19
10
8
16
6
10
15
19
13
16
8
14
10
15
16
13
20
18
14
14
15
19
13
20
8
15
5
12
8
13
20
10
8
10
15
9
6
16
18
9
14
17
15
11
16
19
6
11
7
9
18
11
12
16
6
17
14
13
11
5
13
6
8
14
9
13
14
15
8
15
15
18
8
11
18
9
9
13
6
11
20
9
18
10
20
12
13
17
10
17
17
18
5
20
13
14
18
6
16
18
16
19
7
13
7
14
17
8
9
16
10
18
14
6
9
13
6
9
10
8
20
18
17
15
7
9
10
14
10
7
16
8
5
16
18
18
16
11
14
12
9
8
17
7
15
18
15
13
14
12
8
5
16
11
17
8
11
12
9
15
16
20
6
8
13
18
17
9
6
20
6
13
19
9
19
5
12
20
13
5
15
9
8
6
13
20
7
16
14
14
13
16
15
18
9
17
18
14
9
20
18
12
0
27
453
132
1137
949
545
51
976
524
1541
688
124
1542
1310
1395
581
160
1020
903
241
963
695
703
68
1091
228
1423
1160
27
1429
782
137
367
1198
1003
1415
49
1033
1546
218
611
1136
601
130
760
1204
1492
298
1400
1122
660
516
743
246
136
1397
975
978
917
1078
421
1284
1434
1547
490
564
1189
1057
1328
410
1015
1336
1434
1271
14
1380
119
1519
914
278
906
1470
508
1143
713
168
308
1182
351
1513
35
507
900
369
1281
683
1225
1133
1132
686
186
386
1514
233
79
156
16
1003
831
566
437
138
213
968
1011
820
490
444
107
29
912
261
766
105
1431
724
833
1086
134
1247
1519
195
456
773
884
656
1287
1115
378
72
65
995
303
1104
710
515
1416
633
322
711
1006
151
1088
765
665
1362
1059
926
62
109
874
1245
159
305
365
1038
1108
164
294
113
1116
489
299
434
217
1334
523
1451
1216
939
1095
269
820
691
721
771
650
356
1021
775
1525
1389
716
347
1345
1004
334
310
514
1045
1547
1354
929
308
1529
850
907
590
747
875
145
1360
1207
1194
1508
840
1065
21
320
232
69
1287
1003
817
1462
1329
255
1553
1418
494
14
955
1552
121
322
1528
1263
749
1006
247
774
1004
1303
791
1248
541
1374
1398
111
57
255
529
282
1148
1264
663
87
1223
559
1650
820
137
1860
1468
1678
891
177
1177
1063
534
1007
736
1000
362
1145
339
1607
1431
294
1465
865
252
664
1335
1288
1504
257
1300
1811
307
873
1192
673
177
830
1465
1550
331
1624
1138
748
656
880
312
192
1489
1094
1200
1013
1347
454
1489
1673
1640
556
716
1447
1257
1595
551
1039
1344
1679
1489
68
1424
160
1583
1039
337
1223
1644
723
1286
927
281
466
1205
631
1674
200
793
1053
419
1587
937
1454
1282
1438
936
341
568
1689
522
220
329
199
1146
1141
633
723
275
495
1087
1277
858
674
626
191
272
1013
307
854
162
1595
825
919
1188
182
1270
1721
319
513
1042
1198
695
1464
1397
458
119
299
1186
615
1175
850
669
1464
759
505
996
1162
237
1240
937
973
1593
1205
1174
346
174
908
1390
305
512
412
1276
1412
215
588
251
1171
549
539
746
487
1376
823
1560
1341
1236
1315
425
922
906
802
837
796
471
1054
860
1823
1498
871
492
1489
1273
429
593
519
1264
1724
1489
1211
388
1642
890
1098
655
1021
1163
429
1485
1425
1300
1703
939
1308
60
608
444
382
1431
1174
1067
1535
1410
276
1802
1467
779
178
1210
1764
312
455
1778
1359
984
1084
435
986
1260
1409
1094
1531
722
1487
1698
170

18
250
18
19
19
9
6
14
19
11
15
8
7
19
11
17
17
12
10
19
6
6
14
15
17
6
5
14
15
10
11
7
11
19
12
15
10
17
6
6
11
13
5
6
11
12
6
6
9
12
12
10
6
18
13
15
15
7
8
11
12
17
5
17
6
14
14
12
19
20
7
14
7
19
8
10
18
9
15
11
7
11
10
16
16
11
11
6
9
16
12
11
5
12
15
18
10
18
10
8
8
20
7
19
11
9
14
7
12
14
17
19
12
19
17
14
13
9
5
12
19
7
11
5
15
12
13
17
6
13
11
7
17
14
6
16
14
9
7
18
7
7
11
14
17
5
10
19
19
12
10
11
10
15
10
18
14
12
19
20
9
16
18
19
20
10
16
10
13
18
9
13
10
12
8
7
16
16
19
7
5
18
9
9
9
18
18
5
17
15
9
16
11
14
14
14
16
7
6
9
9
8
19
9
12
16
20
10
11
12
6
18
17
17
17
12
6
10
9
5
6
6
16
9
6
11
17
16
18
18
8
16
6
13
16
19
16
15
15
18
19
12
15
12
19
11
19
9
6
5
10
16
0
1505
519
1240
1007
224
1029
389
154
145
1467
13
36
1068
319
943
811
1514
1186
295
488
44
519
693
613
14
549
971
1205
246
1206
575
832
1190
1119
1361
1463
1342
72
432
40
1136
622
910
351
1445
1223
345
918
13
190
620
200
705
1297
615
1048
352
217
39
175
472
1238
395
108
911
267
621
93
1111
513
1145
309
1522
1496
16
570
5
13
1017
85
429
772
444
1055
552
1286
242
1092
1060
1191
285
362
1303
567
528
738
491
420
1294
1258
712
739
33
1112
1238
49
582
584
543
1116
864
357
105
495
1294
403
213
539
1347
438
357
1482
355
44
580
1428
831
451
959
417
1075
1464
215
922
52
142
1420
966
1276
142
1117
1485
153
1316
671
1019
117
76
746
889
355
949
756
111
486
438
1207
124
439
686
1464
111
791
158
126
1477
347
345
1326
690
818
387
220
1403
1514
90
337
389
77
219
559
1329
676
485
1345
197
963
1074
350
912
847
426
820
368
1318
1267
1383
1514
885
668
1418
1302
1060
779
1406
1389
681
602
60
748
1304
832
36
1090
373
620
876
1242
577
1339
237
577
1287
822
584
1522
493
865
732
385
908
683
281
1269
816
631
950
665
381
1230
460
624
888
228
1540
1188
1412
468
848
153
1774
632
1338
1167
291
1161
487
227
319
1683
336
201
1180
453
1112
835
1631
1322
338
548
273
732
754
837
147
804
1011
1483
334
1479
770
849
1271
1260
1575
1532
1387
187
697
161
1196
769
1194
549
1546
1474
525
1187
131
478
816
481
910
1518
820
1291
504
277
184
478
682
1331
460
181
1198
455
794
366
1369
646
1268
543
1815
1521
303
792
228
204
1248
143
738
837
582
1234
672
1314
394
1281
1377
1473
397
438
1589
653
746
829
557
705
1445
1272
976
1045
344
1158
1397
216
613
862
587
1177
952
575
265
612
1406
501
487
679
1383
700
434
1665
516
318
718
1677
881
520
1113
622
1174
1588
322
1168
265
453
1641
1238
1480
311
1334
1574
177
1511
786
1202
233
213
904
1096
652
1209
914
287
752
564
1267
247
595
885
1531
354
859
418
437
1794
389
518
1399
1005
901
452
260
1720
1837
402
615
622
309
324
632
1397
999
671
1644
272
1154
1176
533
1186
958
664
1038
441
1500
1354
1411
1597
1113
857
1712
1525
1289
966
1621
1695
871
701
272
1028
1617
1029
210
1355
441
832
900
1490
650
1495
437
740
1340
1005
743
1800
545
1170
842
551
1176
858
514
1487
880
772
994
728
435
1525
485
854
1196
548
1688
1435
1468
615
909

19
250
12
13
16
18
5
7
14
6
12
17
8
20
8
12
13
11
13
6
17
15
19
17
15
14
19
17
11
13
14
10
18
14
10
14
7
11
12
10
8
20
15
18
12
19
7
12
11
19
16
6
17
8
6
11
8
19
9
19
18
18
11
19
12
18
9
17
5
16
9
13
7
16
7
18
11
12
13
10
14
8
17
8
16
6
17
16
15
13
7
5
15
20
12
20
14
11
8
15
14
6
12
8
5
5
8
15
17
12
20
14
7
9
6
16
6
8
15
7
20
6
19
19
6
7
16
8
8
15
19
7
13
20
8
17
6
11
10
9
14
10
13
11
17
6
15
8
12
18
15
18
15
7
7
6
16
19
11
8
16
8
7
12
12
15
10
12
7
12
18
7
19
5
14
14
19
14
16
11
13
8
10
5
19
11
19
17
8
14
6
9
12
13
11
20
8
18
18
20
17
5
18
19
5
5
6
20
16
6
12
12
11
13
10
10
15
13
11
5
11
17
16
13
11
9
8
14
17
17
10
7
7
15
13
13
9
9
7
6
17
12
15
16
5
19
19
11
9
10
15
16
0
464
1469
21
1438
1425
64
1476
342
654
375
1108
587
1537
408
1310
351
417
592
696
220
834
1486
399
1506
968
1423
1290
850
1523
888
1077
680
69
1132
980
189
500
733
9
342
541
786
459
1485
1435
792
1105
760
1181
569
172
409
1540
1077
8
122
1020
921
1533
1520
946
1534
485
1048
1464
783
1375
891
686
382
857
275
102
667
1281
1415
83
376
1490
190
968
1289
874
462
1307
1348
887
453
1009
844
1347
929
966
671
483
631
724
206
692
830
1230
105
1121
1492
308
588
706
92
268
461
494
296
1391
1403
1057
1361
664
1100
838
200
477
1401
498
169
238
1172
576
1299
355
7
593
47
849
1048
850
1141
822
394
1131
1534
1155
850
644
74
1206
379
1151
659
1155
727
610
596
758
526
925
1541
1527
1316
122
720
9
68
275
1339
822
1308
1493
1444
6
751
945
137
1374
1394
1227
501
962
56
667
209
700
673
807
214
332
71
556
821
879
978
1431
89
1127
1090
1109
976
348
579
1263
419
1100
54
709
790
574
446
1386
1443
1447
2
1290
1526
1324
1428
343
1154
1015
1160
1041
1180
1542
82
479
1036
753
1506
456
1078
1189
150
1320
1157
1403
614
68
306
963
1045
117
107
599
605
695
1148
1432
440
1079
1314
225
232
480
1646
48
1472
1598
275
1644
467
859
449
1424
866
1775
620
1630
548
590
878
935
257
1033
1565
660
1830
1040
1725
1390
1141
1551
1020
1143
913
161
1270
1014
438
763
919
104
645
797
834
553
1681
1452
965
1294
833
1353
597
311
561
1738
1119
73
163
1142
1222
1616
1584
1064
1703
617
1089
1693
1054
1456
937
783
508
934
359
208
715
1519
1499
147
461
1586
286
981
1606
914
779
1382
1613
1077
641
1207
1094
1565
1113
1111
916
662
857
1048
222
745
912
1522
185
1157
1633
345
827
777
324
462
742
527
433
1523
1642
1325
1576
771
1314
956
470
551
1520
557
346
290
1445
792
1601
452
273
701
114
1081
1242
1116
1186
973
465
1152
1847
1326
1144
948
349
1342
460
1269
867
1447
793
916
815
925
665
956
1728
1617
1603
378
927
41
91
490
1397
967
1384
1627
1609
67
950
1057
183
1442
1706
1282
574
1079
70
960
236
911
786
1123
434
529
174
620
901
1016
1033
1525
207
1220
1152
1414
1082
637
631
1575
505
1230
290
979
839
793
465
1680
1663
1697
172
1508
1574
1447
1507
412
1373
1239
1270
1087
1227
1598
171
629
1351
803
1689
622
1330
1401
336
1630
1350
1586
716
371
363
1255
1165
394
135
837
900
782
1181
1622
548
1234
1407
439

20
250
12
6
16
18
7
20
6
11
8
10
18
10
8
17
10
16
15
15
9
19
12
14
14
14
9
19
6
17
11
19
11
13
12
19
17
6
18
13
15
10
6
6
18
11
18
7
16
7
19
16
15
12
7
18
6
9
8
17
12
12
10
17
16
19
5
8
19
17
20
6
10
9
15
7
19
9
15
16
15
16
8
12
12
9
13
17
18
20
10
11
14
19
14
11
10
18
11
7
18
12
8
13
8
9
13
11
13
6
7
15
13
12
7
19
18
19
6
11
17
10
19
7
15
10
14
10
17
14
16
12
9
19
13
9
17
15
18
13
20
6
18
5
6
6
10
17
7
20
9
19
11
11
7
19
8
19
9
10
9
20
19
17
19
11
9
12
11
8
14
17
15
10
19
5
18
12
19
10
14
18
7
20
11
15
17
11
13
14
16
7
12
8
16
8
15
13
5
18
16
6
14
7
19
18
14
7
16
6
8
13
12
20
18
20
11
19
14
17
7
11
11
18
15
17
14
13
8
10
14
19
18
17
9
8
10
14
10
19
9
15
20
6
6
13
19
17
10
13
20
5
0
696
285
1485
1031
801
1324
1350
473
802
605
218
966
1114
542
69
404
558
469
173
292
742
661
1376
340
1431
1074
395
444
1299
99
220
1178
1492
1058
529
1253
520
1037
675
875
558
498
148
1357
728
175
14
218
675
1069
1510
1239
1337
1525
462
1511
339
745
1202
810
1260
1103
127
200
240
826
1390
1231
1517
127
315
131
1116
1046
253
1282
1577
1435
99
730
201
539
394
1212
754
444
800
1352
805
1431
1303
1123
1422
1381
964
172
1079
512
88
375
1116
560
1248
562
766
1314
503
1226
999
1397
1413
689
67
1341
1157
555
1597
1328
766
288
336
1314
92
376
360
764
414
371
116
886
1182
1581
734
107
865
700
1082
218
1329
306
422
1028
1461
1517
1253
938
501
1481
862
660
1
1425
1339
40
649
1048
740
1353
652
1136
1589
952
1601
1531
1030
428
1053
138
457
1369
379
1130
519
336
628
851
1559
1489
432
1608
1253
429
1021
844
1424
338
43
1020
1239
1060
271
632
88
1177
346
392
287
609
113
1148
566
145
608
88
1202
1599
560
620
448
153
178
420
1485
48
1143
539
1483
1551
646
44
1391
68
739
1320
1570
261
106
202
882
391
840
593
1517
1472
574
290
12
1290
935
581
670
404
1041
890
1130
1203
560
328
841
263
789
572
1820
1204
1132
1380
1506
801
970
626
468
1008
1296
802
132
504
754
528
230
580
970
985
1425
491
1758
1358
536
732
1464
328
331
1211
1727
1147
829
1271
584
1132
761
953
794
668
256
1576
844
289
55
239
906
1154
1723
1502
1667
1644
510
1723
486
867
1462
894
1505
1428
442
251
541
1006
1712
1521
1618
323
360
396
1200
1141
354
1571
1616
1768
431
1031
415
796
593
1432
975
573
899
1583
1024
1542
1382
1175
1618
1681
992
255
1273
572
399
626
1260
662
1542
724
1055
1388
602
1315
1198
1573
1733
902
301
1465
1375
835
1796
1480
876
429
537
1393
262
452
466
787
545
527
308
1138
1273
1884
843
188
1007
723
1304
359
1476
551
578
1100
1550
1777
1369
1149
794
1574
1051
899
67
1558
1516
260
696
1227
1043
1519
879
1416
1928
1017
1850
1806
1236
682
1227
174
780
1703
515
1304
582
381
687
1130
1680
1675
752
1656
1580
761
1267
960
1692
496
344
1230
1314
1113
487
738
205
1271
647
554
518
648
166
1214
700
288
735
187
1502
1872
857
665
737
180
226
475
1544
293
1440
754
1596
1723
769
154
1666
221
812
1558
1678
318
328
297
1110
708
931
840
1815
1504
910
348
235
1509
1224
604
740
522
1062
1001
1177
1536
754
584
860

21
250
19
12
19
5
13
6
17
18
7
13
18
12
16
16
7
15
16
14
14
7
14
10
15
5
16
5
7
15
14
17
19
11
19
16
8
6
8
8
9
10
13
13
13
19
14
15
15
7
7
20
14
18
10
16
9
8
17
18
12
13
18
14
12
19
19
8
7
18
19
11
15
9
5
8
18
12
9
20
11
7
10
11
11
9
6
12
16
5
6
17
15
5
19
19
11
13
13
12
10
6
17
15
11
13
8
14
17
11
7
18
12
14
11
16
15
11
15
19
6
19
11
17
11
10
12
20
17
11
11
15
16
9
14
19
18
7
6
12
16
16
8
9
18
20
15
10
15
7
19
15
5
14
15
8
15
11
19
17
14
6
10
11
14
15
16
8
12
15
14
17
12
11
8
12
12
17
13
8
16
7
19
8
11
9
7
19
7
19
10
13
14
8
13
17
15
10
9
12
8
15
19
11
9
19
13
12
5
18
16
14
20
18
14
19
17
6
19
10
14
13
10
10
14
17
5
15
6
7
19
18
10
7
12
11
15
17
8
13
9
13
17
14
15
14
13
14
16
16
13
13
0
597
705
438
692
281
307
307
288
555
1064
212
550
1172
633
1210
985
1180
346
1464
1436
1235
82
1404
1206
819
401
1531
1069
1231
182
894
1594
381
1216
332
55
1478
1593
888
184
784
549
1469
167
599
1432
598
400
1405
170
1518
1215
95
418
1453
15
1143
1084
1152
1332
286
602
1094
1149
479
555
1244
663
472
81
1197
1238
1328
555
1569
440
89
753
264
223
1489
383
509
664
874
224
241
1541
1311
699
572
1185
400
1566
1317
473
144
1355
479
1383
1060
819
925
1571
204
1024
1086
50
797
348
162
994
211
238
1079
280
879
1564
1595
1126
1267
1419
89
134
247
1045
40
1334
888
1093
1202
1134
474
1286
12
158
887
1548
40
933
516
818
497
897
209
241
506
610
475
542
1570
1378
1
253
1055
944
1555
664
797
1543
60
97
1220
489
605
1020
253
33
1092
1367
1112
268
99
6
118
575
1564
548
328
648
1478
125
1286
945
366
278
1060
15
1093
900
962
1364
473
1557
992
69
1593
5
488
271
787
975
13
92
249
1019
1336
1520
198
963
1531
1040
743
526
508
933
1051
1009
353
211
289
1073
1366
311
782
290
429
546
217
282
1407
799
595
515
1526
889
1517
999
293
1266
705
940
1346
881
1392
802
856
91
1401
20
655
972
527
896
583
394
383
372
666
1289
449
793
1337
798
1261
1277
1246
677
1690
1599
1526
378
1470
1459
1075
591
1862
1176
1446
446
1186
1793
687
1475
541
219
1695
1822
1010
351
1115
705
1648
321
875
1502
899
690
1726
418
1704
1527
374
662
1479
122
1281
1164
1349
1566
586
930
1135
1277
686
575
1550
924
489
380
1325
1247
1412
653
1656
602
373
790
396
494
1573
449
689
707
912
373
284
1617
1601
715
674
1495
688
1750
1414
540
179
1513
671
1435
1129
1034
948
1814
413
1234
1267
129
992
456
349
1285
432
491
1307
401
1180
1734
1890
1243
1320
1590
335
316
295
1308
265
1552
1127
1424
1241
1318
621
1399
186
266
1006
1590
348
1058
592
977
771
930
359
543
780
697
680
592
1643
1452
237
363
1179
1078
1711
853
1094
1605
259
297
1483
595
666
1270
409
117
1203
1471
1380
549
164
225
444
632
1746
604
586
879
1728
441
1419
994
658
289
1252
185
1370
1004
972
1660
646
1655
1274
371
1631
141
756
507
805
1261
205
402
565
1212
1447
1752
381
1288
1616
1332
779
583
571
1046
1191
1121
552
327
414
1380
1513
559
1056
314
585
645
527
357
1730
1039
835
684
1661
934
1607
1157
436
1285
921
1252
1588
990
1514
937
1086
292
1699

22
250
18
15
13
10
19
19
13
14
6
15
11
14
15
18
7
8
18
12
8
18
5
10
9
16
14
17
16
14
19
11
15
12
11
19
5
6
9
18
15
14
10
11
16
8
16
14
12
6
15
17
10
18
13
14
10
11
15
18
7
5
14
9
6
5
15
10
5
8
13
17
13
7
20
13
20
19
20
17
8
10
16
11
17
10
16
19
18
17
16
8
18
18
15
14
6
5
11
17
6
13
17
18
7
10
9
18
6
8
12
14
10
20
17
7
9
14
6
16
11
17
11
6
12
15
19
7
13
13
12
8
19
17
14
12
10
16
9
20
8
14
17
11
18
10
16
17
16
7
10
14
7
19
13
13
19
6
18
6
12
13
15
8
15
7
6
12
17
17
9
13
18
17
8
5
12
15
11
5
10
13
18
13
7
11
16
16
9
16
9
18
11
9
19
12
15
16
18
8
19
13
13
5
19
15
8
16
15
15
14
11
14
14
15
7
7
19
17
13
20
16
14
13
15
5
6
13
13
19
8
10
19
12
10
16
12
9
5
8
16
17
11
11
8
8
8
9
17
6
14
16
0
1312
139
1272
780
701
808
156
1282
287
415
1310
1551
1187
58
14
142
1239
1048
711
749
1126
241
987
811
571
876
627
324
740
1567
1410
270
1188
114
669
674
1126
228
1524
1107
1294
555
1478
902
310
240
1369
343
881
409
1126
64
636
817
473
1519
476
1265
1261
1001
443
658
912
728
68
148
725
854
263
36
1023
694
1436
60
508
64
1262
707
466
387
1112
843
946
1240
694
449
694
1543
1057
573
702
1057
286
1320
862
264
437
1138
735
654
504
1409
292
305
327
487
492
1118
1375
314
1142
299
661
191
683
1550
335
838
129
1069
561
1278
1464
1306
1406
542
1146
1216
453
1051
836
57
709
205
1016
54
1211
460
1182
429
815
549
917
1545
299
1316
102
501
1429
1544
489
135
863
1331
541
26
1408
1130
105
998
315
1282
423
1282
984
1283
159
1493
1412
442
1586
1373
993
763
547
671
1242
964
1407
1434
724
1584
352
221
1104
525
544
916
734
571
905
58
668
292
1324
829
1084
997
1096
1255
297
1146
1556
15
1378
1351
835
436
382
904
1280
375
985
1017
1529
1067
873
493
159
366
1064
578
397
286
1012
1567
1440
621
419
1519
891
595
860
350
200
1023
1093
570
1043
269
1422
1562
431
366
1446
947
1108
670
206
322
1428
188
1392
944
770
869
429
1464
523
434
1570
1824
1490
189
57
330
1381
1089
829
934
1232
458
1114
911
671
955
839
410
950
1594
1657
474
1280
366
712
690
1266
545
1604
1242
1607
713
1613
1197
615
391
1485
544
1003
463
1388
298
672
885
642
1538
585
1548
1535
1173
765
690
1224
985
270
204
855
904
291
203
1139
766
1749
106
565
239
1554
723
784
543
1416
1146
1219
1451
897
503
873
1861
1187
707
859
1108
310
1329
1081
296
690
1343
851
808
604
1596
312
530
496
735
718
1330
1396
505
1475
422
905
501
721
1827
510
1076
412
1389
607
1361
1493
1446
1434
614
1162
1332
609
1366
1140
175
795
506
1149
352
1514
699
1395
748
1048
691
1145
1765
602
1409
383
701
1608
1600
576
189
1072
1474
575
130
1544
1425
247
1175
368
1376
706
1548
1049
1349
408
1814
1442
656
1686
1621
1073
1001
766
973
1250
1025
1524
1671
853
1754
572
436
1276
600
807
1057
885
678
1095
310
890
355
1578
1030
1187
1276
1352
1324
418
1320
1790
341
1395
1578
1072
719
466
1070
1416
590
1243
1271
1694
1345
1175
650
206
412
1230
753
559
378
1167
1776
1728
923
715
1647
1035
904
1117
615
458
1123
1230
681
1376
371
1513
1690
672
555
1639
1230
1178
759
404

23
250
8
17
9
5
12
12
13
12
6
9
18
9
6
19
18
15
11
8
19
18
13
19
9
9
12
18
10
13
12
16
13
16
7
12
13
12
7
20
8
7
8
18
20
16
9
16
16
7
14
11
17
18
9
8
19
7
15
5
10
13
12
8
14
6
8
12
7
10
10
19
18
14
10
9
14
15
6
15
10
15
5
14
13
19
8
18
14
20
13
9
17
12
9
6
10
19
16
17
20
7
15
12
13
9
20
19
16
12
13
16
19
10
16
17
10
13
6
5
16
16
16
10
11
8
13
19
19
8
12
12
15
11
18
18
9
10
8
7
19
14
15
10
13
15
10
16
7
9
11
10
5
15
12
20
15
16
15
18
15
7
16
6
11
15
10
19
9
10
11
16
11
12
9
7
16
17
14
5
12
15
15
13
8
16
13
13
14
20
19
7
5
14
6
6
6
14
14
14
18
12
11
14
7
13
8
19
18
12
18
5
13
12
8
17
9
9
16
6
20
20
15
8
14
7
12
16
8
17
5
5
14
10
12
10
16
11
7
19
16
16
19
17
8
8
11
13
9
8
15
15
0
381
1176
1383
7
222
876
477
176
1487
1543
1172
1274
242
344
267
237
618
856
989
1105
225
629
1166
586
1553
1045
649
446
838
176
230
1542
672
592
1119
905
956
655
710
1484
376
1262
1536
1162
606
1256
947
404
1548
943
340
1404
187
1031
1474
526
143
771
513
126
677
1410
569
854
400
1493
146
519
109
1103
184
1317
855
16
1198
1407
437
574
321
836
122
262
456
891
1267
464
653
296
519
712
251
199
853
201
1563
1009
149
951
1376
1468
1185
1501
1450
242
47
567
98
1018
1538
1113
1293
1035
1351
1390
261
53
828
974
790
292
316
520
1295
1461
944
1345
171
554
1531
784
1310
545
100
396
1431
50
800
1026
1160
1010
1258
257
1144
163
317
690
98
1386
1172
740
1474
568
1330
1464
232
447
768
1077
253
829
923
1296
1001
1247
846
296
820
625
726
1120
898
1269
321
920
919
171
954
836
163
1561
149
339
1367
837
121
163
1331
399
390
1161
43
1265
426
1269
1355
1248
1395
1413
944
1506
29
625
376
561
1265
584
734
1099
398
1421
506
821
553
1179
1331
466
539
1115
886
299
120
1060
1540
947
37
1104
1564
230
1532
89
634
325
1509
931
513
1220
605
694
1343
1081
1509
520
1029
1415
722
803
1300
48
1199
215
659
1412
1490
232
457
926
645
431
1631
1850
1437
1546
446
488
514
317
728
1139
1280
1197
444
845
1243
788
1868
1322
823
601
909
468
281
1827
716
847
1290
1062
1072
766
719
1619
537
1433
1736
1173
693
1461
1096
489
1759
1151
469
1659
229
1360
1531
720
445
898
767
164
891
1682
830
974
638
1666
246
628
211
1121
360
1602
953
177
1406
1661
698
783
604
1028
314
404
499
1075
1587
737
856
336
627
962
460
337
1001
383
1882
1046
463
1118
1537
1790
1348
1725
1664
448
72
834
231
1342
1601
1168
1415
1158
1469
1671
412
255
931
1022
1101
323
518
696
1510
1474
1007
1542
266
581
1841
908
1350
807
204
614
1659
361
1020
1259
1346
1316
1456
406
1169
332
341
969
107
1573
1390
912
1595
699
1446
1655
432
755
1010
1144
315
957
1178
1372
1088
1434
976
334
1010
773
801
1318
1190
1421
588
1176
1125
238
1177
1036
327
1725
456
538
1551
864
376
484
1440
680
574
1294
276
1297
577
1389
1429
1483
1673
1692
1234
1668
159
728
510
868
1578
624
887
1252
486
1596
746
833
714
1381
1642
492
636
1192
1151
581
283
1120
1724
1070
313
1243
1716
271
1620
276
920
527
1821
1216
564
1335
758
736
1550
1236
1704
643
1283
1533
1035
1001
1524
176
1231

24
250
18
9
15
16
5
7
10
15
9
13
8
13
16
12
10
14
14
11
6
8
10
17
10
10
8
18
8
14
11
12
6
7
20
7
12
17
11
11
8
16
6
9
5
6
13
8
9
18
6
14
7
14
6
10
11
9
8
8
16
18
15
14
9
14
17
17
6
18
12
7
7
14
8
14
20
13
5
9
19
7
9
10
20
10
12
8
16
18
7
11
17
16
17
9
6
9
17
19
15
9
9
13
11
16
12
13
7
6
19
14
6
18
9
10
15
13
10
7
16
14
16
6
15
13
18
6
14
20
18
12
6
17
13
16
10
14
18
10
7
10
19
15
9
8
14
12
18
15
9
10
14
17
8
5
7
7
5
12
6
13
5
8
15
17
16
9
7
12
16
10
19
8
10
16
8
12
19
18
13
17
17
19
15
18
19
8
15
14
18
10
14
11
16
11
10
17
9
12
9
14
13
7
9
6
8
13
14
14
9
14
11
8
5
12
10
17
15
16
5
13
20
11
13
9
13
9
11
19
8
10
5
7
7
12
8
16
14
15
10
15
20
7
14
15
5
9
20
18
11
19
0
1019
1322
1025
83
157
674
679
440
1253
998
568
636
1257
173
1089
99
761
546
90
391
19
804
921
1491
1274
430
746
277
1496
1418
621
255
911
134
52
312
902
551
1024
62
160
1220
737
78
197
696
1038
43
554
816
264
135
852
5
16
1180
517
1045
52
1370
1294
1446
325
113
419
1390
1377
779
547
373
1081
410
304
997
1463
198
564
62
1092
751
815
413
265
967
1230
1163
483
558
1290
1269
1437
1018
71
1092
1002
572
1069
887
1476
426
1143
374
520
1348
972
1341
77
373
101
912
1216
1205
465
1443
155
68
973
688
1451
1109
1027
170
564
591
98
1424
1327
1483
683
1034
998
681
280
649
935
1470
745
877
1086
964
1104
1239
295
624
728
618
1172
110
1448
857
973
41
962
429
277
941
691
365
394
1430
880
348
264
956
101
1151
1341
1109
505
336
1165
314
1409
398
637
1462
620
1262
1219
247
1068
801
526
809
123
832
89
906
1213
204
724
734
1076
960
768
145
1294
192
1173
830
430
1063
1162
755
404
608
472
402
1455
1305
877
617
1295
1014
507
1093
1338
775
684
306
1072
84
757
1450
1483
1103
675
1131
89
446
288
1436
1495
506
98
1099
524
942
1450
369
843
790
397
841
636
347
235
308
726
71
1211
1627
1286
190
334
956
716
673
1430
1061
635
940
1362
374
1296
358
1005
781
347
467
264
817
969
1572
1532
443
889
390
1698
1646
870
559
1081
171
305
392
972
859
1093
163
211
1411
976
306
388
838
1340
129
814
858
398
256
971
263
67
1447
802
1313
355
1400
1572
1531
440
322
453
1517
1492
1054
614
403
1105
564
425
1302
1606
221
824
193
1143
820
1090
724
507
1043
1454
1209
681
754
1344
1512
1478
1130
164
1347
1036
733
1306
1033
1532
534
1352
425
810
1571
1012
1564
312
512
121
1096
1238
1377
607
1506
378
294
996
829
1476
1185
1259
221
865
609
258
1649
1524
1531
971
1143
1031
861
576
756
1133
1736
764
924
1220
998
1261
1371
561
828
963
689
1473
365
1720
1019
1145
237
1214
730
506
1204
860
452
684
1595
1122
646
523
1099
313
1443
1491
1159
706
369
1191
393
1662
495
805
1543
886
1324
1340
364
1377
883
734
942
195
850
288
1097
1388
240
941
815
1156
1183
857
364
1553
345
1281
913
484
1364
1291
781
670
886
595
533
1621
1595
1101
917
1428
1217
678
1206
1521
948
942
542
1115
344
771
1465
1785
1346
757
1160
272
610
466
1523
1692
538
176
1287
776
1236
1551
624
964
1082
696
967
805
653
497
544
826

25
250
14
14
17
20
11
14
7
13
19
14
7
11
18
7
15
17
8
8
16
6
12
16
9
17
9
19
7
20
13
16
10
13
18
8
7
9
16
14
10
6
14
10
10
7
12
13
11
10
17
9
10
11
12
15
10
5
16
14
14
15
17
19
7
11
14
6
7
10
7
16
13
17
19
11
7
17
10
15
15
14
6
7
7
16
8
13
14
18
16
19
8
17
13
17
16
13
16
11
18
16
18
9
10
11
14
15
17
16
17
6
8
16
16
16
18
12
7
11
10
6
11
19
8
18
13
20
19
13
19
15
14
13
11
6
14
14
6
9
13
13
8
17
6
14
9
19
20
5
18
17
6
8
12
14
15
13
15
18
7
15
13
8
8
17
10
10
13
15
12
9
12
6
7
11
18
5
17
15
5
10
5
18
18
13
9
5
17
20
8
8
19
7
11
13
16
7
14
20
19
19
11
14
15
14
9
6
12
12
6
18
10
13
13
8
5
7
18
9
12
11
11
12
14
16
7
7
18
8
6
11
17
8
10
12
20
13
13
11
8
7
13
14
8
19
11
18
11
17
5
12
0
939
724
1086
912
833
335
12
660
692
169
1258
825
1076
519
363
1492
503
976
1473
842
1276
213
357
1302
1315
514
1259
1076
352
238
135
1178
1543
54
1054
1429
1151
1474
1405
25
133
238
275
1187
795
1202
1340
467
599
1399
1004
363
639
513
1406
968
498
975
239
1228
109
1033
99
566
510
426
181
725
837
302
612
703
514
1479
868
156
889
1309
846
1032
1291
1019
1538
1085
841
494
1474
76
992
141
1410
1443
1499
775
993
747
329
977
1441
1132
1049
1495
1073
519
987
618
835
74
927
967
444
440
336
746
738
1094
250
780
630
358
1098
387
1137
594
527
974
231
552
234
1283
289
1149
473
72
1040
450
556
1026
1319
1003
1111
1514
1161
653
2
371
1166
851
973
102
1516
487
525
1422
686
1486
37
1245
902
414
871
1352
186
97
1529
28
1334
1525
1188
298
600
727
719
844
387
575
860
124
972
94
1086
1510
29
738
391
284
11
1538
400
867
905
814
1182
82
176
1229
1057
363
692
160
45
1127
308
958
1213
1171
1188
712
228
671
96
933
852
1503
849
1434
113
661
861
543
1063
329
712
728
1521
1461
1101
860
1185
1286
421
584
354
432
762
1126
28
1261
1439
64
1493
10
277
96
1161
899
359
1395
517
106
1067
876
1216
1189
898
489
133
798
893
333
1272
1066
1341
707
487
1544
704
1289
1766
1073
1298
379
399
1557
1412
789
1365
1124
491
456
293
1425
1827
116
1289
1562
1264
1776
1693
200
345
353
470
1387
897
1347
1435
763
644
1413
1222
438
962
607
1567
1004
733
1289
417
1449
137
1207
366
879
736
445
399
865
913
410
816
957
792
1569
929
466
1041
1578
1111
1164
1498
1063
1805
1359
991
753
1530
209
1058
414
1515
1483
1753
1052
1209
910
522
1000
1595
1291
1281
1516
1173
779
1126
651
1041
111
1172
1150
663
705
362
774
851
1409
454
959
867
544
1213
562
1389
623
826
1285
278
586
381
1492
529
1368
625
281
1276
642
748
1339
1462
1302
1248
1692
1306
820
106
405
1354
1095
1128
122
1550
730
567
1615
866
1806
174
1324
996
660
970
1650
393
134
1756
230
1520
1672
1480
566
722
863
754
1077
586
664
1033
433
1104
396
1254
1787
275
844
566
312
234
1575
665
931
930
1112
1321
260
361
1393
1168
550
826
432
59
1446
536
998
1305
1471
1413
1013
257
739
397
1056
1159
1661
942
1746
401
839
1031
672
1228
385
851
794
1574
1637
1268
999
1447
1307
630
791
566
545
1082
1255
63
1341
1737
365
1603
189
540
222
1414
1103
403
1590
687

26
250
8
19
14
10
15
6
12
6
13
16
9
12
15
16
19
17
8
9
11
8
14
14
16
19
12
20
9
11
18
13
13
19
16
8
11
17
10
16
19
17
17
19
7
7
7
5
6
13
14
6
7
7
6
18
7
16
19
19
5
7
18
17
9
17
10
18
20
10
14
20
5
9
5
9
19
9
6
14
16
8
5
6
10
18
16
15
10
13
11
11
12
16
11
7
14
19
16
5
13
14
7
10
13
11
11
7
10
7
8
14
19
6
11
15
12
6
16
6
14
12
18
15
7
16
7
13
14
11
8
6
20
10
12
8
12
11
16
14
18
13
11
5
17
18
9
11
17
9
6
19
16
17
18
10
12
10
17
19
15
10
12
19
20
14
10
18
8
13
11
19
16
19
9
17
18
8
16
11
13
10
20
19
14
18
12
12
13
9
9
8
11
5
19
18
5
10
9
13
8
10
6
19
19
13
15
16
19
5
11
7
11
5
15
17
11
8
10
12
10
7
10
8
17
19
12
13
10
6
7
12
12
11
9
15
11
6
13
14
7
10
10
11
5
15
10
7
17
14
13
9
0
811
1425
1258
771
1508
1049
731
1455
1345
1336
946
770
88
824
1286
1020
959
55
929
1493
1060
599
432
805
1395
481
321
547
699
1378
1145
1487
915
817
1023
1167
794
73
1254
998
846
995
710
1069
730
1002
309
1475
50
859
1335
647
487
760
532
309
326
847
976
1393
764
104
280
546
1257
552
1185
686
232
1470
1496
786
1401
1324
751
1330
642
1313
503
1366
1183
617
371
590
1394
266
432
779
1402
1097
1392
111
427
469
860
703
381
784
135
1474
1437
778
1436
1266
513
1005
813
1169
1356
612
1091
341
1202
1517
1049
328
1014
140
515
1443
1194
1183
570
78
670
1444
221
1149
1093
1139
910
931
325
1436
334
448
1480
1256
690
60
236
1056
579
201
1214
623
299
256
77
108
449
619
532
527
627
1460
1371
712
1103
167
1267
717
465
915
906
994
1328
24
1133
1235
221
398
1207
447
1351
307
457
602
1229
627
1275
138
714
313
1445
1088
659
1219
1308
790
936
1260
1507
1154
401
73
1491
304
709
780
567
1109
828
1368
966
1422
476
640
899
530
869
17
70
437
1073
88
1027
1237
1344
768
1223
1369
1026
889
548
497
832
1504
821
459
179
1057
542
515
913
482
1234
727
434
274
1108
488
888
1453
16
1452
569
130
637
77
899
1713
1419
956
1599
1208
1014
1640
1439
1446
1184
1036
248
1113
1598
1047
1060
312
1157
1802
1364
701
621
823
1709
522
432
725
830
1640
1423
1570
1223
1047
1341
1364
919
101
1383
1170
1028
1287
817
1318
948
1259
403
1790
262
1035
1359
833
807
1055
765
577
611
935
1252
1600
838
168
423
766
1482
757
1378
800
359
1516
1583
1050
1578
1503
858
1455
809
1523
538
1623
1425
827
630
818
1597
509
628
1012
1561
1152
1661
425
660
642
982
776
656
829
438
1521
1518
826
1715
1563
675
1247
827
1469
1405
899
1115
652
1423
1561
1104
583
1194
390
652
1593
1216
1286
775
256
851
1636
428
1446
1159
1365
1200
1127
491
1660
440
702
1687
1331
709
370
336
1222
774
361
1376
890
524
417
135
243
501
718
767
632
936
1597
1587
886
1147
433
1362
941
686
1071
997
1308
1468
46
1209
1336
295
442
1341
719
1613
343
585
798
1311
858
1324
289
876
392
1732
1261
946
1449
1496
1074
1039
1392
1740
1267
620
280
1803
485
977
796
730
1247
1039
1435
1032
1643
718
668
1063
592
1132
122
336
507
1084
385
1290
1335
1567
1063
1378
1589
1236
1131
637
783
1043
1560
1087
573
193
1292
804
772
1180
528
1251
779
493
431
1147
540
1179
1603
68
1549
597
364
905

27
250
17
19
13
19
8
7
17
14
11
15
8
11
15
7
17
13
15
13
6
17
18
13
5
10
6
6
12
12
16
15
13
10
9
12
10
7
9
18
6
13
17
19
8
19
9
8
12
6
7
14
9
5
17
7
19
14
11
9
16
17
20
17
20
16
15
11
6
16
7
11
15
18
6
6
14
6
11
19
16
18
8
11
8
13
10
7
10
6
12
16
18
12
20
5
10
11
20
7
16
5
9
8
11
10
19
19
7
6
12
19
7
9
15
12
11
18
9
10
16
8
12
20
15
14
19
18
14
18
5
11
14
15
16
15
16
17
6
15
14
14
14
13
19
18
11
15
15
6
17
12
12
9
15
16
19
14
13
12
8
14
13
8
19
19
18
16
17
8
8
15
19
6
7
18
7
6
6
6
18
15
13
18
13
15
20
7
18
15
18
18
13
7
9
16
8
16
14
9
11
11
16
15
10
8
17
17
9
13
11
6
6
15
12
18
12
18
13
12
14
8
11
18
11
6
16
14
6
11
6
18
20
11
7
15
7
12
18
19
12
16
17
10
12
17
5
10
14
9
6
10
0
767
785
28
1563
621
1472
580
825
515
1120
1368
1395
920
141
1165
1415
1204
954
1386
1294
1127
525
1139
1437
770
236
66
226
1282
686
747
1146
208
171
115
992
1120
595
989
1083
1408
254
129
827
1545
838
1220
1425
1266
217
1338
1063
804
1516
872
1521
932
600
1171
1261
1083
1343
593
1201
309
372
388
1403
348
81
1221
707
1401
1044
191
1140
908
1180
598
825
66
1537
306
803
82
454
796
62
762
1115
1208
1040
721
119
604
1463
826
935
1026
1081
698
1007
11
742
905
1083
1302
335
679
1273
948
1358
630
949
1147
198
296
13
1145
1470
4
1367
246
1326
22
1076
1567
1536
191
672
1273
1111
877
1353
665
1099
573
375
704
789
412
1273
621
492
1512
38
1065
164
671
1343
434
1161
224
202
564
391
1416
464
977
1469
224
800
1012
663
626
723
48
562
1305
1328
997
1388
695
1384
972
856
1510
1226
1051
1270
1460
927
174
1284
85
448
363
882
501
870
898
180
1422
228
767
136
714
341
1173
1501
1103
898
700
675
2
287
58
801
1242
1483
1160
598
808
13
156
1284
70
1051
55
383
200
214
102
174
1380
271
125
1156
1374
1481
612
437
1359
20
545
1568
983
1431
510
695
0
181
513
1174
1031
1472
25
1051
907
60
923
968
310
1807
699
1739
810
1138
707
1185
1523
1559
1142
283
1290
1523
1282
1029
1609
1402
1158
799
1242
1578
865
440
231
314
1466
881
842
1182
382
333
318
1044
1166
703
1040
1228
1582
270
358
1052
1638
1058
1346
1456
1377
389
1371
1258
1038
1708
1055
1707
1212
762
1437
1525
1181
1377
892
1353
556
653
501
1432
545
140
1275
1011
1666
1261
392
1304
1142
1419
707
1005
182
1573
503
824
312
653
1036
290
1005
1314
1226
1216
934
392
741
1686
841
1047
1150
1199
887
1318
262
930
1213
1152
1334
600
813
1421
1142
1507
759
1247
1307
211
405
144
1182
1655
317
1695
343
1452
88
1093
1854
1759
402
733
1593
1379
1141
1610
785
1318
761
586
872
994
637
1315
938
806
1816
288
1277
448
917
1507
729
1304
543
394
668
495
1438
753
1152
1514
321
992
1307
774
924
1010
121
691
1600
1551
1292
1675
985
1410
1039
1159
1792
1288
1323
1572
1511
1216
403
1318
311
735
534
1012
680
918
1148
478
1459
377
958
381
866
602
1489
1587
1282
1151
743
908
52
349
164
1025
1423
1618
1245
811
956
262
190
1545
212
1161
365
578
442
400
168
416
1553
452
170
1173
1685
1631
729
530
1512
116
704
1603
1146
1580
651
716
221
401
782
1320
1227
1671
292
1211
1172

28
250
6
11
6
15
11
12
14
13
11
10
7
16
18
8
7
5
9
6
6
19
8
17
10
10
17
7
17
12
7
19
13
20
7
8
18
9
7
13
9
11
7
13
7
6
12
13
5
6
12
13
19
10
5
19
13
7
12
13
9
17
12
13
17
12
8
11
7
11
12
10
17
19
20
19
18
8
6
14
13
18
15
10
15
13
17
10
6
18
6
17
10
7
19
18
17
6
17
16
7
16
11
6
20
9
15
8
13
7
12
16
19
19
8
11
13
8
15
19
18
5
19
14
13
8
6
10
13
9
8
12
18
6
10
6
20
18
18
16
7
20
20
11
20
9
8
13
16
18
8
12
12
9
6
6
13
9
17
13
11
14
13
15
17
16
16
19
14
16
5
13
18
14
7
9
18
11
16
19
13
8
19
7
18
16
7
6
19
17
10
8
12
10
15
20
5
11
13
7
8
7
8
11
17
17
17
8
13
6
13
14
8
12
5
7
15
6
18
8
11
20
6
9
11
20
8
16
18
10
19
15
12
5
11
13
7
9
5
6
7
14
7
10
6
6
15
17
5
7
12
15
0
948
102
1119
1118
280
693
830
1295
1058
1226
325
510
1320
581
675
190
188
983
194
158
1075
812
1194
397
597
243
750
1096
628
608
319
304
500
158
610
1251
797
174
1473
60
1292
52
302
527
423
1327
1191
1109
1417
767
1260
806
865
21
996
653
961
1419
497
884
153
875
1410
583
407
116
502
1358
868
1067
670
816
1091
116
1280
1441
160
715
1145
1086
1331
388
102
1224
1009
684
911
665
260
649
459
361
1118
1315
544
534
347
1316
160
712
37
604
1081
470
1086
1405
663
895
462
830
672
94
383
365
54
803
699
1093
428
844
650
858
1256
1047
846
1310
1448
1376
47
446
876
329
151
1141
527
1428
450
761
786
1278
556
1362
1079
598
579
1074
363
676
1427
151
208
1080
1330
320
927
184
467
855
6
806
781
66
1355
1457
845
1135
1008
1067
1411
896
1403
700
467
1105
340
34
962
1245
700
703
976
377
586
747
39
175
937
1264
404
555
791
511
868
1094
727
1067
1055
1155
1190
760
229
1378
1185
516
1020
972
609
1335
625
974
1158
984
933
392
63
209
580
1422
170
496
379
123
530
161
173
1298
49
878
510
878
913
1361
730
127
730
812
829
980
703
906
208
215
748
345
677
929
1321
813
788
87
1146
175
1316
1406
318
789
865
1568
1227
1501
590
646
1566
628
834
386
405
1069
375
216
1215
951
1284
470
685
431
839
1168
787
697
348
482
801
271
680
1411
845
462
1614
92
1379
85
324
778
678
1354
1450
1410
1551
1056
1507
818
886
121
1090
834
1274
1491
721
1004
211
1039
1581
658
499
289
650
1633
1062
1332
746
1056
1326
369
1417
1686
439
806
1196
1233
1589
690
406
1374
1266
918
1149
959
537
912
746
607
1154
1366
752
707
630
1335
266
858
198
733
1207
774
1330
1642
941
1148
490
1115
987
191
542
415
146
839
774
1132
475
1153
766
963
1472
1208
888
1517
1500
1583
208
474
944
361
326
1343
572
1690
630
1039
1091
1488
592
1624
1140
811
655
1161
521
967
1508
197
247
1112
1388
516
1001
249
774
945
219
1042
806
370
1424
1772
942
1231
1144
1145
1542
1013
1592
859
654
1279
471
246
1000
1346
946
876
1237
525
670
973
163
467
1038
1458
456
808
1094
759
1107
1210
961
1340
1333
1383
1330
802
240
1474
1303
551
1306
1043
744
1398
764
1114
1186
1180
1156
476
118
288
681
1588
246
565
649
361
808
372
216
1320
350
1120
694
895
1032
1427
838
165
826
914
903
1182
734
940
494
518
928
532
788
1042
1505
1044
960

29
250
19
17
15
8
9
7
9
19
17
12
6
6
17
11
7
14
11
6
16
11
10
7
8
12
11
8
20
18
10
8
12
18
16
11
8
18
7
14
9
9
15
10
17
7
12
16
13
9
18
16
7
8
12
12
8
11
9
11
20
12
10
17
10
14
15
20
9
14
17
8
9
12
19
8
7
6
19
15
18
9
9
5
17
7
16
19
14
5
12
5
20
17
8
6
11
6
17
19
18
15
12
17
19
8
18
10
16
8
19
11
13
14
17
6
11
11
14
13
20
8
17
13
19
13
10
17
12
20
8
9
11
9
17
9
14
10
6
11
16
11
17
10
18
14
12
15
20
5
8
7
15
5
11
19
6
6
5
19
9
11
5
11
14
11
9
16
14
6
7
15
15
12
11
17
20
19
16
6
5
19
8
17
6
17
13
15
7
12
19
9
11
14
16
11
14
15
19
5
9
18
18
19
10
19
11
8
6
12
5
5
10
15
8
12
9
6
14
19
9
16
13
15
14
6
18
18
6
15
14
9
17
14
10
12
8
6
6
18
6
13
19
18
10
15
6
8
12
18
7
8
0
1364
902
1469
220
217
1077
373
1156
1389
976
945
721
212
216
866
238
1220
198
594
397
1493
775
562
693
946
123
988
170
1041
351
1299
881
1498
730
1506
900
794
974
981
1222
887
1021
57
1175
532
1399
1418
543
559
1347
1400
1394
895
284
306
266
479
1335
423
415
1238
1099
981
1143
1293
1066
22
18
1502
399
190
175
1318
910
881
403
448
755
1290
1495
612
32
1383
455
972
939
868
1438
1408
1194
4
1265
1078
69
795
1329
337
469
193
661
1097
403
1348
584
1469
76
918
169
1164
1162
1404
707
1278
1525
397
1458
1174
183
1129
304
539
492
791
1451
166
351
1022
988
368
223
80
1381
1255
935
396
1243
751
673
200
756
688
1340
1394
1190
21
62
829
685
809
474
207
1418
1412
1217
261
1279
1024
882
648
480
687
1275
279
776
444
848
1160
233
721
1463
1293
965
1468
441
1132
654
1038
247
1481
579
569
116
520
969
546
437
1480
1104
1442
1028
430
978
1218
1182
858
550
53
953
61
1031
502
875
121
1174
1223
1103
728
675
1506
233
630
575
1005
900
136
549
1198
998
876
1327
597
585
1362
1408
976
224
1361
926
1323
963
1401
281
1368
60
1258
281
586
279
533
588
749
897
616
156
995
458
419
1033
1126
184
1473
1090
1592
490
242
1387
616
1453
1562
1111
1104
941
332
228
1004
521
1446
271
614
700
1727
890
622
954
992
219
1166
468
1337
572
1365
1011
1550
783
1579
1065
1037
1043
1068
1491
1045
1043
237
1220
699
1426
1584
697
599
1391
1704
1596
967
588
428
576
619
1520
543
588
1348
1115
1116
1268
1526
1370
334
60
1535
545
439
321
1459
1110
1069
608
649
978
1379
1748
878
158
1492
478
1117
1073
1142
1450
1656
1437
60
1385
1304
340
864
1495
441
612
469
837
1216
470
1440
901
1694
255
934
221
1218
1425
1452
978
1487
1627
457
1561
1261
299
1411
495
672
697
1029
1468
398
628
1271
1157
628
507
335
1447
1549
1036
449
1435
845
697
272
1025
908
1649
1691
1262
275
198
955
951
1029
780
517
1480
1441
1526
565
1394
1328
983
839
491
982
1556
512
939
604
956
1217
293
975
1614
1417
1053
1789
481
1448
774
1083
272
1773
701
874
140
593
998
614
665
1659
1280
1524
1318
658
1088
1490
1450
1003
691
269
1039
248
1150
682
932
349
1238
1530
1318
1024
828
1601
506
770
844
1108
1188
404
646
1506
1218
912
1618
796
902
1509
1577
1150
315
1563
1236
1482
1182
1690
446
1520
235
1330
487
818
549
815
799
926
993
817
329
1078
572
689
1239
1172

30
250
17
6
9
8
10
15
12
12
16
19
14
19
14
8
19
8
6
19
6
11
8
10
13
16
18
6
20
11
15
10
17
7
5
19
13
9
10
12
19
19
18
17
20
8
16
19
14
20
7
16
19
11
17
7
18
11
9
9
20
14
17
19
6
7
9
20
20
9
18
13
10
17
7
17
6
16
7
18
8
16
9
10
9
9
9
14
17
17
7
13
15
17
6
15
15
16
14
12
7
18
10
17
18
15
10
8
7
5
13
9
12
6
20
12
8
16
18
12
15
17
20
9
11
20
13
6
13
12
5
14
19
17
16
16
14
14
20
8
15
15
6
16
13
7
17
16
9
14
10
17
8
18
14
13
18
13
13
17
11
11
14
10
10
5
12
7
10
14
18
20
11
15
13
10
16
19
11
14
7
18
17
8
7
9
15
13
19
18
8
10
16
7
12
15
18
14
13
7
14
5
16
15
14
18
7
13
17
19
9
13
18
15
6
13
6
16
19
9
19
12
20
7
18
7
16
11
6
15
13
13
17
7
10
6
12
13
17
8
12
10
7
16
16
11
12
7
6
17
8
14
0
468
216
1521
484
1473
599
914
604
3
1264
856
371
179
1099
650
304
1144
1388
1119
795
373
93
1056
905
702
698
1437
1192
440
1099
373
578
1358
1174
1147
565
1064
945
236
379
1352
647
181
1162
633
326
1331
1198
435
642
1255
290
499
895
863
91
1215
758
1010
824
787
146
1486
489
1042
480
644
207
1233
161
1128
897
186
393
666
1363
610
1288
715
682
553
1185
679
493
1180
33
833
428
1403
436
966
1597
490
827
202
83
84
60
1069
1464
1044
1461
786
1329
1000
281
166
1384
894
427
231
1307
680
1049
874
568
502
441
595
209
363
1243
390
226
157
111
1189
228
1106
482
1117
613
816
1073
1277
697
704
338
604
678
310
65
1357
649
452
125
965
333
1017
1290
1439
790
855
118
828
513
45
847
1127
33
754
959
340
1014
515
1104
1503
1085
1482
845
1542
960
545
363
796
957
1563
161
927
262
106
1195
1490
163
1271
682
1467
478
57
507
1568
62
949
954
747
248
1367
1503
420
1213
1146
724
183
1382
1328
927
129
1113
1335
1551
1591
1477
1229
1433
530
990
454
375
738
405
1355
835
902
732
849
181
382
1376
1026
55
245
1258
1179
759
1011
144
430
814
982
1457
762
115
1428
933
1062
1124
1606
961
915
38
702
470
1835
776
1644
750
938
663
293
1292
877
469
193
1366
717
385
1428
1577
1147
829
425
220
1328
1237
981
930
1598
1294
727
1281
538
789
1619
1452
1365
829
1336
978
306
651
1410
806
209
1358
750
549
1528
1376
630
981
1383
317
736
932
1190
227
1541
802
1243
962
1088
391
1551
768
1129
765
653
324
1446
256
1213
1025
353
445
905
1536
783
1373
923
795
630
1342
738
738
1347
356
1008
498
1719
500
1169
1742
515
1024
229
320
167
250
1361
1519
1076
1793
1057
1447
1255
515
352
1518
922
529
355
1560
915
1209
942
658
689
736
632
359
657
1454
481
405
276
179
1440
359
1274
586
1401
839
909
1400
1547
806
863
370
658
701
510
210
1426
986
616
437
1269
408
1064
1477
1687
870
1037
335
983
641
346
1067
1226
137
824
1138
456
1305
645
1418
1636
1410
1676
1024
1749
1005
743
435
1034
1149
1733
227
1163
283
218
1413
1744
477
1314
922
1762
599
297
525
1857
351
994
1090
951
410
1597
1677
736
1322
1317
1016
201
1625
1565
954
380
1126
1438
1865
1790
1696
1391
1672
797
1034
579
644
1035
598
1670
898
936
1004
1012
257
569
1637
1174
116
353
1381
1292
845
1065
429
613
935
1147
1487
1061
222
1582
1207
1320
1202
1829
1065
1128

