1
25
16
9
13
16
15
19
13
18
15
18
15
8
12
15
12
8
18
14
17
16
13
15
16
7
8
0
95
30
119
19
10
119
83
54
170
113
92
163
147
62
128
81
64
145
24
160
80
137
119
137
23
135
75
169
51
34
159
132
85
198
149
132
208
165
80
137
119
101
176
59
175
103
166
127
149

2
25
18
5
17
16
15
11
15
6
7
9
20
16
15
16
19
16
10
7
11
8
15
18
15
11
9
0
117
107
63
12
61
145
23
48
116
88
30
57
97
154
16
12
43
110
1
49
27
4
84
17
45
139
153
90
56
81
189
53
71
139
124
46
88
143
196
41
47
75
131
25
87
63
37
125
38

3
25
9
6
10
11
11
9
9
9
12
6
11
16
16
8
11
11
7
5
13
15
16
14
18
12
6
0
87
135
52
11
35
112
82
4
49
60
127
107
2
20
47
35
77
43
9
31
98
26
107
126
21
101
170
70
47
66
137
94
28
55
78
156
129
26
46
62
53
92
67
38
48
112
67
121
138

4
25
19
15
14
9
18
14
7
8
11
13
7
10
16
16
13
6
20
10
11
7
19
15
5
14
11
0
106
72
32
120
18
24
120
58
91
35
15
135
90
20
92
14
133
63
110
153
12
149
102
98
35
147
109
47
161
58
37
153
89
132
60
31
155
125
58
128
61
171
100
136
201
32
180
144
123

5
25
16
12
15
11
8
9
5
7
13
13
15
13
7
10
11
12
17
17
17
15
16
19
11
18
6
0
88
33
108
101
19
117
4
37
52
116
49
155
141
64
83
99
38
42
51
18
28
31
70
88
42
129
76
144
124
46
151
32
72
80
143
92
175
173
87
114
132
81
86
69
47
59
47
112
125

6
25
17
5
10
15
11
19
7
6
14
19
7
19
16
16
7
7
7
11
14
16
8
14
7
15
13
0
140
53
104
121
116
38
56
121
32
20
100
87
88
143
41
114
47
147
56
61
4
73
22
77
33
172
88
148
156
150
65
91
163
68
37
143
107
127
160
66
126
60
162
89
72
21
100
37
102

7
25
17
6
10
15
8
11
19
13
13
14
19
10
5
6
10
6
16
6
17
9
15
10
10
18
15
0
71
78
63
16
128
119
21
132
9
81
116
61
140
57
68
132
84
57
95
70
76
46
0
92
25
93
97
99
24
165
160
45
162
46
117
127
91
155
70
96
157
103
89
122
94
104
65
35
118

8
25
18
11
8
10
14
9
9
12
19
14
10
15
19
7
18
19
6
17
13
6
14
14
17
15
14
0
54
1
62
40
105
35
85
22
55
27
14
84
148
96
152
55
80
57
152
147
144
120
146
56
31
88
19
85
71
133
44
97
63
75
51
47
123
167
125
182
76
119
97
166
183
178
167
167
92

9
25
8
16
6
13
14
17
17
5
9
18
10
12
14
19
17
10
11
9
16
7
16
7
19
18
16
0
3
131
1
66
94
67
146
131
76
65
40
13
159
5
36
55
53
101
102
61
3
62
12
39
35
40
160
14
83
124
109
175
154
121
105
84
57
179
25
68
66
86
146
139
93
35
110
53
79

10
25
12
19
13
17
14
19
6
17
6
13
18
11
18
15
17
11
19
8
13
20
13
10
17
13
15
0
6
162
78
30
12
126
101
136
160
107
132
77
8
104
7
57
79
13
164
84
13
59
89
53
16
26
194
112
74
58
157
138
168
199
151
162
124
24
144
24
102
98
28
191
123
28
106
129
99

11
25
11
15
16
16
12
17
6
17
17
11
19
6
14
14
13
19
8
10
13
13
6
9
8
10
10
0
7
83
79
87
7
66
8
104
68
66
79
123
129
10
132
143
31
7
72
136
86
81
148
27
39
26
117
115
101
25
77
35
145
87
114
91
158
146
45
173
180
60
34
98
154
124
109
179
54

12
25
10
17
17
12
8
6
12
8
13
15
8
7
16
11
6
10
13
18
20
11
11
10
11
18
16
0
123
4
120
17
37
46
141
102
145
148
96
19
143
148
119
23
83
91
147
17
138
52
86
128
15
149
23
152
27
62
78
158
141
183
177
126
41
156
175
130
63
120
130
173
31
166
67
129
147

13
25
10
11
16
7
19
11
18
20
8
7
6
15
11
18
9
8
11
8
19
19
10
8
18
17
12
0
97
65
100
58
107
98
79
58
129
1
34
102
89
91
87
8
52
98
79
91
120
139
58
29
36
116
89
120
97
142
118
124
97
157
15
54
134
133
129
102
45
61
147
109
123
137
165
105
66

14
25
19
16
8
15
13
9
18
12
11
19
16
6
15
7
11
15
19
12
6
11
6
17
20
14
17
0
136
3
66
98
122
77
31
103
11
55
109
12
154
125
67
107
34
106
96
124
100
90
153
84
27
156
42
91
132
136
114
75
143
46
74
124
48
182
150
111
156
78
141
122
143
140
122
169
133

15
25
14
5
13
10
7
12
15
10
11
10
15
9
19
16
6
19
16
8
13
18
7
19
17
10
9
0
47
8
1
20
76
94
134
17
43
111
40
77
53
41
24
143
66
89
64
141
61
60
66
126
43
72
35
13
43
96
139
154
52
66
131
76
105
96
50
63
160
87
117
100
151
83
98
104
140

16
25
17
8
9
9
19
11
15
14
11
14
7
11
18
9
9
7
13
13
12
16
11
15
17
20
19
0
48
144
108
120
114
91
39
70
124
114
80
98
86
61
26
128
100
94
26
162
39
51
7
67
44
80
155
126
170
125
126
82
84
148
131
103
131
95
79
55
156
128
125
73
182
54
90
58
87

17
25
6
17
18
13
15
7
14
5
10
7
15
10
5
12
7
12
11
17
8
6
13
19
8
17
10
0
84
67
99
102
12
78
73
135
118
69
68
80
117
115
17
31
7
37
92
57
115
129
29
27
12
128
87
121
132
41
103
93
166
132
96
95
89
137
146
56
42
39
47
106
87
135
147
72
47

18
25
15
11
17
19
14
7
9
7
11
18
16
13
15
6
20
19
10
19
18
14
10
6
13
14
15
0
3
32
142
99
29
107
12
43
130
157
11
165
50
114
84
151
73
18
35
35
139
1
34
66
18
39
51
193
119
50
124
20
72
166
195
24
181
86
151
107
181
109
43
50
76
148
35
70
93

19
25
16
15
7
16
12
8
20
15
11
6
19
14
7
20
18
15
17
9
7
16
19
12
8
12
10
0
67
15
67
119
47
112
159
15
16
77
11
144
145
74
160
33
17
25
117
86
47
156
151
42
37
87
23
94
136
63
144
176
42
45
103
31
171
188
97
192
63
40
41
136
126
86
195
175
66

20
25
17
6
6
5
5
15
11
17
12
20
11
7
15
9
15
10
16
6
17
9
10
14
12
13
15
0
140
95
39
3
43
40
52
64
75
117
64
67
111
113
79
100
111
130
61
106
81
132
83
48
38
151
103
69
22
72
58
94
100
111
156
90
89
127
128
112
141
122
153
85
140
117
162
121
82

21
25
6
11
12
11
15
18
19
9
17
13
11
16
6
10
9
17
10
10
8
17
16
12
19
9
10
0
75
33
19
147
115
43
28
106
134
122
76
141
101
25
113
50
62
137
150
108
48
39
151
18
18
112
61
34
183
140
89
62
143
156
148
119
160
123
63
135
61
78
155
183
137
62
73
165
53

22
25
19
10
5
17
12
12
12
14
14
16
19
13
10
6
16
15
10
13
7
8
7
16
11
14
7
0
8
78
78
145
150
38
70
4
120
87
19
130
115
84
103
29
47
83
126
8
69
112
130
113
32
29
95
109
173
182
65
106
28
162
109
41
165
149
108
130
63
61
111
155
24
86
151
151
145

23
25
14
9
15
15
5
18
13
7
8
11
18
12
6
8
5
14
14
11
19
17
8
15
6
15
7
0
112
74
115
18
145
7
80
77
50
82
77
44
121
107
144
51
39
142
99
143
82
88
133
126
25
121
111
144
38
188
22
100
98
63
102
104
76
151
121
158
84
66
163
139
159
124
103
162
138

24
25
16
15
11
17
6
20
15
6
18
18
18
20
10
15
17
17
13
7
14
6
9
16
14
14
15
0
85
56
22
121
157
74
29
64
8
163
104
125
37
34
49
41
59
136
129
146
100
159
140
29
21
100
81
47
160
177
104
41
83
31
205
131
143
82
54
79
70
86
184
155
175
135
200
154
62

25
25
11
17
13
14
14
10
15
11
8
8
7
18
18
12
16
8
7
17
13
12
15
17
14
18
19
0
74
93
140
2
42
76
6
44
97
58
34
113
16
1
59
160
165
45
162
146
121
23
108
103
25
105
120
176
16
52
98
21
79
113
74
76
140
30
34
84
199
214
76
174
188
148
57
149
154

26
25
14
12
17
10
14
7
13
9
14
13
16
11
5
17
18
12
6
19
20
10
15
18
18
8
19
0
68
78
21
24
2
64
96
156
15
67
20
89
93
49
46
56
161
130
68
47
151
47
160
46
27
82
121
41
42
25
108
119
177
60
98
38
108
123
90
87
75
195
150
100
64
198
89
195
78

27
25
16
13
15
6
7
12
17
5
9
5
11
11
6
9
14
6
13
8
15
19
17
14
17
13
18
0
111
146
134
110
70
3
49
75
28
56
143
90
65
53
118
146
18
70
14
139
96
29
116
3
37
145
186
141
119
107
28
66
112
56
81
182
114
92
91
129
175
52
97
49
180
126
55
145
29

28
25
13
15
17
19
18
15
13
8
6
13
8
7
5
6
6
9
14
10
6
17
7
14
16
17
20
0
56
39
132
110
129
63
72
119
103
11
68
2
136
13
105
91
77
128
50
137
8
103
8
52
19
73
56
177
131
151
77
100
125
133
29
103
18
142
38
135
106
103
159
90
148
44
128
39
88

29
25
7
14
6
19
9
16
6
5
16
14
18
10
17
9
10
14
18
11
7
12
17
15
5
15
14
0
43
25
117
102
147
28
71
94
28
126
28
123
95
30
108
22
64
2
11
80
37
69
84
10
20
83
40
144
115
188
55
81
116
68
169
66
154
117
49
138
67
80
34
32
123
65
90
128
43

30
25
18
14
14
18
5
13
14
13
15
18
20
17
11
11
16
13
12
6
16
14
9
10
14
18
19
0
119
145
99
126
144
70
151
156
1
21
140
21
48
72
164
136
131
90
42
72
17
34
109
26
43
142
191
150
156
157
104
192
172
34
66
168
34
66
93
186
180
150
128
64
105
28
62
133
48

