1
30
16
9
17
7
13
15
7
10
16
16
15
8
13
16
13
11
16
20
7
5
14
12
12
11
19
14
6
16
19
17
0
47
68
168
135
175
57
62
69
39
77
62
91
79
82
74
106
64
79
112
69
36
122
140
5
70
2
50
187
178
25
61
121
184
160
195
86
106
121
57
118
96
116
99
107
106
157
84
102
149
112
56
165
166
46
98
12
68
236
231

2
30
15
15
7
19
8
19
9
12
12
11
11
7
18
8
12
8
9
13
15
14
7
5
15
8
20
8
19
17
9
9
0
17
37
52
5
104
175
17
148
156
9
6
113
66
113
130
72
30
170
68
46
31
14
3
169
49
76
108
90
176
17
56
64
76
33
139
190
38
178
200
37
38
143
78
135
172
99
72
219
102
54
70
36
18
194
63
118
148
132
207

3
30
17
15
19
8
16
7
17
5
18
8
16
14
12
10
6
16
15
15
12
10
14
17
11
11
11
6
11
10
9
16
0
20
18
16
20
181
65
94
14
13
174
67
150
87
102
78
8
58
16
85
89
165
17
21
166
59
58
62
71
4
50
68
51
48
46
221
82
120
42
43
225
105
177
113
145
110
25
108
37
107
118
182
53
36
198
72
95
80
94
23

4
30
8
7
17
16
11
13
13
10
11
18
17
18
14
9
16
12
5
7
5
17
7
17
8
8
5
7
19
16
7
19
0
90
50
2
113
149
164
72
162
86
1
116
144
69
7
150
142
64
51
91
136
156
107
151
83
23
52
113
148
176
26
125
85
43
124
185
180
91
198
139
31
161
158
102
25
168
148
82
72
140
153
193
127
188
92
43
91
162
164
198

5
30
16
8
11
11
10
9
19
12
20
7
11
15
15
9
5
16
7
20
17
15
16
8
11
15
16
15
8
16
13
13
0
105
64
43
117
71
92
192
78
49
10
84
9
32
151
182
186
44
88
53
38
24
54
90
11
8
142
91
180
96
41
117
78
56
155
98
114
215
116
72
49
125
45
59
169
214
218
83
108
82
89
53
101
107
51
47
175
116
193
145

6
30
16
19
20
9
17
10
6
12
5
7
16
18
18
12
12
18
5
12
13
20
19
16
14
17
5
13
6
14
9
13
0
42
64
169
82
62
48
25
81
95
162
93
186
100
134
133
82
131
29
131
148
87
60
7
14
70
128
150
116
135
52
68
118
195
119
102
84
47
111
124
209
134
209
120
173
189
115
147
73
169
191
125
98
41
46
121
162
183
142
159

7
30
9
15
14
6
19
8
9
14
19
9
10
19
14
11
15
15
12
8
5
9
13
14
11
15
13
12
14
14
13
16
0
77
59
117
14
144
109
153
84
3
8
166
131
75
183
83
44
89
151
75
31
158
99
167
42
77
100
177
64
162
39
124
76
140
41
181
146
199
125
16
35
188
166
108
229
107
86
114
191
99
58
192
137
213
65
121
143
200
93
192

8
30
17
12
17
15
7
10
6
18
14
15
7
6
5
13
9
6
19
14
15
10
16
6
17
6
16
18
7
18
9
11
0
51
70
77
128
132
70
138
112
83
13
63
29
74
51
35
30
152
78
175
67
140
58
41
168
5
31
146
18
147
47
98
92
114
153
172
85
160
161
108
39
99
54
109
84
67
51
186
115
209
108
147
105
73
188
38
42
191
29
179

9
30
20
10
10
16
11
15
11
12
20
12
20
12
8
8
14
20
17
14
8
7
10
18
20
5
13
7
20
16
15
10
0
1
121
46
129
67
116
4
64
118
133
14
122
79
68
92
35
91
184
74
131
187
29
88
10
95
139
61
177
157
21
21
160
72
149
116
129
33
90
152
156
58
158
124
96
144
72
143
195
96
171
227
77
98
40
138
183
89
224
174

10
30
18
17
13
12
14
7
17
7
19
16
11
10
7
16
16
10
17
10
19
7
19
16
17
17
16
7
8
13
14
16
0
3
115
49
193
179
125
54
201
115
142
173
172
142
117
72
28
185
64
24
129
187
45
69
177
51
160
178
167
185
49
44
166
93
211
197
166
66
251
157
160
208
192
176
170
114
49
203
111
36
152
230
95
95
199
81
174
196
202
215

11
30
15
14
20
5
9
14
16
12
15
16
18
11
7
5
8
14
15
19
15
18
9
10
10
5
14
6
16
14
6
12
0
50
117
101
134
42
144
168
150
132
57
122
104
90
145
43
134
120
64
54
118
142
21
105
50
157
146
40
165
86
51
98
143
127
154
56
196
194
186
158
98
151
134
114
185
61
175
175
100
89
156
172
65
132
80
183
187
82
201
113

12
30
17
16
6
11
6
10
6
6
14
7
15
16
9
18
10
18
11
20
17
18
10
14
10
16
9
9
20
6
8
13
0
25
93
15
116
115
151
142
105
165
44
42
153
4
129
127
165
84
111
20
15
42
87
114
46
73
111
64
102
90
52
51
130
56
132
145
159
160
150
208
86
87
184
52
167
153
195
139
162
46
40
77
103
164
65
84
131
92
131
120

13
30
6
11
9
11
16
8
7
12
15
11
5
8
13
5
17
17
19
14
16
19
14
6
12
15
18
12
19
7
16
17
0
93
42
43
160
174
155
66
147
173
57
178
127
178
168
158
163
0
6
9
184
148
65
147
82
55
139
91
15
184
12
120
85
82
200
188
182
113
193
196
65
188
145
187
212
185
194
50
56
58
224
181
77
169
135
92
160
103
46
206

14
30
14
7
13
13
6
10
8
18
18
10
14
12
19
12
11
8
16
15
17
11
18
12
12
9
18
13
9
17
17
16
0
170
152
95
21
69
143
87
132
126
195
187
39
20
175
51
139
166
192
104
156
89
2
99
130
77
163
98
77
173
45
202
175
130
29
79
172
134
186
156
239
210
62
49
210
71
193
185
236
144
176
126
30
120
179
123
200
149
105
205

15
30
10
7
17
16
13
12
12
19
9
16
10
18
8
17
13
17
16
7
11
16
6
15
17
9
10
10
8
6
11
17
0
62
154
15
69
14
79
163
177
46
155
183
48
97
39
174
33
48
172
126
53
19
96
143
142
61
25
50
87
146
26
71
188
46
103
35
120
190
191
65
189
217
85
134
55
199
64
79
217
149
81
59
129
164
152
89
46
77
127
166

16
30
11
13
12
14
12
17
8
13
13
7
13
13
17
18
14
17
20
13
13
12
19
20
7
19
8
14
19
10
10
9
0
70
130
168
134
142
58
194
108
175
157
127
181
81
35
185
27
159
112
109
157
164
1
86
4
114
145
11
142
31
12
83
177
205
179
173
92
246
126
196
185
155
224
99
49
228
62
210
148
137
207
197
32
126
31
132
184
41
164
54

17
30
16
15
15
19
15
19
13
12
9
8
14
13
19
9
20
13
8
11
7
9
11
9
11
17
19
8
14
7
11
9
0
5
85
189
123
16
51
132
108
139
106
104
90
123
168
112
113
114
172
81
169
173
121
103
141
72
54
186
108
120
49
40
131
216
156
42
80
161
133
176
126
132
144
164
189
155
121
143
187
104
211
219
152
148
169
106
104
219
120
135

18
30
11
10
10
11
17
9
14
8
13
14
10
13
7
14
17
17
9
6
6
13
14
8
18
12
18
8
15
11
15
11
0
48
52
115
9
139
52
90
102
154
47
95
153
39
74
109
47
58
54
138
19
94
91
137
9
82
118
126
72
162
42
67
81
161
39
165
87
131
127
197
77
111
189
63
92
155
74
73
80
167
50
109
143
161
57
110
162
172
113
202

19
30
18
10
9
16
8
8
16
8
10
19
12
11
17
8
15
16
14
8
17
12
14
8
18
12
10
17
18
11
13
16
0
12
58
170
149
68
174
103
158
192
44
51
51
60
80
130
169
168
187
69
179
12
62
83
56
29
121
58
135
110
28
28
103
199
168
76
205
142
169
236
78
100
75
95
129
158
214
206
233
108
203
52
112
124
83
57
160
83
178
151

20
30
7
18
5
17
14
14
8
12
18
5
8
17
8
19
17
16
8
16
8
15
12
17
6
20
9
9
9
11
14
17
0
61
112
114
55
184
103
155
180
92
19
32
39
11
17
52
48
13
139
153
94
129
181
61
9
176
55
185
103
131
42
80
121
158
103
202
123
174
216
113
29
79
50
57
45
103
88
41
172
204
137
183
205
89
28
214
87
219
148
150

21
30
14
12
8
9
7
15
18
6
7
11
17
9
15
5
9
11
6
18
11
17
8
17
14
9
9
10
9
7
20
5
0
31
12
156
149
78
114
154
150
55
16
107
152
97
10
147
7
165
69
15
79
152
152
18
152
5
97
28
35
106
29
70
24
179
187
95
162
162
175
66
47
137
182
123
44
162
26
185
80
35
100
189
167
55
193
47
134
62
66
121

22
30
15
7
19
8
9
8
5
8
8
10
6
6
11
15
16
14
14
15
18
19
9
5
11
17
13
13
7
15
10
7
0
49
112
33
70
72
74
110
111
6
50
3
123
47
21
1
150
145
155
138
66
148
57
28
108
160
72
100
63
63
25
60
154
62
108
113
91
149
120
46
73
15
138
72
57
22
177
185
180
165
95
164
91
70
139
185
94
142
81
85

23
30
17
15
10
11
14
19
12
17
17
8
19
15
20
5
9
15
11
17
12
8
7
15
14
17
18
17
6
14
12
10
0
136
17
62
174
77
31
147
48
128
34
101
188
36
151
169
107
195
78
130
148
40
16
140
74
89
102
57
18
123
46
158
31
110
189
110
71
182
97
148
89
135
214
57
190
194
125
226
93
155
168
88
63
183
104
122
144
97
47
146

24
30
16
10
19
15
9
5
14
13
19
18
18
7
16
17
14
11
8
18
6
11
12
13
7
13
15
9
19
11
10
12
0
30
89
142
98
56
95
64
139
109
55
188
9
163
111
4
49
169
87
125
189
141
47
161
177
176
45
152
137
44
24
40
138
193
111
96
139
87
188
132
96
217
36
196
159
39
76
198
98
140
220
171
87
197
223
217
66
187
171
79

25
30
19
12
6
17
12
16
16
6
6
11
8
5
5
18
8
14
12
7
10
14
15
6
14
18
6
10
13
12
8
17
0
59
77
31
41
91
165
10
20
162
158
99
61
158
117
12
33
98
147
36
89
170
75
142
16
122
163
67
115
64
23
83
105
48
72
140
187
47
29
202
175
111
66
200
158
48
52
128
162
55
115
200
122
192
41
141
186
112
151
114

26
30
13
16
14
10
5
11
7
7
8
19
9
6
7
8
18
9
9
15
8
14
19
15
8
20
19
9
9
14
11
12
0
80
38
173
127
34
118
61
27
28
128
37
136
149
79
42
70
158
53
70
114
81
34
60
144
60
34
173
60
36
47
121
61
205
158
55
153
84
62
77
140
65
147
171
108
78
107
200
80
98
135
119
42
94
190
99
57
214
101
77

27
30
10
11
14
10
14
8
14
18
6
12
17
11
20
11
20
6
18
10
14
14
10
14
8
13
13
17
11
15
9
9
0
155
77
162
69
46
181
125
149
166
33
25
122
122
65
129
56
41
136
59
20
183
48
74
122
93
132
111
128
157
29
174
114
175
109
91
230
165
187
202
86
43
179
137
117
135
108
51
185
74
64
234
64
88
168
129
163
133
169
169

28
30
15
15
19
7
11
6
19
11
11
6
6
17
9
10
8
15
10
11
18
19
19
19
12
18
7
14
10
12
8
16
0
188
90
142
70
184
166
31
56
86
53
85
151
55
82
187
67
137
10
143
17
120
44
142
138
52
71
146
46
4
17
223
138
156
106
198
185
58
83
105
88
131
173
71
121
230
109
167
51
192
71
146
59
172
181
96
96
175
73
34

29
30
10
8
6
9
10
16
8
19
13
16
17
10
15
13
18
6
19
12
11
5
17
17
14
6
9
16
6
12
10
9
0
139
125
176
96
82
2
132
167
21
170
128
177
157
58
84
114
106
178
105
8
88
107
131
21
141
63
46
34
108
38
151
132
193
134
104
30
152
193
54
203
170
225
170
108
117
151
150
223
140
36
111
148
154
40
181
85
89
53
131

30
30
17
13
6
15
11
12
8
14
11
17
17
12
20
16
18
16
18
13
5
6
16
13
16
16
14
18
5
7
14
16
0
99
179
71
9
41
32
7
114
172
155
157
122
142
161
84
25
26
186
197
39
149
39
32
184
75
52
12
22
118
52
131
212
92
47
58
46
28
126
221
179
171
180
162
200
113
77
69
202
224
73
198
92
72
235
122
96
48
49
152

