1
40
16
18
17
8
5
20
7
10
9
16
14
8
19
9
19
8
16
7
16
19
12
15
13
17
17
9
8
9
9
15
9
12
13
10
18
18
5
19
16
11
0
10
39
116
154
182
52
80
142
133
240
51
9
144
126
232
107
12
211
96
9
218
53
168
149
251
223
191
154
166
249
43
225
224
249
160
183
36
174
84
61
38
107
151
179
232
94
130
179
180
256
83
70
196
149
243
165
53
267
158
54
265
75
198
191
289
279
249
177
192
308
76
251
237
314
191
217
57
236
119

2
40
15
11
13
6
9
14
14
18
10
12
19
18
19
10
17
16
11
7
11
16
18
14
12
19
19
12
17
11
18
7
18
7
11
11
11
6
16
7
5
10
0
126
78
167
24
75
187
246
70
244
158
75
132
200
162
95
11
122
247
69
62
138
188
66
210
214
231
80
220
137
16
189
149
15
78
214
257
39
136
246
32
178
110
220
54
93
211
272
127
294
188
117
183
230
193
155
49
142
269
103
89
180
232
91
268
226
286
137
268
188
36
198
179
71
131
233
318
82
190
266

3
40
14
18
7
6
16
7
19
12
8
9
18
9
8
14
17
15
18
14
6
17
9
13
9
13
16
12
13
16
17
9
7
19
6
10
15
10
7
10
13
18
0
132
165
138
75
116
59
54
169
192
112
207
18
201
235
202
187
175
232
80
105
91
57
184
214
15
170
15
8
196
39
141
228
78
159
22
44
241
191
21
51
164
188
184
123
144
120
66
180
220
138
218
64
231
291
231
226
210
238
124
132
112
99
202
255
33
212
53
34
209
62
176
253
94
191
76
58
286
236
77

4
40
18
18
8
17
18
16
5
6
8
18
13
15
8
6
16
19
14
12
9
17
8
14
17
13
6
19
19
7
14
15
13
16
14
7
11
16
9
6
14
19
0
178
215
211
14
233
175
236
142
3
207
144
106
129
185
222
228
122
45
206
202
175
202
139
44
176
14
90
81
35
73
45
116
136
229
167
121
76
162
157
68
238
244
269
71
249
180
291
165
26
236
201
121
158
242
262
292
167
73
273
211
193
250
154
93
211
53
104
139
92
135
111
180
194
269
210
153
89
200
193

5
40
10
15
15
10
17
14
20
16
16
20
17
12
14
10
17
11
19
16
15
15
10
11
6
20
20
14
11
13
9
18
13
6
6
17
13
16
11
11
19
17
0
185
72
273
69
226
153
255
20
89
124
228
255
56
139
236
97
4
177
259
3
28
163
17
231
147
57
4
269
216
150
212
210
189
16
92
36
201
280
145
54
206
96
284
130
285
180
299
68
154
155
247
283
69
177
258
132
25
226
283
14
91
183
85
279
178
123
33
284
260
188
247
218
216
65
124
78
254
346
201

6
40
20
17
14
18
20
10
16
14
17
20
17
19
10
6
11
7
16
16
16
8
13
11
8
9
6
5
15
13
16
17
15
13
14
18
17
19
7
11
17
10
0
142
262
154
66
126
108
73
210
253
244
239
65
254
245
42
137
239
199
16
137
11
210
64
103
90
232
15
255
268
210
38
211
93
150
194
222
111
123
200
47
175
287
183
116
148
161
119
245
290
269
292
75
292
296
83
163
297
215
56
176
75
224
120
154
148
294
33
289
304
270
60
246
158
216
237
237
153
167
234

7
40
10
20
16
9
15
16
19
13
8
11
11
15
6
19
10
15
16
19
16
15
11
17
10
13
19
12
17
11
5
11
9
7
12
8
14
18
20
7
14
7
0
34
82
151
148
26
258
108
183
36
120
128
59
140
141
216
69
248
177
88
200
249
105
40
176
34
58
141
94
108
171
104
48
11
150
246
158
218
111
144
48
60
129
177
205
46
307
145
208
88
176
179
89
196
182
248
110
268
240
152
249
283
141
99
240
69
122
174
105
144
227
115
61
27
175
264
198
244
140
175

8
40
9
7
8
15
10
20
9
9
15
10
6
19
19
20
8
19
5
8
18
15
13
8
11
12
11
7
19
18
20
14
9
8
7
7
14
15
10
10
5
12
0
163
169
17
44
22
131
94
122
220
171
193
228
50
224
1
91
16
70
13
21
147
226
106
77
117
59
177
211
63
35
148
172
165
16
75
37
42
16
52
44
190
206
69
63
71
171
117
165
276
194
252
261
87
248
65
117
45
107
36
34
163
279
128
128
137
117
234
273
91
69
202
222
216
31
123
94
62
28
64

9
40
6
12
12
8
19
10
17
9
12
15
19
8
12
5
17
9
19
14
17
12
6
14
17
9
12
10
13
8
14
13
8
8
19
13
6
19
19
15
6
7
0
108
64
135
187
89
207
20
86
20
93
41
201
22
52
182
226
18
8
4
192
218
14
107
38
113
120
11
125
32
134
238
152
127
2
103
199
102
168
201
31
155
113
170
223
145
240
76
106
55
114
89
244
50
88
209
271
34
45
54
209
270
38
121
96
125
138
22
184
45
172
247
171
156
34
122
228
134
182
213

10
40
12
12
18
16
17
13
7
13
8
9
17
20
8
19
16
6
17
13
10
12
13
8
17
14
10
13
19
19
11
14
20
15
12
8
13
18
6
20
19
8
0
94
244
173
206
65
67
146
79
246
158
269
249
203
188
84
95
94
63
225
40
182
195
13
23
53
260
155
219
258
79
118
171
109
217
151
179
8
5
234
20
134
265
237
236
110
119
179
87
259
192
316
306
251
222
125
146
160
77
243
80
237
249
43
36
71
280
208
263
325
111
135
232
120
278
192
216
72
58
251

11
40
8
19
19
18
18
10
16
8
14
11
7
17
10
19
5
10
13
12
17
13
5
10
13
11
16
8
8
12
13
19
17
20
11
14
11
8
6
7
19
19
0
15
56
188
184
11
27
189
41
20
209
118
89
139
1
46
103
202
250
77
107
4
58
149
9
35
244
19
158
233
212
123
108
20
167
210
160
219
5
11
42
61
110
233
244
42
84
204
75
81
247
164
112
182
47
57
149
249
279
122
135
31
75
194
75
73
256
50
207
270
238
180
152
70
227
254
177
234
39
30

12
40
18
9
16
15
12
15
13
16
7
10
20
17
16
14
10
12
7
12
8
13
16
13
18
9
19
10
17
17
9
17
17
5
9
11
6
8
6
18
7
6
0
229
62
228
121
5
93
200
101
88
119
6
176
246
195
21
192
118
238
137
193
50
164
108
34
24
19
203
58
150
147
225
225
84
113
32
187
79
181
123
55
246
90
280
147
33
152
249
109
102
146
71
232
305
232
36
242
177
295
167
245
70
226
124
96
75
82
267
107
178
171
239
253
102
137
87
239
142
196
142

13
40
12
17
10
6
8
16
15
11
12
11
14
10
19
10
8
18
9
18
13
6
6
18
13
12
18
18
10
12
12
17
7
8
8
12
17
6
11
13
14
18
0
212
2
99
193
42
64
68
189
237
232
32
65
8
223
52
156
109
242
112
76
188
98
214
169
237
55
199
122
242
194
91
181
125
110
167
217
4
156
104
35
256
39
120
241
77
103
121
243
293
251
46
130
66
259
108
196
134
256
142
92
243
129
243
236
286
83
244
142
265
233
111
204
151
140
208
237
17
188
151

14
40
6
18
19
12
5
11
17
16
17
17
20
19
10
15
17
11
12
6
13
13
12
10
6
17
11
6
15
17
7
18
17
19
18
11
8
14
12
11
7
19
0
187
192
47
6
65
191
11
190
189
104
145
102
215
186
25
137
159
94
98
18
158
41
122
216
219
111
180
134
139
144
9
16
163
53
194
175
160
58
180
55
210
247
73
16
108
223
57
221
240
147
164
151
282
211
75
178
172
127
115
38
204
78
171
236
257
141
240
172
176
189
68
38
216
103
234
217
198
88
243

15
40
10
20
7
9
6
18
10
12
19
18
12
9
10
16
11
12
16
13
15
14
13
17
8
19
14
16
8
5
14
12
15
16
10
18
20
18
7
7
11
5
0
9
209
105
6
203
200
12
177
164
16
181
97
1
83
243
66
99
136
8
178
212
156
118
169
89
81
36
136
20
222
255
68
114
149
188
70
37
34
178
59
35
245
133
29
247
252
56
219
214
67
193
129
61
119
291
109
157
157
43
192
266
193
145
216
111
116
68
196
79
259
307
102
177
183
223
116
68
63
196

16
40
16
5
15
16
7
8
18
10
17
18
19
10
8
20
20
20
7
11
18
14
18
14
14
14
19
6
7
19
5
7
9
5
16
14
10
8
16
8
17
10
0
120
127
6
255
206
149
6
178
53
30
122
77
22
128
211
13
161
15
251
13
107
196
61
55
205
227
135
40
72
65
162
22
10
138
158
53
196
45
8
52
171
161
27
302
244
212
45
239
85
92
145
104
60
169
237
38
207
69
311
32
158
235
124
120
239
238
186
66
128
90
195
67
63
188
179
107
225
110
50

17
40
5
9
16
10
8
8
7
8
6
16
11
18
19
7
6
15
10
14
14
17
16
10
13
11
6
18
10
8
15
14
16
5
15
10
10
10
11
12
17
18
0
46
186
144
124
114
130
228
231
41
74
26
125
223
186
24
186
229
212
103
13
108
58
46
10
11
234
220
36
150
146
73
220
151
55
110
213
39
30
40
20
65
216
193
141
142
154
253
238
76
129
84
172
274
214
51
211
274
229
164
47
123
76
73
37
54
289
249
84
209
208
100
256
184
99
146
262
65
51
82

18
40
18
13
15
18
13
12
11
15
16
7
20
10
13
16
13
14
16
7
12
13
12
14
9
15
11
9
10
11
9
9
5
15
8
15
10
20
7
5
10
8
0
108
34
187
113
206
21
92
128
105
220
166
221
125
107
57
85
102
177
86
224
26
180
42
178
89
88
168
67
184
67
79
96
217
162
215
12
71
89
77
50
139
67
211
145
260
53
110
148
119
264
201
236
178
155
106
134
149
201
145
245
53
218
92
225
137
135
197
87
225
93
140
120
269
187
277
25
96
113
86

19
40
11
12
8
7
7
12
20
17
10
12
7
20
13
12
20
17
16
8
15
17
14
14
18
19
18
6
14
12
14
17
10
12
13
12
14
6
20
6
17
14
0
109
73
5
25
147
230
19
218
160
94
200
69
34
88
216
1
82
255
76
263
204
131
123
166
232
153
177
177
187
119
71
72
133
188
265
39
237
209
39
19
154
125
41
51
167
255
42
272
216
128
250
87
97
141
253
65
119
299
122
319
266
151
194
190
246
187
208
220
235
146
92
95
193
228
313
75
267
267
68

20
40
8
11
5
17
20
20
8
11
16
15
11
13
18
14
8
10
11
17
9
14
9
7
10
17
10
13
12
10
16
9
6
12
18
19
5
14
9
19
6
10
0
110
48
75
7
220
17
237
62
90
199
137
51
165
88
135
57
232
98
46
28
219
27
124
119
168
42
96
114
68
107
161
229
136
14
220
151
80
51
64
28
141
73
129
28
281
51
264
100
133
228
165
86
204
97
158
106
273
148
74
54
260
57
159
147
206
56
154
132
85
121
207
251
197
56
265
204
112
74
120

21
40
6
15
9
18
11
19
11
12
13
7
14
7
8
18
9
10
14
18
18
16
9
5
14
16
9
8
19
9
20
6
19
11
8
17
14
5
15
18
6
18
0
111
152
215
149
50
135
205
94
37
28
38
108
57
220
117
149
120
174
220
7
99
174
164
106
220
133
31
100
216
192
45
20
0
193
33
173
150
33
51
17
139
203
253
202
80
167
227
119
47
88
69
140
103
247
152
194
167
212
246
55
140
210
200
141
242
183
75
153
265
236
57
44
57
241
42
234
199
77
101

22
40
12
19
10
13
13
5
16
16
11
14
6
9
9
8
10
17
10
6
8
18
6
14
6
10
19
10
9
13
18
19
14
5
18
14
12
16
12
12
19
7
0
180
162
41
131
70
105
79
179
127
161
117
159
184
154
191
116
240
19
63
223
66
198
23
226
163
93
216
150
151
172
174
173
165
98
96
71
108
157
229
16
235
183
82
153
113
160
101
205
159
206
142
190
234
170
209
148
251
32
88
265
119
241
47
247
214
148
251
196
204
199
187
196
205
132
139
104
149
188
240

23
40
6
15
6
9
8
17
18
14
6
6
11
18
12
6
18
12
6
17
8
7
12
10
18
13
11
8
16
14
8
18
8
9
10
8
6
17
7
11
8
16
0
125
34
74
153
44
160
42
121
11
144
122
36
176
163
44
30
26
187
9
186
73
101
3
138
42
26
121
163
5
63
98
141
53
203
193
65
12
69
68
20
175
63
91
177
79
213
60
150
45
165
144
67
200
211
67
73
45
210
16
237
115
138
60
158
83
66
156
188
31
104
143
160
79
219
252
98
25
100
113

24
40
17
18
6
9
15
6
6
15
6
17
14
14
6
19
6
13
18
8
7
10
16
15
8
12
6
12
10
9
16
11
10
6
16
6
16
12
16
16
10
6
0
207
139
88
19
63
39
142
181
110
4
91
65
15
85
6
68
94
217
65
52
145
200
182
140
89
214
108
102
222
204
144
109
137
50
215
212
78
222
208
50
250
151
142
70
78
53
158
201
131
25
112
100
46
91
58
126
127
249
85
89
190
242
206
149
140
254
131
127
244
247
194
144
145
104
239
228
139
271
222

25
40
17
15
19
19
19
14
7
16
13
12
11
16
13
8
14
19
8
19
11
10
16
19
16
7
7
12
17
11
16
9
5
17
7
8
10
10
8
15
13
17
0
86
232
120
162
47
236
113
137
94
172
101
177
213
132
55
18
66
244
40
71
96
252
69
89
240
32
20
225
29
106
82
243
83
43
248
37
202
61
93
29
109
267
181
215
93
291
143
181
123
232
137
223
225
197
76
64
130
287
54
128
122
317
106
102
283
55
63
262
50
142
113
278
112
92
280
70
259
89
159

26
40
19
6
15
12
20
14
9
16
7
18
9
16
8
10
10
10
15
12
7
14
10
7
13
5
9
6
11
10
7
17
16
7
13
11
15
15
14
11
18
14
0
199
214
66
213
219
80
183
99
51
95
35
93
134
174
107
67
88
59
20
227
68
157
80
179
44
61
42
173
117
112
172
212
146
50
63
169
141
139
77
49
234
274
104
278
259
133
244
141
80
114
66
114
168
184
132
103
139
108
76
274
101
198
129
218
69
77
73
219
163
131
189
257
158
108
93
211
177
170
119

27
40
19
12
11
7
14
6
9
18
19
17
14
6
11
11
8
14
18
12
7
14
9
8
12
15
7
19
8
20
7
13
5
19
10
19
10
18
15
6
10
8
0
176
176
220
100
130
94
58
187
113
79
225
241
95
73
33
216
139
241
214
136
150
65
4
168
75
198
206
182
138
98
241
142
74
101
108
67
123
181
117
50
200
225
241
133
141
135
77
215
146
106
239
281
139
100
85
255
154
275
265
157
199
108
43
191
95
208
227
211
155
123
272
171
140
157
136
91
160
232
165

28
40
18
17
6
12
8
9
9
13
19
18
19
7
12
12
9
18
16
8
5
14
10
12
8
14
8
9
8
17
8
14
7
17
10
7
18
10
6
16
19
6
0
200
157
217
51
22
182
113
154
50
223
22
80
197
45
121
41
86
135
46
87
212
26
161
226
200
120
141
99
52
214
105
220
228
128
193
75
57
117
56
27
221
181
239
80
45
203
161
186
72
261
68
107
215
80
153
97
135
185
77
125
244
77
193
245
211
145
167
152
95
259
137
252
273
170
235
100
108
138
108

29
40
19
16
6
11
9
11
17
15
17
17
11
14
19
19
11
10
18
19
19
19
18
12
9
9
5
17
8
6
17
15
10
6
17
13
18
9
20
16
8
9
0
195
53
206
263
130
108
75
113
45
137
251
50
214
148
240
130
36
162
87
32
88
268
104
177
20
258
256
104
94
153
84
72
52
125
198
129
176
52
7
61
230
90
270
289
183
132
90
183
100
184
292
71
283
178
289
158
97
200
123
87
123
278
128
219
61
274
315
140
157
167
112
101
75
148
240
153
243
62
38

30
40
16
10
14
11
8
15
17
11
18
13
8
20
14
12
15
14
10
11
18
7
7
18
12
15
11
7
5
9
12
14
15
10
10
8
18
14
9
16
20
18
0
190
149
216
213
173
208
166
43
187
151
28
148
181
80
34
117
146
49
69
44
172
59
214
73
78
47
48
98
65
129
250
229
134
213
224
158
220
5
148
29
213
174
256
260
192
236
205
98
200
169
93
195
208
115
48
145
200
111
83
61
207
97
254
121
125
96
97
112
96
183
293
269
144
240
283
216
271
59
199

