1
60
16
12
8
6
13
19
19
14
9
8
14
8
10
10
11
12
9
15
8
15
9
12
8
12
11
20
11
9
16
14
20
14
19
14
8
13
13
9
18
14
18
9
8
15
10
10
5
18
13
12
14
14
13
8
18
16
8
12
13
13
0
169
184
185
283
282
61
2
366
365
167
159
171
226
198
315
211
49
219
87
135
349
116
195
197
39
205
118
109
101
355
220
198
355
10
29
249
172
214
262
207
338
296
288
362
111
33
102
342
119
332
368
122
288
161
287
153
86
343
272
31
252
261
236
339
342
116
27
395
410
238
221
190
303
263
396
242
121
275
152
172
362
124
219
230
103
253
162
126
179
428
238
271
417
41
115
319
199
244
282
283
381
319
373
398
139
89
183
418
132
378
429
168
300
236
347
173
103
411
300

2
60
19
14
11
8
11
19
14
12
20
15
11
7
16
7
18
14
15
18
7
11
10
9
8
7
11
18
5
19
5
6
19
19
11
15
11
5
7
14
18
10
18
7
13
11
17
10
10
11
10
10
13
9
16
16
8
15
8
14
14
18
0
126
182
119
11
238
13
119
52
345
180
207
36
291
203
14
364
66
81
213
168
108
338
189
89
87
361
118
339
288
26
190
301
291
205
285
110
180
86
238
83
94
252
302
308
16
206
96
318
50
362
88
71
135
177
198
291
169
225
307
30
189
240
172
41
282
66
176
139
405
227
284
110
355
249
45
448
128
118
274
244
140
418
227
139
113
409
153
374
308
76
255
313
326
249
358
155
216
169
302
137
138
316
376
344
58
289
177
345
77
377
156
151
196
242
271
356
248
272
339

3
60
13
13
11
7
13
17
8
11
17
8
8
13
5
11
11
5
20
13
20
15
19
13
20
7
12
8
6
12
14
17
19
7
10
18
13
9
6
6
11
7
10
18
10
5
19
9
16
6
8
12
6
13
16
16
13
8
9
14
14
9
0
70
268
204
233
54
315
77
184
188
346
339
67
12
124
29
219
346
324
221
251
16
65
46
122
228
36
192
234
299
192
185
130
7
169
188
194
2
177
282
311
56
333
250
221
334
45
213
121
164
347
192
249
207
245
31
118
35
156
198
17
120
281
275
284
71
352
133
238
260
420
412
134
64
154
103
281
422
402
244
321
98
141
99
190
291
68
212
269
383
243
247
145
70
208
203
207
43
246
317
347
130
393
264
281
405
63
276
147
224
382
206
326
263
293
94
182
84
232
245

4
60
14
13
14
6
11
11
8
13
19
8
16
19
18
12
14
13
14
13
7
18
17
19
7
18
10
15
5
11
12
13
7
17
6
11
8
20
15
5
10
18
9
10
20
6
19
15
16
5
6
10
6
13
12
9
12
10
10
7
6
14
0
282
180
125
195
25
246
56
219
252
140
1
322
65
144
53
105
137
14
127
306
204
244
156
294
178
49
78
112
152
73
47
93
192
17
4
186
208
316
126
296
83
191
210
190
357
125
218
238
40
32
62
136
131
57
115
110
61
341
174
72
357
233
164
259
84
300
133
285
262
217
45
347
81
177
124
181
200
60
182
393
228
271
179
311
204
118
141
148
223
151
108
99
230
42
33
213
222
376
148
310
122
276
255
250
375
167
272
257
106
94
135
195
156
138
144
169
81
374
218

5
60
19
17
12
9
8
8
16
19
10
19
13
18
20
9
16
6
6
5
12
12
18
9
8
9
17
14
11
8
20
9
13
19
14
11
13
10
19
8
19
13
14
5
9
18
17
13
12
18
20
18
7
17
12
16
11
10
7
7
16
16
0
356
257
247
246
279
78
47
383
321
234
44
131
5
202
62
386
36
367
224
252
181
236
324
163
296
89
165
114
17
4
25
287
256
97
163
221
74
202
81
302
256
115
373
175
143
177
52
169
216
201
0
351
104
37
370
196
223
156
228
37
420
287
283
304
325
125
66
443
387
314
109
185
44
270
112
459
42
452
247
320
194
315
337
250
372
128
232
169
100
47
99
378
308
184
211
242
149
222
164
357
278
181
396
194
168
238
105
213
311
217
19
391
169
72
418
259
242
204
279

6
60
19
6
18
5
8
8
10
9
17
11
13
6
15
19
15
8
18
8
15
13
10
20
8
13
14
12
11
11
8
6
10
7
20
10
6
7
9
13
13
10
6
17
19
18
10
10
9
14
14
19
15
6
8
10
9
10
15
18
12
11
0
333
324
57
275
267
70
261
8
133
126
282
135
96
16
268
345
161
207
26
239
3
4
73
313
345
38
242
325
68
146
64
138
126
263
15
109
296
111
43
59
181
322
124
301
70
63
339
210
312
210
265
285
131
31
113
8
202
319
228
75
408
388
127
334
319
97
278
62
145
175
290
176
144
45
309
374
227
252
48
268
35
74
153
344
364
55
293
336
117
159
103
180
150
300
57
130
359
181
92
77
227
395
201
374
124
135
387
271
362
238
298
361
189
85
149
35
286
335
243

7
60
19
13
13
12
17
9
16
9
19
11
11
14
18
11
8
11
10
12
9
16
13
14
20
10
6
13
16
16
15
18
8
11
19
13
20
19
10
19
15
7
12
7
16
11
7
14
6
6
18
5
10
14
20
8
13
7
10
15
14
17
0
284
102
340
318
348
210
268
158
31
67
192
182
356
103
55
122
146
371
335
303
296
73
235
159
380
121
266
181
369
311
162
124
90
242
238
371
369
162
231
75
4
90
253
113
224
348
219
239
383
277
61
25
9
234
174
266
195
150
172
63
337
143
354
347
431
290
283
182
93
130
229
259
368
163
122
136
177
449
402
365
326
121
298
231
460
192
340
263
417
327
248
158
106
311
324
392
438
180
246
155
11
155
268
167
308
382
262
318
399
356
131
103
32
299
211
331
286
222
198

8
60
12
11
12
14
14
19
15
6
8
18
15
15
16
10
12
17
9
11
11
17
6
18
10
16
10
5
16
10
15
12
16
17
20
8
15
17
15
19
9
12
7
8
11
19
11
13
19
5
8
7
7
16
18
11
12
9
18
14
17
15
0
135
298
150
239
374
155
134
86
244
117
32
147
378
380
90
71
103
249
330
12
36
219
128
199
353
87
86
213
280
332
245
329
317
315
128
79
19
161
91
246
172
262
172
380
263
231
166
337
77
140
235
264
184
70
345
192
115
43
160
56
180
354
167
283
451
239
209
151
326
182
83
163
426
397
148
80
133
280
388
65
101
280
178
248
358
126
101
244
345
371
307
417
367
362
163
168
63
225
119
260
254
304
223
423
332
320
195
410
138
157
280
296
231
157
384
264
157
73
206

9
60
10
10
12
6
16
14
20
15
12
9
11
8
17
7
18
16
7
14
6
13
14
7
9
6
12
9
6
9
7
9
19
15
16
18
14
6
19
7
17
7
17
17
12
13
20
6
7
11
14
7
16
15
19
15
13
20
15
19
9
14
0
101
134
240
368
127
261
56
131
61
297
94
239
80
263
303
240
207
196
80
245
142
321
221
365
82
124
334
305
312
23
31
294
114
186
100
259
135
196
6
255
194
89
242
180
371
109
300
320
357
93
12
353
65
305
265
227
198
142
27
47
148
200
291
456
144
314
121
176
76
360
134
294
153
290
334
266
266
231
105
272
174
334
257
383
156
176
383
340
360
115
101
331
144
240
127
284
214
214
59
285
284
107
261
206
436
129
316
398
415
137
31
404
119
378
288
253
258
179
112

10
60
19
13
10
12
15
13
14
19
17
8
6
17
7
15
6
5
11
11
7
9
11
5
7
5
8
19
11
14
12
11
17
9
15
14
16
17
12
12
15
18
15
13
13
17
15
19
14
16
10
13
16
16
11
13
7
20
18
16
14
14
0
278
272
376
28
329
143
183
12
286
8
302
269
340
167
115
56
287
245
41
59
158
251
320
101
195
122
121
139
234
265
209
210
300
20
273
209
148
43
318
201
330
124
303
191
207
371
114
68
113
367
222
195
8
359
85
260
281
248
58
87
316
296
392
97
407
163
219
40
298
77
331
311
389
228
189
123
333
320
90
87
215
265
365
149
238
144
194
197
272
352
270
283
374
61
304
249
190
106
360
276
374
145
385
279
260
438
201
101
145
431
314
243
62
401
105
301
315
321
102

11
60
14
19
15
12
13
12
18
19
16
8
15
9
17
16
9
10
5
6
18
8
12
10
9
16
7
16
14
14
10
12
18
5
7
10
16
14
8
15
8
11
17
9
10
20
17
8
8
20
14
16
7
13
20
17
12
18
6
12
9
11
0
230
215
100
214
236
264
308
257
82
153
138
246
225
366
325
287
16
254
214
140
177
98
119
123
324
278
265
173
138
73
108
40
144
286
125
25
112
144
26
329
117
222
30
305
377
325
294
212
370
299
211
354
156
261
229
193
245
296
356
63
307
279
164
289
278
290
339
312
117
174
196
327
294
436
388
293
81
335
271
213
229
108
142
147
344
318
298
222
169
127
181
94
159
367
190
54
188
186
73
420
194
291
118
384
387
371
334
262
437
310
244
409
182
317
302
261
328
368
418

12
60
10
20
7
19
14
18
7
14
16
7
12
15
13
19
16
10
13
10
18
12
11
9
20
13
6
11
13
16
10
13
6
12
12
14
18
6
16
17
6
18
18
11
12
17
10
10
12
14
9
19
17
14
6
5
10
12
14
14
14
18
0
135
71
66
142
372
62
175
338
141
79
201
91
46
325
248
228
175
383
291
207
331
302
59
252
266
151
32
143
250
84
136
295
217
61
243
96
146
100
231
297
294
211
239
177
82
116
8
132
42
209
285
30
226
23
155
118
239
271
218
56
178
96
100
199
440
117
201
367
211
154
271
157
84
346
320
280
226
472
327
225
379
371
131
286
303
196
115
218
277
103
173
360
246
82
269
121
190
158
311
341
376
237
256
208
105
201
83
180
136
248
303
76
299
96
207
185
293
356
287

13
60
9
17
19
8
10
12
11
12
19
11
9
17
7
18
7
12
17
19
9
14
16
20
11
13
19
13
13
19
12
6
5
15
6
17
5
11
11
18
13
12
7
14
10
17
5
10
17
18
9
20
6
11
14
12
14
18
10
15
6
7
0
131
166
210
195
255
234
145
91
347
205
350
286
222
298
241
244
268
201
267
271
60
265
64
333
267
358
250
345
139
284
276
293
11
235
312
254
349
297
331
175
8
103
257
239
268
293
338
166
15
98
346
152
311
234
160
301
305
165
324
33
171
190
268
245
299
256
195
136
390
272
386
295
242
330
265
269
335
244
334
333
154
335
134
353
291
389
309
378
205
324
348
338
36
242
393
303
415
315
392
223
53
120
288
260
311
351
369
176
47
159
402
233
374
318
181
344
373
178
339

14
60
16
16
7
11
16
11
6
13
5
18
20
17
6
17
10
9
13
18
9
19
20
16
14
5
9
12
6
19
11
16
17
15
18
17
6
7
19
11
14
9
16
12
20
17
12
6
6
18
18
7
10
6
10
10
19
8
19
16
6
6
0
94
27
338
267
205
166
130
332
356
31
80
357
178
380
282
366
27
209
338
201
79
74
77
245
108
335
309
193
192
48
120
150
119
110
24
179
35
40
262
299
103
376
127
107
189
55
165
3
13
7
189
163
7
39
296
9
294
255
98
91
170
65
409
310
260
215
216
355
375
89
119
403
216
417
333
444
64
275
415
224
114
89
124
314
191
352
369
210
247
125
160
223
204
156
106
257
112
112
294
327
123
432
212
130
202
68
217
34
58
79
270
217
49
113
364
83
380
317
141

15
60
6
6
19
7
15
8
13
18
18
16
11
17
10
12
5
17
6
14
16
15
15
9
13
18
13
5
20
19
9
8
12
7
14
15
13
17
15
11
15
5
9
13
14
9
14
12
9
16
8
12
12
16
13
18
7
16
10
9
9
17
0
91
89
7
232
294
149
216
182
187
175
127
183
366
179
80
149
352
264
210
8
282
89
59
183
60
311
64
150
209
105
287
57
207
324
119
171
27
52
279
144
311
216
31
328
180
156
261
39
36
63
124
221
156
27
121
205
209
45
88
23
131
166
31
310
369
173
263
259
227
224
173
247
396
204
142
179
411
286
239
38
346
105
92
256
84
333
93
208
276
180
302
82
264
368
146
244
106
98
317
175
385
299
78
398
208
190
334
83
94
146
176
279
208
95
209
258
275
121
136

16
60
14
17
12
16
13
17
13
14
17
7
10
18
7
9
14
17
16
7
18
14
14
8
10
5
8
16
9
13
11
17
10
15
8
11
15
9
12
14
10
11
19
6
17
6
6
15
13
12
6
10
8
9
10
10
8
18
5
5
12
5
0
68
255
204
344
90
139
181
296
101
242
258
345
22
323
340
273
119
231
139
198
9
339
10
29
336
193
169
301
321
184
248
221
182
61
316
72
223
142
78
334
41
84
160
140
75
29
133
292
244
17
286
244
1
61
74
195
106
261
251
37
85
304
265
412
136
170
209
366
125
321
301
362
64
395
357
316
154
295
205
225
50
360
21
47
381
268
249
334
384
206
286
256
212
86
336
89
270
188
101
406
48
145
221
155
123
75
190
324
304
77
305
254
46
119
115
258
160
290
311

17
60
8
18
13
12
16
18
11
12
8
17
18
10
20
19
16
15
17
16
13
12
11
9
10
18
13
8
18
11
10
10
18
12
7
11
19
7
17
17
8
19
19
5
14
19
17
18
13
10
8
11
18
10
7
6
9
13
9
11
6
5
0
376
335
211
376
68
12
351
15
211
89
144
150
167
113
175
32
143
381
70
182
174
33
232
327
8
150
119
372
287
248
116
223
224
298
362
272
260
116
117
267
277
147
267
319
314
140
228
218
139
104
330
41
373
36
157
160
8
140
87
38
454
410
292
417
143
72
408
41
230
119
189
201
236
161
251
91
192
428
123
194
196
105
290
375
34
178
152
400
360
282
173
249
257
351
417
310
328
129
208
323
344
171
294
356
359
198
255
238
209
146
360
114
446
100
176
174
88
182
143

18
60
9
17
8
19
9
10
14
14
9
9
15
10
14
16
9
11
7
12
7
12
12
12
9
6
9
7
7
10
16
17
19
11
9
18
14
14
11
7
16
11
16
20
7
7
5
17
6
17
14
11
10
18
16
11
7
17
8
10
9
6
0
194
310
297
235
288
258
234
338
1
21
23
9
67
28
63
127
182
315
253
103
68
348
209
249
93
157
92
201
124
169
107
292
317
102
28
62
64
242
286
90
213
240
57
275
241
132
163
71
31
120
288
86
16
338
68
62
292
269
194
76
234
335
349
256
329
292
249
413
42
84
60
64
88
86
87
167
205
348
319
157
81
389
252
285
111
204
139
241
170
231
148
367
364
182
46
112
78
282
340
137
271
271
120
282
295
204
239
106
64
145
369
135
89
399
124
132
323
332
203

19
60
8
10
12
18
19
15
14
11
10
7
5
10
13
6
19
12
12
11
12
10
18
14
16
15
14
14
19
7
10
6
8
8
15
5
18
9
16
5
17
16
15
19
7
7
12
13
11
18
18
11
11
11
6
10
11
18
15
8
18
5
0
236
254
1
154
195
154
206
286
168
30
308
179
295
148
175
215
352
38
95
186
305
156
10
143
158
189
102
175
122
75
150
176
90
137
70
100
187
226
174
315
293
102
260
25
287
200
80
263
24
292
302
328
50
296
327
16
258
357
77
32
251
285
78
199
275
238
239
316
191
35
365
236
355
228
187
291
404
102
144
212
338
201
96
201
195
212
154
237
136
106
202
220
117
182
103
116
251
255
231
331
325
129
289
83
351
266
169
309
38
341
373
400
94
343
363
47
328
376
153

20
60
10
9
19
14
15
11
17
12
9
14
11
18
7
17
11
17
6
13
17
13
6
20
18
14
16
20
11
18
11
7
16
19
9
8
20
18
7
13
7
16
15
8
19
16
7
12
13
15
15
11
13
10
12
6
5
14
17
12
9
16
0
272
169
265
230
157
153
172
323
307
349
34
9
10
29
315
132
339
164
123
237
188
389
122
184
53
347
128
218
310
52
386
108
349
375
170
75
116
240
2
229
295
200
338
70
344
14
299
223
361
296
189
167
142
136
90
366
246
378
236
55
355
220
299
303
220
233
260
344
392
371
67
81
36
66
397
161
370
204
168
314
212
450
146
210
115
428
161
248
362
122
473
179
363
415
232
156
190
247
59
250
365
267
377
151
356
45
366
287
421
348
208
222
151
203
154
451
322
427
322

21
60
14
15
11
12
13
12
5
7
11
5
12
14
15
5
7
11
19
14
20
10
13
7
15
5
9
15
10
15
20
13
12
17
18
12
9
19
8
19
11
6
8
8
19
19
17
7
7
10
13
5
8
20
14
10
9
6
14
16
19
6
0
312
197
140
58
206
280
167
48
191
311
204
19
79
27
84
256
199
107
160
288
25
210
197
89
197
151
31
321
211
45
95
63
68
84
138
353
306
115
358
104
80
58
26
286
311
222
345
66
33
61
146
51
181
177
162
307
65
359
157
18
333
260
219
98
269
322
240
64
235
384
275
91
101
52
157
321
231
177
216
301
87
292
251
139
248
164
68
405
263
77
181
139
117
125
189
396
351
188
428
115
97
90
98
331
367
236
378
132
51
86
220
72
199
207
194
328
110
418
194

22
60
16
17
5
16
8
20
9
8
14
9
9
14
9
16
7
13
6
17
8
8
6
6
9
14
15
17
13
19
12
7
11
5
20
10
11
8
6
9
7
12
19
14
8
16
18
8
14
18
6
5
14
15
9
20
15
13
8
14
11
10
0
74
134
313
67
213
191
113
92
342
247
20
157
72
289
278
131
266
340
166
108
14
298
270
119
334
246
195
211
134
193
89
286
233
128
178
330
274
48
12
72
132
153
38
109
100
163
193
25
250
38
226
104
263
24
312
61
115
205
340
82
113
192
391
84
298
202
167
120
420
318
62
216
118
307
315
140
307
365
216
165
33
335
290
149
375
296
252
263
174
252
94
342
265
175
236
364
345
124
83
147
147
214
111
189
113
196
273
74
315
54
283
160
317
58
381
94
145
235
412

23
60
10
9
16
17
8
20
9
14
7
8
12
13
12
18
18
8
9
6
17
18
17
13
18
16
15
15
17
17
19
7
12
14
15
9
7
11
17
7
15
6
9
10
11
9
18
19
12
20
15
19
12
12
11
12
18
15
16
13
15
7
0
382
366
207
345
88
387
312
63
2
21
143
389
79
215
130
270
203
305
390
53
199
374
209
323
24
354
186
252
223
281
150
364
205
372
344
190
381
208
190
74
162
36
146
360
236
309
185
116
347
113
6
75
179
81
34
93
117
167
41
45
392
431
293
370
145
449
341
124
36
103
196
460
138
233
195
347
259
390
462
130
237
443
247
352
90
415
263
346
276
364
198
408
252
415
425
223
439
299
220
105
186
113
223
388
315
383
258
163
436
154
60
144
198
123
102
162
180
235
119

24
60
9
10
13
9
9
16
7
17
6
17
18
8
15
16
19
8
15
12
16
14
15
10
15
8
19
11
5
9
17
10
19
12
12
16
15
14
12
18
12
14
19
12
17
19
14
14
11
17
14
17
12
20
8
9
18
12
6
9
16
8
0
45
52
244
22
3
1
25
184
329
207
380
371
74
87
149
354
216
367
164
264
176
394
293
244
89
228
339
357
349
291
331
367
341
295
255
394
70
101
279
86
335
266
351
72
388
208
220
177
176
34
330
148
201
7
295
118
161
147
159
59
69
117
320
102
75
35
105
207
380
261
456
407
124
160
185
392
280
439
221
295
244
485
326
279
120
298
418
377
435
330
418
416
417
377
319
471
158
153
345
131
364
324
377
101
410
249
256
263
236
47
418
229
244
91
331
131
181
185
234

25
60
5
15
9
17
18
12
5
10
13
8
8
13
14
5
9
9
16
18
19
8
10
5
14
9
13
6
11
5
14
15
7
14
14
17
16
18
5
9
16
11
19
17
17
13
18
10
10
11
18
8
20
15
13
12
13
18
6
15
15
12
0
7
141
23
173
57
41
182
57
223
341
212
191
112
251
32
199
295
281
157
362
189
107
181
295
29
116
301
337
266
291
71
151
73
301
230
334
150
8
291
56
41
178
338
239
313
33
97
94
207
300
7
244
362
254
336
246
95
6
96
12
90
195
103
223
120
88
213
125
239
377
241
225
163
325
48
220
316
369
233
381
197
129
231
337
80
167
309
352
353
303
135
189
105
374
318
405
214
44
336
84
76
239
411
307
389
54
134
136
252
367
26
285
433
290
381
284
179
60
119

26
60
11
18
20
16
17
8
12
8
19
8
14
11
11
18
14
5
10
10
10
18
9
20
7
7
6
5
6
16
10
15
18
18
8
6
10
6
19
18
10
15
11
13
7
10
9
9
18
15
19
20
11
14
19
12
19
18
19
13
6
16
0
305
214
107
72
178
191
259
67
178
36
266
360
5
13
282
143
229
345
163
380
20
213
226
211
317
360
378
214
240
325
43
164
0
261
11
234
56
285
246
161
189
34
113
347
103
170
25
186
262
103
293
253
353
173
364
228
204
270
338
73
358
245
190
153
207
215
337
160
255
125
343
381
45
39
320
222
269
376
251
435
41
229
307
272
370
418
444
261
257
353
112
224
51
289
32
314
96
318
281
213
219
46
126
398
148
247
114
256
316
166
314
313
393
219
430
297
221
348
423

27
60
18
13
17
20
14
19
14
19
6
19
14
19
20
10
13
18
17
18
14
9
11
8
12
12
6
18
5
18
10
17
14
19
11
14
10
19
11
8
11
18
11
12
14
10
11
9
13
6
18
16
10
8
13
10
7
18
16
16
9
10
0
1
127
230
386
188
394
284
56
130
373
131
356
113
155
58
166
83
339
350
181
292
151
387
83
42
54
272
96
52
301
209
112
150
311
237
123
208
312
345
349
29
128
363
394
102
164
57
226
138
253
28
315
90
236
243
108
189
322
392
57
70
203
269
427
249
421
378
84
216
414
229
442
178
203
93
188
158
402
413
255
307
163
418
162
68
87
329
175
100
337
262
170
228
395
264
199
294
343
409
377
91
167
407
426
163
188
64
253
230
290
36
378
111
252
277
180
206
407
404

28
60
6
6
9
7
13
15
17
19
12
14
14
7
13
20
14
15
20
18
5
16
7
8
8
13
7
14
19
11
6
13
19
17
10
6
10
17
11
13
6
16
14
16
12
19
14
19
12
10
9
13
12
11
9
14
6
17
17
5
6
19
0
329
44
74
184
303
119
244
304
52
133
302
212
39
23
370
309
318
167
121
76
22
167
243
274
153
26
75
189
328
91
58
201
57
55
298
3
48
112
141
103
349
72
125
299
117
270
31
173
301
104
359
107
243
242
207
62
297
240
366
47
403
101
109
248
381
203
275
343
97
205
333
289
124
104
403
392
347
190
166
88
100
189
287
331
241
93
152
247
380
119
88
281
70
136
376
45
61
160
231
175
392
156
153
385
146
302
72
206
317
157
396
158
317
309
227
125
341
273
400

29
60
6
17
9
17
18
7
9
10
13
15
9
9
14
8
12
8
14
18
5
5
20
20
5
8
13
19
16
11
14
9
7
17
13
16
15
8
15
9
8
12
9
18
19
8
9
14
10
16
11
10
16
12
16
12
10
5
7
5
10
12
0
31
225
220
241
75
242
341
310
306
100
237
265
301
297
188
107
170
321
340
239
269
259
310
201
246
176
241
167
83
203
26
116
323
265
2
282
246
291
198
272
21
156
2
94
309
223
303
158
24
321
64
286
226
130
328
89
12
237
221
21
78
256
246
291
148
262
408
377
343
142
305
349
314
350
265
121
238
357
389
308
358
330
334
260
313
230
265
239
103
214
51
170
400
346
60
340
270
367
278
281
43
242
14
173
385
238
374
220
62
371
109
332
264
200
388
133
32
289
294

30
60
18
14
10
13
16
11
7
18
17
19
17
18
16
13
14
12
12
14
17
20
19
14
5
19
10
12
6
18
13
8
19
7
8
6
14
15
13
13
16
15
9
13
17
8
19
6
18
5
11
12
8
13
19
14
9
11
9
17
13
19
0
213
72
354
392
9
178
218
277
282
153
173
354
271
163
299
50
135
226
44
328
49
398
94
334
346
184
225
112
200
351
269
335
82
203
381
157
273
276
171
76
300
319
41
158
331
124
316
107
220
257
319
294
46
284
143
279
218
302
98
80
269
121
406
478
98
191
282
310
372
249
269
382
357
196
356
132
219
247
120
392
133
447
146
389
377
219
290
149
259
434
329
349
99
260
438
228
292
331
207
98
364
390
87
177
356
207
379
193
252
314
396
346
95
310
192
290
283
385
157

