1
7
16
11
12
7
7
6
9
0
0
21
13
27
5
8
19
12
36
21
34
13
20

2
7
7
9
16
20
13
12
14
0
28
36
6
22
45
5
8
43
56
29
42
57
20

3
7
6
19
14
5
7
7
15
0
30
24
25
28
9
2
8
51
44
34
39
22
18

4
7
7
6
14
15
16
16
18
0
12
25
29
21
28
39
11
20
43
51
37
52
66

5
7
13
7
8
18
11
7
6
0
19
34
2
34
0
3
15
30
44
22
45
11
9

6
7
17
13
13
19
16
16
10
0
44
14
24
34
20
44
23
62
34
44
60
41
58

7
7
9
11
11
18
16
8
12
0
1
8
17
12
0
28
14
16
25
43
28
11
42

8
7
14
14
16
14
8
13
15
0
1
8
22
25
17
30
19
19
26
37
38
30
53

9
7
9
13
18
8
13
18
17
0
45
24
7
23
20
39
13
61
45
22
44
47
60

10
7
12
20
8
7
14
6
9
0
1
16
22
27
5
32
16
23
25
35
48
12
43

11
7
15
7
14
16
6
19
19
0
21
2
43
34
25
46
22
37
24
62
45
49
65

12
7
15
19
6
10
18
5
10
0
10
12
27
27
4
17
18
32
19
41
52
11
35

13
7
10
11
20
8
16
5
12
0
27
27
16
3
24
40
14
38
54
30
25
31
53

14
7
8
15
15
12
7
6
14
0
22
9
0
12
4
11
12
42
26
18
25
15
32

15
7
14
6
7
16
14
7
16
0
33
20
14
20
29
7
18
44
34
36
36
38
24

16
7
13
5
11
8
7
17
9
0
6
12
10
0
4
32
17
17
24
23
8
25
47

17
7
14
9
19
19
18
15
16
0
54
5
42
37
50
30
18
65
31
68
56
68
55

18
7
10
8
17
19
19
14
13
0
9
36
13
20
9
4
18
20
60
41
43
31
21

19
7
18
16
13
14
14
16
12
0
13
9
50
49
5
2
21
37
23
69
69
26
21

20
7
15
17
7
19
12
13
10
0
31
45
6
28
7
33
21
53
56
25
42
23
49

21
7
12
20
7
8
13
13
11
0
34
38
6
27
26
0
13
54
49
22
42
41
18

22
7
15
19
15
8
17
13
9
0
25
2
17
17
1
45
18
49
19
25
37
20
63

23
7
20
15
6
20
5
11
16
0
25
4
30
12
14
38
27
40
16
56
23
31
57

24
7
6
7
7
10
12
16
17
0
31
35
13
17
35
8
8
45
48
23
35
51
29

25
7
6
8
9
10
7
19
7
0
5
20
27
29
11
17
10
17
34
39
42
31
25

26
7
10
19
14
7
12
12
7
0
33
27
18
5
26
20
11
59
42
28
17
40
34

27
7
9
8
15
10
16
20
10
0
2
38
25
32
29
25
13
13
54
36
48
51
36

28
7
7
7
11
14
15
9
17
0
26
16
40
27
35
32
9
36
34
55
49
48
53

29
7
8
9
11
13
5
8
8
0
25
14
10
27
27
30
13
37
29
25
34
35
39

30
7
5
12
8
15
6
6
17
0
18
17
16
9
0
17
7
35
26
31
16
12
40

