1
100
10
13
7
19
19
16
6
13
15
17
5
16
8
16
13
8
10
12
6
12
12
6
16
13
20
18
5
6
15
7
15
19
17
16
17
18
14
7
8
12
5
14
17
15
20
8
8
11
18
12
13
16
16
7
7
12
6
13
16
10
12
15
11
10
8
7
5
19
20
10
7
18
10
13
19
19
18
10
6
9
15
12
13
20
8
7
9
16
13
18
12
8
16
7
11
17
5
16
6
16
0
456
238
681
470
458
328
545
113
260
556
493
713
332
909
533
9
698
696
429
541
774
530
352
849
807
460
127
183
874
753
690
247
385
270
736
97
534
814
501
196
588
299
88
601
661
765
593
26
6
184
53
221
693
544
837
151
132
253
90
191
876
563
264
821
738
538
196
251
21
81
77
534
14
372
253
594
801
814
274
591
379
426
429
680
317
896
101
25
503
680
756
486
260
573
476
392
425
836
833
74
535
260
704
612
513
383
633
172
302
584
585
825
369
939
553
23
828
816
513
676
885
641
470
958
885
524
228
209
881
853
807
298
413
323
848
194
567
890
596
243
654
438
131
630
704
834
658
46
46
302
125
356
779
668
947
190
193
390
217
268
993
579
382
937
867
548
231
296
51
179
105
544
85
468
303
630
877
877
401
663
397
472
495
717
355
962
149
107
532
702
818
593
277
671
512
463
531
964
919

2
100
14
11
12
12
15
14
15
11
9
12
14
8
6
14
18
13
13
17
8
19
18
19
18
8
8
16
6
15
11
8
19
5
8
19
5
13
14
10
16
17
7
12
8
15
11
11
13
14
19
9
15
12
11
15
14
15
15
12
8
12
13
11
15
19
19
14
7
18
20
12
15
9
17
14
5
20
5
7
8
17
20
8
20
13
9
7
16
18
12
18
18
15
18
17
12
11
20
20
10
10
0
789
54
511
24
589
740
722
762
249
826
34
15
574
227
93
5
488
658
773
313
201
202
372
357
295
108
425
845
941
378
873
653
49
509
397
873
472
650
479
643
457
847
392
462
95
504
420
550
930
678
505
99
955
505
767
751
542
202
982
434
876
971
497
597
583
472
623
175
673
756
142
306
846
764
727
19
245
103
136
33
455
13
784
791
213
659
749
41
305
341
697
725
231
700
686
10
201
857
660
113
915
108
552
98
677
815
822
775
285
948
45
56
689
338
195
90
612
706
879
386
240
226
415
480
420
148
517
952
1023
515
895
663
86
559
526
994
562
674
498
703
528
890
481
491
173
534
480
700
944
805
581
130
1045
532
853
836
679
227
1122
534
920
994
621
733
720
563
768
219
807
775
239
398
862
876
859
95
281
231
176
97
539
98
913
870
345
753
839
170
354
436
751
837
350
729
775
137
244
973
795

3
100
10
11
6
16
13
9
14
15
11
10
20
15
9
13
8
8
18
14
18
12
15
17
15
15
18
13
7
14
17
7
8
20
7
16
8
13
15
18
15
12
16
8
12
12
7
11
17
10
13
16
14
14
8
5
8
17
6
17
12
7
10
13
5
17
12
13
15
10
7
7
14
9
13
7
19
12
13
5
16
19
18
11
15
12
8
18
18
7
10
17
15
12
12
12
7
19
7
13
6
18
0
381
514
878
797
670
222
93
484
908
728
366
283
293
599
281
653
894
512
903
733
637
654
679
237
753
390
273
459
110
7
229
656
564
142
19
585
431
552
924
806
181
343
802
342
281
390
903
89
380
770
673
380
235
433
697
163
413
321
914
165
368
418
277
755
316
297
816
588
764
169
876
712
552
839
25
665
285
498
413
567
839
718
75
380
110
37
200
95
19
517
446
407
875
102
597
183
705
795
332
81
505
630
961
892
688
348
177
568
1021
837
476
335
349
717
385
773
960
562
1022
755
742
766
798
298
861
418
406
482
184
134
260
765
691
212
117
620
460
607
1047
934
241
432
847
422
318
417
954
145
436
892
777
417
267
461
827
249
546
425
950
264
493
455
354
816
448
401
892
599
845
244
920
752
637
956
106
772
346
597
438
626
854
799
100
507
225
84
245
194
102
632
545
507
960
204
707
311
757
818
415

4
100
8
7
7
16
16
6
15
13
11
14
11
5
17
17
17
14
16
8
19
11
14
15
9
18
15
18
19
17
18
8
9
11
15
15
12
5
10
11
14
10
10
15
10
6
10
17
6
5
8
15
15
12
5
12
20
14
12
13
13
12
7
19
13
7
16
16
20
16
14
8
19
12
11
8
7
18
11
12
17
14
8
7
8
11
10
7
14
20
19
20
18
8
11
16
9
6
17
14
15
8
0
596
189
690
566
550
378
546
824
768
28
233
645
591
852
564
845
458
837
749
349
338
6
468
397
823
65
581
662
348
661
855
564
297
148
127
752
179
773
125
227
293
813
519
37
620
822
496
539
217
882
81
381
883
42
528
133
581
204
758
887
125
286
437
771
132
754
104
323
510
610
482
914
136
343
771
597
521
439
886
661
810
531
854
36
124
21
456
248
203
573
790
850
896
61
493
534
246
867
519
109
623
268
816
687
588
511
564
928
875
119
267
709
653
878
654
922
532
906
776
419
470
100
569
537
946
109
683
720
417
712
898
585
402
265
233
811
222
794
150
354
409
932
548
104
684
927
555
578
343
918
189
403
984
174
559
260
715
277
885
936
181
410
560
814
154
797
152
457
567
653
601
928
208
374
790
684
557
467
968
683
832
646
873
115
147
130
477
348
304
611
881
945
1012
128
521
642
276
997
605

5
100
15
14
18
20
7
16
7
10
9
17
10
5
7
9
13
7
15
11
17
19
12
11
6
16
7
17
20
13
9
7
18
15
11
11
14
6
15
13
17
6
14
16
6
17
15
14
16
11
10
12
13
13
17
16
14
9
10
15
10
11
18
10
10
14
17
6
19
15
10
7
17
17
15
9
13
16
10
12
15
18
6
18
15
8
14
14
13
20
15
14
14
6
16
7
9
6
11
11
14
8
0
0
879
199
171
239
375
420
630
925
349
845
664
234
773
632
373
902
835
283
785
255
240
654
809
432
227
46
901
322
66
119
54
937
379
738
518
802
603
184
247
827
38
607
666
907
148
281
345
175
627
838
283
117
70
637
806
791
356
593
721
677
159
201
383
765
231
654
483
782
226
345
104
433
293
579
908
133
394
197
300
924
207
700
195
892
107
582
111
939
444
460
271
290
541
531
400
242
284
640
29
53
907
286
267
314
405
436
764
1001
457
864
715
278
907
747
488
944
863
379
872
305
321
749
909
535
346
172
930
381
154
134
165
972
483
786
592
935
722
281
352
897
54
721
741
961
223
390
447
227
687
952
319
192
84
722
913
834
489
604
813
768
192
274
454
791
294
718
582
816
309
481
181
475
407
715
994
221
468
285
314
972
222
750
279
959
130
662
176
960
580
548
359
374
609
587
445
339
402
697

6
100
15
18
17
13
5
5
7
12
14
19
18
17
9
18
15
11
12
11
11
18
6
7
8
15
18
9
18
15
20
5
15
6
11
16
8
19
12
12
17
7
6
10
15
14
8
17
15
9
12
18
14
18
15
7
18
19
8
16
6
15
15
7
6
6
20
20
14
19
11
10
10
19
17
8
6
15
7
13
6
7
6
16
14
8
10
13
16
10
6
14
16
9
16
19
17
9
10
7
19
5
0
703
758
721
552
189
148
399
175
727
181
438
284
617
923
342
920
798
561
182
699
81
506
811
10
121
841
366
418
348
724
170
163
829
173
898
157
743
100
267
777
192
736
193
95
461
8
126
19
225
400
371
150
523
654
513
768
132
447
898
379
715
930
662
798
542
339
283
558
852
231
270
819
853
71
228
816
746
408
196
504
907
769
81
508
767
354
17
220
430
745
288
22
184
48
831
91
6
63
822
124
821
781
766
570
294
229
436
313
831
223
464
334
750
987
436
1045
819
596
284
742
112
612
936
52
158
921
417
495
446
838
229
178
926
216
939
272
779
201
319
893
222
811
253
193
526
91
163
69
300
419
398
238
636
693
631
882
188
477
991
397
821
1041
712
834
625
475
324
681
960
293
370
959
881
176
356
893
766
469
262
611
1044
795
205
545
824
424
128
344
552
792
394
90
270
99
928
132
57
139
895

7
100
15
16
16
15
17
13
18
15
9
5
6
17
13
14
18
7
17
5
18
10
12
7
6
17
17
17
19
8
13
6
10
16
7
13
8
15
16
19
17
15
15
17
7
8
14
6
20
15
14
14
13
12
12
10
10
18
17
16
12
8
7
12
12
10
14
6
11
14
11
6
18
9
9
9
7
12
8
8
13
16
8
8
8
19
19
13
6
9
16
5
8
15
8
8
5
8
6
17
12
19
0
374
466
649
760
55
718
344
775
434
593
807
620
845
359
534
120
11
654
396
538
186
585
395
367
873
851
392
65
133
350
406
805
259
596
186
904
482
54
901
368
663
862
491
906
462
102
43
72
709
758
17
417
537
28
81
588
629
110
417
134
693
5
110
371
614
802
471
421
657
190
737
706
179
509
350
301
224
646
696
447
362
614
559
625
608
15
837
379
595
171
86
568
466
195
61
899
228
416
100
31
415
576
722
812
88
839
427
843
556
715
910
721
863
493
579
167
110
773
462
593
212
646
487
491
949
988
477
177
223
426
508
818
283
689
252
1031
619
83
979
435
685
871
575
1017
578
161
119
118
817
788
34
522
613
58
173
663
683
203
542
231
795
47
161
437
620
854
587
468
781
266
861
749
231
573
367
355
263
693
813
459
379
741
669
719
643
73
957
407
619
186
219
606
491
263
103
981
258
481
208

8
100
16
13
6
18
10
10
9
9
17
10
9
9
20
14
17
12
13
12
10
15
14
16
10
11
13
15
9
7
7
7
7
18
7
7
19
13
20
19
18
11
6
12
15
19
16
17
13
18
16
18
16
9
20
7
7
14
10
8
10
16
16
9
6
17
6
7
18
12
17
14
5
9
16
20
16
11
19
16
10
10
8
18
13
12
12
9
10
20
7
12
10
9
6
9
7
17
18
6
15
13
0
592
425
825
532
150
220
483
456
614
785
869
114
480
795
507
156
241
356
425
485
113
435
828
64
280
379
700
81
397
454
147
801
264
883
107
672
282
584
173
171
800
198
395
242
832
417
328
614
877
216
235
28
17
45
531
854
448
529
641
447
270
808
822
777
783
168
670
872
704
540
633
802
728
407
269
477
220
174
518
441
100
182
888
123
257
162
724
712
868
64
130
625
648
752
346
121
477
726
96
41
701
500
951
558
260
307
544
528
636
876
956
187
564
830
539
194
375
467
543
608
141
544
927
91
359
501
714
177
487
569
177
847
307
907
186
806
358
656
198
226
900
275
533
337
879
491
462
683
1006
352
365
149
100
73
594
870
493
642
692
566
384
831
955
884
900
256
728
938
774
551
653
882
861
466
383
555
269
205
614
540
168
280
942
183
293
189
821
782
909
100
175
754
745
857
394
145
579
824
230

9
100
6
14
8
12
15
8
18
12
14
18
15
9
18
14
5
20
16
18
8
8
9
8
17
8
5
7
13
6
7
18
19
18
14
19
6
16
14
18
18
18
20
13
19
19
10
7
6
18
8
14
9
10
19
14
9
7
19
6
15
18
20
15
5
10
6
14
12
17
17
14
20
8
17
16
14
9
11
12
20
17
12
16
5
15
18
16
11
20
8
15
5
13
9
12
12
18
17
19
16
6
0
424
953
25
255
585
230
599
420
192
555
892
605
509
523
406
231
160
334
10
648
437
237
824
241
444
973
87
574
415
329
613
258
579
110
818
894
148
936
625
809
521
136
36
932
555
638
114
474
790
892
895
894
534
277
34
709
770
840
488
610
726
497
573
476
76
812
224
854
524
892
773
331
51
516
585
377
124
745
240
250
468
561
941
417
723
383
974
28
283
196
451
13
915
201
475
301
485
563
84
107
450
1000
130
302
616
342
721
487
340
664
961
728
610
543
431
350
244
386
100
741
546
365
929
337
508
1034
192
670
461
409
671
292
658
178
914
938
180
1004
650
882
567
227
181
1045
646
773
141
547
888
909
958
973
657
324
61
797
903
868
553
759
793
538
692
544
163
949
267
922
646
1020
854
437
101
586
657
425
196
802
259
386
508
652
996
536
848
480
1063
67
369
285
568
150
1057
270
574
327
579
632
186

10
100
8
6
5
16
12
15
15
9
16
19
16
18
12
12
10
18
9
19
16
16
13
11
11
6
18
16
5
15
8
20
15
20
14
11
13
18
17
10
17
7
6
16
18
14
8
7
13
6
6
6
5
15
18
8
20
17
7
6
17
5
6
13
15
9
18
8
16
12
16
13
11
11
13
7
14
9
10
6
17
14
15
18
14
8
17
15
6
20
18
10
7
16
15
9
13
12
16
12
13
19
0
192
712
328
813
815
433
657
876
801
370
830
422
5
939
156
349
674
902
478
258
442
551
62
818
14
515
612
822
286
122
466
683
30
672
503
911
94
528
555
700
664
607
543
322
368
565
215
124
798
481
362
795
642
623
327
541
9
862
365
437
110
821
822
361
899
447
82
570
732
194
269
774
682
505
893
405
524
730
788
481
376
942
823
334
691
181
305
945
403
256
349
622
100
118
543
405
567
345
266
36
298
832
404
866
911
459
687
944
900
430
938
503
75
997
213
360
722
992
496
312
574
660
113
889
106
536
647
884
372
262
553
799
101
809
587
987
120
622
635
772
703
746
589
374
381
694
248
204
831
491
390
911
677
756
377
582
62
990
478
567
145
868
886
488
976
526
148
646
836
291
367
856
707
520
966
416
537
764
831
537
406
1022
947
426
794
229
346
991
482
287
432
728
226
172
645
476
596
399
392

11
100
14
18
8
7
16
18
15
8
15
9
18
8
6
16
17
12
6
17
7
9
18
16
14
16
10
5
15
9
6
17
7
7
8
20
9
16
5
7
19
14
13
12
7
6
6
9
11
11
12
19
13
5
9
17
13
14
11
15
19
7
19
11
9
8
12
10
9
11
15
6
12
17
17
9
11
19
10
12
14
19
8
8
6
19
5
8
6
5
17
19
9
13
14
11
20
15
18
5
6
10
0
486
270
768
447
609
137
243
109
122
320
464
136
520
703
637
561
313
600
104
408
195
650
764
743
196
387
258
827
699
183
463
689
143
694
382
846
429
522
617
65
414
311
61
535
40
670
459
52
819
383
357
85
377
40
304
473
482
670
828
751
532
769
845
125
383
799
214
146
435
812
787
330
688
291
782
505
10
22
803
173
845
43
351
648
223
564
495
275
686
795
411
30
687
796
805
25
750
400
151
105
508
323
816
554
633
218
298
240
243
391
539
166
558
781
691
665
394
631
189
544
290
762
805
841
294
414
293
854
765
265
572
707
221
721
499
872
534
627
731
127
468
412
126
590
158
710
509
125
861
440
365
162
456
164
353
591
516
712
836
829
625
784
943
141
422
841
281
239
460
932
830
362
788
388
912
551
135
42
839
249
865
126
419
677
250
571
571
301
756
897
503
50
788
902
829
72
841
494
226

12
100
12
14
14
10
5
16
17
11
13
15
7
11
12
8
12
17
8
19
8
17
12
8
11
18
6
8
6
17
20
11
11
16
18
10
15
16
14
18
13
17
17
18
7
12
8
13
7
11
19
16
8
11
5
5
12
14
18
9
18
16
7
16
6
18
13
20
12
16
7
16
9
7
7
5
6
13
14
20
18
17
6
19
19
13
8
14
11
6
19
12
12
11
10
9
11
7
7
16
15
12
0
401
65
250
772
626
35
313
528
71
624
806
755
403
501
743
305
189
479
259
798
101
82
347
111
715
547
1
102
369
231
358
838
57
464
734
505
556
375
772
238
599
605
130
523
809
923
615
484
858
509
348
650
98
814
644
62
316
201
344
415
403
762
130
640
172
702
846
204
329
107
723
118
37
16
601
401
452
290
677
658
786
374
659
655
883
76
806
112
551
735
852
188
347
195
801
283
590
545
592
22
478
166
362
835
720
163
354
552
149
635
894
798
427
617
790
343
306
549
368
929
199
211
482
202
788
642
127
122
491
337
483
935
166
507
755
564
631
444
876
315
660
641
190
568
897
1011
731
622
990
576
433
662
178
874
744
141
371
243
476
523
435
782
206
738
206
750
972
293
370
226
817
232
109
86
671
511
563
392
730
761
911
498
683
744
988
187
845
193
629
748
885
268
373
263
824
325
665
563
633

13
100
5
8
11
17
16
17
5
15
11
15
16
9
19
7
5
10
17
9
19
16
18
17
6
7
18
10
15
12
17
7
6
10
17
12
9
13
18
20
11
10
14
7
17
10
18
15
19
16
9
7
13
19
5
6
16
17
5
19
15
6
18
10
14
19
9
15
17
8
11
7
18
6
16
15
15
5
12
8
5
8
14
15
12
18
15
13
6
13
9
14
11
11
10
15
11
6
10
5
9
7
0
580
314
87
820
713
293
382
624
557
860
225
35
256
66
465
121
766
301
461
66
486
768
747
644
422
758
609
246
740
558
15
562
217
26
376
330
556
765
855
605
694
109
150
880
361
145
487
430
724
856
79
558
474
633
819
300
656
529
176
370
212
6
420
609
113
586
531
287
747
590
248
145
458
113
737
70
808
334
402
389
91
829
332
669
674
832
624
376
778
835
266
731
831
448
0
303
450
760
844
10
686
423
160
870
818
360
489
741
629
973
253
110
335
187
526
190
833
428
505
87
612
892
852
683
548
773
630
327
848
612
61
607
319
42
460
356
651
776
880
653
778
153
238
1015
425
281
611
449
827
953
176
581
503
654
851
383
706
560
201
399
332
55
448
738
200
697
629
351
831
663
321
237
554
136
850
107
930
456
520
465
172
843
354
764
725
908
655
474
850
862
369
832
938
535
29
413
466
889
861

14
100
8
13
19
8
15
14
11
19
11
18
7
7
19
10
9
13
10
7
8
10
11
6
19
11
7
16
15
6
15
16
11
17
8
10
13
17
12
10
19
17
14
8
18
18
18
14
10
11
19
18
14
14
19
9
5
15
17
11
18
16
16
18
10
5
19
9
15
14
14
12
6
13
17
7
14
16
12
13
6
17
20
19
17
12
7
6
15
8
9
15
16
14
18
13
18
5
6
5
17
9
0
59
306
875
335
906
254
8
87
107
118
698
892
6
32
717
15
105
232
727
487
735
729
89
763
129
601
555
78
62
399
597
227
156
155
77
312
802
325
895
681
578
65
275
139
422
187
737
732
435
395
760
340
621
52
747
826
86
727
795
453
221
579
857
237
649
897
925
626
181
456
316
897
188
892
392
701
570
676
208
782
112
874
926
386
63
300
821
864
644
352
562
504
832
13
568
658
739
366
552
77
152
330
924
431
988
268
77
101
213
141
786
1013
76
152
745
73
124
310
804
568
769
832
161
846
164
661
668
149
80
413
688
264
254
258
120
350
899
401
938
747
698
124
384
268
474
225
844
755
546
416
794
483
694
136
864
852
119
824
927
589
290
612
902
382
760
963
991
715
203
472
387
948
217
959
449
805
682
765
227
821
240
945
972
503
155
318
891
920
778
379
606
539
884
151
670
678
784
426
629

15
100
9
14
14
11
6
13
17
12
14
12
15
16
13
9
12
13
12
9
11
7
19
10
10
11
13
13
8
13
19
12
5
10
7
13
11
5
9
17
9
9
8
12
12
10
7
15
11
17
13
10
7
5
9
7
7
7
6
9
13
20
18
12
9
16
18
12
16
18
9
17
15
7
17
6
7
5
15
15
14
20
9
8
9
6
18
6
14
11
11
7
11
20
8
10
5
16
11
14
14
7
0
663
77
248
414
232
101
418
419
124
668
683
263
570
566
663
666
269
695
179
177
481
106
64
187
426
845
654
519
301
315
686
686
187
258
610
827
803
723
120
180
426
370
795
30
816
766
217
370
105
699
508
651
123
574
432
777
95
325
38
628
744
567
750
313
197
771
627
313
570
730
406
237
591
818
237
542
34
434
166
772
800
459
612
375
264
505
403
838
489
231
679
544
495
674
151
46
368
226
386
82
776
110
333
469
328
183
475
513
176
740
794
357
621
613
769
766
360
718
247
196
535
155
95
200
515
904
763
622
366
398
724
794
255
297
686
845
894
781
142
189
533
416
826
45
844
819
281
433
183
807
516
686
143
603
517
861
200
425
146
751
759
618
857
373
321
891
658
355
646
812
474
311
707
906
247
651
148
548
223
813
883
575
628
454
309
556
420
926
536
271
774
643
600
725
170
115
423
286
467

16
100
17
12
20
6
8
16
19
5
12
10
18
15
9
8
16
14
12
15
7
10
7
20
18
20
8
14
17
8
18
7
11
13
18
13
12
10
12
16
15
12
8
10
10
15
14
19
7
9
9
17
19
17
11
5
18
20
14
8
12
16
8
12
19
16
16
20
18
10
13
19
18
12
17
14
7
8
14
10
10
13
15
10
20
6
19
9
6
16
8
10
9
13
10
17
12
9
18
20
16
9
0
65
65
19
29
703
4
29
951
605
127
101
614
330
962
332
25
297
198
558
939
707
859
856
598
354
335
876
660
718
697
756
696
705
176
937
802
147
366
683
318
363
760
448
602
352
527
77
785
361
613
923
340
666
708
921
303
458
737
474
379
298
454
391
387
362
939
921
327
834
594
718
698
594
184
869
282
566
729
125
830
43
3
139
238
174
746
8
265
5
209
898
592
227
503
21
410
31
594
616
126
112
166
106
156
752
129
71
993
677
198
159
737
393
1015
414
142
440
326
635
999
789
934
913
646
475
375
1005
696
839
818
780
764
784
236
1048
941
217
464
817
433
398
816
520
732
469
662
198
921
446
657
1047
470
744
815
952
351
473
855
534
413
341
595
510
507
423
1065
995
371
894
636
801
742
676
250
891
318
635
753
181
908
169
94
168
292
192
847
52
273
85
321
956
670
323
602
110
520
65
613
752

17
100
10
11
12
8
10
19
14
19
9
6
8
13
17
17
5
16
9
20
18
20
18
13
13
20
10
14
11
18
12
19
20
10
7
7
7
12
18
12
16
9
6
11
11
11
9
16
15
14
18
12
5
7
19
6
12
7
6
6
18
8
10
14
17
15
17
10
9
8
11
5
17
15
14
8
9
11
19
14
14
16
11
16
12
16
7
14
6
15
12
19
14
16
8
11
13
17
17
17
12
16
0
93
826
730
231
363
518
945
277
564
208
878
42
508
317
157
344
59
472
831
324
650
283
402
902
725
330
391
563
909
524
916
821
79
160
657
269
33
632
223
271
878
877
752
251
103
757
518
876
219
560
363
697
920
423
773
755
592
208
500
788
194
785
402
620
171
601
580
811
513
838
198
949
309
699
372
113
276
860
549
724
805
437
163
400
898
756
708
542
47
313
97
132
827
889
88
635
9
619
578
131
122
926
821
298
506
574
1082
312
636
289
987
138
642
363
279
461
143
607
942
468
678
383
469
921
807
388
502
684
1051
578
1027
890
135
264
778
296
155
654
318
282
957
999
780
345
151
780
535
943
334
639
470
741
1015
555
855
773
609
325
592
872
239
826
458
673
190
726
667
909
613
966
326
967
360
714
415
190
342
899
613
773
864
531
245
499
968
818
731
626
148
452
200
217
940
1000
152
658
64
644
630

18
100
13
7
12
19
13
8
12
8
19
16
19
14
16
17
8
5
13
16
7
7
17
15
19
8
6
11
5
7
11
12
12
16
9
11
7
5
15
16
15
15
13
11
6
11
18
8
11
19
18
18
15
7
18
18
16
6
14
13
14
18
18
7
9
10
19
13
17
15
15
16
10
16
19
9
7
14
13
18
14
10
15
16
10
11
5
7
16
15
7
13
18
18
19
10
20
20
5
13
6
8
0
556
371
373
97
362
113
268
833
669
367
365
73
877
152
31
428
97
872
253
42
102
468
779
337
847
281
178
212
301
904
288
32
283
65
738
18
436
336
305
107
169
543
360
265
262
638
392
649
80
609
925
606
241
249
26
695
955
431
597
10
141
283
332
664
655
461
641
214
149
248
683
143
623
554
405
692
660
574
676
557
723
166
554
442
760
480
788
321
408
583
204
836
172
742
776
627
485
581
390
140
675
495
467
220
463
231
340
942
754
394
485
174
999
241
36
450
156
961
280
132
146
593
789
453
920
336
304
279
367
1005
363
61
350
77
835
54
572
357
418
126
259
672
417
344
388
703
447
737
213
740
1014
734
307
324
64
783
1041
563
693
106
149
330
402
688
674
522
727
230
253
282
765
174
647
684
485
782
749
617
769
636
853
213
633
533
863
512
842
345
462
721
273
953
277
790
824
700
539
610
420

19
100
10
10
13
8
16
15
13
8
15
8
20
12
6
7
13
16
12
7
16
16
8
6
17
13
13
5
14
15
6
10
16
10
8
6
14
11
11
7
18
18
8
6
19
9
19
19
9
18
18
8
12
7
18
11
14
17
13
6
16
19
13
11
18
11
14
6
9
20
5
7
6
18
5
13
15
15
10
17
17
7
9
13
17
12
19
14
9
17
12
8
10
8
11
12
12
13
14
10
15
16
0
62
298
794
800
667
675
823
583
817
743
188
408
308
635
389
604
603
67
493
631
80
348
377
889
630
726
812
313
331
787
48
775
512
914
789
459
86
609
689
58
896
431
393
287
633
21
416
828
696
718
744
265
85
648
92
716
865
882
462
228
859
460
193
459
32
703
381
811
798
282
542
118
330
553
134
875
886
786
153
462
518
54
341
90
256
65
860
335
203
57
343
254
476
19
58
95
519
613
620
113
176
376
809
833
726
745
931
625
927
813
219
528
426
725
435
648
665
118
596
713
99
432
432
915
671
750
930
343
433
820
127
887
624
942
812
538
198
718
791
145
904
550
438
406
672
110
466
917
761
741
811
350
186
700
117
740
932
932
489
302
959
483
300
478
133
802
511
817
833
349
657
169
373
581
239
1000
930
886
161
535
553
85
431
156
363
149
992
374
257
77
416
371
509
106
173
133
585
748
755

20
100
9
11
8
19
9
9
8
19
9
13
15
18
8
13
19
17
12
11
7
8
7
8
18
10
10
9
13
20
17
18
10
6
9
17
17
16
17
19
20
14
17
5
19
20
11
11
18
17
10
10
5
16
8
10
20
17
5
16
18
9
18
18
8
9
6
12
12
12
6
6
7
15
19
8
10
10
12
16
11
19
14
17
15
12
10
7
14
13
10
18
6
13
8
13
19
19
19
19
5
11
0
824
470
394
525
926
140
9
581
586
592
731
616
123
573
43
717
156
831
783
534
659
386
949
359
215
791
621
546
287
136
476
351
669
127
279
674
486
325
489
301
476
32
85
652
844
67
430
29
932
53
636
7
737
671
940
193
1
774
502
169
648
722
421
145
627
873
260
5
257
856
812
708
512
39
439
84
955
39
569
364
673
101
59
362
351
580
674
175
241
529
547
862
759
826
724
217
473
755
696
82
851
532
466
655
1034
241
136
613
697
719
825
711
256
655
166
784
222
901
823
576
712
425
1051
395
290
817
739
673
385
242
602
464
701
156
297
792
625
375
522
390
562
116
232
741
975
177
539
68
952
95
670
42
792
790
1060
303
128
876
539
203
685
835
442
206
693
958
381
126
312
952
846
742
548
94
540
174
1048
93
634
388
764
173
106
439
477
667
760
286
265
565
590
979
872
852
780
283
544
770
777

21
100
15
7
10
13
5
9
11
7
19
12
18
10
14
10
19
20
13
12
16
15
11
11
6
10
15
19
13
13
18
13
10
7
10
18
9
19
15
15
7
18
13
17
5
5
15
20
9
19
8
19
13
15
9
10
18
13
20
14
10
16
13
13
15
20
17
19
18
17
18
14
14
9
9
12
9
17
13
8
12
10
14
20
7
20
8
15
6
7
19
13
15
15
6
7
17
20
18
9
10
14
0
546
134
327
720
631
931
397
987
499
886
80
682
164
954
956
21
390
22
339
920
531
48
701
74
627
379
160
336
21
553
983
632
42
758
453
288
65
451
51
732
415
129
275
913
436
839
263
47
260
470
144
56
508
194
605
589
583
352
551
710
627
118
198
137
892
9
589
308
653
832
943
111
263
100
654
392
597
258
405
237
510
115
341
102
390
626
635
742
582
349
403
160
771
883
314
230
973
550
889
89
598
222
454
737
684
964
456
1119
595
968
193
786
193
1002
1024
40
466
128
363
1059
617
161
795
105
690
457
271
480
89
598
997
673
166
882
547
380
109
571
92
808
474
196
387
977
512
877
302
92
395
527
185
146
616
256
712
672
724
389
689
759
721
152
257
275
981
92
724
376
767
956
983
228
300
217
796
432
724
363
442
330
589
151
408
232
487
720
726
825
608
488
461
168
815
947
381
328
1086
680
992

22
100
8
7
19
10
18
14
17
15
20
12
11
13
8
18
15
19
6
20
16
19
17
20
9
12
19
11
9
13
16
14
9
17
14
15
7
16
19
14
9
12
11
7
9
15
15
12
13
9
6
18
13
14
14
14
13
17
16
8
9
14
5
17
10
8
7
8
14
10
19
8
18
19
7
10
10
16
6
14
13
18
19
15
11
10
9
16
12
19
19
8
6
20
17
5
12
16
9
14
14
11
0
909
946
751
623
654
790
714
324
754
178
861
111
541
941
618
167
671
913
708
479
77
277
383
488
555
604
898
496
229
177
622
830
574
394
858
139
410
454
908
550
599
7
493
526
650
654
759
764
233
572
491
50
472
503
250
547
437
738
316
419
328
479
263
98
876
722
711
108
721
542
412
121
807
617
956
638
955
953
516
340
582
779
644
274
451
275
719
107
822
380
110
549
678
340
281
96
261
970
498
35
1028
1043
877
669
674
858
798
345
776
234
969
194
672
1018
730
285
718
961
738
576
173
318
440
633
612
725
991
553
310
311
648
862
712
454
896
234
466
517
928
585
668
86
558
636
738
709
879
836
359
631
601
76
608
626
364
662
481
802
373
524
457
519
392
188
890
743
755
190
741
638
446
233
892
703
1057
717
1055
1070
651
486
640
898
686
290
537
349
827
134
871
478
217
696
806
374
327
164
290
1104
550

23
100
16
8
14
18
13
15
17
18
11
12
8
10
6
14
8
10
14
12
8
8
5
9
15
5
6
17
19
17
11
6
15
15
14
20
20
9
20
5
16
12
6
15
12
10
13
13
8
19
9
7
18
19
18
16
13
19
14
18
11
7
9
13
7
15
6
5
18
15
19
16
10
6
18
12
12
16
8
17
19
6
8
12
8
9
17
10
17
7
15
19
9
10
20
11
15
6
11
11
10
11
0
62
755
640
478
787
349
781
834
57
26
731
807
106
714
447
224
34
522
282
466
29
347
126
180
348
88
632
561
529
627
173
149
181
205
252
647
300
362
846
927
854
720
312
706
124
602
919
402
860
746
86
921
765
709
154
150
343
162
879
167
39
603
20
483
97
748
739
672
270
797
791
739
678
443
481
213
930
210
634
167
702
324
499
749
727
172
410
314
862
25
490
840
743
601
191
546
588
282
235
120
100
836
732
580
859
426
863
962
188
34
781
869
229
772
490
272
66
544
388
530
40
481
225
187
408
152
759
591
614
689
303
221
226
303
371
773
319
387
960
1024
968
841
379
827
221
620
964
521
963
818
207
1061
865
743
205
277
453
286
886
261
54
684
82
510
192
852
780
809
375
856
820
828
793
475
549
310
1016
277
712
211
829
386
625
883
852
288
533
348
950
133
532
894
841
668
254
639
711
382
352

24
100
11
10
13
15
14
18
14
9
19
20
9
18
9
12
17
10
6
18
18
19
12
19
19
7
15
15
8
9
17
10
7
18
9
6
11
13
6
11
8
20
7
11
13
17
17
17
14
19
16
14
9
17
15
12
15
20
10
18
10
9
15
8
15
7
8
20
20
11
13
8
15
7
12
10
18
11
20
17
11
12
5
8
18
7
18
10
16
17
10
10
17
6
12
8
14
9
14
9
5
8
0
433
723
746
210
917
269
32
76
82
932
82
446
534
882
410
74
203
243
198
373
386
109
869
675
410
447
529
665
534
142
182
53
653
48
915
433
102
823
460
384
508
238
911
235
702
890
540
852
12
455
663
417
860
300
505
367
151
769
459
536
638
760
109
395
109
553
886
814
137
620
661
247
861
145
703
839
522
440
806
153
749
721
115
305
845
33
577
622
274
450
802
823
273
442
285
1
786
352
803
36
563
771
763
329
1053
375
112
123
185
1039
192
551
567
948
528
108
228
315
337
424
485
162
934
734
476
510
557
787
547
274
232
72
662
110
1022
508
178
898
604
508
568
271
1001
357
844
929
640
881
126
547
714
491
891
385
599
447
255
780
468
574
662
842
134
511
203
666
898
848
234
722
784
310
961
285
799
960
563
522
901
250
766
859
148
385
981
70
703
734
334
537
817
916
364
534
405
96
853
481
929

25
100
15
15
17
16
18
9
13
8
11
19
10
12
14
14
13
9
5
11
13
10
8
13
11
13
6
10
11
8
10
7
18
12
11
18
6
7
10
10
8
8
14
11
5
6
5
15
15
19
5
18
14
12
14
15
20
10
13
19
14
10
16
17
9
13
19
16
8
11
13
17
12
16
14
7
12
18
7
10
15
13
16
20
16
6
15
7
16
12
12
14
11
19
8
9
19
18
6
19
10
19
0
5
362
729
640
116
594
228
553
686
119
806
260
524
426
34
488
770
762
127
776
607
337
538
776
39
887
651
241
19
305
323
783
112
247
532
771
826
657
306
463
487
389
585
341
345
209
923
391
316
285
604
120
911
584
369
513
291
10
451
241
145
851
425
412
909
340
346
825
24
207
256
157
856
124
326
789
181
324
606
804
178
789
759
36
673
793
633
810
769
208
174
371
181
762
468
498
428
239
681
74
137
409
765
735
141
717
292
649
752
134
893
316
558
480
67
509
833
857
232
908
642
350
644
794
64
940
763
289
57
343
362
809
170
376
614
815
856
782
364
572
566
481
712
439
463
263
989
506
447
406
683
204
1022
665
397
611
334
141
503
302
262
980
493
464
940
450
450
956
139
245
358
278
939
240
395
844
256
340
743
905
231
854
815
125
775
858
692
872
904
247
247
466
235
807
492
533
519
282
732

26
100
18
14
9
17
15
16
7
6
19
11
9
15
17
18
11
9
13
7
7
12
11
9
20
6
16
19
6
16
9
8
5
10
16
18
11
11
17
12
12
16
14
10
15
7
12
12
6
15
8
13
16
13
15
8
7
16
9
10
11
7
13
18
18
16
12
16
11
19
15
11
18
14
17
5
9
7
16
18
17
14
18
13
20
15
9
8
15
11
13
7
16
20
6
13
19
15
14
7
18
6
0
756
680
391
363
471
907
43
281
659
357
264
482
128
399
203
878
876
799
916
575
188
678
226
92
748
664
182
34
948
676
31
402
407
622
435
454
23
356
376
462
163
467
147
504
112
251
421
502
473
139
315
442
226
176
649
237
606
879
62
75
840
914
669
697
763
783
449
657
117
303
467
470
23
949
314
234
248
873
351
627
605
318
321
534
112
468
540
250
343
158
942
653
893
109
390
645
37
92
79
67
888
765
425
398
611
1036
156
398
725
368
321
567
262
526
299
894
969
848
930
711
277
778
305
139
797
695
238
169
977
760
50
478
426
736
545
517
119
462
505
576
289
606
197
570
228
345
466
577
510
181
434
498
240
286
743
333
649
893
103
146
875
1040
733
757
817
838
539
672
206
443
587
545
78
958
325
326
361
984
367
678
657
385
393
566
132
545
555
321
464
197
1054
769
1005
191
418
667
67
155
114

27
100
5
9
13
8
13
19
6
16
11
20
11
8
19
6
18
20
13
8
16
19
13
12
6
18
6
18
13
13
5
11
17
8
10
6
15
14
8
6
19
11
7
16
10
6
18
5
14
7
10
14
17
13
12
14
16
11
18
5
10
20
9
8
10
14
6
7
17
19
10
16
7
15
8
7
13
8
17
19
6
11
14
13
11
8
9
12
8
18
9
17
10
6
11
6
13
8
6
15
16
6
0
149
119
27
711
49
142
25
160
41
186
640
695
309
157
336
500
501
476
190
318
97
651
372
486
381
52
560
243
475
708
464
219
519
48
601
663
72
665
379
712
425
406
659
37
629
431
825
275
367
674
171
538
331
134
661
231
36
474
652
852
455
415
379
632
847
530
875
89
682
654
418
42
428
711
76
475
682
369
464
270
423
400
390
48
52
296
624
216
315
278
600
852
115
493
68
819
173
268
556
16
232
232
59
725
182
236
96
208
139
291
752
781
424
214
358
603
529
548
324
411
116
727
400
567
461
165
613
305
571
736
477
304
549
150
726
783
123
709
441
727
507
460
670
90
689
510
921
341
472
770
247
660
388
267
714
249
147
491
719
879
525
461
446
674
860
658
931
137
781
719
464
68
513
818
120
588
741
451
509
353
548
520
471
116
66
367
725
312
388
380
688
961
133
589
180
861
279
391
585

28
100
15
12
10
6
14
8
14
9
14
10
14
5
7
17
7
17
6
9
15
6
8
12
13
19
14
12
12
7
13
5
5
16
17
15
18
15
20
12
10
16
11
15
15
6
17
13
7
17
10
20
7
9
10
8
15
8
16
8
6
16
12
11
13
12
12
18
14
16
16
15
8
19
18
9
16
13
20
8
14
17
11
12
9
16
17
19
14
15
13
11
13
7
10
15
14
6
18
8
12
15
0
667
189
599
251
79
398
824
28
625
121
213
132
340
515
641
818
881
66
463
871
570
666
178
308
857
446
270
459
140
323
801
636
601
392
689
404
113
64
678
134
498
469
447
445
446
631
403
694
636
863
470
841
582
233
818
322
744
604
588
120
614
369
475
738
727
653
564
398
244
568
222
161
843
563
764
697
183
711
900
210
597
860
618
631
408
671
696
791
85
877
459
489
862
66
539
696
61
430
215
80
795
199
704
290
181
502
906
63
649
168
236
260
368
583
772
907
897
123
517
918
658
700
280
388
946
532
355
484
157
347
881
687
708
501
730
438
218
101
699
175
635
508
484
517
578
652
435
776
738
978
579
852
692
272
934
376
824
702
684
154
642
414
519
815
796
768
663
482
278
630
282
272
941
587
896
823
295
759
920
268
679
942
683
770
533
796
798
835
194
988
589
511
889
116
568
761
175
542
327

29
100
19
19
17
13
16
11
19
10
8
19
13
10
10
9
10
20
6
12
8
15
6
11
13
12
16
13
17
19
9
7
17
13
13
16
15
14
14
8
11
18
9
8
10
13
19
10
11
16
17
7
20
9
17
15
11
9
17
16
10
19
17
11
10
11
9
16
13
11
18
13
13
13
14
8
12
8
6
15
15
10
15
19
9
15
14
7
8
19
16
12
13
16
20
7
15
8
19
18
19
16
0
550
887
58
476
619
52
365
610
829
99
566
752
734
559
76
260
90
311
414
571
770
338
45
577
54
792
341
79
111
794
360
272
768
31
102
525
383
679
780
148
564
801
58
471
39
488
415
114
89
35
922
517
923
542
494
763
536
70
656
747
138
687
341
624
19
749
389
756
813
607
386
956
942
37
575
308
262
750
366
285
691
203
246
606
10
917
607
429
241
786
327
247
128
446
472
294
32
79
172
111
651
905
188
514
752
96
394
685
970
122
579
858
783
688
145
275
179
449
444
659
813
478
137
594
196
890
409
177
229
831
401
320
818
139
120
641
487
803
835
253
615
919
139
531
127
548
543
199
100
172
1034
574
1057
650
543
897
602
131
766
775
251
736
461
738
164
789
478
864
939
719
406
974
1021
53
584
418
343
896
475
300
774
271
312
665
133
980
723
466
358
882
355
364
188
590
592
317
160
182
240

30
100
16
7
17
6
18
11
11
15
18
9
10
15
19
18
7
17
13
7
12
17
12
12
18
9
17
14
17
15
7
14
17
9
15
13
19
11
7
14
8
17
6
11
6
16
9
19
7
17
12
17
13
17
19
11
9
6
8
14
14
7
14
19
8
6
5
13
12
17
6
12
13
13
18
16
7
15
6
6
7
10
18
11
10
16
20
12
14
6
20
15
10
16
11
8
19
16
12
15
16
11
0
389
233
930
259
704
259
398
570
169
592
617
292
127
692
782
85
518
180
387
234
887
677
943
341
921
493
667
205
328
835
192
829
191
884
837
254
878
412
193
266
538
595
725
637
653
789
106
731
843
915
783
332
787
586
860
541
7
810
14
400
67
363
530
522
907
257
190
839
601
797
744
918
695
862
221
385
793
37
407
310
681
894
604
248
300
658
441
349
672
877
881
357
836
605
592
175
545
765
528
79
519
302
1018
334
784
280
472
654
277
724
654
412
162
705
836
209
646
255
433
285
981
724
975
371
1054
561
729
223
388
960
230
911
326
947
903
268
931
488
277
280
632
666
856
745
756
797
237
758
888
1039
918
411
903
604
889
634
61
914
142
427
92
439
556
580
988
287
328
925
701
867
777
951
771
978
279
438
827
84
447
449
753
1026
676
330
393
734
570
390
813
1001
979
446
937
716
726
268
624
851
559

