1
10
20
19
7
19
14
18
14
16
9
17
0
74
107
21
4
22
60
86
9
76
35
106
125
49
32
54
83
110
30
95

2
10
16
7
7
8
9
13
16
6
8
5
0
23
24
20
25
46
8
19
43
25
24
31
32
37
35
64
25
33
52
34

3
10
17
19
20
5
7
17
5
9
13
17
0
6
51
0
26
2
67
58
46
44
17
26
82
9
42
26
83
68
69
67

4
10
20
13
8
19
16
14
8
9
13
9
0
79
37
37
96
66
40
31
35
27
20
101
52
62
117
92
53
46
49
39

5
10
7
5
16
14
11
8
20
10
20
19
0
2
23
23
30
25
34
39
36
35
11
18
46
38
44
44
63
58
65
59

6
10
14
17
11
16
5
19
9
13
10
17
0
48
98
61
6
6
70
52
4
27
24
67
112
83
20
34
79
76
23
53

7
10
8
10
15
11
10
7
13
9
17
14
0
29
64
3
59
48
64
34
26
6
15
43
83
23
77
63
86
47
43
29

8
10
15
15
9
14
9
13
19
10
6
7
0
29
7
29
59
7
88
87
59
56
18
49
18
47
77
27
107
100
73
73

9
10
7
10
8
14
7
8
17
19
12
12
0
10
31
7
46
76
40
79
33
76
8
23
44
23
53
89
63
103
49
89

10
10
11
14
6
14
19
17
9
15
9
20
0
14
76
64
86
94
8
21
61
9
11
28
90
85
112
118
19
48
81
37

11
10
12
6
15
7
17
7
19
11
18
18
0
83
92
56
63
9
59
44
27
79
18
100
113
69
92
16
81
61
54
98

12
10
5
18
13
13
10
11
16
7
18
19
0
73
55
34
21
78
37
46
70
87
12
98
80
54
40
89
56
57
94
107

13
10
7
6
12
10
13
11
9
17
7
8
0
49
23
64
38
61
16
29
18
30
14
59
39
81
57
75
28
48
27
47

14
10
18
10
9
15
10
19
7
9
18
6
0
53
49
47
72
51
43
45
25
61
18
69
69
73
87
76
51
54
51
77

15
10
6
6
13
14
16
19
9
11
11
18
0
24
91
0
46
41
51
14
89
12
18
35
111
23
74
67
63
33
111
39

16
10
17
17
17
19
7
15
19
11
15
6
0
100
21
5
7
19
8
5
72
8
26
130
47
32
21
40
32
25
91
22

17
10
13
17
14
17
13
5
18
15
12
18
0
6
95
40
47
82
39
88
32
101
17
24
119
65
62
94
64
110
50
127

18
10
14
8
14
18
15
7
13
17
6
9
0
66
48
49
9
53
34
41
85
62
16
81
63
69
30
62
51
63
98
72

19
10
10
12
7
16
14
8
6
13
16
6
0
32
38
63
61
10
57
59
33
30
13
52
45
83
83
27
73
72
58
44

20
10
14
10
10
12
18
18
18
11
13
7
0
66
55
12
35
72
28
24
91
45
26
84
74
29
61
97
48
45
107
63

