1
150
12
16
16
12
6
15
11
10
15
9
19
20
10
16
8
8
9
14
18
6
7
12
9
7
6
14
7
7
18
14
19
9
9
8
14
7
15
15
8
19
5
9
17
19
16
14
12
9
11
14
14
19
8
8
12
5
6
16
16
13
15
16
20
18
13
7
15
9
6
11
12
15
9
18
15
13
19
15
18
9
15
8
17
12
18
12
9
14
7
19
19
14
12
8
8
5
18
13
10
16
7
20
13
14
5
7
5
11
19
17
18
13
10
8
8
15
19
12
16
6
6
20
7
14
19
13
11
17
19
6
17
9
13
12
7
19
11
8
5
9
19
8
10
20
19
10
10
9
19
13
0
115
58
344
351
403
1121
758
728
492
1343
183
317
1138
1154
1116
543
6
1052
1323
1247
660
1369
991
398
304
66
443
1120
379
292
718
340
881
1005
389
1292
146
605
940
374
131
857
71
401
1145
469
641
751
80
591
637
1041
1262
417
260
1036
795
936
1326
1221
1123
628
77
747
1257
1144
387
1382
1217
1171
873
167
1123
720
1081
411
1289
1027
1269
1337
554
1331
356
207
604
86
140
821
918
494
792
643
493
1315
1294
843
776
828
1032
288
771
508
841
1004
1133
1293
1076
111
1228
5
628
1371
369
1195
57
356
1199
187
149
145
1246
173
487
398
7
950
531
1293
590
1152
789
169
1078
549
999
1373
840
884
1287
358
139
220
413
316
86
252
1289
1393
880
88
274
233
511
457
581
1290
861
872
609
1409
292
481
1165
1172
1274
614
202
1091
1481
1433
767
1418
1120
448
423
183
514
1232
468
326
886
501
992
1145
435
1433
186
694
1003
387
253
992
249
499
1336
502
762
880
152
716
704
1190
1313
455
315
1102
862
999
1494
1412
1216
651
150
818
1420
1289
563
1419
1327
1205
937
330
1221
807
1253
439
1369
1078
1416
1494
665
1385
533
302
650
277
215
924
1005
639
878
681
552
1337
1370
1027
957
899
1221
324
950
658
910
1038
1314
1317
1256
235
1392
195
729
1423
457
1383
222
532
1372
290
316
329
1390
292
507
466
152
1019
581
1417
770
1216
889
243
1148
727
1148
1419
1016
1015
1414
453
183
379
564
440
204
303
1350
1503
929

2
150
7
14
17
19
6
19
5
18
13
11
11
5
12
19
18
13
6
12
7
6
9
17
14
19
5
20
10
13
14
16
10
12
9
17
9
17
10
13
15
9
12
13
12
8
7
16
14
13
11
10
7
19
10
9
13
15
14
14
7
17
19
17
18
12
19
13
14
17
5
7
18
18
11
12
18
10
18
14
15
15
18
14
13
7
13
8
10
15
11
9
15
16
11
7
8
9
6
12
6
11
20
14
6
6
13
5
17
8
12
10
20
18
8
9
13
20
19
16
13
12
18
15
12
12
13
14
17
10
9
19
19
6
10
13
5
14
18
13
10
15
19
18
18
11
20
19
12
18
18
10
0
384
1356
625
1377
417
535
24
573
1187
1139
1291
1286
692
1336
873
80
148
866
233
1364
1179
251
1173
497
224
1101
743
1401
1021
1419
1175
691
153
776
329
1337
1259
569
1221
886
1310
1222
343
1360
206
350
598
310
272
974
1295
12
571
532
913
96
382
164
1258
433
852
672
963
1300
333
27
237
147
1380
803
475
926
302
424
379
568
409
126
1129
431
1029
1154
573
36
528
951
524
672
180
1283
1363
792
765
516
798
638
474
824
1359
927
469
1079
69
1440
620
426
1063
276
462
652
1414
1069
905
519
1089
1413
41
558
321
192
286
1366
563
1423
1391
873
1280
166
894
1125
47
507
1159
1104
1247
510
1145
598
296
1353
1015
334
806
181
603
216
1209
723
1038
162
535
1532
736
1490
562
643
109
596
1267
1166
1460
1421
847
1488
930
145
335
977
249
1493
1196
434
1367
547
312
1149
775
1486
1094
1600
1340
713
287
871
440
1423
1456
736
1267
989
1505
1364
411
1474
222
520
706
513
399
1087
1413
80
627
726
1017
142
490
338
1319
572
978
709
1102
1365
534
53
309
258
1444
1010
497
1037
490
513
546
651
565
229
1241
513
1171
1268
770
95
695
1091
712
809
257
1332
1548
981
939
666
950
700
516
1004
1458
1044
572
1087
151
1600
777
596
1206
327
574
688
1471
1222
926
677
1268
1553
136
634
485
251
423
1446
702
1570
1440
903
1385
193
1063
1208
76
547
1176
1193
1435
660
1234
752
475
1520
1179
503
926
312
635
364
1404
752
1138

3
150
16
16
9
9
16
16
16
9
5
11
12
16
18
19
17
10
12
8
15
18
8
15
6
14
9
14
6
8
20
15
13
8
13
11
8
13
19
16
10
16
7
20
20
9
9
6
7
12
19
18
20
12
8
6
13
20
6
10
9
10
10
6
12
16
17
12
8
19
13
18
6
19
15
17
11
16
10
8
10
11
11
14
18
5
5
14
20
14
6
18
10
14
16
13
15
16
12
14
11
9
11
19
5
19
13
12
6
20
5
15
18
18
6
8
11
11
6
8
15
6
6
8
8
9
9
6
11
17
20
13
19
15
13
7
14
14
9
13
12
20
13
8
14
8
15
10
13
17
5
11
0
421
866
639
813
984
192
98
370
353
567
753
1378
908
571
115
348
939
960
20
968
1305
130
284
42
1346
993
1146
1133
413
1035
674
332
1216
447
353
171
849
125
873
248
366
831
1334
1177
726
290
515
940
744
897
962
840
899
1226
667
118
930
664
820
613
592
69
548
524
1215
46
188
21
824
521
649
562
1219
451
987
1237
390
1351
1179
342
1153
985
1110
1353
1021
321
1379
977
1179
392
1104
77
930
1063
1089
1266
240
545
621
673
324
709
402
111
1313
408
1280
1360
843
1273
192
484
883
1260
699
759
327
405
733
1093
82
1006
1247
734
920
344
1184
695
62
1136
260
1094
21
406
1328
1204
1003
1377
533
4
124
738
16
1260
601
68
876
127
118
108
441
1016
695
863
1003
349
281
398
540
640
801
1490
929
627
185
507
1037
1153
198
1103
1419
298
338
159
1434
1069
1173
1286
551
1123
705
452
1332
566
514
341
1035
265
1066
312
496
874
1464
1268
774
310
614
1030
772
936
1056
928
994
1341
759
150
1013
810
1006
677
735
143
584
637
1306
200
293
139
848
583
678
577
1318
486
1184
1318
547
1494
1310
481
1350
1102
1287
1369
1216
344
1562
1080
1242
499
1241
264
1066
1214
1234
1391
254
622
710
714
426
819
513
248
1385
439
1309
1526
926
1389
389
609
1035
1281
748
798
416
471
740
1165
153
1156
1323
842
1088
448
1283
791
233
1312
326
1125
195
517
1425
1228
1055
1472
586
59
168
923
107
1356
624
263
995
166
300

4
150
11
17
13
9
6
13
18
12
14
17
16
16
11
20
15
17
8
20
9
9
19
6
13
8
10
5
14
15
8
15
9
8
11
9
9
15
12
7
11
9
18
8
17
12
13
19
19
8
17
6
13
16
19
18
16
6
9
12
17
12
5
15
10
13
12
10
19
12
16
12
10
14
12
18
19
7
12
20
15
16
9
14
13
6
10
6
12
18
7
14
7
15
11
20
8
6
15
19
10
16
19
8
18
15
9
6
17
18
18
10
15
18
19
10
6
19
15
15
8
15
14
5
20
13
17
14
9
13
8
16
13
13
17
14
16
6
11
16
11
6
19
12
8
14
18
5
11
20
17
19
0
146
5
201
337
1273
587
306
1160
1430
218
368
509
1078
440
794
194
914
360
1376
81
1450
300
669
850
716
864
435
285
1232
358
499
910
333
48
560
1088
1083
1342
139
469
479
11
123
597
873
719
1440
1084
1302
390
0
1197
169
1404
971
14
775
259
748
617
350
1062
341
1342
534
954
1402
1323
1092
1186
748
424
280
1089
1367
506
1401
1115
594
1171
1072
1186
1033
1283
816
220
552
864
98
505
1126
146
800
989
104
545
132
591
784
1430
505
1413
60
351
316
1012
174
769
1425
1348
909
111
173
366
376
1382
622
1061
1354
844
910
1092
566
789
100
697
1375
1369
1092
679
1163
205
387
645
1126
165
1203
1193
1369
332
116
1364
8
1049
1137
851
1236
949
132
172
200
136
312
477
1421
794
388
1303
1541
427
478
651
1189
543
912
286
1002
418
1430
246
1604
433
864
1038
805
940
499
387
1387
467
546
1063
451
200
743
1125
1104
1458
203
670
652
90
176
715
951
916
1528
1160
1489
484
97
1368
377
1575
1101
51
853
440
924
678
395
1263
490
1526
733
1054
1516
1470
1282
1249
948
468
439
1126
1496
559
1439
1212
710
1291
1130
1348
1068
1459
824
379
642
880
244
648
1267
345
906
1076
266
730
323
702
832
1567
644
1454
233
425
388
1205
235
884
1561
1509
1060
307
270
541
586
1508
694
1145
1507
900
1096
1240
681
838
292
710
1392
1467
1166
751
1218
388
556
840
1236
297
1302
1351
1422
520
288
1494
36
1098
1212
997
1305
1001
213

5
150
13
12
11
7
19
7
8
19
20
7
13
16
12
19
20
17
12
7
10
9
6
16
12
13
15
6
9
9
14
6
14
14
17
18
12
17
7
19
19
19
11
7
8
9
6
9
9
8
11
17
5
16
14
13
5
14
10
12
12
19
12
10
11
15
19
7
13
5
9
6
7
9
7
12
15
11
14
5
14
13
9
6
8
6
14
8
5
5
6
6
19
17
10
15
17
7
10
6
17
11
16
14
18
12
8
16
9
10
19
17
12
12
13
18
16
9
15
8
13
17
9
10
9
16
19
14
15
14
13
15
14
7
11
9
8
5
9
17
13
16
11
18
8
13
15
7
14
14
18
14
0
356
1197
145
973
1251
88
248
447
786
860
1171
30
585
1134
564
838
950
516
84
1203
342
990
1004
579
705
553
1227
571
1147
192
826
633
936
473
977
71
1048
1104
723
1200
945
1323
691
1036
74
986
682
56
733
198
258
598
242
71
24
499
76
1099
596
392
1009
374
1000
593
1149
337
240
604
966
610
1076
100
1191
423
871
918
365
738
911
846
859
1203
195
294
459
1268
1027
512
1282
600
509
954
971
40
678
73
613
921
567
401
1114
1314
259
626
857
494
436
1140
104
750
511
378
714
314
444
334
1208
229
1215
1252
54
65
977
1212
454
1257
740
815
1181
1053
421
368
463
1248
469
570
163
1217
682
847
842
750
634
923
571
1100
77
1138
216
21
506
1256
298
1064
1329
162
326
475
961
902
1212
168
715
1212
699
917
1011
542
121
1337
369
1123
1056
751
749
616
1267
641
1251
313
948
723
972
564
1069
135
1106
1287
846
1386
976
1437
870
1158
85
1118
748
234
838
275
313
725
392
241
96
576
137
1179
669
483
1185
454
1168
725
1165
395
363
727
1135
724
1108
257
1206
530
994
1081
382
910
932
985
1003
1221
280
399
519
1375
1132
599
1418
788
700
1132
1026
122
810
190
647
993
756
458
1147
1471
303
686
1026
567
477
1251
171
886
645
466
801
427
561
390
1258
262
1358
1264
73
218
993
1332
535
1446
766
963
1266
1242
524
379
535
1269
489
673
239
1286
743
1034
865
794
692
976
579
1136
119
1285
244

6
150
10
15
13
7
13
18
7
9
19
6
6
7
11
6
18
6
11
10
9
13
11
8
13
14
17
19
18
15
18
8
19
8
9
14
20
9
13
17
12
13
8
19
5
6
14
20
18
15
20
15
16
20
9
19
13
9
6
6
13
19
14
12
17
20
9
15
19
8
19
12
12
19
7
7
14
12
8
11
18
10
9
17
17
13
14
6
11
5
19
6
7
14
18
11
12
14
19
10
10
19
15
10
19
6
8
7
12
18
16
6
5
9
20
16
15
13
14
19
13
20
15
15
19
19
8
6
17
6
8
6
17
6
12
14
19
9
10
16
14
9
13
11
10
14
8
15
8
16
12
11
0
396
8
943
951
1056
956
932
306
39
804
255
982
685
687
1156
1342
455
9
908
1067
905
122
863
507
1285
241
387
1267
1226
226
91
248
302
1363
1067
1373
14
1304
338
233
241
1329
551
20
1413
731
1389
1179
161
772
682
385
1102
120
1167
1032
1203
1365
1071
1121
679
571
27
577
1151
800
1356
989
892
227
963
1396
552
42
781
105
727
1264
32
454
477
90
804
660
953
692
1142
1213
455
1045
766
1412
726
541
1143
37
862
654
855
179
58
443
700
514
1212
847
977
72
1050
1060
1123
210
52
941
1229
962
760
1288
1370
1081
727
270
1126
376
1321
622
919
850
243
280
428
971
325
981
1398
929
1083
397
148
404
1296
891
1278
1001
429
481
889
583
158
78
504
44
1070
1140
1255
1061
985
385
150
873
281
1036
869
884
1294
1356
508
181
986
1198
986
185
1028
615
1446
264
448
1474
1305
306
226
309
384
1436
1253
1472
175
1473
438
274
323
1355
562
206
1565
872
1497
1278
194
911
867
418
1197
256
1307
1164
1309
1535
1091
1221
868
631
52
679
1227
861
1496
1043
943
319
1014
1510
662
144
909
210
742
1412
77
546
537
172
937
696
1014
749
1228
1411
498
1140
927
1512
811
572
1255
101
1046
776
917
279
180
593
793
609
1322
967
1099
126
1178
1086
1297
232
77
1127
1423
1144
873
1301
1458
1187
837
467
1287
488
1350
651
925
888
335
428
598
1070
429
1032
1587
981
1188
463
263
429
1417
924
1328
1101
588
673
941
711
305

7
150
6
11
18
20
19
8
10
17
11
18
10
5
12
20
10
16
13
17
15
9
6
11
6
7
6
10
14
10
18
16
11
19
15
19
6
19
17
10
9
9
13
7
7
13
14
20
8
12
16
16
18
13
7
18
7
18
13
19
14
14
11
5
8
12
9
19
11
11
11
12
14
19
7
7
13
14
9
10
18
6
14
18
13
18
9
16
6
15
6
9
19
6
10
12
19
17
12
19
17
10
13
20
15
6
18
18
16
15
12
11
9
9
12
6
15
13
18
19
12
14
15
6
14
6
18
13
11
17
5
18
11
10
12
8
14
14
15
20
12
5
16
17
8
6
14
14
13
12
8
9
0
136
271
223
927
39
946
1304
1140
424
910
1122
452
1106
1207
37
820
614
856
851
646
1061
867
488
49
296
990
650
319
132
760
1290
940
524
110
1092
1178
1388
1181
28
1108
402
904
1195
538
1380
140
1327
665
247
482
1272
1236
139
311
258
871
1363
964
982
442
683
537
714
124
1043
366
1111
1352
909
300
595
66
1219
706
559
922
563
100
604
510
971
664
1317
507
582
598
1137
221
1283
1201
130
1048
477
511
80
714
741
1416
927
1282
871
370
1417
294
644
260
1159
386
1244
770
592
1049
1057
1267
323
801
1397
802
583
401
598
424
860
1296
973
921
452
1298
1370
1195
1409
140
1282
310
415
1279
574
1328
900
1305
912
102
692
182
60
1136
689
955
750
153
312
411
395
1025
110
1102
1503
1187
573
987
1165
580
1233
1308
226
852
725
1021
1040
704
1172
1023
557
244
470
1019
692
461
251
845
1338
1138
679
293
1157
1359
1501
1339
39
1257
454
1081
1262
634
1457
250
1428
815
350
612
1332
1245
221
438
462
967
1466
1011
1116
494
766
729
798
290
1084
540
1282
1476
1043
495
627
213
1354
840
604
1060
626
169
760
643
1119
682
1401
558
610
738
1162
285
1438
1226
294
1154
535
564
124
884
931
1467
1054
1451
931
540
1575
417
733
410
1307
404
1394
821
698
1102
1128
1444
375
872
1576
968
672
467
612
493
882
1474
1054
994
613
1347
1497
1331
1509
163
1474
407
478
1337
664
1391
1031
1403
940
198
822
313
121
1315
834
1120
948

8
150
9
9
17
7
15
14
17
8
9
20
6
9
7
9
6
17
11
19
14
10
13
16
7
17
14
15
16
18
19
14
17
20
19
10
7
13
17
13
9
12
10
19
7
17
11
14
20
17
18
14
10
15
15
12
14
15
16
11
10
10
17
14
11
11
9
16
10
11
12
18
12
18
11
8
6
14
10
9
7
6
11
15
18
9
20
10
16
13
14
7
18
12
13
9
7
6
6
17
7
14
11
14
15
10
5
16
8
18
19
16
6
5
10
16
10
18
16
17
12
11
10
12
14
15
18
6
16
18
19
13
8
14
12
13
16
6
5
18
15
8
20
12
17
7
8
19
17
16
9
6
0
423
604
1016
735
819
95
1210
608
479
1359
1003
366
1260
733
680
551
930
295
1397
527
750
335
802
1085
717
207
652
1060
1292
1190
1279
540
1110
1383
1347
1047
902
560
636
955
277
720
1411
833
436
247
401
1257
915
300
1255
639
571
1322
893
1325
890
1146
1078
81
412
1186
40
1237
1219
726
1200
5
551
100
956
1414
1363
1355
1161
931
598
22
1118
790
417
908
413
957
1171
63
297
168
1335
156
628
277
353
1404
96
754
1040
981
1034
875
328
240
805
722
733
1200
1082
1392
1337
212
1297
1247
641
291
425
36
98
1415
529
575
676
288
511
1242
1264
320
650
410
1265
430
639
359
483
588
290
343
72
1276
1331
670
504
479
878
308
336
1131
744
1299
304
164
470
765
1129
820
1001
150
1234
645
625
1550
1028
431
1344
742
824
596
1081
332
1411
725
952
429
999
1288
902
387
680
1161
1326
1229
1317
602
1277
1402
1512
1075
1092
706
747
965
334
787
1501
1000
541
345
600
1373
962
499
1304
675
595
1465
1054
1380
1046
1156
1202
158
567
1362
118
1359
1310
758
1223
185
746
181
1095
1557
1486
1543
1194
960
636
96
1261
821
587
1038
524
1070
1353
129
437
316
1394
312
798
440
482
1557
176
938
1075
1103
1148
998
504
343
941
875
832
1294
1262
1521
1427
247
1352
1315
812
407
520
136
254
1570
590
751
786
308
526
1327
1370
494
744
606
1304
464
772
389
535
750
412
438
147
1337
1437
848
648
597
1011
338
433
1236
828
1397
368

9
150
7
19
16
14
18
15
15
15
12
10
19
17
8
6
12
5
12
9
15
17
15
9
14
7
14
17
8
18
16
9
8
19
15
19
6
15
19
13
13
19
14
20
18
9
9
19
20
18
5
8
18
15
6
14
17
8
19
9
18
12
17
9
12
12
8
7
7
19
6
18
19
14
10
18
12
20
14
11
19
17
12
17
9
13
13
7
11
7
12
13
7
13
19
18
9
8
18
10
5
13
18
19
6
14
11
9
20
8
11
7
20
12
8
8
16
7
8
5
15
11
13
17
14
11
8
15
14
6
9
5
10
16
17
10
6
8
18
10
11
10
18
20
16
6
19
9
15
8
5
12
0
1418
466
1278
121
759
766
1146
984
1267
685
524
786
662
1185
585
209
678
699
127
1331
392
1052
76
1410
60
402
1326
986
544
860
1289
123
1199
726
993
136
1289
418
993
337
666
596
779
1414
503
168
1363
707
1236
1190
29
993
1357
1263
1200
907
1369
397
1005
29
816
106
890
1038
1285
288
733
583
436
195
1112
1207
1359
499
861
303
927
1317
1018
1287
1414
361
1290
115
471
333
155
861
908
1194
402
690
1052
702
1279
760
7
234
458
509
1419
785
1224
504
126
418
1054
1235
929
872
1200
211
1081
384
595
438
1421
397
876
1239
562
341
91
176
0
1051
475
1315
198
979
710
72
1261
67
918
1250
1106
1134
796
549
439
823
573
419
331
1341
914
542
268
111
1440
612
1427
195
937
926
1187
1132
1362
817
625
906
825
1270
692
253
830
868
157
1524
414
1253
126
1471
146
539
1464
1164
565
883
1460
253
1389
845
1050
223
1470
432
1124
423
811
717
830
1466
617
194
1417
806
1379
1367
79
1061
1504
1405
1336
942
1492
593
1081
69
935
304
977
1053
1430
374
889
646
598
260
1211
1350
1435
515
1058
409
961
1422
1171
1419
1610
544
1396
148
528
378
269
981
1091
1385
583
786
1163
791
1320
868
186
286
500
627
1535
911
1325
643
251
549
1095
1393
1067
1060
1335
259
1239
454
700
627
1426
434
978
1296
757
537
284
351
111
1166
481
1430
331
1079
845
275
1380
98
931
1334
1253
1156
944
575
577
905
615
611
434
1446
1100
559
382

10
150
17
15
14
10
11
11
9
16
8
11
20
9
16
11
7
17
12
8
17
15
13
13
17
16
15
8
11
8
9
14
8
19
10
20
10
13
20
9
17
16
8
13
12
17
6
18
20
11
7
16
6
12
12
14
20
8
10
7
12
20
17
12
14
14
15
20
19
5
17
14
8
10
19
9
16
9
14
15
6
6
12
20
11
18
11
9
8
16
17
8
18
17
11
16
5
12
12
18
7
6
6
17
18
19
14
7
14
13
17
11
11
18
13
19
17
16
11
17
12
10
8
9
10
12
15
16
18
16
7
13
14
18
13
10
14
10
10
7
18
12
14
7
15
8
7
10
14
16
15
19
0
600
632
596
1000
1099
1147
918
1189
6
90
10
639
1397
800
1389
1177
1133
792
1334
310
465
1196
1394
1078
1342
1427
1335
713
1424
533
1085
243
278
1280
266
982
1388
688
641
1014
1118
818
79
1140
71
283
757
28
401
300
1369
1104
1307
270
395
737
1249
727
504
603
247
261
541
712
654
1356
1438
1451
1206
126
873
181
161
1023
143
566
871
1033
965
1305
777
368
1145
1317
707
158
232
1110
953
617
861
1101
684
797
945
1289
561
368
147
147
435
173
1281
42
696
541
1058
1070
606
1372
153
792
753
72
893
619
21
57
779
37
46
1229
927
1207
293
1120
1366
775
1057
1315
821
119
456
1410
495
724
1251
1248
460
1401
488
937
1222
307
1045
529
527
1082
652
80
730
830
652
1061
1157
1272
1071
1206
187
256
160
725
1449
942
1571
1372
1201
960
1498
490
480
1381
1452
1183
1380
1496
1374
794
1583
724
1256
298
456
1362
290
1113
1581
838
730
1118
1207
839
133
1244
217
372
949
85
496
358
1432
1212
1466
464
589
936
1373
814
603
748
315
425
566
904
858
1426
1598
1485
1236
207
1002
224
302
1048
235
700
943
1065
1087
1322
900
482
1340
1379
763
199
343
1251
969
671
982
1153
750
922
1019
1389
588
522
215
255
596
308
1467
222
748
661
1128
1164
675
1529
350
856
938
142
1070
647
229
154
937
207
167
1350
972
1304
449
1243
1512
941
1150
1359
1030
133
626
1609
622
835
1413
1366
505
1596
616
1068
1233
491
1220
614
671
1153
721

11
150
7
17
18
15
14
12
7
13
9
8
19
15
18
16
6
20
15
10
18
12
6
20
16
5
16
5
17
9
18
14
14
7
10
13
18
18
11
6
12
10
7
7
12
15
14
19
14
15
15
14
13
12
12
7
16
20
16
6
15
6
18
9
7
11
16
7
19
10
11
9
6
12
7
14
9
14
20
14
20
7
13
19
20
13
6
15
8
17
7
11
8
15
17
5
13
16
16
14
7
7
6
16
5
8
5
17
17
18
20
9
20
11
12
20
17
12
14
6
18
14
17
9
18
13
7
13
14
12
12
6
10
19
5
16
15
12
6
6
16
9
15
19
16
8
9
10
9
12
15
11
0
1265
366
578
1251
343
833
650
174
1118
1263
708
971
500
629
164
192
1238
96
421
798
428
1016
476
156
1029
156
842
1017
971
1
319
215
1132
498
473
797
860
1394
938
910
1180
1255
396
905
1262
1174
457
341
1261
669
493
954
1331
823
404
1375
30
760
768
1069
288
1098
431
702
746
478
741
891
378
208
961
628
1278
316
1122
185
836
626
1078
1302
501
40
739
1023
1201
569
123
172
1340
842
1384
278
1276
1163
163
75
597
596
862
624
559
1098
886
587
812
596
1010
559
1381
1320
1017
820
437
1165
1100
118
226
43
616
1001
414
284
571
1120
1093
613
24
1388
340
835
1240
545
117
1230
1102
1382
1165
1120
521
1000
695
346
894
207
307
1053
1036
218
1282
119
1317
464
637
1274
537
903
795
217
1225
1467
749
1104
567
800
243
338
1355
131
441
884
586
1101
570
283
1052
188
1027
1119
1108
85
334
321
1211
608
559
925
957
1525
1040
1093
1247
1321
541
927
1355
1259
472
510
1386
726
509
1002
1424
973
458
1479
199
846
914
1157
387
1144
520
808
771
620
879
936
467
317
1131
790
1335
447
1298
243
944
713
1261
1327
629
141
933
1169
1372
596
283
304
1510
956
1458
434
1428
1204
326
179
751
642
979
775
745
1282
961
644
873
681
1035
620
1484
1403
1186
935
539
1224
1200
228
382
237
683
1062
443
432
721
1231
1257
765
188
1539
491
1024
1425
589
266
1388
1220
1574
1263
1181
530
1197
895
523
963
343
360
1193
1152
367
1477

12
150
15
16
13
18
10
12
14
12
13
6
17
17
9
17
7
9
19
18
19
9
15
19
7
7
12
19
7
7
12
15
10
15
15
19
7
12
15
12
12
9
7
6
13
15
19
19
18
15
11
14
11
6
12
12
8
18
18
6
18
14
15
13
8
15
13
16
6
13
9
19
12
12
6
6
5
9
12
10
14
15
8
6
19
12
6
13
10
15
14
6
6
6
19
12
16
15
16
16
11
15
10
15
16
19
7
13
14
16
17
12
9
16
10
9
11
9
12
15
14
17
10
7
10
9
13
7
12
19
17
15
14
16
14
17
7
7
19
13
20
10
10
6
15
17
19
11
17
10
7
13
0
1189
96
1142
736
698
42
264
722
514
298
464
1223
679
1128
487
1026
655
394
324
318
100
594
91
700
404
899
25
407
829
1129
76
669
800
3
1063
299
784
472
199
93
561
213
1365
1201
63
1322
377
669
176
308
1019
845
175
905
843
485
521
915
1107
1226
617
1241
1070
86
232
1070
1303
256
1292
480
287
932
332
1313
474
1275
857
695
997
492
543
605
289
805
903
983
1356
967
22
1191
516
1250
415
1368
463
488
1104
207
155
421
309
500
994
778
484
565
163
338
1070
1329
702
125
390
78
695
1359
570
666
1058
1388
116
1282
1355
16
555
872
521
1083
480
919
203
472
563
1187
708
578
1365
113
20
1399
523
1280
11
1187
870
1278
599
706
690
16
1221
129
1198
780
858
212
322
835
522
347
584
1306
861
1318
620
1123
859
471
357
359
264
635
211
744
449
934
220
500
1008
1293
136
779
939
73
1225
439
815
638
331
208
742
379
1547
1252
120
1489
486
842
206
457
1145
932
216
1055
1028
631
588
1118
1273
1383
769
1334
1141
158
359
1144
1327
268
1348
562
429
1081
396
1385
603
1366
874
764
1142
518
597
730
317
877
1100
1096
1550
1080
127
1327
559
1390
609
1545
586
683
1244
267
354
533
396
664
1147
834
664
743
337
401
1144
1502
771
178
489
107
864
1395
595
740
1223
1579
166
1302
1384
129
658
954
588
1113
513
1035
276
525
582
1244
784
676
1551
287
92
1485
541
1452
144
1298
931
1301
621
813
753

13
150
16
15
11
12
9
9
12
11
9
17
13
15
7
14
15
12
19
14
16
8
6
16
10
9
11
10
9
15
12
15
5
13
10
8
11
17
18
8
9
14
15
6
8
16
9
7
7
7
16
13
17
5
19
11
5
19
15
9
7
9
19
11
15
15
14
7
15
9
18
7
9
8
16
19
11
7
15
6
14
13
16
16
11
9
7
13
9
8
15
14
18
8
10
16
9
17
18
15
7
14
15
7
13
10
11
17
9
8
14
9
14
5
14
18
14
10
15
7
11
7
10
18
8
6
5
19
8
17
12
8
16
17
6
7
17
6
12
10
9
17
11
12
12
8
8
7
11
7
7
18
0
705
1183
628
1008
319
59
876
73
824
919
823
557
997
909
296
905
528
745
1078
413
104
671
138
1270
54
741
110
978
211
75
534
365
396
849
1164
416
224
1129
596
1275
269
772
464
359
664
511
1093
297
476
46
168
1243
536
260
54
139
1192
902
1100
439
305
181
1046
887
84
761
241
1086
415
965
1202
365
456
697
897
19
636
877
1146
1234
482
893
1307
877
236
513
1251
1147
360
218
1191
1049
290
1143
40
174
1093
1225
1222
1158
225
577
1311
506
127
845
682
236
464
1050
1016
1047
985
979
1213
272
617
158
1295
70
24
836
857
399
1134
382
320
677
347
1272
766
454
511
357
76
622
206
93
890
761
1219
777
483
726
658
672
432
753
663
182
843
1233
757
1149
387
124
895
253
1010
1013
957
735
1100
988
443
934
692
849
1241
593
273
734
178
1347
220
879
171
1040
319
88
664
546
415
990
1253
471
256
1232
755
1294
300
851
490
419
844
585
1151
342
589
103
224
1369
676
393
113
160
1375
1028
1170
530
450
233
1149
1046
170
906
265
1234
445
976
1282
393
496
804
909
80
676
907
1169
1335
631
933
1324
914
388
612
1324
1329
501
316
1324
1105
333
1311
182
306
1219
1256
1271
1189
285
595
1348
567
259
1008
843
299
510
1150
1083
1137
1076
1104
1308
453
710
273
1308
92
137
1013
1033
447
1283
437
362
715
495
1398
940
469
614
402
184
696
375
131
1002
907
1238
939
598
904
827
807
541
801
709

14
150
8
17
18
10
18
11
17
12
16
17
13
13
15
20
12
15
9
10
13
12
19
15
8
14
16
11
14
6
9
20
11
6
17
12
9
9
14
19
10
8
19
18
13
18
14
19
6
10
13
10
13
8
14
11
20
14
19
13
9
6
20
20
16
10
8
19
18
8
10
6
12
15
18
15
13
7
11
19
19
8
9
12
15
15
8
16
15
18
15
17
14
13
9
13
15
6
11
8
16
5
7
8
14
14
18
15
8
8
18
14
17
16
9
19
17
12
14
9
18
5
8
10
15
11
9
8
15
9
18
14
11
10
17
7
10
12
11
12
19
8
15
13
15
11
12
19
8
19
13
8
0
63
688
492
460
67
306
174
448
172
993
205
582
1401
24
1201
602
485
1191
368
1322
976
1287
248
1089
802
722
309
136
1201
895
654
514
1275
1073
1384
207
1301
1016
732
1096
836
291
192
274
211
516
892
407
187
27
870
1355
1098
280
761
11
597
412
1400
1310
79
717
840
468
1433
192
453
473
1288
177
1453
164
776
696
53
938
138
90
400
854
589
517
1150
920
206
840
996
1038
428
1294
837
226
1223
1447
1364
417
56
1306
1368
796
325
168
1376
901
794
164
468
896
764
364
1048
1249
1233
37
719
396
439
1279
561
1352
392
529
231
1137
966
1364
478
141
1070
269
934
939
936
1054
678
234
285
876
1072
152
989
641
931
395
249
190
951
387
343
74
106
777
586
605
97
489
289
569
253
1056
375
606
1518
155
1295
688
584
1259
398
1409
1051
1347
326
1213
911
864
339
276
1316
942
752
652
1331
1161
1571
343
1335
1147
931
1200
914
485
214
374
402
639
965
612
315
76
1051
1501
1179
382
928
211
720
521
1500
1443
200
881
867
628
1595
226
633
493
1301
280
1486
312
870
891
93
997
243
288
547
1011
674
674
1217
1083
314
862
1187
1113
613
1498
862
364
1338
1632
1498
482
165
1335
1476
917
374
366
1480
1048
915
319
491
958
797
388
1151
1333
1255
137
910
573
551
1440
566
1520
444
712
377
1272
1086
1491
551
350
1124
417
958
1116
966
1212
734
299
382
994
1196
180
1015
765
1118
589
373
286
1087
561
483

15
150
10
5
6
8
14
9
8
5
6
16
8
8
5
17
9
13
17
6
17
14
20
14
10
18
9
5
18
17
14
6
16
10
16
11
19
8
11
15
17
13
15
7
13
16
14
19
9
14
5
7
17
8
15
6
14
8
7
9
7
9
11
7
10
9
20
6
17
12
18
18
19
19
19
7
8
17
18
17
6
14
14
8
11
11
13
18
7
8
7
13
20
12
5
15
11
12
12
13
12
16
14
16
19
12
12
6
14
6
15
17
5
8
19
12
6
20
13
6
10
7
14
12
6
12
7
11
15
8
12
17
6
19
14
11
5
15
8
15
15
8
15
9
7
11
12
17
16
13
18
14
0
491
858
1304
55
801
273
429
548
783
1345
851
606
321
624
762
1058
617
257
1
369
892
573
264
911
602
316
1181
701
828
727
1055
778
510
861
966
1148
6
535
818
672
925
994
863
771
1261
837
1307
9
340
187
74
1001
503
1201
186
542
1182
423
1230
563
566
114
1218
31
519
404
792
14
316
734
1060
896
456
722
512
1048
755
646
1132
188
526
1097
871
590
1201
644
132
1271
346
498
744
1221
339
210
859
84
422
106
606
212
821
1245
373
1206
1101
1076
1192
290
1229
1192
1191
414
1018
1104
301
360
1002
1147
437
1084
431
604
1221
1213
826
660
29
1123
0
966
443
628
1160
796
207
281
419
286
462
762
268
627
630
893
185
46
523
902
1166
92
625
957
1438
226
853
433
508
662
933
1443
892
653
411
748
797
1144
649
392
179
523
924
590
287
1033
717
404
1239
827
995
853
1171
889
673
999
1147
1206
198
682
1005
831
962
1057
973
954
1283
1010
1490
180
464
262
194
1132
627
1284
272
651
1370
557
1353
579
695
232
1349
65
691
569
902
122
462
760
1081
944
514
799
630
1141
892
663
1194
313
661
1167
946
683
1341
808
289
1323
530
672
911
1402
496
340
920
257
583
233
768
362
867
1414
503
1317
1244
1106
1337
401
1425
1264
1281
548
1034
1256
485
545
1184
1212
453
1177
528
633
1292
1307
922
741
204
1235
31
1110
467
729
1214
924
303
398
600
424
562
856
423
756
689
1078
372
233
539
969
1274

16
150
6
10
15
8
17
10
17
7
17
14
11
18
19
11
11
20
15
10
16
16
13
6
13
6
10
18
10
12
19
9
17
12
19
10
9
12
9
7
14
8
14
16
14
6
17
19
14
14
12
15
8
18
18
14
14
19
9
18
9
10
6
9
7
5
10
6
9
8
18
18
14
13
19
20
6
6
7
14
9
11
8
7
19
13
8
8
13
14
18
7
6
17
13
11
8
15
9
6
14
20
5
13
5
19
12
14
11
7
16
11
5
5
14
20
16
16
19
18
16
14
6
8
18
18
16
5
9
6
7
7
19
7
7
7
8
10
11
8
9
6
12
7
16
5
18
16
7
5
13
13
0
791
556
507
1034
604
291
1181
492
1156
1146
1256
709
914
810
912
627
1247
1269
727
1023
1004
425
174
475
737
388
1079
561
680
957
508
1226
76
1154
1112
95
733
104
572
815
946
21
280
1291
112
1250
235
417
159
160
182
884
1319
1317
809
1059
1175
1069
860
456
1212
917
96
1072
293
1097
1282
943
755
576
997
1079
1178
797
3
678
182
500
185
442
54
420
5
962
1037
1154
1083
1244
563
925
303
421
329
680
179
1048
633
463
1125
911
957
1181
345
1242
972
1090
1213
866
835
1104
174
126
313
220
659
206
968
520
917
253
218
355
1224
714
278
550
187
517
667
877
118
560
1333
932
573
1137
1165
62
46
375
149
1121
993
109
694
619
638
788
289
123
838
732
581
1225
718
414
1231
557
1294
1164
1319
748
1076
953
964
783
1389
1347
781
1184
1017
564
349
595
860
518
1268
607
753
982
595
1318
154
1217
1229
183
857
207
686
942
1041
49
461
1353
271
1422
397
562
303
189
370
1054
1351
1444
874
1075
1253
1107
877
523
1237
1097
152
1093
342
1201
1405
1036
786
708
1060
1220
1206
937
46
819
215
594
247
592
226
574
115
1141
1212
1198
1267
1373
688
1063
379
486
363
721
292
1176
793
591
1261
1067
1027
1347
381
1303
1024
1137
1350
961
945
1211
297
287
498
371
808
252
1126
688
1060
355
277
465
1385
804
370
729
319
693
734
997
303
708
1412
1018
696
1311
1292
158
166
445
225
1246
1153
194
771
719
747
907
376

17
150
14
6
14
19
12
15
9
15
19
6
9
17
8
10
12
18
18
9
16
8
13
10
13
11
12
14
15
17
11
11
14
7
16
7
11
12
14
12
15
17
7
15
15
11
9
15
10
16
10
6
15
13
10
10
12
19
10
9
13
6
13
16
14
17
20
7
19
13
14
19
10
11
6
11
17
10
12
7
19
16
7
6
5
13
12
16
11
18
5
7
12
16
7
12
10
16
13
16
7
7
9
9
12
15
14
19
6
18
11
11
18
18
8
18
6
7
17
15
7
13
12
10
16
13
7
17
12
19
18
14
10
6
9
14
8
8
6
14
12
8
12
6
6
17
17
6
12
6
16
14
0
508
1240
259
695
88
491
796
130
1330
970
37
91
1061
370
110
1056
1142
275
17
906
747
828
189
543
833
1146
737
1108
1048
562
1300
521
54
581
137
475
1330
1265
352
204
1321
123
440
455
221
872
241
805
1318
557
856
95
992
624
941
875
797
867
703
333
44
17
1000
1357
319
100
654
271
821
117
1260
1269
944
758
730
446
1272
213
1235
369
306
86
523
806
1281
107
437
635
474
632
267
226
24
1205
560
1090
273
503
35
290
1012
958
321
978
756
178
1147
1048
236
1120
713
395
594
1295
251
1048
1101
1161
193
1082
528
153
628
259
185
48
269
560
462
492
1154
440
1153
915
1033
97
162
507
1122
219
851
900
266
554
789
517
461
1264
832
47
544
1403
340
871
211
629
893
242
1374
1111
91
213
1153
426
131
1241
1325
443
44
985
842
984
324
688
1027
1280
897
1155
1161
606
1358
632
119
599
152
615
1394
1443
496
282
1422
307
544
514
374
967
262
888
1362
597
941
238
1033
766
1032
909
968
945
773
488
237
100
1094
1439
405
158
734
441
956
257
1317
1417
1121
861
765
632
1296
282
1304
397
457
160
540
930
1431
263
543
818
622
666
414
240
54
1258
625
1129
332
580
134
358
1049
1133
364
1140
843
203
1182
1212
281
1269
893
417
778
1347
289
1194
1183
1286
262
1172
617
318
732
340
363
92
422
662
543
663
1286
545
1302
1099
1058
224
284
673
1234
345
890
1024
384
633
912
660
502
1318
970

18
150
15
18
15
13
14
12
18
15
11
11
18
11
10
10
12
16
8
11
13
8
5
19
13
14
15
15
20
20
6
14
18
15
7
19
19
16
19
12
18
8
5
11
20
16
14
6
14
17
16
7
15
17
7
14
11
11
8
9
7
18
16
5
20
18
18
15
11
13
14
15
13
14
16
16
11
16
18
14
5
7
11
19
9
17
8
9
11
20
11
7
19
6
14
9
10
19
16
8
11
10
12
9
11
11
7
17
17
16
13
17
9
9
17
6
16
14
8
17
13
6
9
12
13
10
16
10
8
8
9
8
9
11
19
14
12
15
13
19
18
18
12
16
13
6
11
14
9
12
15
6
0
1415
1157
758
608
234
398
815
569
807
537
1012
1201
455
43
756
381
685
1065
276
1187
432
317
749
893
414
1431
593
99
441
865
421
319
1068
1144
1007
877
97
623
989
939
1088
583
297
228
1305
479
153
1350
772
508
1329
81
1308
1076
141
1155
1173
1025
1174
1188
327
60
80
795
304
19
142
523
737
344
78
830
1044
1135
918
1106
649
503
1164
679
492
1028
652
1105
650
513
1078
1159
1124
593
542
1142
637
1164
339
694
499
1226
1177
965
1149
56
1280
1099
1341
554
944
1343
555
35
59
1269
164
593
377
1103
1079
1221
472
433
594
951
932
825
578
1144
553
863
911
139
1040
238
370
120
989
1391
528
670
1008
835
254
305
723
475
872
639
883
749
935
192
1620
1195
861
704
430
496
942
735
882
679
1039
1393
554
83
821
490
739
1095
391
1327
641
386
824
1036
460
1478
631
145
559
912
442
362
1109
1212
1070
914
190
689
1095
1051
1139
704
361
246
1403
601
206
1450
890
562
1453
124
1425
1148
219
1173
1237
1184
1268
1304
502
165
253
845
405
192
262
624
931
478
230
973
1137
1203
975
1185
851
512
1263
839
525
1138
853
1190
681
629
1255
1352
1209
789
713
1270
691
1333
535
763
690
1272
1333
1108
1189
217
1441
1231
1472
604
1072
1405
757
196
183
1368
237
692
558
1157
1154
1336
539
600
672
1025
1011
850
776
1228
628
1035
1093
288
1192
332
494
245
1064
1585
690
787
1122
975
309
470
733
518
943
737
1078
765
1025

19
150
12
12
6
8
19
10
19
9
19
6
7
18
7
19
14
11
14
19
18
6
18
15
17
9
14
9
15
7
10
11
11
15
9
19
19
10
18
14
14
7
16
8
8
14
6
8
15
15
20
10
16
7
18
8
8
12
12
19
14
9
17
18
13
18
11
11
15
12
11
17
5
8
20
15
8
9
13
7
12
7
14
9
14
16
11
19
6
19
8
13
10
13
19
15
19
16
6
14
11
13
18
17
10
5
10
16
5
9
14
15
7
12
20
10
13
20
12
6
16
14
12
15
10
18
19
13
14
16
7
8
5
15
19
8
8
18
8
11
13
9
12
11
11
19
9
11
13
7
8
12
0
84
206
490
149
1393
894
27
1084
988
240
28
97
769
681
452
124
1077
1200
816
1269
729
217
837
436
407
1077
336
272
654
1358
1228
527
493
1398
1111
586
598
605
1014
336
137
48
1294
1378
1071
1013
1228
1394
579
1142
219
557
886
334
674
123
266
1158
607
837
119
464
1391
1012
362
577
386
475
1119
166
915
416
1269
211
880
1090
555
640
909
88
48
534
394
164
639
9
1180
1177
1369
1174
1342
620
110
647
219
1225
1201
593
1371
858
185
1203
834
1183
937
163
841
464
115
56
1182
1353
1284
1372
1337
450
668
362
754
313
1258
403
834
870
45
1190
213
1058
874
1179
1006
4
524
107
686
428
488
435
1339
770
509
151
1136
1234
1025
1120
1154
410
117
24
206
294
613
252
1551
921
118
1151
1164
400
129
150
971
754
530
232
1176
1339
879
1453
829
301
973
557
427
1190
450
436
702
1434
1351
685
544
1458
1157
673
733
745
1151
494
240
66
1424
1387
1249
1101
1402
1438
715
1227
285
724
996
480
758
252
333
1203
792
1006
148
634
1438
1038
488
746
420
651
1309
262
942
562
1322
402
1048
1159
616
668
1007
147
174
639
514
316
713
142
1338
1324
1426
1291
1493
698
128
693
411
1389
1290
610
1431
988
207
1306
1004
1309
1026
287
893
485
239
118
1353
1447
1453
1490
1470
512
759
416
938
453
1453
425
903
1010
125
1331
403
1119
916
1218
1188
194
537
255
731
530
616
562
1400
957
688
340
1228
1325
1049
1260
1244
533
207

20
150
11
19
12
14
12
9
19
5
18
6
19
16
7
16
20
15
10
19
12
14
5
19
12
20
5
13
12
7
12
12
18
9
10
18
12
10
8
17
5
14
8
7
12
6
8
18
17
9
10
7
6
9
12
12
20
9
12
12
20
7
6
13
18
14
6
13
9
17
7
12
14
10
8
19
19
8
11
17
6
19
18
14
19
13
8
15
12
18
10
11
13
9
7
16
9
19
18
16
15
11
16
7
7
6
11
6
17
13
7
11
10
10
7
7
7
15
17
14
16
11
15
13
8
17
19
17
11
8
18
7
19
6
19
8
17
13
10
6
13
10
10
6
19
17
10
9
5
20
15
19
0
718
563
706
1065
238
351
180
909
772
118
399
504
632
830
368
582
928
1042
841
627
59
440
790
617
1153
557
975
906
108
1329
591
656
180
1148
59
44
1381
456
110
1095
904
1307
507
1307
1362
161
1039
1220
706
987
1202
708
762
202
1204
991
1358
1009
689
996
339
360
619
916
1078
549
532
192
673
1138
772
23
624
1047
536
380
713
1164
1318
240
1239
1268
1068
740
667
1013
1104
548
1386
174
14
1154
901
957
750
329
589
648
984
1122
1014
970
1246
795
674
234
914
938
470
215
1338
364
246
756
12
964
794
169
633
592
440
788
786
373
1003
296
97
513
1133
77
317
927
151
128
1349
146
105
674
730
526
37
836
581
721
689
618
424
101
1161
108
826
604
745
1204
343
408
217
1102
949
254
503
664
681
895
433
644
980
1176
913
755
144
546
888
784
1252
702
1124
939
197
1467
705
721
205
1223
152
194
1448
596
307
1134
1009
1321
646
1337
1534
360
1077
1361
796
1123
1226
780
877
244
1337
1159
1519
1039
824
1132
375
437
698
1100
1244
584
554
340
726
1307
866
89
798
1230
661
558
821
1211
1520
437
1298
1304
1088
884
787
1051
1154
650
1516
207
161
1167
964
1128
777
383
618
686
1071
1186
1176
1056
1273
984
742
261
943
1097
572
264
1396
522
357
781
142
1134
964
265
761
610
590
959
839
495
1140
312
248
683
1237
144
496
1043
268
200
1511
316
119
819
874
568
78
876
737
760
868
696
454
149
1344

21
150
16
5
16
11
17
6
11
8
11
20
17
12
19
16
12
20
8
15
19
13
12
20
19
20
20
13
6
11
6
10
6
8
16
14
6
11
14
8
10
17
12
10
10
17
19
15
15
14
15
5
8
17
10
6
14
10
17
19
16
13
14
9
9
11
5
18
16
6
13
8
18
11
15
18
16
16
11
11
10
20
9
15
18
13
16
5
14
14
11
14
14
12
18
11
13
6
6
16
12
10
9
12
20
20
10
17
10
9
5
12
10
16
12
11
10
18
12
14
16
11
15
11
6
18
9
6
18
17
8
8
9
14
17
7
12
13
16
16
18
17
16
20
8
13
13
15
7
12
17
9
0
944
275
229
778
2
1334
535
643
400
327
1030
1072
273
1055
763
236
1119
156
1361
614
94
331
1402
104
260
1396
1117
1166
1368
715
524
728
773
742
788
722
191
453
536
569
328
104
1244
1368
735
413
484
415
1312
1103
84
35
1199
101
795
711
125
1176
435
1049
842
1072
255
505
418
1395
453
32
708
425
1112
896
1304
60
1037
1139
931
334
656
24
874
873
25
1317
376
465
997
1200
621
1126
256
699
74
660
1012
1043
663
238
1249
194
341
925
717
865
207
1271
422
709
244
146
776
927
343
1094
979
1101
849
760
34
650
540
906
524
642
723
629
1147
445
357
1084
746
215
985
952
1270
840
626
536
715
809
1168
1382
930
346
1203
557
1169
761
302
161
1060
385
381
824
147
1394
589
655
558
453
1140
1169
382
1193
841
280
1261
290
1551
687
142
501
1508
200
319
1529
1143
1302
1394
805
660
861
942
917
989
769
207
626
694
587
365
258
1408
1547
922
531
636
543
1506
1202
181
155
1394
160
831
833
181
1296
509
1229
865
1083
396
553
541
1474
511
152
905
527
1238
1085
1348
244
1087
1299
1092
525
814
182
965
1045
109
1524
501
530
1023
1222
786
1199
374
755
138
681
1036
1101
691
311
1329
238
382
1042
854
980
259
1427
542
715
270
215
839
970
519
1288
1170
1208
982
873
157
690
686
940
624
835
742
764
1344
633
366
1115
897
420
996
1123
1418
935
675
744
817
887
1309
1458
1017
498
1360
583
1330
779
389

22
150
18
8
12
5
6
9
12
16
6
11
19
12
17
11
18
5
12
19
12
11
19
19
13
8
6
11
19
17
8
12
12
10
13
14
10
9
16
5
6
13
6
16
14
18
7
8
18
11
16
15
9
13
16
17
14
11
16
15
18
8
19
19
19
15
5
14
13
10
17
10
8
13
13
13
14
7
17
14
5
11
9
7
18
16
10
13
9
18
20
17
5
14
17
6
11
14
5
7
10
12
14
12
7
16
15
11
10
13
7
13
9
8
20
20
17
12
12
8
14
20
13
13
13
18
6
8
19
7
15
11
14
12
7
10
12
6
18
6
15
16
11
16
17
16
5
19
8
16
14
15
0
658
288
849
937
1326
686
1294
485
903
464
209
961
1000
587
500
826
841
579
60
869
1336
1246
622
980
870
1314
1175
1136
960
1014
20
314
1265
1076
785
399
675
323
133
380
848
3
240
554
809
1199
1290
612
46
623
215
93
145
649
103
534
1307
970
292
952
647
359
1085
21
1276
1216
132
795
1121
427
349
451
1398
1354
820
217
885
993
379
1111
442
1155
763
993
809
528
1110
691
1243
1011
197
992
311
632
1002
1069
764
840
251
1207
151
456
1111
729
2
1279
773
1017
1185
444
901
300
19
134
1154
1356
486
1329
1255
538
961
944
1319
327
282
1193
641
1196
1253
1353
86
934
214
438
1283
762
1178
625
723
26
1008
603
62
1293
1020
1007
1234
592
1296
185
753
311
958
962
1370
838
1341
566
989
545
233
1140
1062
725
544
967
970
726
212
901
1393
1279
683
1023
931
1480
1207
1152
1137
1178
94
392
1347
1120
938
503
821
500
223
473
1002
185
297
584
934
1330
1316
683
167
642
232
148
278
706
134
584
1488
1051
440
1036
721
383
1135
185
1335
1242
257
839
1278
533
507
613
1490
1540
921
318
938
1097
410
1187
521
1208
959
1037
834
680
1182
775
1309
1159
288
1158
474
666
1119
1136
868
982
342
1296
297
566
1241
851
51
1364
815
1113
1273
553
937
420
106
228
1336
1406
511
1389
1358
562
1072
1126
1486
420
389
1268
661
1238
1339
1499
199
1019
270
470
1441
847
1298
643
814
173
1185
790
194
1460
1148
1146
1294
685
1416

23
150
11
16
7
14
9
15
10
15
19
19
6
18
11
10
9
11
12
17
7
19
6
13
15
13
6
12
17
19
15
10
18
14
5
18
15
7
20
17
10
18
12
17
8
16
15
10
20
11
6
13
10
10
14
17
14
14
15
6
9
6
14
15
12
14
8
5
10
16
18
5
8
18
16
18
7
12
7
17
11
17
13
13
15
13
8
14
16
14
11
13
11
12
10
15
7
10
5
20
6
13
12
7
15
19
11
20
19
12
6
11
11
12
13
16
10
10
8
9
11
9
8
10
5
9
14
18
13
15
18
5
10
14
16
6
10
12
13
11
17
17
10
13
15
13
20
16
6
7
12
7
0
629
1016
215
657
202
786
745
1100
618
1355
243
1292
1270
1069
866
1074
1080
187
356
1245
974
562
802
1092
1032
470
7
817
1043
76
974
1068
1368
396
609
855
353
121
98
1344
478
974
852
129
14
934
660
157
466
1286
1221
1224
988
1290
1365
1004
337
850
1052
1315
1179
267
184
727
1166
786
624
1184
352
576
1048
5
1028
971
1333
513
353
938
560
128
514
153
1180
304
643
1157
602
1325
788
411
864
1293
252
404
949
1273
1111
666
1001
1157
618
1242
1105
729
20
93
223
231
935
1314
218
994
159
328
1085
451
1333
495
650
159
72
879
172
295
1364
1262
1290
648
766
294
1309
1025
745
908
81
253
637
264
447
587
972
600
194
26
988
180
612
201
848
106
696
1185
403
692
392
980
923
1189
655
1495
388
1345
1457
1129
995
1197
1109
316
424
1386
1117
689
847
1258
1120
499
64
998
1192
123
1031
1094
1518
585
686
992
541
134
288
1511
511
1034
1000
197
167
1084
722
243
664
1421
1331
1354
1138
1438
1442
1158
471
1038
1160
1502
1342
347
207
870
1224
802
719
1237
368
685
1172
52
1128
1115
1351
596
471
1093
645
254
654
350
1246
334
831
1229
775
1408
866
578
989
1472
418
471
1087
1413
1159
843
1021
1201
717
1327
1247
752
106
252
413
406
1055
1476
277
1081
290
402
1173
589
1361
581
804
324
161
1043
207
453
1417
1292
1341
713
796
379
1340
1085
851
1075
180
449
777
282
596
669
1055
736
331
200
1181
295
761
244
871

24
150
15
14
20
14
8
17
17
12
9
20
8
16
10
10
10
15
17
15
8
20
8
11
16
13
15
16
16
12
13
6
14
19
7
7
11
8
7
9
11
11
5
19
10
20
12
13
14
12
15
10
15
10
6
6
5
18
16
6
15
15
6
19
10
18
12
15
14
9
17
18
12
17
19
10
7
17
17
7
14
16
10
18
9
15
11
15
17
9
9
14
5
14
7
18
20
8
20
19
16
11
14
6
6
15
10
16
17
13
8
16
6
12
8
9
14
11
19
6
16
18
10
14
20
7
14
11
12
11
9
20
16
19
18
8
12
8
17
9
12
10
15
15
7
14
11
17
19
15
14
19
0
1135
1257
432
1418
672
864
619
1140
34
367
882
494
612
1180
1190
663
637
1096
1050
618
1324
1361
144
439
1434
730
446
214
756
402
270
1439
425
1085
368
1203
297
181
965
534
133
731
1174
1275
463
1029
1373
1308
1201
1152
1178
89
1109
1106
828
1179
530
780
72
588
369
1016
913
1126
1160
65
1075
1096
1017
651
467
402
631
216
252
1336
1089
1271
911
838
1236
1396
598
670
605
1267
165
472
184
381
265
142
1232
49
1225
1105
217
687
1234
1080
348
1399
660
846
138
463
787
264
1194
367
445
587
1441
92
543
470
66
0
1157
1246
654
566
1187
205
1170
54
1146
472
672
1327
291
278
1279
1057
229
387
563
448
429
1128
613
618
661
308
30
66
122
1075
875
114
1290
1344
600
1578
805
1047
708
1174
142
519
926
582
802
1362
1297
766
758
1144
1246
734
1400
1423
198
579
1562
887
646
231
849
458
449
1536
443
1216
552
1304
441
382
1109
615
318
782
1366
1311
619
1055
1512
1417
1362
1204
1296
228
1136
1208
971
1353
578
912
122
645
568
1156
979
1242
1356
163
1242
1242
1194
790
583
528
652
382
396
1436
1256
1346
1086
1016
1264
1583
707
766
731
1459
357
579
378
460
329
186
1347
148
1263
1142
348
785
1402
1222
393
1486
769
857
180
590
935
430
1391
501
491
648
1558
106
580
632
120
54
1201
1434
732
686
1211
295
1309
97
1278
503
733
1372
404
484
1404
1110
241
557
610
531
545
1326
696
728
806
325
156
265
183
1217
923

25
150
13
5
19
6
11
18
14
12
6
13
9
6
6
16
9
10
11
9
14
11
5
5
15
18
17
6
7
10
7
17
11
18
12
7
7
16
8
20
15
12
14
13
19
13
13
14
9
8
16
9
18
19
9
8
18
17
14
19
8
8
19
7
11
12
19
17
14
6
8
8
16
17
17
5
20
17
18
15
6
14
11
15
12
19
16
12
16
7
15
13
14
12
13
16
8
13
10
9
8
17
11
14
19
6
19
8
7
10
9
13
15
11
20
6
7
16
18
12
13
6
5
5
9
13
6
13
12
10
12
11
12
15
18
11
15
11
17
6
14
13
15
8
12
6
11
16
9
13
8
7
0
970
964
180
273
1057
1099
809
813
17
648
718
1141
819
601
510
274
545
821
789
590
560
939
308
1322
1052
605
160
1107
1041
984
128
954
1186
593
1159
1065
589
964
84
539
1243
280
59
183
452
1339
1113
1168
1156
1109
1056
1084
138
492
1041
545
327
165
1197
146
389
747
991
908
1030
354
620
270
214
963
425
817
433
368
56
714
208
166
1184
702
1136
1116
535
688
1284
1
143
426
815
111
1224
399
172
553
391
1099
377
961
839
906
728
413
144
256
741
1294
1255
72
257
999
190
806
467
1237
1098
914
1162
165
1300
1124
1022
1189
1066
1096
326
938
1132
252
674
1129
570
261
1097
32
144
563
102
88
677
737
298
997
193
1078
702
1228
1097
259
544
61
1144
1044
322
389
1173
1268
863
968
90
682
839
1186
898
711
677
362
714
983
898
767
742
1062
449
1350
1112
629
288
1142
1163
1128
292
968
1295
695
1323
1219
716
1060
163
603
1376
353
84
375
521
1408
1171
1203
1330
1166
1208
1182
326
619
1177
684
516
313
1243
264
528
895
1175
1102
1098
432
683
405
360
1042
545
929
549
491
134
876
329
327
1240
836
1256
1258
664
721
1398
148
315
555
882
192
1380
502
234
653
472
1248
461
980
996
1085
793
454
224
293
904
1325
1287
228
432
1062
312
972
505
1370
1161
1057
1197
344
1458
1294
1120
1326
1112
1274
442
1130
1192
279
723
1171
743
406
1250
66
178
679
289
186
740
890
370
1093
368
1120
880
1386
1282
404
645

26
150
19
13
14
15
19
9
11
12
5
12
14
17
12
12
16
10
11
14
12
13
10
17
18
12
7
11
12
18
6
6
9
20
8
14
17
14
10
8
17
9
7
13
6
9
6
13
10
10
19
11
11
18
15
18
19
8
17
16
13
5
13
9
18
8
7
13
15
10
15
7
17
12
17
14
9
14
10
8
9
15
11
15
7
10
19
16
9
17
14
14
20
10
19
8
12
8
15
10
10
13
19
13
10
7
6
12
19
13
19
17
18
14
9
10
8
7
14
19
15
7
16
5
17
14
18
17
16
11
17
15
19
18
8
19
6
16
18
14
20
5
16
17
5
17
16
18
11
10
15
6
0
707
346
1237
1189
994
859
723
61
1089
1152
59
1324
1188
1367
228
1393
276
252
1325
166
275
891
1385
1125
141
519
1191
685
647
111
179
1384
1005
1017
945
708
865
1301
241
263
364
825
1278
33
236
362
724
822
430
896
1053
1246
678
1372
206
833
15
1041
570
1359
142
339
764
708
995
702
699
180
600
109
712
804
550
624
740
954
378
237
485
1067
872
1103
801
377
1071
737
47
139
323
1139
18
1110
236
959
819
1126
622
1365
729
716
104
805
572
977
1245
677
1297
216
633
1420
25
938
1212
969
642
582
1383
1002
986
609
1045
1236
68
139
688
169
346
119
597
1233
950
52
767
1017
101
302
1371
260
1164
649
63
1324
268
911
382
1174
333
71
147
174
803
514
1258
1327
1127
1007
908
113
1259
1320
203
1410
1328
1541
390
1552
479
451
1419
265
441
945
1484
1146
298
563
1336
704
753
236
234
1403
1191
1156
995
755
1018
1333
315
388
546
928
1428
64
255
488
905
1019
615
1089
1186
1383
722
1514
230
939
213
1228
645
1512
289
385
819
824
1194
809
858
211
622
183
860
954
613
809
891
976
393
395
668
1123
1054
1163
872
474
1276
890
135
156
381
1283
70
1221
434
1047
897
1210
793
1383
916
774
138
840
766
1148
1271
871
1353
348
795
1513
201
1078
1259
1023
833
769
1442
1037
1146
731
1122
1318
199
237
762
326
482
206
795
1291
1011
230
812
1023
141
395
1527
379
1248
763
84
1358
461
954
491
1241
425
209
245

27
150
19
18
17
11
7
12
6
11
8
9
11
6
20
18
18
8
20
8
12
19
19
19
5
12
12
9
11
14
5
8
13
9
8
7
12
16
8
8
9
16
12
9
9
8
13
15
9
7
17
8
8
15
13
6
16
13
9
5
8
16
8
7
5
16
11
6
20
17
6
17
12
16
19
5
13
14
9
15
14
14
18
9
14
6
16
13
16
10
9
12
6
10
17
18
16
19
17
11
18
15
9
17
9
10
14
15
17
20
14
16
19
20
8
12
13
17
9
13
10
19
18
17
13
6
17
10
18
16
8
16
12
12
13
8
18
12
6
12
13
6
9
8
12
12
13
19
18
15
19
19
0
625
33
1397
462
37
52
616
243
1388
775
284
939
140
777
1039
921
1022
1177
949
1033
123
192
1401
1224
109
1351
307
1314
337
956
946
107
395
221
423
490
1238
646
214
600
64
1200
1368
1312
1229
1061
1393
245
1215
1095
608
1103
1035
735
1088
94
1248
378
333
842
486
358
921
1159
692
914
142
287
423
1300
650
1036
601
1046
484
345
1244
78
647
605
840
744
1344
1376
923
1359
1019
1005
663
1279
392
264
979
66
201
798
177
838
495
377
604
390
85
363
1272
196
1159
516
162
1073
727
822
963
104
737
986
1323
639
171
314
1153
250
944
1374
1021
1403
821
338
907
1232
941
1332
425
929
1139
964
923
1051
788
112
656
622
950
467
398
264
123
525
810
68
718
154
1466
501
122
106
773
309
1503
843
460
985
217
920
1209
1030
1163
1232
1019
1058
210
235
1549
1416
232
1532
502
1397
391
1053
1042
294
430
269
579
641
1262
724
250
706
231
1352
1410
1484
1288
1239
1582
342
1397
1226
766
1167
1174
861
1214
187
1280
396
479
866
540
439
1014
1236
719
963
219
405
448
1440
830
1118
667
1082
526
393
1447
119
731
715
998
801
1446
1485
1069
1395
1161
1078
727
1300
563
341
1001
224
244
923
223
1042
630
406
663
508
119
545
1302
299
1346
572
339
1267
887
1003
1122
263
818
1096
1364
777
293
393
1197
414
994
1392
1054
1430
880
351
1005
1390
1088
1441
476
1040
1311
1064
996
1128
962
250
795
786
1084
527
516
403
225
730
917

28
150
9
13
11
6
14
5
17
17
18
9
11
6
7
20
17
10
18
19
17
12
19
6
7
6
11
14
10
17
15
12
9
16
17
6
17
12
9
17
8
18
17
14
14
12
8
8
16
11
9
6
15
19
17
15
20
8
9
18
8
14
10
12
12
16
9
9
7
19
10
14
12
19
12
14
19
7
14
16
19
7
6
6
10
13
7
12
9
19
7
18
9
5
13
17
14
18
17
11
8
9
15
18
13
8
14
14
18
16
14
6
15
14
20
12
8
6
16
13
20
17
14
16
9
9
16
11
11
8
11
11
5
12
16
10
8
11
18
14
9
7
19
10
6
18
12
17
6
14
17
11
0
1095
22
670
867
9
1105
1336
567
539
539
216
345
166
682
910
338
184
290
1326
1041
242
524
1196
1366
140
425
330
525
1370
214
152
1355
166
499
639
653
1154
228
981
757
1115
1204
314
1190
131
879
1201
358
900
940
947
1356
1351
747
197
1147
519
314
1210
842
284
199
1319
849
377
467
455
304
254
164
70
1190
1022
884
1070
1320
1285
377
634
554
1234
893
1157
192
392
1324
199
194
519
642
61
935
502
19
200
54
367
132
1261
976
1236
751
848
1111
56
545
1346
275
1138
1356
60
140
1079
817
300
50
82
89
1006
856
483
725
696
979
437
558
129
583
1284
625
13
875
1380
640
677
340
521
669
48
276
417
586
1074
310
22
897
994
477
716
106
1155
89
736
987
192
1258
1394
598
676
602
375
509
287
818
1077
370
267
397
1362
1227
295
610
1234
1468
205
436
368
650
1416
341
190
1387
298
646
671
745
1206
365
1096
958
1195
1329
393
1273
211
945
1228
508
976
990
1065
1426
1533
818
301
1192
683
346
1285
1018
403
288
1460
987
468
600
529
431
268
257
263
1243
1047
1038
1207
1501
1392
579
760
747
1297
988
1270
382
455
1340
345
335
724
771
198
1065
672
46
256
150
476
241
1316
1038
1296
896
940
1132
126
643
1505
430
1296
1390
201
248
1161
971
477
239
235
282
1080
940
536
738
720
1099
617
741
149
693
1381
815
48
912
1527
678
754
517
552
846
109
305
492
762
1223
322
108
914
1047
635
857

29
150
6
10
15
7
7
6
7
18
7
18
11
9
7
18
15
11
11
8
8
20
16
17
13
7
13
12
13
14
14
16
16
13
11
19
8
8
10
6
10
15
19
13
14
14
12
7
5
8
17
18
18
6
18
12
14
8
7
19
9
19
7
14
18
15
19
14
18
8
8
8
19
12
8
7
18
12
19
13
19
5
17
12
15
5
15
13
10
16
14
13
12
16
17
16
14
14
12
7
13
13
19
13
10
10
20
9
6
13
17
8
18
19
16
10
14
19
6
16
11
16
17
18
14
18
6
16
10
18
15
12
9
6
19
16
14
12
6
15
7
6
18
10
17
18
15
9
20
12
8
16
0
220
564
859
1026
260
1167
1275
96
1297
1418
442
146
709
484
342
393
489
1372
263
357
562
931
342
938
775
1341
1116
185
91
1196
924
1261
941
1333
932
441
80
782
900
1419
1248
706
1218
749
743
358
98
766
1370
38
1
560
113
834
671
1216
670
299
62
348
526
1190
667
621
815
768
804
112
170
798
24
707
653
5
1089
933
1365
482
253
812
626
1320
100
951
1036
885
715
428
889
1154
537
164
791
1009
110
494
323
664
1206
1085
632
1261
306
538
769
220
573
943
757
915
992
332
651
1279
1224
1338
1389
74
986
276
1003
1238
834
800
621
372
449
524
889
1422
1296
489
357
104
1111
299
919
866
52
1430
204
1039
207
255
463
339
1025
494
894
143
382
673
877
1140
338
1300
1481
263
1393
1434
526
234
739
523
531
449
623
1446
465
380
740
1020
511
1084
879
1512
1133
253
284
1275
1062
1459
1150
1521
1078
471
162
946
977
1496
1263
845
1396
781
858
493
110
974
1435
234
67
615
297
1017
840
1260
698
382
114
429
669
1323
715
777
992
799
879
262
211
940
180
726
693
87
1285
1032
1478
665
302
927
697
1501
149
1123
1084
1037
825
514
1018
1328
566
360
815
1051
213
575
397
712
1272
1246
670
1291
448
565
844
408
649
1104
953
1082
1088
437
668
1459
1406
1478
1518
191
1061
475
1079
1438
978
873
641
429
651
705
1071
1503
1393
584
493
198
1266
438
1011
903
101
1552
385
1223
331
286
474
436
1225
628
1087

30
150
8
20
7
16
10
13
6
13
12
9
16
9
13
14
6
19
6
15
5
14
11
14
9
7
17
18
7
9
16
6
13
18
16
10
15
17
8
19
14
10
14
6
19
14
9
19
6
7
18
11
13
14
19
20
11
11
14
14
18
7
19
10
8
6
16
10
19
20
16
18
12
7
17
10
6
14
5
11
17
10
18
19
10
13
15
15
13
10
12
9
6
12
16
11
14
20
16
7
14
20
18
16
7
15
11
6
8
9
5
15
17
13
10
13
20
18
12
13
7
15
20
14
7
12
18
18
15
7
17
6
7
6
8
19
9
9
8
12
18
20
9
20
11
14
5
13
14
13
18
7
0
1180
998
1361
305
1395
1076
880
981
502
1001
342
767
547
1037
310
279
564
745
60
18
510
829
725
340
127
342
1077
791
1109
1005
375
989
385
1291
668
250
1334
546
290
981
957
62
742
271
1098
94
231
220
317
999
336
184
333
412
488
35
651
317
1047
323
1104
301
1025
76
127
793
1299
791
1381
1089
793
365
948
365
714
1107
347
646
70
1386
557
84
406
749
1037
1061
127
814
44
166
616
575
396
181
248
1051
1379
1199
1359
879
785
1061
587
637
571
557
411
331
389
1014
962
726
859
1049
1411
64
826
1418
1233
1100
552
596
846
130
749
1382
443
1329
901
1236
767
1104
966
810
397
1397
1384
572
387
894
1238
95
894
376
841
1136
634
959
80
101
1310
1038
1404
417
1456
1166
949
1121
625
1106
507
901
729
1157
497
453
663
794
171
57
547
877
841
383
195
424
1108
845
1116
1125
572
1021
567
1490
864
407
1489
708
469
1102
1022
241
816
295
1214
257
283
382
516
1056
385
277
503
490
587
233
804
473
1238
495
1176
315
1143
100
198
817
1409
880
1511
1209
830
456
1045
408
904
1300
396
727
142
1528
722
219
454
918
1150
1193
163
827
234
312
815
667
471
296
429
1073
1398
1375
1461
984
940
1151
688
701
742
628
515
359
408
1063
1029
819
951
1233
1566
262
992
1563
1385
1136
687
708
861
273
813
1527
470
1369
937
1361
880
1119
1044
852
536
1556
1422
725
577
920
1319
205
1052
455
920
1309
661
1050
175

