1
15
10
14
15
16
18
15
15
13
18
11
10
15
19
18
8
0
125
77
128
57
59
17
62
5
34
19
37
74
64
41
19
150
106
150
77
85
44
84
25
62
29
67
113
92
53

2
15
12
17
9
9
14
10
19
10
6
17
6
20
12
9
8
0
20
68
51
12
112
117
98
38
85
5
93
115
28
59
28
42
79
73
38
126
151
119
45
110
15
119
136
52
81

3
15
9
8
17
14
7
15
8
10
10
19
14
8
5
15
7
0
24
1
81
122
17
4
49
24
82
74
61
124
53
33
9
39
18
105
140
38
12
70
45
101
88
74
129
79
48

4
15
14
14
8
14
17
9
10
19
9
18
10
10
17
17
7
0
36
142
3
130
83
27
52
88
84
121
20
114
56
126
17
61
152
34
153
107
48
81
110
119
136
40
139
73
152

5
15
5
19
7
6
14
13
13
18
19
12
16
14
19
18
20
0
43
73
32
139
44
158
8
123
134
82
106
125
151
114
18
78
88
45
166
77
179
27
157
161
115
123
145
185
140

6
15
9
8
7
7
19
16
18
12
17
7
6
14
8
14
18
0
105
74
48
39
96
63
77
32
77
42
36
17
131
105
10
120
83
58
68
113
82
99
54
91
51
52
29
161
133

7
15
16
17
13
14
17
16
10
16
9
20
8
7
7
19
12
0
46
139
21
129
58
124
115
107
72
8
11
24
138
122
25
75
153
42
151
92
140
131
119
111
31
20
31
171
145

8
15
9
18
14
11
8
15
7
12
8
18
6
12
12
6
10
0
20
60
115
83
115
122
109
109
102
92
54
34
74
109
18
45
81
131
98
140
133
131
132
133
111
71
48
85
130

9
15
9
5
18
13
16
8
15
12
17
8
17
6
11
12
14
0
79
92
41
78
45
106
53
99
81
92
118
20
119
12
15
101
112
61
103
56
130
82
119
96
118
131
42
144
26

10
15
10
12
10
14
7
15
19
17
7
14
10
12
6
9
6
0
19
28
38
57
68
14
125
86
106
81
115
114
75
110
15
39
49
65
65
85
35
145
108
122
100
137
125
98
126

11
15
7
16
8
7
12
8
12
6
7
12
6
7
6
16
8
0
58
63
27
49
8
91
7
83
5
43
4
35
26
65
9
75
73
40
67
26
108
17
97
29
54
19
53
55
73

12
15
10
11
13
18
12
7
16
10
15
14
8
18
12
18
11
0
78
28
121
128
142
12
113
78
83
59
1
109
125
4
28
98
47
150
155
156
39
135
102
114
75
20
140
151
25

13
15
15
20
17
8
11
12
7
8
12
12
8
8
6
15
7
0
18
39
18
65
89
116
23
35
27
109
74
62
81
121
31
50
67
35
88
113
138
34
53
39
128
89
71
110
143

14
15
14
18
11
14
17
15
13
20
7
5
20
17
7
13
12
0
9
22
72
81
50
40
40
1
94
80
43
141
109
53
23
36
42
91
102
65
53
64
20
111
119
63
150
128
84

15
15
20
7
12
18
9
16
10
6
7
13
6
5
6
6
8
0
22
86
59
54
61
19
54
66
92
85
87
73
50
68
28
35
110
80
64
91
33
73
76
117
92
93
81
57
76

16
15
13
19
13
13
17
11
6
18
10
19
19
18
19
16
6
0
58
29
117
64
1
21
124
132
99
86
141
148
162
67
28
96
52
141
90
27
39
162
160
119
108
174
186
198
86

17
15
15
18
20
14
11
8
15
16
11
11
16
6
13
14
14
0
2
102
66
127
58
79
40
97
130
12
83
143
50
23
18
35
122
87
145
69
94
70
125
154
43
91
174
64
37

18
15
9
18
6
18
20
11
6
14
19
13
11
10
12
17
18
0
20
59
112
96
89
127
28
8
108
68
146
24
39
128
11
52
82
147
121
112
149
58
34
127
82
156
46
60
156

19
15
18
17
14
12
6
18
19
10
8
20
16
14
19
20
18
0
10
67
92
55
146
83
123
128
111
3
8
3
13
9
39
39
91
112
70
177
106
151
139
137
36
22
28
53
43

20
15
8
15
18
12
7
13
8
12
7
12
7
15
19
16
8
0
49
16
76
122
97
58
58
1
35
1
51
45
6
47
15
64
36
96
129
114
71
82
10
51
11
78
80
31
68

21
15
8
16
15
7
9
15
6
12
5
10
13
15
6
16
5
0
88
64
45
12
113
78
46
32
2
37
32
9
51
3
22
118
84
66
34
139
91
63
47
24
54
54
20
77
12

22
15
10
14
10
6
11
6
18
9
14
11
11
12
12
14
19
0
95
115
61
55
28
87
124
65
65
44
44
23
46
61
20
116
130
82
76
42
115
135
80
87
59
59
50
65
80

23
15
6
14
16
14
18
19
9
19
9
12
14
11
18
15
11
0
61
26
129
86
98
131
123
130
95
59
133
86
14
4
7
88
57
151
114
137
152
152
156
125
81
145
118
36
23

24
15
14
19
17
15
7
17
12
11
9
11
18
18
7
14
8
0
146
111
48
58
25
57
40
143
56
52
26
138
25
118
29
181
141
65
81
58
86
56
167
70
85
44
163
43
138

25
15
17
8
18
8
18
12
14
9
6
16
13
13
15
6
6
0
37
79
79
96
78
116
15
30
48
1
1
54
111
125
20
58
108
91
122
102
130
38
42
73
23
30
76
120
143

26
15
17
19
8
9
19
16
9
10
8
20
16
19
6
12
12
0
115
105
53
66
51
112
147
26
106
125
68
79
28
13
32
137
125
78
97
73
126
174
45
135
146
96
101
46
44

27
15
14
18
12
17
19
16
10
13
18
20
15
15
9
8
7
0
125
131
129
42
5
138
2
122
150
105
67
155
118
119
22
144
151
149
76
21
151
20
159
187
133
96
176
130
130

28
15
7
13
7
13
19
13
5
14
19
12
17
11
6
8
6
0
22
24
90
45
70
100
55
54
15
1
122
32
71
88
18
40
44
112
73
86
105
79
83
35
21
148
47
95
100

29
15
10
16
15
19
16
20
13
12
18
20
16
20
13
5
9
0
132
118
157
43
137
72
109
90
103
73
95
109
104
93
13
169
134
195
70
166
96
128
125
127
101
117
128
119
103

30
15
8
14
14
10
5
17
5
17
15
13
8
19
11
14
18
0
99
86
52
80
33
111
127
76
58
113
131
18
126
115
8
114
114
62
94
53
128
149
99
74
123
167
32
150
139

