1
200
12
10
16
13
13
20
12
11
8
8
18
20
16
9
14
5
9
17
12
19
19
15
9
12
20
10
9
15
9
12
19
10
19
17
14
15
10
8
16
19
16
20
18
7
6
9
12
11
10
7
14
10
5
15
20
11
18
13
7
10
10
5
11
7
11
11
13
19
15
16
19
9
5
12
16
10
5
19
10
11
15
10
19
9
6
6
20
11
17
10
16
10
10
7
10
13
6
18
17
19
15
10
14
14
11
17
12
20
14
15
9
7
8
7
9
10
7
7
20
14
9
9
7
10
14
5
12
9
10
19
6
18
8
13
13
8
14
9
12
20
12
15
10
15
19
13
8
8
6
16
14
9
6
8
8
10
8
14
8
16
6
16
14
7
5
13
10
7
13
8
17
13
8
12
14
18
10
12
16
7
10
9
15
11
10
8
6
17
5
12
8
11
9
10
7
17
13
7
16
11
0
715
453
1662
575
3
965
401
1218
125
438
613
1313
639
86
1663
1
754
739
1230
1055
1418
1261
278
871
371
202
108
211
115
1636
1185
1693
1352
175
1766
696
54
1616
648
1511
93
490
281
174
526
1413
229
1608
1694
142
523
1750
1741
485
1278
542
869
874
233
1492
1061
1688
1445
1030
661
1145
968
362
199
426
369
56
953
161
1365
1142
100
1780
211
1574
1528
1243
1370
1113
1432
1159
1050
1690
1763
194
1328
176
1705
79
77
28
555
1646
1286
1134
1574
1586
1755
1472
49
712
524
362
626
1422
1351
1118
634
1569
893
1069
539
7
918
792
1542
1355
1423
829
1323
1212
431
1611
1665
242
315
1719
1348
1513
1681
1253
594
105
740
80
1185
1748
1659
1289
1680
719
744
686
509
299
472
1316
986
667
1289
1586
595
1713
544
1374
1539
1147
184
1550
1666
1379
661
101
937
162
574
1479
470
1763
989
1178
679
362
1737
1555
606
1109
1147
1194
1382
93
858
1306
1594
1173
300
114
24
1693
392
789
700
1740
1054
56
954
628
1852
734
70
1196
551
1425
307
543
668
1411
847
219
1781
245
896
762
1384
1256
1517
1317
480
924
520
382
307
263
340
1754
1420
1783
1437
217
2004
915
135
1759
905
1661
191
540
399
302
755
1569
392
1702
1721
339
534
1794
1862
666
1334
620
894
1066
375
1738
1301
1873
1648
1159
771
1381
1153
495
262
503
572
72
1153
395
1606
1260
246
1881
226
1666
1543
1447
1463
1242
1597
1375
1151
1843
1813
234
1545
227
1948
134
239
225
705
1843
1386
1331
1646
1627
1786
1579
68
786
602
554
733
1656
1488
1216
683
1767
1068
1268
619
36
1031
840
1783
1560
1568
951
1329
1398
631
1652
1729
339
506
1813
1522
1735
1892
1424
643
328
854
151
1433
1770
1716
1518
1852
894
907
793
626
403
576
1323
1182
735
1303
1819
829
1947
757
1455
1574
1343
245
1648
1774
1604
729
291
1119
335
603
1558
620
1807
1223
1216
907
504
1832
1607
823
1253
1264
1438
1441
293
908
1352
1704
1201
358
144
99
1704
593
887
747
1813
1166

2
200
12
11
14
11
15
9
9
16
9
14
12
13
9
9
19
16
18
7
7
10
6
19
6
12
6
7
11
17
8
12
14
13
15
9
18
8
11
17
7
16
12
15
18
10
10
6
12
11
11
16
19
15
5
15
11
8
18
8
11
9
7
15
9
16
18
14
18
14
7
19
8
5
15
11
8
14
10
11
19
15
7
11
8
13
15
15
10
19
18
10
12
16
5
17
9
10
15
5
6
11
16
20
12
15
16
9
8
12
17
8
15
17
14
18
18
5
9
16
17
11
12
18
12
8
18
17
10
14
14
10
6
18
14
7
15
17
14
8
14
18
11
10
14
7
8
8
10
15
10
11
9
8
19
7
8
9
10
8
16
16
19
15
16
18
13
10
6
14
18
7
11
6
13
10
11
18
9
15
19
14
18
6
18
6
12
18
17
5
9
12
12
7
19
13
5
17
15
11
17
10
0
517
1082
1321
1699
1467
729
650
835
48
1485
195
719
325
1525
1035
1179
54
175
691
123
14
1471
187
225
1666
1139
41
910
1032
1504
913
330
500
261
1590
1635
379
1302
820
330
1119
904
1210
460
146
1159
1420
1395
1317
247
671
1123
673
410
1805
208
1518
1635
47
709
380
1616
842
813
573
1377
482
1601
440
228
519
880
93
1565
750
1562
1387
293
1230
326
704
1011
479
615
880
895
57
949
1317
1154
854
797
1828
1261
1254
759
1370
1148
939
607
1399
567
249
1444
555
544
676
745
1449
1656
119
1324
1528
364
1356
860
1679
253
1577
1435
877
717
1704
227
1310
201
1483
781
1508
493
661
484
68
1286
1719
1037
389
962
1296
1236
327
200
788
424
1398
406
1147
1415
1179
939
1308
711
1680
22
284
872
1036
1478
230
1552
1276
850
1321
354
1379
952
477
577
993
934
1360
1712
604
1531
1622
1090
1438
71
1670
972
77
1315
932
1565
1354
1124
95
58
279
363
1092
115
790
492
1197
322
1797
1414
653
150
760
1220
1565
1958
1487
956
715
1019
162
1584
387
867
555
1702
1250
1372
198
324
866
344
153
1601
399
356
1917
1156
150
1113
1094
1575
954
559
511
293
1837
1697
530
1527
1039
475
1151
959
1316
528
253
1410
1640
1541
1557
414
743
1280
933
599
1826
385
1592
1735
124
759
477
1743
881
1035
636
1636
644
1719
571
288
733
906
126
1743
850
1677
1441
352
1370
572
770
1176
517
728
1017
1061
134
1202
1334
1212
1087
1039
2008
1481
1387
789
1597
1247
1142
654
1614
586
269
1517
736
682
741
896
1503
1781
215
1489
1750
611
1559
1089
1750
464
1817
1685
1132
896
1929
329
1548
332
1547
849
1618
654
830
542
75
1373
1918
1085
409
1095
1499
1381
549
422
913
468
1644
416
1168
1500
1388
1078
1409
786
1852
107
324
887
1083
1566
423
1814
1514
964
1428
385
1613
1136
508
800
1043
1109
1584
1947
619
1582
1845
1165
1648
249
1830
1081
155
1572
1051
1656
1531
1346
251
127
526
609
1155
155
928
653
1323
536
1999
1638
842

3
200
11
6
12
16
14
18
20
18
16
10
19
13
10
7
5
16
18
9
9
13
17
8
19
14
9
8
13
11
19
9
19
6
5
12
13
12
9
6
15
17
9
14
10
19
6
8
10
11
12
19
19
7
19
9
13
8
9
19
15
6
12
11
6
8
17
10
18
12
18
14
10
11
15
12
10
7
17
16
12
9
18
17
12
19
14
18
15
10
20
13
17
8
6
15
7
15
19
7
16
10
6
20
19
8
16
15
20
15
12
11
13
19
17
20
14
13
6
8
10
16
7
15
19
18
17
19
16
19
15
14
13
17
19
5
7
9
12
18
11
5
11
9
15
12
18
13
15
16
9
15
19
18
16
20
13
10
11
12
9
20
9
8
6
15
8
19
12
11
13
15
8
6
14
17
14
17
19
10
5
12
14
11
5
17
14
6
7
18
20
19
19
11
20
8
13
5
6
12
8
6
0
101
1056
87
1367
862
1858
1916
689
1614
698
673
1623
115
1256
1235
717
1217
668
1266
102
573
985
1494
1069
304
82
415
1849
438
1166
763
638
1665
1839
62
57
1858
1903
305
555
649
489
1349
204
291
452
1484
1899
1683
294
677
998
1132
1186
967
766
262
1649
1448
1623
1827
1658
1629
1904
1876
312
949
539
1270
1126
519
746
626
1349
649
1285
1706
614
245
1395
561
1457
1286
173
1230
326
1286
1066
571
1470
131
300
35
200
339
832
762
746
77
1655
1120
1661
496
203
1345
501
1590
162
1571
933
421
633
1769
614
694
1448
1474
934
1145
577
95
1507
719
1054
1478
1205
1515
1417
338
1436
1111
619
597
635
1615
1066
733
783
6
161
54
1389
630
380
1560
1763
905
1222
1565
528
745
1108
1620
1611
282
1566
76
215
1633
1196
750
497
533
739
1845
1752
970
947
641
987
1931
1043
280
812
998
738
110
995
606
56
297
1273
1799
1870
268
1449
298
1748
434
1283
608
906
273
1655
1165
1763
310
1776
1027
98
246
1289
159
1506
961
1977
2098
857
1826
719
813
1732
302
1304
1481
923
1342
744
1393
361
641
1206
1747
1160
459
192
502
2109
472
1210
1022
689
1685
2015
163
95
1920
2131
403
614
701
546
1598
289
528
651
1683
2108
1784
316
771
1064
1275
1298
1029
998
499
1809
1552
1798
1959
1812
1815
2111
2106
571
1051
755
1301
1227
777
815
722
1547
830
1445
1901
806
424
1576
656
1611
1421
203
1262
543
1413
1203
628
1504
180
395
183
439
427
956
792
957
211
1906
1295
1935
700
300
1499
588
1678
185
1740
1154
620
792
1791
712
880
1494
1572
1124
1353
609
310
1638
793
1217
1497
1226
1575
1491
572
1452
1198
721
629
683
1803
1296
760
864
126
390
237
1459
807
499
1588
1958
965
1281
1695
615
1007
1240
1877
1658
400
1821
145
298
1781
1440
834
634
684
927
1961
1942
1113
1164
679
1043
1980
1106
413
948
1030
935
151
1241
721
91
544
1281
1996
2100
506
1592
552
1843
456
1423
687
1133
432
1917
1260
1780
516
1997
1225

4
200
17
5
10
16
12
5
13
10
14
18
8
6
18
18
18
11
9
6
18
7
14
16
16
8
19
19
5
7
12
7
8
16
8
7
19
16
8
6
17
13
6
6
14
9
16
19
9
10
9
16
11
17
18
9
15
18
19
14
8
12
10
18
19
13
18
18
6
20
7
15
6
14
12
12
6
8
6
9
17
11
8
9
8
18
13
6
8
13
8
17
19
10
20
18
10
5
13
14
18
14
6
13
12
9
19
17
13
13
11
13
17
12
6
7
7
15
19
5
17
9
15
19
13
19
6
15
11
18
10
16
8
6
5
18
14
5
12
19
17
5
10
5
15
20
10
17
9
15
15
15
8
20
19
8
9
17
9
8
10
13
10
16
19
6
7
13
12
6
10
15
14
18
17
12
13
10
10
16
10
17
13
5
14
10
11
6
11
16
14
6
18
9
6
7
19
13
17
15
13
12
0
1374
1722
810
929
1262
313
1260
1074
34
834
2
147
614
1138
1111
1319
1698
1698
1511
1276
146
497
75
38
1374
806
1258
1344
924
328
894
188
885
1163
1679
1123
376
1727
1706
1258
1623
852
1755
1827
368
1001
484
694
284
278
1118
193
1682
716
634
1074
524
414
1608
385
1483
680
1151
925
1780
1282
774
317
1166
230
832
526
318
667
1268
334
600
748
1795
553
649
427
1120
1055
900
1023
1252
973
438
140
1750
1451
981
232
1017
148
540
189
545
844
786
1141
1583
1562
1432
1398
1178
1126
146
639
1034
485
800
1205
1114
0
627
771
640
375
1501
1132
546
1043
1163
1579
541
8
389
1579
1424
23
362
1538
279
1117
423
533
261
960
1818
72
469
1516
1801
1727
524
1061
291
294
101
1359
1622
908
373
1706
377
921
525
409
230
1833
1828
1223
1310
1323
1364
1070
1337
1150
807
801
1345
1268
1273
587
394
1167
445
1414
1452
905
1689
73
1762
730
1592
979
947
968
673
854
174
1075
1843
958
1647
1375
814
157
1406
1845
992
979
1302
332
1494
1301
60
922
247
244
688
1317
1232
1524
1758
1725
1611
1370
401
742
274
115
1598
988
1449
1594
1133
564
1027
234
1113
1314
1919
1319
438
1824
1810
1357
1869
1021
1983
1910
545
1115
637
823
424
331
1322
342
1730
794
697
1300
716
554
1645
563
1683
897
1281
1115
1858
1438
820
481
1214
329
1073
668
392
720
1352
569
694
793
1965
651
733
576
1365
1232
1101
1169
1421
1065
649
208
1962
1623
1007
352
1140
247
793
324
590
953
839
1281
1795
1774
1625
1579
1299
1355
358
792
1140
604
995
1224
1297
145
821
897
795
538
1696
1365
708
1051
1241
1703
786
25
541
1823
1614
36
572
1702
469
1226
658
752
367
975
1984
114
719
1670
1987
1845
729
1110
336
308
353
1440
1838
1125
626
1804
412
1171
699
528
276
2078
1993
1400
1472
1344
1560
1173
1576
1248
888
937
1522
1450
1492
681
541
1332
663
1647
1470
1156
1932
258
1811
818
1717
1111
1066
1148
911
879
295
1154
1958
1194
1764
1566
918

5
200
13
15
5
19
16
17
16
6
7
11
13
10
11
19
12
10
8
11
14
11
12
10
16
11
8
5
18
13
11
7
7
12
12
13
15
8
11
7
7
5
6
7
5
18
14
8
8
6
14
16
19
8
14
18
18
8
18
18
15
11
9
18
8
9
14
17
6
19
14
19
13
11
6
6
7
15
15
14
12
17
17
8
17
19
14
11
10
15
19
18
16
10
18
18
13
13
19
7
7
16
14
13
17
11
19
9
17
20
6
19
6
10
10
12
13
17
10
12
20
17
19
9
5
14
16
12
7
11
14
6
16
7
18
15
13
15
8
14
7
6
14
8
9
6
11
16
12
17
6
16
6
17
10
9
14
8
17
10
14
9
7
14
17
14
10
18
18
6
5
11
7
18
9
12
18
14
9
5
7
17
8
18
12
12
9
13
12
8
10
6
20
8
7
15
10
13
6
7
11
7
0
934
1200
1610
912
728
202
666
243
1195
1499
1700
1316
1097
1657
1109
1375
1381
787
1494
1036
1206
1092
1737
767
1504
939
529
482
964
799
500
984
1013
303
994
1387
1068
931
1076
310
642
840
804
416
432
1778
622
516
864
94
1392
212
1095
1733
1303
1259
564
595
1233
1652
666
19
304
1051
1380
468
464
845
1308
547
3
1176
1393
1482
299
1773
826
594
247
1674
1735
108
857
1060
288
554
1730
274
733
1458
1022
1066
1008
321
533
1517
965
1735
354
545
1745
425
1018
1644
240
817
1214
942
1570
684
1757
1797
914
1463
251
1131
1150
1792
1634
608
1322
608
48
537
632
803
723
605
115
1709
1056
1578
1372
416
1404
1254
828
1050
1008
559
653
1288
638
383
361
547
1807
1431
1117
907
592
357
1248
1753
331
1707
497
845
1371
899
590
995
1207
1241
1504
649
1221
284
968
139
825
1273
196
118
586
1290
1639
371
565
984
1758
890
956
166
842
726
321
614
264
112
312
284
131
1388
1310
284
342
1540
1489
220
1175
1319
1635
1162
881
298
782
257
1269
1713
1800
1387
1319
1854
1199
1571
1397
1041
1550
1097
1229
1156
1985
908
1711
1015
557
639
1000
827
587
1180
1031
548
1235
1465
1185
1073
1286
341
818
885
946
475
601
1856
653
634
905
296
1502
266
1204
1753
1325
1357
808
676
1251
1724
732
176
500
1124
1619
561
723
1030
1522
791
49
1251
1501
1689
335
1916
875
651
442
1841
1801
214
905
1256
484
750
1938
424
864
1674
1271
1145
1091
366
634
1555
1106
1788
579
619
1977
655
1150
1742
351
862
1350
1037
1656
864
1923
1887
1103
1511
402
1238
1201
2036
1683
782
1406
738
148
704
757
927
921
727
272
1870
1153
1786
1469
636
1568
1356
953
1290
1041
742
742
1378
836
623
541
578
1829
1549
1321
931
736
486
1286
1916
473
1801
557
1026
1433
1134
750
1109
1300
1280
1753
800
1400
298
1001
383
947
1381
417
284
760
1362
1873
572
790
1036
1804
1134
1201
264
937
749
342
670
313
353
429
426
329
1412
1463
519
567
1743
1633

6
200
9
15
11
19
10
16
10
9
12
8
14
12
16
19
13
20
19
8
11
10
20
10
12
16
16
7
15
5
18
14
14
12
11
9
8
7
7
20
9
7
8
17
12
7
7
11
16
14
10
15
19
20
11
5
18
19
8
13
6
13
12
16
6
8
9
16
18
13
12
6
15
11
11
6
19
11
11
15
19
12
19
14
12
13
19
15
15
10
8
14
15
6
6
10
12
7
6
18
15
16
17
15
14
15
14
20
10
15
10
13
12
15
16
12
15
12
8
7
17
18
11
15
14
15
6
14
11
8
10
6
12
10
15
17
12
20
13
9
14
12
18
17
17
18
20
16
15
14
11
13
6
19
17
19
12
8
15
7
9
16
8
13
17
5
10
13
18
7
11
12
8
9
13
16
15
9
11
11
10
12
20
9
14
11
17
11
18
17
20
16
6
17
19
10
18
11
5
13
10
9
0
1830
1819
976
1238
1866
1379
1798
912
229
842
413
1386
87
1860
1376
1540
624
1280
1346
1081
217
946
986
1394
830
497
1030
386
1739
1146
1677
266
316
1648
606
367
1377
1076
1129
1594
1225
1059
927
322
1396
1107
1550
259
1038
678
1494
979
4
1613
1557
1192
1719
1673
580
300
129
1456
723
5
940
158
375
978
298
527
1498
169
1709
381
1858
982
73
625
853
1758
250
1373
861
1536
956
833
322
3
1838
1054
619
48
843
783
35
1265
1516
565
668
483
1139
329
1595
1042
406
1204
321
1033
1687
1384
679
428
284
1594
1415
1148
716
426
1855
1787
1256
827
801
1147
1718
364
199
853
632
1845
1214
174
497
1615
408
82
636
1683
418
111
161
1068
806
1226
116
1064
645
183
567
838
1472
50
816
849
122
1353
409
64
189
413
1477
644
1083
1407
521
323
1047
1814
767
1465
1774
1735
708
1721
1313
571
1412
997
1115
980
1614
1141
521
783
228
557
745
391
128
285
1189
694
371
835
601
1771
1271
572
1187
50
2091
2055
1187
1492
1977
1414
1896
1141
354
893
546
1429
234
1999
1482
1750
883
1408
1402
1350
237
965
1116
1616
856
530
1214
514
1848
1331
1784
307
577
1812
820
405
1558
1286
1330
1728
1474
1231
1105
371
1576
1176
1815
331
1229
754
1740
1231
170
1744
1706
1203
1809
1892
649
327
208
1463
960
211
1168
204
611
1073
455
767
1620
420
1760
642
1991
994
247
670
965
1935
341
1546
1028
1571
1032
962
561
254
1895
1092
879
216
861
872
157
1429
1601
661
779
637
1309
489
1619
1170
619
1436
557
1291
1849
1602
919
479
369
1739
1450
1235
766
540
2091
1837
1367
1095
1029
1160
1830
588
319
1039
756
2102
1323
382
753
1713
526
297
786
1934
546
244
346
1149
1066
1395
267
1201
851
372
739
1062
1690
235
843
984
177
1402
638
118
314
558
1492
798
1256
1420
723
579
1172
1899
1003
1590
1918
1965
943
1897
1380
655
1502
1243
1297
1069
1809
1351
591
813
402
642
801
635
388
332
1241
775
607
939
761
1867
1308
683
1299

7
200
17
12
13
5
14
7
12
13
6
10
5
13
7
13
10
19
12
7
18
13
8
5
19
12
12
13
11
8
18
20
6
13
15
11
7
13
8
9
11
17
11
15
16
17
10
18
19
16
12
17
12
15
7
10
18
11
9
15
15
9
16
9
12
8
17
8
17
9
8
20
15
7
6
18
17
12
5
16
10
15
9
11
9
15
15
7
15
7
11
13
14
6
6
16
14
7
15
17
5
8
20
20
12
18
15
17
16
7
11
16
14
19
15
7
19
10
18
11
9
6
6
16
16
16
20
6
13
20
9
14
6
18
9
17
11
10
5
17
18
10
15
13
6
17
16
11
9
20
17
9
19
15
19
11
9
18
17
19
17
16
5
10
19
12
14
17
11
7
16
13
8
19
5
16
8
18
10
9
13
15
14
13
9
14
11
17
7
17
16
17
5
11
20
7
11
18
14
12
15
6
0
1593
436
1222
1148
1423
1523
1818
1357
1489
54
49
193
793
157
22
1267
447
1550
76
974
51
196
522
592
1462
952
69
1123
1744
77
1142
1804
1682
693
1631
1381
282
139
871
329
1630
903
1177
1219
753
1150
495
1611
1387
1373
1115
1334
63
226
1562
1456
808
916
397
1647
538
1208
1802
1676
1871
1692
486
472
1017
1572
257
380
1781
1460
177
573
1450
1389
757
516
1480
276
137
1232
150
186
460
633
1120
799
97
979
762
689
1385
103
1466
300
76
1512
513
478
1323
1737
1737
918
1840
1423
1441
1884
157
414
1484
250
1118
589
1016
329
726
1339
801
179
906
65
56
389
452
1562
780
1738
376
1255
1400
810
259
1130
403
1138
1062
595
1239
1566
469
244
1267
266
34
573
1531
728
714
1401
1157
1302
359
1093
1806
99
98
1348
1133
624
947
1491
683
658
1376
1275
1486
956
1802
1849
1418
1089
211
1135
1707
66
32
1700
623
1281
1207
840
708
1495
1260
1809
1874
1331
54
739
1063
1822
937
1459
1110
1727
35
202
1633
699
1230
1256
1525
1658
1874
1459
1618
80
69
205
949
394
257
1527
571
1667
130
1142
305
431
612
778
1489
1161
206
1360
1990
316
1369
1950
1749
764
1744
1592
519
333
942
436
1874
1163
1262
1294
775
1375
515
1795
1445
1614
1314
1527
282
276
1652
1616
919
977
575
1914
750
1244
1895
1930
2044
1938
631
534
1219
1675
339
555
1865
1669
379
793
1518
1420
865
530
1563
320
199
1259
263
209
656
709
1222
1050
319
1166
994
714
1613
129
1607
547
249
1587
599
572
1534
1869
1785
1177
1911
1610
1634
1969
290
589
1535
345
1164
607
1207
588
881
1589
898
256
1112
151
220
476
509
1583
880
1953
578
1284
1665
955
330
1170
574
1271
1158
698
1273
1794
509
338
1458
280
300
763
1710
830
757
1466
1213
1486
581
1238
2007
185
142
1434
1232
728
1098
1685
794
858
1542
1350
1593
1103
1912
1857
1683
1164
325
1397
1791
159
264
1929
714
1362
1437
981
809
1576
1343
2076
2088
1417
68
857
1118
2014
1124
1650
1363
1910
71

8
200
12
14
19
12
13
6
16
16
17
18
14
16
19
15
20
15
16
16
12
7
19
12
15
11
19
6
14
11
9
9
18
8
14
20
17
12
13
20
12
16
20
19
17
10
19
17
13
14
16
18
20
8
7
12
12
20
17
16
6
19
10
19
18
13
15
17
13
8
5
12
13
11
19
11
6
8
13
17
17
6
15
16
7
7
7
14
17
19
19
11
12
7
11
13
6
9
19
16
7
6
19
9
6
19
9
19
6
13
9
17
15
17
16
18
13
8
6
12
14
14
14
18
17
15
15
15
17
15
13
9
20
10
17
8
17
18
16
12
19
13
5
20
20
16
9
10
7
13
16
5
17
15
20
14
8
20
5
7
9
10
7
6
16
19
15
20
16
19
7
15
5
20
13
13
10
20
19
16
13
7
16
5
5
20
14
9
11
11
19
13
13
6
8
13
13
18
12
13
12
8
0
1117
1309
589
1024
318
1330
537
417
608
470
808
1348
111
573
177
1592
136
793
995
1686
1358
1245
1481
233
1132
1315
63
1170
999
1436
1315
239
404
147
1968
1108
1732
1275
710
276
679
967
228
1263
1110
1526
1052
1213
326
1712
1823
391
1959
428
1515
1774
391
1577
177
1051
1975
823
1764
460
837
240
1561
610
632
1477
1906
1727
52
1350
591
563
1321
694
1675
359
1633
211
1106
53
694
178
886
181
343
1819
195
1678
1345
1126
1130
941
1431
1026
1557
1496
1655
566
707
1478
1084
1072
23
1357
943
1990
838
1144
220
274
1437
1416
1856
160
1100
1471
1492
1026
1662
924
1975
271
118
66
1519
1002
945
1280
722
1248
1535
811
424
654
1481
1299
1495
1365
1160
228
591
931
208
770
1021
103
1468
187
647
1253
918
239
22
259
1253
798
743
1738
1535
1049
1089
274
596
1576
1056
1680
709
1619
1796
851
1058
855
1542
274
1644
1995
1101
1803
1112
1471
945
1609
1138
632
983
1147
851
642
1067
1858
1941
1453
1312
474
1936
33
1164
1432
639
1183
588
1417
655
542
649
679
924
1434
166
739
321
1740
395
840
1041
1793
1588
1399
1633
476
1238
1469
286
1271
1176
1551
1507
461
641
388
2193
1133
1953
1363
770
357
957
1081
422
1455
1149
1796
1306
1363
483
1793
1988
461
1984
459
1779
1863
459
1592
293
1134
2009
1107
1857
645
998
403
1679
683
795
1647
2134
1842
137
1535
621
700
1541
744
1702
417
1737
284
1298
294
946
287
1029
258
471
1929
257
1737
1409
1301
1281
1149
1559
1162
1696
1760
1788
654
766
1630
1114
1298
114
1568
1030
2020
911
1203
380
519
1625
1656
2058
306
1373
1636
1698
1299
1745
1074
2240
505
140
163
1720
1033
1212
1444
769
1429
1802
1036
553
816
1615
1401
1601
1603
1280
362
727
1018
258
960
1167
307
1515
334
864
1470
1165
374
255
296
1351
824
979
1813
1586
1184
1365
481
828
1690
1289
1694
757
1874
1897
989
1243
963
1732
364
1680
2114
1112
1857
1272
1589
1092
1710
1346
685
1034
1189
1096
880
1194
2012
2145
1652
1568
709
2025

9
200
20
15
6
8
17
10
8
17
9
16
7
5
6
13
8
15
6
6
15
6
8
16
12
6
18
7
20
17
8
15
9
19
11
14
20
6
8
5
5
16
7
13
13
15
11
6
5
5
11
14
10
11
10
6
17
7
13
19
8
5
12
13
8
20
16
13
14
13
6
16
8
8
20
20
20
10
20
8
19
18
18
13
11
16
18
11
18
9
14
17
9
9
6
12
7
17
13
9
8
16
8
13
20
16
8
9
9
15
7
9
10
11
18
10
12
10
19
13
9
13
5
5
17
18
8
7
9
14
12
6
17
8
6
6
13
18
11
15
17
15
18
10
13
17
10
18
17
7
11
19
19
19
8
18
19
14
16
18
6
10
11
7
16
5
20
15
7
7
14
14
12
18
7
18
19
7
10
17
5
8
20
18
13
10
15
19
12
14
14
13
19
6
17
19
20
12
6
10
6
18
0
1745
1139
1464
39
1053
371
46
476
701
458
659
262
359
172
1634
1063
418
1563
1004
841
332
1308
527
1410
197
59
41
650
319
1210
1384
391
1810
1003
1373
916
1147
494
458
161
183
660
1025
1823
538
83
1623
567
172
832
1738
269
1690
1333
1227
248
323
323
1630
1705
1765
1764
883
745
871
480
1564
1727
935
1189
181
675
891
824
1666
227
567
1604
700
299
1223
1356
1760
76
1642
847
1026
1705
231
493
197
1411
1564
339
1229
902
887
1538
295
777
425
1053
192
1397
1452
1835
389
663
119
632
549
1213
1172
1549
740
1713
1839
899
929
1379
655
675
1430
1636
110
1753
1362
804
646
890
496
816
1064
1744
1525
1535
1015
1171
1528
1680
312
1666
1064
393
1837
118
1178
1838
1681
58
154
238
1004
1263
915
1307
1089
949
283
222
1300
1079
539
1650
204
587
1576
122
1091
295
1158
731
12
1182
348
293
13
1597
1011
1556
163
1799
1666
923
1202
1092
763
98
395
1477
742
598
829
1245
1625
139
332
1664
1496
228
1762
1272
1476
264
1246
454
97
664
770
675
798
384
561
389
1796
1117
650
1729
1058
886
468
1414
533
1608
393
187
110
829
558
1356
1489
514
1871
1222
1609
1094
1233
573
589
184
308
869
1182
1907
782
299
1834
690
400
948
1763
438
1882
1471
1360
493
375
510
1635
1931
1831
1972
941
784
1081
568
1788
1924
1072
1366
247
747
1114
996
1706
280
695
1830
798
424
1311
1585
1954
235
1685
871
1160
1831
321
635
327
1444
1769
553
1478
1128
1087
1645
502
870
622
1118
344
1436
1639
1942
451
721
352
718
755
1277
1260
1799
865
1826
1981
1035
1091
1550
730
702
1561
1731
139
1879
1490
1006
738
1077
561
835
1164
1797
1675
1710
1230
1281
1621
1733
469
1783
1081
567
1920
339
1206
2079
1850
120
285
471
1122
1414
979
1551
1201
1007
415
413
1313
1314
613
1904
335
755
1671
283
1118
540
1319
978
200
1202
537
487
227
1793
1242
1696
391
2023
1856
1035
1285
1227
918
252
579
1544
956
754
993
1484
1766
271
557
1754
1564

10
200
14
15
15
14
7
7
13
18
8
18
9
17
16
13
6
7
9
16
13
19
11
18
8
10
20
7
16
6
14
8
14
9
8
8
8
12
13
14
7
7
16
14
19
7
15
14
5
11
12
19
13
7
6
12
17
18
15
19
14
14
13
19
10
19
20
11
12
18
10
14
14
14
18
14
13
18
18
19
12
10
6
10
9
16
11
18
19
11
7
16
18
10
19
8
9
9
9
11
11
20
8
11
10
6
7
14
6
11
8
6
19
16
17
15
19
13
17
8
12
16
16
11
6
19
18
5
16
17
11
12
10
14
9
5
12
12
19
14
12
17
18
11
13
11
12
19
17
7
6
13
18
19
20
6
17
14
19
7
15
16
12
11
11
19
5
10
17
18
14
6
7
12
16
7
7
8
16
10
8
14
11
11
7
19
6
9
19
9
20
6
16
13
16
19
8
16
9
19
15
8
0
536
826
829
1076
1412
187
233
42
288
1028
1437
635
615
946
180
1532
158
1464
773
267
600
399
218
1151
206
773
747
731
557
384
398
1072
259
1384
1665
1175
938
152
1163
1577
337
628
334
1018
1617
1874
145
1159
363
1122
771
168
1243
1158
1565
658
1062
461
1369
1376
1592
657
186
32
340
176
370
1413
1685
1057
710
1067
370
1603
637
1513
708
1828
295
812
643
99
379
930
224
316
820
482
1715
418
298
246
1858
578
1394
1269
644
1884
500
1109
462
1522
1576
394
923
920
506
502
1318
519
79
724
774
1441
449
475
453
1046
359
1584
1661
731
1554
986
411
1549
283
1238
860
306
202
592
564
1659
100
1503
448
1790
303
1184
33
1044
190
1187
357
1118
226
1541
1803
395
1
1177
216
119
1841
641
889
753
80
260
497
1196
1724
1204
349
1162
1483
685
1030
343
686
157
1829
377
671
649
715
1343
1157
264
1114
704
812
343
326
1645
61
1070
86
663
1449
622
791
1325
1
1489
850
1211
756
14
652
955
937
1181
1556
304
372
239
451
1178
1611
838
856
963
360
1570
300
1649
942
456
789
598
307
1285
332
1029
977
878
573
486
648
1289
450
1465
1893
1394
999
199
1375
1616
423
866
398
1195
1641
1886
320
1185
497
1306
875
377
1377
1295
1673
869
1305
539
1435
1431
1688
904
241
301
431
314
543
1464
1884
1121
809
1251
620
1778
821
1634
871
2067
519
986
730
187
470
1049
243
373
886
638
1738
628
505
398
1871
677
1486
1443
885
1940
680
1314
576
1547
1761
589
1147
969
592
545
1437
791
212
900
846
1540
559
665
508
1112
594
1656
1716
963
1715
1250
503
1656
433
1257
901
493
223
734
788
1687
169
1699
514
1807
493
1318
56
1176
287
1370
450
1314
449
1599
1909
633
256
1204
349
228
2025
758
1113
886
197
366
627
1389
1766
1412
397
1255
1716
925
1085
362
830
305
1875
442
928
806
848
1547
1186
315
1204
735
1009
450
359
1706
167
1142
228
931
1533
875
915
1377
83
1634
1053
1392
813

11
200
16
17
11
15
5
19
20
13
6
16
7
13
9
8
15
7
16
19
14
7
11
17
5
7
5
9
9
7
8
12
17
13
15
6
12
7
8
5
8
17
5
16
13
19
15
13
7
17
13
20
7
13
11
10
11
15
20
10
13
12
17
14
7
17
7
16
19
6
16
10
7
9
9
9
9
6
8
10
18
20
8
19
15
9
9
12
18
6
7
16
16
7
17
18
18
13
14
15
16
16
20
10
18
6
15
20
15
20
7
20
18
14
10
14
10
9
13
16
16
10
20
13
19
9
10
9
7
6
15
11
9
17
16
18
7
20
7
10
11
17
10
9
7
7
12
13
13
14
9
8
10
7
17
16
12
20
19
11
13
8
18
14
19
15
10
5
15
11
15
16
13
17
6
10
10
19
6
10
18
12
7
8
13
15
8
7
19
17
16
5
17
13
17
16
15
10
14
13
16
11
0
355
990
519
779
578
1526
1689
1574
1650
613
705
547
334
1223
416
1587
1012
1053
503
200
753
1023
290
587
106
283
854
1111
120
717
1121
1582
1325
1805
388
581
752
1360
104
673
871
1724
493
972
304
1354
1691
517
778
1341
1260
1291
184
1195
1474
628
592
307
1398
1175
1080
29
263
65
497
322
261
431
595
870
1556
1314
953
636
112
1616
484
125
1735
337
675
334
1121
684
1014
776
1111
278
481
1803
352
1270
1176
504
211
117
1743
376
343
186
1003
1586
53
1345
1335
1370
1067
303
379
1365
773
838
1795
842
1489
254
1825
741
495
1745
1114
1217
1358
302
410
729
48
1206
1502
6
1363
1871
121
180
428
1712
1516
286
1646
768
489
295
493
1169
1542
1753
549
300
321
950
510
972
146
436
1095
1217
1653
54
322
286
19
822
833
308
832
1575
1489
848
1051
1056
661
1420
436
393
301
1706
1127
1779
758
1411
822
154
1630
751
907
1172
511
1633
1277
461
1170
1160
1340
514
537
1854
1398
219
1631
53
562
1208
693
912
708
1582
1844
1621
1908
797
898
652
495
1452
446
1783
1186
1229
654
389
823
1154
356
773
142
337
982
1124
275
825
1229
1718
1390
1999
561
623
947
1526
304
903
1046
1823
542
1157
333
1605
1896
602
882
1355
1415
1355
343
1376
1651
853
707
503
1549
1434
1109
145
288
218
723
575
429
510
748
1065
1735
1395
1047
865
306
1732
666
392
1868
485
818
449
1280
836
1151
806
1185
509
722
1925
434
1460
1411
667
301
191
1875
403
377
364
1213
1848
115
1399
1568
1450
1102
452
629
1600
929
1010
1810
928
1573
303
1868
830
583
1918
1336
1396
1564
364
470
851
176
1445
1521
150
1558
1939
364
237
683
1965
1770
378
1852
826
679
542
564
1263
1755
1812
708
418
363
1085
703
1058
298
617
1211
1408
1860
103
483
465
155
1048
1004
335
1052
1767
1553
1091
1204
1275
890
1564
593
413
435
1719
1348
1894
930
1447
1040
210
1728
973
1008
1376
709
1766
1500
503
1311
1240
1559
580
582
1983
1459
286
1689

12
200
16
11
11
14
6
13
9
19
17
7
8
19
5
5
8
14
20
16
19
16
6
9
8
17
7
5
18
18
17
19
17
17
19
13
15
14
9
7
9
6
12
16
16
9
6
19
19
19
19
19
9
14
5
9
16
18
10
7
20
16
14
16
20
16
13
16
6
15
19
12
5
9
10
14
6
15
12
12
5
10
14
13
16
18
9
16
12
19
14
9
13
18
14
14
16
13
11
5
19
19
18
7
18
14
13
19
9
11
13
5
14
17
15
20
6
8
15
6
10
18
9
13
12
17
15
8
9
12
18
11
13
17
8
9
15
17
16
18
6
7
14
12
9
18
9
17
5
15
10
8
5
12
12
6
14
8
18
16
11
14
6
18
8
20
5
15
13
14
9
11
11
15
10
9
18
7
11
11
9
15
14
13
9
9
18
19
15
7
10
19
9
16
15
13
18
11
16
11
8
11
0
384
1724
1635
474
977
619
1584
1380
1134
935
579
1495
1567
86
1032
1009
1360
928
737
1771
702
1881
800
883
337
727
1148
620
1595
482
1284
656
392
925
185
544
57
419
1564
1306
119
1162
1228
1663
1189
521
902
643
222
1654
451
201
1035
1280
1433
500
1026
1140
601
568
1846
1019
598
806
1167
797
1165
967
1835
1825
38
1535
1298
757
1185
229
1386
471
414
1073
1354
686
1346
1070
912
550
1234
542
920
591
1546
233
1818
58
1875
748
782
1871
1553
1756
1028
189
1888
1255
1865
982
957
1872
46
1025
590
1617
1549
493
307
845
1869
1273
1658
942
701
1323
1539
1700
1456
150
1755
1501
471
924
52
1555
276
1416
1324
1140
269
1249
873
361
1079
473
1317
1179
758
1696
1671
343
24
322
1117
1212
395
1827
1773
1867
1001
1044
1468
1760
812
513
910
1449
613
977
962
1451
23
1032
1082
1446
1060
24
1352
154
185
1160
60
920
1325
1305
709
451
1280
653
1353
79
994
1595
1112
1709
1727
1348
565
1154
1460
1080
378
32
417
1971
1856
730
1080
881
1633
1453
1191
1147
779
1586
1648
255
1098
1182
1398
976
901
1780
759
2111
1024
1038
418
796
1299
760
1698
649
1544
727
538
1093
222
666
187
655
1590
1524
299
1405
1468
1676
1275
789
1042
872
351
1811
693
235
1078
1328
1536
675
1258
1207
644
787
1869
1245
710
988
1217
901
1229
986
2003
2068
87
1646
1321
847
1334
266
1442
527
673
1284
1457
722
1593
1294
953
711
1356
691
1078
637
1791
316
1838
322
2002
938
883
1920
1782
1975
1182
431
1986
1348
2044
1142
1061
1984
248
1119
838
1659
1606
744
506
1111
2128
1481
1856
1065
965
1470
1721
1932
1626
252
1914
1612
581
1112
221
1622
377
1436
1588
1327
372
1306
915
379
1336
704
1558
1250
967
1862
1816
505
258
519
1212
1328
485
2074
1789
2091
1107
1258
1627
1887
1068
522
936
1463
655
1034
1197
1554
218
1218
1214
1552
1272
284
1585
269
397
1300
113
939
1591
1341
906
518
1428
882
1515
262
1217
1760
1292
1885
1858
1368
710
1215
1499
1264
444

13
200
6
5
15
18
7
12
7
11
14
13
6
13
18
16
19
18
11
6
19
18
9
17
15
11
8
6
15
12
19
18
12
14
9
7
15
16
9
11
15
7
14
18
17
12
6
13
19
19
9
9
16
8
16
8
12
19
11
12
5
20
17
18
18
6
7
13
11
12
6
7
6
11
19
11
8
14
17
8
9
17
6
18
19
18
10
9
17
14
8
7
6
10
16
5
19
19
16
12
12
10
19
8
15
18
19
10
17
14
13
12
14
11
14
13
9
6
18
7
8
9
8
5
18
12
15
8
6
7
18
16
15
11
17
14
7
13
17
14
9
18
6
12
8
11
15
9
11
19
9
8
16
8
5
19
13
11
7
12
10
17
6
19
14
16
14
9
16
17
10
15
7
18
10
9
19
14
14
6
7
11
14
7
18
5
19
8
8
5
16
6
8
14
17
7
8
10
18
11
10
14
0
564
1574
198
1653
1199
394
1723
795
1407
666
269
913
1074
1208
1214
1466
1829
1691
110
1817
726
737
1472
1068
152
362
147
30
309
330
348
345
237
1716
1505
356
1259
1404
317
1091
268
507
599
1767
1617
1084
1340
16
136
1287
471
105
777
23
1300
289
1701
1093
327
1120
782
334
346
356
109
808
1825
1593
506
1012
1785
430
1042
1155
907
996
1083
8
356
948
1471
1673
58
1437
553
1116
115
343
23
836
591
1418
1583
1824
1323
1304
229
996
680
1750
1061
658
433
1660
1152
1617
960
1599
116
176
1308
1099
1091
1010
1175
1194
1515
90
974
1697
1521
1037
732
165
1778
717
1303
400
244
126
1321
712
55
230
725
1030
1293
269
579
895
1713
402
869
1726
1197
499
675
93
132
649
567
54
1181
675
603
100
950
560
1119
1107
1235
920
1549
29
641
1741
756
1045
1757
364
1482
1538
206
1623
361
1158
1751
711
980
516
736
1277
230
1046
930
1768
112
120
1034
1515
746
293
211
1798
1057
1079
982
145
1432
176
648
1702
451
1726
1405
586
1766
849
1483
883
400
1064
1200
1326
1290
1481
1896
1736
269
1930
850
799
1633
1219
307
449
350
234
539
568
490
384
375
1737
1712
377
1382
1580
340
1215
314
603
758
2006
1665
1340
1466
86
264
1355
697
206
972
234
1389
542
1735
1320
433
1159
1022
365
400
467
142
973
1908
1681
723
1158
1871
642
1259
1175
994
1139
1258
24
384
1091
1638
1777
88
1680
669
1192
129
567
97
1066
655
1448
1711
1888
1560
1466
305
1171
825
1818
1077
827
624
1899
1295
1872
978
1652
263
284
1544
1267
1298
1077
1211
1275
1677
144
1194
1749
1686
1077
827
187
1975
771
1365
425
292
188
1492
880
144
267
893
1268
1333
446
652
1077
1850
654
986
1879
1450
575
748
150
340
794
703
111
1324
895
787
178
993
599
1220
1242
1385
1158
1741
159
717
1879
773
1136
1821
479
1607
1774
365
1879
500
1383
1990
831
1109
679
921
1363
271
1237
1156
1841
199
143
1100
1558
987
382
245
1856
1288
1234
1193
243
1506

14
200
7
9
7
8
11
8
14
14
12
8
13
6
8
11
14
12
17
15
6
9
10
7
14
8
19
9
6
11
14
7
12
10
14
13
10
6
16
17
8
15
14
20
17
8
16
7
19
15
5
11
15
14
8
19
6
18
13
8
8
11
6
14
16
17
13
6
9
14
10
12
13
9
6
12
10
6
14
12
14
13
10
13
6
12
14
10
6
9
11
18
19
7
15
19
9
14
5
13
17
12
14
8
8
10
5
12
16
20
11
10
11
10
7
8
6
20
8
20
13
7
11
20
9
20
15
9
8
11
15
15
12
10
16
13
7
13
19
14
10
8
11
17
7
5
7
12
18
10
18
7
11
18
18
8
17
7
12
17
6
8
12
15
11
19
20
8
10
19
17
10
6
7
19
11
15
17
12
5
14
16
7
5
16
10
11
15
19
5
8
6
9
15
16
17
13
18
11
8
7
8
0
1535
1459
1171
1738
291
1392
266
1206
1359
617
1595
752
1082
644
1665
1569
1696
1144
860
1667
225
1720
997
1660
445
1530
499
61
1646
1449
1361
840
1759
230
608
452
319
1685
1588
38
21
1430
182
1168
1182
190
651
848
184
1631
327
613
344
1144
1426
1319
417
1152
1503
226
917
1175
1437
787
545
1733
115
594
1717
313
577
1393
1012
844
321
1331
1188
805
1120
1013
1172
314
471
1158
661
873
6
506
460
1074
66
1747
1659
1025
1640
615
656
1649
753
1195
777
16
35
837
437
397
1373
65
1543
1605
872
288
1607
1498
1164
595
915
368
559
545
568
1757
540
832
1585
1245
1672
1663
281
560
1208
1341
684
505
1274
163
412
1236
332
1542
758
440
1509
1362
919
282
1674
1565
678
1351
126
171
1450
1510
1380
796
7
815
1509
915
88
430
1327
172
928
221
592
337
243
598
640
1167
708
945
1381
808
1016
199
660
1473
1124
747
1314
819
1006
23
431
1483
1361
974
1404
1584
1463
1072
347
412
834
1630
1616
207
1772
1549
1392
1943
477
1432
397
1407
1499
746
1796
934
1292
827
1905
1763
1894
1166
899
1814
378
1959
1020
1780
615
1555
567
249
1829
1545
1530
1014
1808
414
635
662
424
1834
1691
272
130
1650
396
1229
1304
320
794
1052
213
1744
465
774
572
1373
1473
1334
478
1190
1696
287
1117
1284
1686
993
670
1806
324
639
1737
541
810
1516
1101
990
495
1537
1423
1004
1230
1057
1299
371
527
1184
860
894
151
526
583
1323
149
1843
1897
1097
1742
844
731
1787
930
1285
885
78
261
1000
475
591
1443
139
1674
1626
1041
435
1718
1603
1305
795
1054
413
614
667
766
1920
581
1022
1690
1372
1805
1742
310
761
1439
1566
730
518
1314
222
625
1321
551
1607
865
659
1655
1524
1114
479
1818
1588
696
1427
359
373
1689
1751
1604
838
113
1035
1577
1049
325
501
1447
296
1096
241
741
410
265
826
868
1283
873
1033
1537
900
1197
387
693
1658
1217
967
1512
1062
1100
151
512
1547
1577
1117
1557
1825
1564
1268
535
561
948
1711
1713

15
200
15
15
7
8
14
10
12
9
8
5
15
11
7
10
14
6
14
12
13
12
17
19
18
15
11
7
6
5
20
16
7
19
16
20
6
6
12
10
19
9
8
14
14
13
11
16
11
8
16
11
10
7
15
10
11
17
7
14
13
8
9
18
7
15
9
17
18
18
19
13
12
13
6
5
11
9
15
8
12
14
20
13
16
18
15
18
7
11
6
11
12
15
8
17
8
7
15
8
9
9
17
13
8
6
18
7
15
18
7
11
11
7
12
16
13
16
14
8
9
7
14
13
19
16
13
15
11
9
17
16
19
16
20
6
10
8
9
7
18
9
7
15
20
13
17
10
7
13
11
20
10
17
14
14
15
8
19
11
9
19
7
12
9
11
9
15
14
6
11
18
8
9
18
12
8
18
10
19
17
16
19
15
5
10
13
11
9
12
10
18
12
8
14
14
10
6
16
16
19
11
0
157
495
1166
155
1397
319
1003
588
1122
1047
1262
791
335
1209
812
1403
751
450
201
1396
856
1414
1797
639
1363
90
182
323
469
1171
946
1300
932
1694
1681
1307
146
1639
1024
384
1837
1396
956
670
262
462
1716
661
1374
1572
697
1513
454
1416
241
1446
970
1672
598
1387
1566
1201
1432
1608
849
1287
1087
1406
429
1390
343
40
478
673
1748
1761
1503
1228
172
972
1076
587
1817
222
1035
809
874
133
985
1430
909
1037
1009
1720
928
1603
488
1692
1827
968
1159
1450
1180
744
1330
1252
672
498
446
33
1533
1519
926
288
1187
1415
617
460
1561
1723
1568
1188
1641
4
757
1013
1351
1531
1407
535
402
1720
1306
1673
734
279
430
717
1743
67
925
612
588
1773
1127
523
1569
961
971
1062
683
451
169
1675
1069
234
977
884
1445
86
610
1735
294
1063
1746
1744
419
408
332
1096
1188
1170
1289
990
35
1490
1019
46
1626
1485
230
1288
836
70
756
678
757
1189
49
1116
472
1787
1618
725
889
1302
1565
1173
319
193
289
698
1223
193
1646
446
1177
692
1249
1089
1468
968
382
1420
1010
1541
882
519
215
1639
888
1608
1820
698
1576
239
342
398
718
1330
1103
1544
1092
1924
1719
1350
276
1871
1107
611
1889
1576
1074
907
439
716
1803
920
1515
1609
897
1768
661
1551
326
1573
1029
1894
813
1566
1785
1316
1448
1680
973
1366
1287
1441
553
1497
408
205
669
750
1856
1991
1689
1301
266
1237
1159
609
2064
357
1170
958
992
328
1100
1674
954
1126
1039
1865
1030
1690
641
1833
1861
1213
1195
1601
1428
799
1355
1473
720
652
573
166
1619
1576
948
400
1306
1624
707
578
1625
1762
1723
1209
1722
19
842
1104
1578
1738
1438
776
440
1829
1478
1906
863
303
535
915
1941
271
950
765
631
1879
1276
549
1582
1189
1151
1198
865
643
236
1841
1284
316
1031
896
1698
237
728
1961
388
1245
1882
1939
641
462
488
1281
1271
1392
1452
1023
255
1625
1094
133
1693
1603
426
1319
857
86
874
863
820
1263
169
1323
557
1993
1829
837
962
1543
1794
1276
471

16
200
12
19
20
12
16
11
17
17
16
18
15
10
15
19
12
19
13
18
15
13
18
16
16
20
14
17
18
7
14
7
19
9
6
11
6
17
6
14
8
15
10
19
9
13
14
14
15
7
19
15
10
15
13
18
18
9
10
14
19
17
7
16
13
5
8
10
19
14
10
14
15
12
17
10
14
15
18
8
18
18
6
12
17
10
13
15
20
16
13
18
18
8
11
6
7
5
10
17
6
20
11
13
14
9
14
13
12
10
15
6
18
12
6
14
15
5
13
17
20
9
18
19
7
16
20
14
16
18
6
8
7
17
19
18
9
16
14
13
7
6
5
16
14
16
19
16
19
5
6
10
13
20
8
11
17
18
7
16
5
11
7
14
12
15
8
18
17
13
16
17
9
5
12
15
18
12
6
7
6
10
9
19
8
10
12
15
8
14
17
6
17
15
11
12
13
5
8
6
8
16
0
1786
825
43
434
373
826
428
190
1826
1374
1603
1494
1721
1281
1083
1832
1653
999
208
1702
1100
145
1141
308
1866
1847
846
278
947
1444
1030
1364
953
41
1616
870
347
1086
598
140
387
1407
825
1902
738
758
21
1682
1240
615
1417
726
1193
766
1937
992
74
1266
1108
1904
731
854
1216
143
1544
1332
1175
521
1834
1273
1139
448
1207
160
952
641
1614
216
1713
677
550
1838
1291
1050
1633
1184
834
1337
1907
1367
1478
623
1488
1211
531
1436
717
144
1244
57
1365
656
856
1310
310
361
101
1912
1924
1604
800
1814
768
1596
1775
1194
1522
696
421
1811
631
1517
464
1392
458
1587
306
1727
1747
702
1253
1667
617
501
309
1528
1772
1891
1049
1738
515
1115
1431
881
1445
1725
1728
1197
1237
601
1168
1489
1444
174
1238
993
30
1114
1694
1924
459
512
1424
1297
601
199
1816
450
283
1785
1550
1535
1378
820
1759
27
494
1212
794
669
486
317
1424
1929
156
701
9
1597
1927
923
1788
1541
733
44
825
287
1661
1136
1697
257
1875
851
73
497
396
964
670
207
1845
1398
1792
1607
1773
1461
1275
2026
1755
1237
424
1863
1301
196
1344
406
2008
1971
1019
490
1159
1580
1293
1414
1186
257
1636
969
528
1311
741
174
466
1589
933
1938
864
911
122
1765
1418
728
1648
838
1311
836
2087
1235
312
1476
1312
2113
905
994
1266
254
1721
1444
1365
634
1987
1470
1291
527
1302
326
1090
815
1877
392
1910
759
641
1930
1410
1265
1870
1294
1019
1380
1926
1602
1591
692
1612
1348
606
1556
867
215
1403
108
1484
735
1041
1499
542
477
228
2151
1998
1804
922
2016
992
1715
1835
1464
1707
791
471
2046
783
1546
695
1649
506
1688
582
1815
1884
869
1389
1754
790
693
453
1778
1911
1961
1094
1890
631
1302
1510
1121
1659
1777
1804
1214
1488
810
1212
1556
1504
288
1399
1115
70
1337
1961
2042
681
555
1626
1341
648
299
1950
660
330
1994
1768
1601
1433
941
1960
52
746
1318
829
868
641
462
1534
2127
420
744
159
1665
2053
1186
2006
1653
948
300
833
550
1821
1244
1968

17
200
9
16
8
7
6
5
17
11
8
9
15
13
15
19
11
18
5
19
10
7
10
5
14
17
7
19
17
11
17
11
8
10
17
13
8
7
7
6
18
14
9
18
18
19
8
9
8
10
7
10
12
6
17
7
16
12
17
19
19
11
9
11
7
17
6
18
7
10
10
5
13
15
14
19
14
5
12
10
17
12
11
15
13
15
9
20
10
20
19
15
8
19
5
9
14
10
18
8
16
13
8
10
17
18
18
19
17
17
12
13
7
15
9
10
7
10
10
9
12
13
8
20
17
10
10
10
19
6
12
7
9
7
7
6
16
8
19
10
8
17
18
6
6
14
15
8
10
7
8
10
8
7
16
6
15
8
10
12
15
19
11
13
15
16
11
20
11
16
19
19
17
5
7
15
14
13
16
6
16
12
19
10
14
17
17
9
7
16
19
9
7
16
10
10
10
12
17
11
20
12
0
747
950
523
1322
1097
1323
1196
1405
1428
1741
904
281
804
1641
1385
844
92
1817
144
850
1344
97
1817
253
652
1096
149
1470
419
703
934
330
102
332
1476
1194
535
609
600
901
1034
199
563
664
573
752
1613
1554
569
1529
15
577
396
1175
1280
1591
1495
1199
794
1288
203
1143
376
1121
1660
151
136
1733
107
415
1183
1470
72
1568
695
1321
1771
1650
248
1235
1401
1036
1581
1147
1115
1146
1533
818
559
1660
638
847
1412
863
478
769
482
1025
601
271
949
1452
1266
1281
830
1273
829
457
1082
81
1350
990
1572
182
264
263
1691
408
10
597
1307
1711
616
1472
530
1707
1663
291
1304
195
610
379
132
140
1060
161
616
518
1469
683
287
321
1707
1750
580
935
1621
37
1742
560
1530
1586
388
868
800
1567
970
1225
748
531
218
687
710
877
1657
1427
830
1434
917
798
428
1693
767
521
1832
608
268
47
1188
1493
486
741
1807
609
464
769
405
280
246
1831
106
331
1157
315
588
1329
1792
473
901
131
772
988
550
1362
1324
1344
1268
1655
1592
1763
1046
416
877
1824
1440
1068
250
2027
344
1016
1478
330
1878
285
836
1225
280
1515
439
839
1164
559
194
455
1537
1364
772
793
619
949
1139
233
619
775
815
771
1636
1717
622
1755
212
755
627
1435
1325
1667
1751
1305
999
1351
363
1213
619
1229
1682
346
157
1879
265
483
1367
1722
129
1785
866
1428
1875
1895
371
1378
1507
1283
1684
1393
1207
1299
1628
1002
696
1702
817
858
1423
1066
691
930
502
1151
734
344
1161
1537
1445
1414
890
1334
1040
608
1146
214
1397
1121
1761
330
329
452
1803
568
51
704
1458
1787
631
1705
617
1741
1895
478
1467
232
620
547
188
181
1156
325
824
556
1662
836
514
475
1943
1839
617
1046
1774
169
1960
728
1541
1681
550
944
902
1744
1080
1425
897
557
301
828
876
889
1728
1592
910
1501
1124
1016
484
1783
961
698
1999
786
436
134
1258
1580
720
998
1942
684
629
998
606
428
481
1876
128
530
1356
460
798
1585
1815
601
1124

18
200
6
5
14
13
10
16
17
8
8
17
8
12
11
16
13
6
18
15
7
15
6
10
8
17
19
7
10
15
15
16
17
15
17
18
19
13
10
16
18
12
11
8
9
5
16
8
18
8
17
6
19
9
9
17
13
9
12
17
20
16
13
6
13
10
20
16
12
13
14
10
8
12
15
19
17
10
10
19
7
14
14
14
14
6
14
10
11
19
9
9
19
8
13
14
9
9
7
13
5
11
15
19
20
6
11
7
10
9
19
12
10
17
15
8
11
9
19
16
15
8
8
14
17
15
19
15
8
9
15
11
12
13
14
16
18
10
17
11
10
9
12
6
18
11
10
6
19
13
10
13
20
15
17
17
7
10
11
11
8
19
17
14
19
19
19
14
10
10
5
15
15
8
10
14
6
8
18
16
19
7
14
6
13
18
17
12
18
18
6
15
16
18
16
18
16
5
10
9
12
6
0
111
1674
404
1157
779
33
1390
1420
845
30
159
1255
1334
926
513
708
1104
570
1806
1094
947
495
95
1774
1096
297
485
1497
293
654
1634
1265
1740
986
151
918
1658
1585
638
1645
93
39
944
909
188
1290
1287
1520
1207
656
1106
372
1118
1113
1787
1455
683
1266
89
1500
55
62
1881
497
824
447
942
693
682
796
122
558
1289
183
549
695
1243
611
1855
1512
469
1733
120
82
1277
1725
1716
335
1874
1729
1629
154
25
829
1629
22
727
1873
1620
618
1733
1752
1401
1578
365
1699
1466
1241
1184
1682
38
66
1216
1118
1652
1820
927
489
163
1863
514
1285
1072
499
1091
771
280
208
827
1897
1325
1842
1838
499
1569
560
703
638
765
373
1287
1156
629
441
1778
478
1177
569
343
866
565
18
1803
64
403
870
1100
1102
391
1481
318
1501
1402
808
708
289
875
1043
1694
1213
1533
747
1692
993
140
233
310
109
190
1857
575
182
1891
275
1227
643
1906
614
581
710
53
516
125
295
1587
691
734
145
820
127
201
1761
608
1208
982
159
1417
1549
929
150
235
1370
1555
1080
592
798
1348
632
1892
1112
1068
753
180
2015
1235
351
500
1760
478
748
1694
1282
1810
1020
210
1172
1704
1839
858
1681
122
79
992
1071
212
1308
1537
1630
1255
823
1258
470
1153
1227
1857
1698
910
1338
212
1767
131
300
2096
534
1067
461
999
903
772
901
248
782
1402
226
587
948
1476
711
1976
1616
684
1909
257
220
1464
1830
1966
528
1932
1974
1743
341
216
1003
1656
198
919
1998
1880
662
1760
2013
1598
1718
570
1876
1596
1407
1275
1787
251
144
1232
1345
1905
1899
999
617
399
2048
712
1339
1210
727
1310
833
386
426
1055
1925
1591
1865
1949
657
1625
592
936
738
986
386
1308
1308
830
470
1798
746
1412
811
597
1126
703
96
1932
116
478
1069
1334
1356
616
1630
447
1692
1619
856
939
531
1101
1148
1741
1236
1772
836
1725
1028
337
478
562
144
297
1963
732
443
2064
494
1305
780
2059
692
753
749
91
761
278
438
1603
819
842
290
957

19
200
12
19
17
14
7
16
8
17
17
14
11
17
19
9
11
18
18
5
17
9
18
7
13
14
6
5
20
15
16
10
15
14
9
13
7
18
14
18
14
15
19
6
15
14
14
13
19
12
18
11
7
14
10
18
6
10
6
16
18
15
6
10
11
8
18
6
14
19
11
15
5
15
11
19
15
9
16
10
5
11
12
7
19
16
8
17
7
5
8
12
8
8
8
14
13
20
9
17
9
8
16
17
17
18
11
6
13
15
11
19
18
7
6
16
16
8
11
9
6
5
14
17
9
15
10
15
16
11
13
13
10
7
11
8
7
18
8
20
18
16
19
7
12
19
12
15
11
12
12
18
5
10
13
10
14
12
9
12
11
13
17
10
10
11
14
9
6
6
19
8
8
12
13
6
14
15
7
8
7
9
12
18
16
14
8
13
8
11
10
10
15
20
8
19
7
16
8
19
9
12
0
37
237
1264
249
1216
511
1681
1644
1447
1278
797
1151
1665
1378
1780
362
1704
1345
136
183
521
210
920
272
1813
121
1403
429
840
819
494
1219
1268
193
997
198
835
1440
1303
1360
230
541
1759
880
1712
800
121
63
79
409
1340
1180
947
1653
1291
112
508
645
1133
1749
585
673
811
1815
534
644
650
1721
977
1698
240
130
1606
146
1368
109
298
533
493
1420
1680
344
1567
201
1687
507
1413
701
638
595
642
326
285
1443
1578
715
373
1836
1794
562
84
874
187
726
1424
65
170
1356
1427
123
1022
1267
1677
1309
801
1452
1675
436
6
797
854
779
1662
670
1663
275
723
905
1531
144
978
148
1280
1157
588
1583
1139
95
1082
33
840
1716
1282
1348
845
1442
1396
186
828
306
933
365
1716
1832
898
187
26
615
1313
1038
1113
1014
813
497
1272
1789
479
504
413
1710
145
1083
808
812
441
923
18
555
678
1187
42
1583
257
587
142
521
1123
265
908
1112
465
982
1831
475
736
68
1449
914
345
38
164
342
1453
321
1349
660
1825
1723
1472
1307
839
1208
1833
1514
1935
401
1776
1472
155
299
739
378
992
520
1938
377
1511
619
914
984
542
1348
1318
437
1238
224
1066
1628
1477
1600
255
755
1792
1026
1939
997
180
193
314
553
1565
1419
1005
1783
1466
156
679
742
1305
1941
826
713
1052
1879
604
721
758
1750
1097
1858
382
143
1786
193
1549
334
498
666
567
1440
1789
504
1679
446
1704
689
1500
942
889
829
827
536
337
1515
1650
883
566
2006
1818
736
227
1022
403
936
1514
215
340
1442
1683
218
1214
1294
1755
1418
875
1676
1804
478
207
1036
895
842
1785
851
1872
438
812
1153
1665
275
1054
210
1288
1166
844
1635
1345
240
1306
118
990
1956
1411
1490
1082
1636
1506
243
914
337
1042
441
1885
1996
1130
275
99
678
1432
1268
1268
1024
961
605
1359
1812
544
684
552
1804
299
1162
889
971
679
1161
246
652
924
1346
193
1674
340
804
218
623
1250
473
1035
1256
609
1181
1861
561
928
306
1566
952
515

20
200
11
10
9
10
20
10
19
12
13
17
18
11
19
5
18
10
8
14
16
18
11
19
11
9
16
19
13
18
17
16
20
20
10
18
13
20
9
11
5
9
9
7
15
13
9
18
9
9
13
12
16
19
13
14
20
8
13
10
12
11
5
10
18
17
19
18
5
13
6
17
9
7
14
14
8
10
15
20
12
13
14
12
12
20
17
6
6
15
11
11
7
20
18
15
11
13
10
6
18
11
14
9
14
18
17
16
18
7
13
14
17
12
19
13
17
12
18
11
14
15
13
10
9
14
16
19
15
9
11
10
17
8
7
8
8
17
15
10
17
13
8
14
5
19
16
11
12
9
15
6
7
7
12
8
12
12
7
15
6
19
13
11
15
18
8
12
17
10
16
5
7
11
12
9
8
18
16
18
11
10
8
11
12
14
15
10
11
6
18
20
11
9
19
8
7
14
9
10
11
10
0
335
1133
1708
1689
3
1120
1895
1715
786
1647
47
109
1423
1621
1699
1090
56
1815
861
353
1265
1126
31
1380
671
1142
1509
1787
452
1692
982
1376
1595
1497
107
795
1491
1814
546
620
1684
550
1899
204
1106
1393
240
390
529
670
176
1834
1189
1244
992
1125
480
930
247
1182
6
926
113
77
358
778
836
1373
1717
631
876
633
1759
130
1400
709
452
1391
456
928
1334
1606
1130
1390
1719
1731
1889
1735
1381
1592
1035
1344
1246
261
580
1268
694
562
1517
1519
1163
414
543
1642
1825
320
1123
93
730
190
1388
347
508
1482
304
239
1581
1178
1718
988
1008
1191
648
1008
833
681
1812
1432
310
591
1496
1768
603
1209
1785
1214
139
1117
1558
1163
1601
1182
948
1580
1138
1020
1713
132
1702
1088
251
49
145
1653
1390
1347
1432
373
204
440
66
667
1845
1283
1115
269
2
307
13
671
1116
1554
1122
1158
1627
1438
1854
1004
1581
1455
1401
171
1834
1569
826
1160
1581
263
296
440
537
1555
165
651
1552
1671
262
1564
880
193
384
1275
1962
1887
206
1369
2037
1744
887
1714
279
304
1467
1645
1732
1121
153
2065
1047
364
1375
1282
140
1397
711
1216
1704
1972
683
1787
1184
1480
1759
1559
362
954
1667
2045
707
791
1757
568
2129
371
1151
1595
404
601
576
919
236
2038
1262
1484
1195
1156
603
953
487
1298
208
1125
273
342
623
906
940
1400
1913
760
1044
685
1776
262
1541
877
650
1458
476
1103
1575
1803
1191
1442
1930
1808
1938
1765
1455
1792
1211
1587
1273
463
648
1314
882
720
1540
1547
1307
450
702
1670
1965
377
1254
348
797
419
1464
408
601
1634
419
303
1658
1325
1894
1218
1075
1315
897
1272
869
856
1893
1519
529
753
1680
1947
835
1395
1980
1369
212
1281
1654
1243
1629
1338
1120
1768
1333
1164
1859
193
1943
1305
462
69
347
1716
1616
1598
1528
401
422
612
325
878
2090
1391
1299
496
221
496
149
771
1250
1691
1338
1167
1848
1519
1908
1250
1622
1648
1489
428
2000
1585
1068
1201
1654
375
433
552
583
1600
302
757
1606
1915
523
1698
907

21
200
9
7
7
10
16
9
7
20
16
8
5
14
15
6
8
11
19
11
10
5
5
10
11
8
12
11
16
19
9
6
9
20
17
16
13
6
12
8
12
15
17
9
6
11
8
19
12
18
18
12
6
17
20
18
10
8
9
10
6
12
16
9
8
14
15
10
10
20
12
16
8
17
18
10
12
15
16
20
20
10
12
10
13
9
15
7
8
16
18
13
16
5
19
7
20
8
5
19
7
6
15
7
19
16
7
19
12
16
19
9
16
8
9
12
18
18
15
14
9
19
9
6
7
16
14
10
16
13
17
19
17
10
12
14
17
9
14
11
13
14
17
7
7
14
14
9
12
8
20
13
14
8
10
12
15
15
19
17
8
19
15
13
6
15
10
17
14
12
20
16
6
9
15
18
6
17
13
17
13
11
17
14
13
12
18
6
16
16
11
12
12
18
6
13
17
18
7
11
11
19
0
1717
929
1044
1187
59
403
219
1254
1834
1118
908
1736
1283
975
257
1692
382
1337
1685
1503
1118
1055
826
767
679
730
1397
1128
253
212
205
1305
1237
1720
768
964
1429
1570
461
697
1012
1856
1189
1495
594
444
1741
437
1097
85
1022
1155
1035
691
591
1687
969
438
1622
1011
1213
36
1774
138
661
1735
323
1161
1790
1206
17
992
1267
1733
723
207
1522
1519
1771
1032
10
570
461
1598
964
708
1750
295
698
1601
77
315
732
454
1372
1661
1684
156
741
1055
3
1313
930
265
1110
7
322
1605
928
829
1459
614
502
704
1064
125
31
414
1167
787
1010
1255
444
1733
675
138
1561
554
1794
1199
1216
1637
1141
400
568
1204
534
966
852
1661
1889
984
1030
877
1749
1533
160
1427
1683
1308
502
551
741
1469
777
205
1543
1846
229
1738
1857
849
1004
1828
1342
1062
1096
1581
1008
671
1347
1856
436
1100
1714
498
622
1560
823
547
428
1395
528
1533
210
1766
1088
1858
582
1051
55
1433
428
124
1314
370
1062
506
1893
253
1950
964
1173
1416
163
488
247
1378
1995
1193
989
1993
1392
1099
418
1813
554
1482
1882
1678
1295
1213
959
834
867
917
1618
1338
431
224
418
1492
1432
1737
847
992
1665
1722
638
734
1190
2038
1266
1747
639
487
1931
686
1287
255
1049
1233
1302
949
851
1726
1032
478
1773
1259
1443
204
1943
404
695
1986
531
1208
1948
1294
281
1194
1329
1810
773
326
1607
1574
1919
1194
228
833
599
1768
1141
926
1903
487
794
1856
254
490
796
506
1585
1761
1944
283
861
1190
106
1522
1151
350
1303
220
501
1697
959
866
1648
645
586
957
1158
310
143
517
1357
934
1124
1330
700
1962
711
316
1614
743
2059
1413
1240
1747
1324
463
690
1255
638
1181
1008
1812
1923
1164
1109
1006
1799
1671
313
1492
1719
1573
628
747
915
1718
830
348
1598
1976
496
1795
2024
1037
1078
1862
1366
1094
1292
1849
1096
782
1532
2111
481
1314
1924
552
717
1669
966
767
444
1470
670
1726
443
1881
1132
1947
670
1093
109
1565
470
348
1507
559
1155
529
1917

22
200
19
9
12
18
9
7
13
10
6
10
19
11
7
15
17
19
9
19
17
15
20
16
8
5
16
13
9
8
9
16
18
8
15
18
10
5
7
14
6
16
12
16
7
11
14
18
14
12
16
7
19
17
7
5
11
14
11
14
17
12
16
15
13
16
19
13
9
20
6
6
15
20
6
15
14
17
16
14
14
8
16
19
8
9
7
18
16
8
11
20
5
10
19
17
7
14
10
10
19
15
13
12
20
19
19
6
16
5
15
11
5
19
9
8
17
7
13
10
10
19
19
6
20
14
15
9
18
9
11
9
17
7
18
5
13
17
13
16
12
10
15
16
7
19
19
19
11
11
14
17
10
10
16
19
13
8
12
8
7
16
13
6
18
10
10
8
9
10
17
8
11
7
18
14
11
19
13
14
11
20
12
17
8
10
20
13
6
5
20
9
14
13
7
8
6
10
6
16
7
18
0
40
1493
1520
1520
497
432
1112
629
703
1351
1816
1893
587
544
879
1047
178
1076
1493
1710
1272
430
1635
1611
564
1855
1125
149
428
1248
357
536
1791
1178
1217
1579
1478
93
751
1725
259
709
1378
943
287
835
1628
265
66
1105
692
1655
1722
507
1661
443
726
859
1160
1455
1328
617
1525
1723
1276
1089
948
1286
463
1608
1535
145
1764
1067
204
1122
1738
1349
461
1360
230
1572
480
1721
1845
1466
1239
1615
370
901
1525
927
761
611
765
1265
1397
596
1185
1601
745
1268
1777
1425
477
25
265
791
832
1597
1225
863
158
688
1002
46
99
813
729
723
1789
1276
1017
756
224
1005
1123
1895
129
550
1746
1642
1643
1593
87
717
26
468
977
274
877
1621
469
112
110
46
1751
530
458
387
790
69
451
862
1573
1293
1040
211
243
1655
17
1387
1799
589
397
1840
1068
1776
1014
1066
1107
1849
1206
100
732
1453
1119
825
1566
1430
1026
661
475
1064
191
20
686
1050
552
971
1765
1500
579
1229
1754
1479
1666
1800
126
255
184
1515
1626
1563
633
450
1262
721
871
1621
1898
2041
818
660
1035
1113
439
1172
1626
1795
1504
553
1657
1825
604
2074
1315
385
502
1505
439
654
1845
1325
1343
1812
1632
258
870
1757
407
940
1640
1171
557
886
1669
494
235
1153
743
1682
1893
759
1870
559
987
1093
1392
1555
1477
735
1575
1979
1516
1280
1041
1430
502
1629
1744
358
1790
1099
300
1338
1926
1541
704
1565
347
1822
493
1811
1866
1554
1355
1825
612
926
1676
1142
1020
641
942
1432
1593
865
1391
1718
887
1448
1932
1675
573
117
336
958
983
1713
1274
1076
379
741
1113
145
148
831
893
872
1841
1457
1189
1011
380
1274
1138
1929
140
708
1881
1875
1872
1648
333
795
50
505
1116
419
924
1630
733
236
144
254
1832
668
528
407
1031
278
639
987
1725
1459
1147
321
420
1798
143
1510
2019
662
487
2005
1107
1861
1036
1273
1210
2070
1431
200
982
1596
1259
1024
1645
1488
1100
779
559
1140
335
76
829
1206
631
1216
2030
1656
659
1319
1934
1492
1893
1871
297

23
200
19
17
11
18
17
5
15
13
13
5
15
13
18
7
15
16
7
10
11
11
13
6
11
17
13
5
18
14
15
10
15
19
15
7
18
14
16
20
12
14
13
18
6
7
19
17
10
11
8
6
9
12
13
11
19
17
7
14
10
19
13
13
14
19
13
7
18
18
6
17
14
6
20
17
6
14
5
20
13
14
15
8
18
6
9
18
5
7
15
13
17
14
10
9
9
11
7
12
16
14
8
14
5
19
20
17
16
8
13
10
12
17
12
12
5
18
17
7
9
17
19
12
9
6
11
6
20
12
11
7
16
12
13
9
6
11
6
11
18
17
6
12
14
15
19
6
10
9
20
12
17
7
9
14
11
14
12
13
13
9
6
14
19
15
13
17
12
19
10
12
19
20
9
16
19
20
17
16
8
11
17
9
16
14
14
15
13
7
7
5
16
9
9
14
19
7
14
18
6
20
0
1050
695
784
1745
1236
1326
709
1352
1214
791
1451
167
564
1436
1308
1615
730
981
1900
240
1722
1708
1873
1802
1237
919
914
947
792
455
81
513
1515
1438
647
925
1812
991
790
1762
563
1042
1900
1215
885
128
926
1147
921
1221
1523
1576
1074
768
1333
1841
768
1505
1528
1800
801
878
1678
1241
1540
1444
1246
408
1585
830
1324
1711
508
1865
1185
268
740
491
444
1521
778
1600
1399
127
1491
1314
1364
347
531
1132
87
707
430
85
615
227
1591
1707
80
534
14
1036
297
84
1051
1823
284
602
317
526
604
984
318
637
729
676
555
1542
221
1128
1034
657
222
618
853
762
769
1591
1236
176
1869
987
435
1625
48
1793
1299
251
1662
1021
1775
1875
781
1894
573
1440
206
1625
1630
1378
512
653
1893
1715
1327
9
1394
1597
826
207
1061
1302
1369
794
514
525
1545
594
1375
1080
1641
1583
1602
272
882
1185
1679
261
103
718
505
569
1564
1417
1827
987
470
517
1435
1099
9
793
754
771
555
236
1800
1211
567
30
1134
890
1049
1986
1263
1450
902
1606
1348
1040
1501
287
659
1529
1501
1686
816
1213
1914
414
1784
1907
2142
1911
1377
1039
1059
1074
824
636
241
573
1633
1576
875
951
2060
1109
973
1949
662
1291
1929
1250
1146
249
966
1282
1031
1236
1542
1657
1307
880
1490
2048
1003
1572
1798
2024
961
1139
1936
1486
1776
1487
1489
489
1736
996
1362
1905
773
1997
1293
310
1012
571
600
1599
839
1738
1428
136
1633
1417
1402
508
757
1361
122
820
520
125
646
387
1817
1793
171
620
94
1132
359
352
1241
1890
359
639
419
611
827
1108
369
666
950
771
780
1715
344
1361
1147
815
474
868
920
923
1007
1793
1492
218
1901
1098
550
1884
99
1982
1349
304
1886
1029
1791
2119
1028
1953
638
1497
346
1730
1851
1623
631
876
1917
1792
1488
239
1486
1767
977
222
1218
1338
1630
933
618
718
1748
669
1556
1297
1878
1755
1857
397
955
1367
1938
381
215
957
576
787
1697
1679
2044
1007
639
587
1575
1261
163
871
864
810
692
316
1924
1374
788

24
200
6
20
5
20
11
7
6
10
10
11
20
11
11
5
19
6
17
8
12
15
18
19
14
15
12
16
12
6
19
6
16
14
17
12
6
14
11
15
18
7
16
6
9
7
19
6
15
6
6
11
14
18
6
13
16
19
15
12
18
15
13
16
20
13
9
19
16
19
9
14
20
17
13
7
10
9
10
10
13
14
15
19
16
12
19
13
19
14
9
5
13
8
14
17
8
12
11
17
6
18
12
6
9
18
15
9
10
19
5
18
16
7
13
5
17
7
7
19
8
11
15
8
18
12
10
19
6
10
9
19
13
8
5
7
13
20
7
14
7
9
5
15
11
8
19
9
18
14
7
19
7
6
12
12
18
16
15
13
9
14
9
17
6
10
14
6
14
8
7
17
18
6
6
16
16
19
9
19
15
9
18
16
14
18
11
18
17
11
8
9
11
17
15
11
6
16
14
20
6
18
0
45
290
11
1747
1115
306
1225
908
1733
1498
210
564
33
949
309
358
911
1560
1022
620
312
1268
1519
1463
341
468
167
670
1797
271
946
949
440
787
1003
611
1140
208
206
777
1165
135
1339
1282
1780
1034
524
1497
1314
770
295
753
694
739
1750
1461
885
660
720
219
722
1545
659
27
840
1671
1515
758
1541
1318
1695
998
306
1095
514
315
1199
234
729
1281
565
315
411
310
695
170
26
424
840
553
856
1215
352
576
1857
1005
882
744
1101
244
1112
215
1411
1746
981
1259
59
542
1380
1008
1523
252
1264
374
1304
1835
664
860
422
1607
299
340
465
703
640
1728
1299
933
497
559
75
469
1756
1043
529
1845
1550
380
1185
678
1015
243
1456
1355
672
247
1795
1828
304
414
1208
1283
1524
1210
200
947
893
41
1200
1146
1785
914
1392
543
978
498
45
651
668
1083
234
906
27
513
779
556
99
227
1466
135
550
249
480
9
1441
1597
1475
46
1651
1872
1721
1626
1511
726
1263
1046
1265
965
781
245
203
476
273
1890
1315
405
1426
1165
1897
1732
309
817
263
1213
553
474
1055
1696
1148
813
455
1348
1663
1609
421
718
228
724
1897
438
1160
974
455
820
1023
663
1176
441
407
846
1182
283
1411
1337
1985
1194
662
1682
1528
986
477
781
938
825
1854
1520
1122
844
779
460
806
1782
780
54
981
1869
1676
973
1775
1390
1787
1178
442
1350
649
541
1322
444
915
1323
686
467
519
458
813
319
87
589
963
703
1050
1360
532
752
1985
1230
1121
774
1186
440
1304
451
1452
1841
1077
1368
198
587
1644
1143
1541
512
1348
391
1315
1867
908
993
627
1870
526
395
608
814
776
1836
1549
1054
585
641
136
699
1992
1178
753
1961
1571
545
1195
900
1073
393
1491
1390
850
513
1892
2017
555
611
1394
1464
1578
1363
349
1156
988
177
1435
1202
2020
1134
1623
581
1057
640
64
795
730
1107
312
1059
157
773
874
644
315
460
1607
172
748
484
633
110
1601
1699
1532
210
1784
1990
1768
1817
1535
970
1325
1285
1392
1114
863

25
200
12
14
12
19
16
19
16
19
5
7
13
8
14
8
12
15
5
12
15
10
16
18
15
12
18
10
8
11
15
13
9
17
10
9
10
5
11
10
16
10
15
9
11
10
13
18
7
12
18
10
9
7
15
6
16
13
19
12
17
9
12
12
10
6
12
8
14
19
14
6
7
13
8
20
10
11
19
18
14
7
11
18
9
9
16
10
7
5
10
9
12
18
9
16
10
7
14
16
15
13
5
8
20
14
14
8
19
7
13
7
13
17
12
19
11
17
6
12
13
10
18
15
12
16
17
14
6
7
14
9
14
6
8
12
10
12
10
6
8
17
19
7
15
14
8
12
20
8
14
7
13
20
11
19
13
17
11
16
8
7
17
10
20
8
11
8
9
6
6
16
13
5
14
6
17
12
18
16
17
9
5
12
16
8
12
9
19
11
12
17
15
20
14
16
16
19
17
12
6
7
0
1304
1132
337
1575
917
1331
1239
381
320
1710
251
463
1333
515
1618
405
885
466
1060
498
1749
1569
207
1003
1471
583
1088
1458
187
1785
1630
630
983
502
1176
1319
1238
1039
241
1219
58
1047
1673
1598
16
301
1114
324
756
839
1494
985
1258
1302
851
948
969
210
1091
1153
68
1826
1678
465
84
747
126
850
1474
1352
58
906
1201
480
903
325
1632
482
1255
182
717
1236
988
1398
492
1523
1052
991
193
609
776
1316
1837
1032
773
661
71
1613
247
633
683
42
484
518
977
1434
1475
1204
314
737
1619
1701
1570
1545
333
1658
144
608
634
285
302
593
491
1366
345
607
1280
100
1086
1294
62
45
1196
1599
1372
962
806
108
548
352
820
118
3
919
958
105
1298
597
507
1811
1312
1486
1139
1098
1558
1468
1067
1120
107
1165
112
111
909
1045
1267
693
793
1131
787
339
1771
144
157
715
1616
1052
720
1054
1112
1465
1472
408
1189
1567
1222
1512
764
698
1728
675
1571
554
163
508
1426
828
587
552
550
223
1522
1242
433
1594
994
1389
1350
581
509
1918
480
598
1433
557
1667
543
1087
682
1254
609
1965
1639
333
1061
1626
796
1262
1607
237
1806
1735
756
1060
539
1280
1356
1453
1266
347
1416
102
1130
1721
1611
157
413
1180
353
940
987
1543
1032
1388
1432
938
1027
1172
322
1220
1201
223
2007
1847
618
251
974
342
1077
1627
1499
279
1128
1326
683
1024
419
1765
628
1496
299
859
1295
1125
1494
537
1535
1255
1113
235
800
818
1556
2045
1280
850
719
120
1724
415
691
696
77
672
671
1163
1490
1582
1413
403
873
1740
1879
1707
1561
393
1687
304
740
756
459
419
805
722
1390
535
673
1367
169
1142
1442
197
170
1300
1793
1620
997
920
219
608
442
1061
141
203
1091
1029
237
1316
847
649
1851
1517
1623
1323
1296
1757
1702
1112
1265
342
1315
259
219
1079
1148
1451
878
953
1301
867
545
1882
398
396
853
1655
1116
898
1102
1257
1682
1592
618
1255
1758
1289
1731
808
832
1868
839
1655
783
244
527
1626
858
818
729
742

26
200
10
7
14
11
12
16
19
15
19
19
17
15
7
12
7
12
18
16
11
6
7
8
16
13
18
14
18
20
6
13
6
12
8
11
10
17
17
12
19
14
13
12
10
19
13
16
9
6
9
20
8
19
12
8
19
19
6
8
10
8
10
5
18
17
5
12
15
19
11
8
19
9
11
19
18
11
8
19
7
14
11
9
17
19
15
12
19
17
5
18
8
15
8
13
18
19
16
8
12
14
7
14
19
18
6
12
15
12
16
15
8
17
13
19
7
13
10
14
20
10
19
16
7
8
13
5
10
6
20
15
14
7
7
9
12
15
18
9
20
12
5
10
16
11
17
16
9
18
10
6
6
20
8
10
8
7
10
9
10
11
11
9
9
10
7
12
19
6
18
20
12
17
12
5
13
20
9
16
12
14
5
20
18
20
20
9
11
11
10
17
12
7
14
15
16
16
7
10
9
12
0
656
696
1420
1529
1713
1270
194
744
1728
435
33
1572
324
786
1097
1501
684
1056
332
866
799
1770
344
1114
1732
1544
832
386
1206
1379
158
446
545
1148
1394
137
850
1822
1124
775
1265
1431
867
559
1767
202
415
1519
577
970
1595
372
16
1351
692
99
1400
1680
1845
341
920
570
1219
1511
1225
195
788
1599
1352
727
1549
1597
591
352
875
412
1657
1154
696
889
1380
1256
29
237
1683
58
1297
1622
599
755
177
1280
1803
952
1672
1193
518
1049
1813
1652
1317
374
459
1030
1040
1256
1633
671
1839
479
530
526
827
1601
836
493
491
1022
821
685
1520
251
1340
405
1345
1051
726
434
1759
1770
1289
832
1506
845
1879
741
1871
1150
1219
1889
1135
287
1645
1400
265
330
37
285
1380
1272
1070
1832
491
284
1667
1616
1598
873
735
237
517
947
124
680
1559
1805
1599
563
270
1366
1799
1831
1036
376
1329
752
866
93
1532
1657
580
1214
1299
183
1244
1504
1576
337
1592
8
1503
1663
1668
1499
1417
1851
1883
608
447
61
773
959
1450
1696
1729
1306
209
972
1977
489
52
1589
440
904
1123
1572
919
1240
575
950
957
1976
395
1151
1802
1720
982
434
1453
1622
235
475
606
1327
1534
362
1005
1896
1304
949
1512
1550
891
773
2002
426
574
1730
768
1164
1800
609
127
1382
880
192
1583
1716
1934
437
1090
833
1403
1755
1405
291
1005
1614
1422
969
1608
1726
826
405
972
625
1906
1270
938
996
1584
1305
279
281
1945
84
1369
1712
761
918
259
1398
1969
1063
1905
1417
773
1253
2014
1692
1443
415
684
1284
1285
1473
1812
760
1897
618
593
667
1035
1692
930
675
619
1192
911
890
1549
463
1502
650
1507
1278
954
653
1819
1810
1367
1004
1764
1015
1989
982
1952
1223
1438
2138
1320
361
1740
1611
306
363
296
508
1464
1388
1126
1906
563
454
1868
1826
1848
1124
866
483
582
1141
256
835
1593
1844
1698
809
542
1494
2021
1870
1276
508
1577
955
942
219
1792
1755
726
1240
1453
368
1292
1600
1667
497
1671
259
1511
1775
1928
1597
1581
1977
1989
823
702

27
200
17
5
19
17
13
16
19
6
7
12
16
15
14
10
14
20
16
15
11
20
11
14
19
13
10
8
18
20
11
18
20
20
11
8
8
6
13
11
6
16
14
5
12
14
9
14
9
14
8
15
14
15
16
11
16
15
19
13
12
8
19
6
12
18
12
11
10
6
20
13
6
11
18
5
14
9
18
11
16
9
5
18
6
10
17
13
19
17
11
14
17
20
8
17
6
17
18
7
11
12
9
8
6
8
14
12
8
13
8
9
16
10
20
18
6
10
9
10
6
19
6
19
14
8
19
9
7
13
14
7
19
20
10
20
18
5
15
11
18
10
17
8
12
5
6
7
10
18
9
12
9
15
7
17
18
17
9
8
6
13
11
18
16
14
15
15
19
9
16
13
7
16
13
13
9
6
7
9
15
12
13
5
13
11
19
13
6
5
20
14
18
18
11
15
18
11
7
14
16
7
0
1502
1250
176
93
1766
55
1754
1622
291
1063
627
1728
655
847
1196
144
1609
812
1566
308
529
1781
602
676
857
1717
1226
1107
716
892
802
820
1174
886
39
1158
53
1715
513
988
326
458
1497
1750
862
1327
143
524
470
951
46
1369
1858
314
180
651
1180
1445
1282
1125
725
716
1698
1069
244
946
886
42
687
1380
1449
1488
367
928
1517
964
356
146
379
576
1011
1508
1653
657
776
986
1075
1744
1793
687
1637
1839
1400
1578
1676
1248
461
430
534
1878
60
912
1327
98
527
721
760
1512
731
538
215
180
294
449
1640
1564
777
1332
1734
1550
954
1372
744
825
1064
1439
1671
910
1744
45
1104
775
1224
1056
270
689
979
1677
1714
170
812
846
1323
451
1098
1224
1452
235
699
1535
186
787
750
1484
1354
1606
928
911
318
847
304
322
1474
568
689
1437
1762
828
66
1692
1741
1554
423
180
1189
1859
605
1445
1173
651
383
660
1596
1411
1440
713
1096
460
1318
1372
1497
1204
1836
1615
1055
1616
1626
561
1330
177
1753
1317
275
258
1834
114
1847
1689
531
1137
831
1932
754
917
1387
287
1818
884
1587
519
766
1959
766
882
969
1778
1468
1224
822
1107
1039
1078
1318
1014
117
1221
152
1967
551
1142
559
618
1705
1957
1078
1526
383
544
642
972
135
1597
1944
516
248
738
1335
1488
1292
1270
875
785
1867
1120
489
1043
953
192
739
1462
1675
1547
605
1016
1670
987
382
329
536
674
1168
1588
1672
897
963
1006
1098
1792
1944
858
1773
2036
1621
1600
1918
1388
569
519
778
2046
232
989
1448
345
687
908
854
1566
781
574
378
236
519
581
1674
1717
880
1534
1810
1586
1097
1501
766
1093
1290
1479
1807
1167
1808
261
1208
980
1346
1194
385
799
1130
1720
1843
231
992
994
1479
628
1287
1237
1626
422
752
1751
397
929
916
1595
1594
1661
953
1082
564
919
504
361
1681
666
833
1670
1816
1021
211
1858
1948
1578
619
436
1445
2108
760
1486
1195
728
496
751
1714
1534
1465
966
1182
597
1406
1464
1645
1371
1907
1747
1264
1834
1790
773
1539

28
200
16
8
11
8
20
19
16
20
14
16
19
6
10
6
17
16
11
7
17
5
7
19
6
10
6
7
5
9
5
17
6
9
20
11
10
6
11
12
14
14
19
15
15
15
8
12
10
19
19
5
10
19
14
19
13
10
8
17
17
9
15
18
17
8
14
17
11
20
16
20
16
13
18
15
8
8
10
15
8
7
17
7
18
9
11
16
11
6
8
15
16
10
18
19
15
6
11
10
11
17
16
17
15
11
19
8
12
6
10
6
8
9
17
16
14
12
12
11
5
6
7
8
16
5
16
18
15
9
18
17
19
14
8
13
11
13
13
17
9
9
18
15
15
18
8
7
17
11
13
10
6
13
13
20
12
10
13
17
7
15
6
6
16
18
6
15
9
20
12
5
10
17
18
7
6
13
18
18
12
7
16
15
15
11
15
11
16
14
19
15
18
9
18
5
8
9
14
17
6
16
0
706
622
560
208
709
776
875
659
951
556
1115
1693
535
29
451
1069
598
308
1775
648
698
1427
387
990
1135
1257
1623
1479
1857
935
98
644
807
605
1194
1650
1228
377
515
667
630
1610
61
794
1071
813
1319
964
281
1423
1269
629
1394
1815
1243
1687
809
1791
1850
1342
1375
968
1441
685
994
1142
1496
98
74
1156
599
602
533
96
1090
1087
212
1115
664
1145
638
1565
535
1309
1818
1300
545
1004
153
1655
1531
1093
819
564
418
7
397
1550
217
1660
123
613
1560
1515
1747
766
1728
1040
1145
1275
1705
1856
1415
80
120
1526
281
1650
993
728
1815
917
932
407
1636
1506
1572
531
1263
1205
1582
1668
775
1019
830
275
940
889
1210
1534
1694
751
884
1039
1712
144
391
644
1043
1868
401
349
254
1588
142
1374
1799
926
789
1880
1427
1427
218
1637
1725
1873
375
880
1673
1566
479
213
1862
2
1068
1882
1863
1223
1541
443
1119
69
1119
830
592
86
957
959
1459
725
373
1379
1841
1712
1882
1727
1077
1795
1043
183
874
657
608
348
736
856
925
873
1174
702
1347
1882
752
183
547
1191
824
381
1943
711
858
1438
598
1208
1265
1476
1744
1583
2007
994
197
772
1057
846
1368
1717
1328
510
647
737
873
1732
169
875
1089
968
1452
1051
498
1569
1356
852
1592
1945
1319
1817
856
1906
1943
1596
1418
1012
1669
754
1183
1397
1517
350
197
1295
699
682
646
160
1111
1285
235
1308
787
1356
873
1631
554
1462
2029
1394
558
1157
253
1757
1649
1240
1025
704
618
89
497
1802
308
1802
351
797
1796
1722
1771
962
1902
1090
1378
1318
1767
2021
1535
194
268
1773
406
1842
1235
942
1892
1075
1041
498
1674
1714
1613
711
1313
1382
1737
1693
894
1262
1012
364
1057
1106
1434
1772
1919
879
1148
1081
1808
264
465
843
1207
1968
478
542
455
1838
372
1585
2037
1147
910
1914
1644
1631
424
1660
1765
2050
553
964
1804
1680
534
362
1915
223
1194
2053
1978
1366
1690
474
1201
188
1290
976
632
205
1047
1170
1495
792
516
1467
2087
1750
2067
1799
1336
2021
1093

29
200
18
7
11
5
5
12
6
16
20
17
6
17
9
14
14
7
9
13
19
6
9
17
17
17
13
15
14
8
13
9
6
19
20
17
18
16
13
10
10
9
6
14
10
7
19
19
8
9
18
17
11
13
15
8
7
17
19
15
20
17
9
11
8
9
10
12
14
15
14
14
12
5
10
11
17
14
6
16
19
18
17
9
19
19
13
16
10
17
13
12
8
8
6
20
18
15
12
19
18
19
19
9
17
9
7
12
16
11
18
15
8
8
14
6
13
9
17
5
18
8
5
8
9
16
15
15
7
7
14
14
13
13
14
12
6
16
13
16
16
10
16
13
18
6
10
17
9
14
14
15
19
19
18
14
20
18
8
11
15
5
18
13
17
14
18
12
16
13
13
17
8
8
12
10
9
11
5
20
9
19
11
14
7
11
10
7
12
19
7
8
14
8
6
11
16
18
11
16
16
9
0
1297
1816
1186
1543
372
102
585
1648
684
1120
1231
125
77
1544
1322
405
885
1470
1300
1831
205
324
1068
1551
1657
1066
1000
339
109
1709
839
1357
915
41
1075
1471
281
132
892
523
1706
588
1111
1361
835
974
465
1137
291
631
1306
289
225
1431
1579
997
1248
168
656
468
1866
1284
1604
618
286
1161
1117
1211
1847
1478
1365
1865
1750
964
527
1029
1769
57
101
122
1906
346
1073
931
771
783
224
633
1185
1223
781
1257
1182
1905
838
1576
1346
1765
545
1633
1029
1424
1065
1314
969
347
1837
192
173
1651
1700
1092
756
702
821
1663
944
1555
1357
1273
1415
1044
1848
1765
1360
1795
517
694
1783
1610
564
1509
70
1379
68
1032
1016
2
1718
1645
1532
1262
88
898
1021
1126
830
213
385
1479
777
684
1467
1525
562
871
501
1392
1720
955
781
1709
527
1350
1749
1138
1383
130
1208
542
731
350
388
433
682
1000
716
391
1437
1786
1185
498
1045
1235
448
77
1346
1101
1071
1434
800
380
932
504
1759
1485
1730
795
1378
72
1363
1827
1379
1635
569
242
646
1897
870
1184
1398
378
122
1660
1583
458
1014
1636
1442
1970
266
480
1201
1776
1749
1282
1250
371
123
1813
1026
1460
1070
259
1173
1617
311
315
1004
572
1956
681
1166
1563
946
1105
514
1408
444
736
1359
404
475
1645
1638
1061
1461
439
704
629
2020
1515
1794
667
437
1411
1266
1431
1926
1735
1488
1957
1881
1193
749
1202
1857
316
364
282
2003
373
1342
1011
794
895
302
752
1351
1483
845
1319
1227
2022
998
1809
1368
1876
759
1699
1172
1645
1150
1509
1080
548
2047
237
212
1754
1929
1296
901
928
941
1696
1158
1656
1595
1314
1491
1210
1881
1971
1502
1958
642
714
1922
1802
702
1666
196
1586
187
1099
1172
182
1833
1744
1622
1416
316
1114
1185
1315
1096
393
404
1690
1024
792
1487
1630
710
1105
741
1502
1762
1126
875
1775
588
1556
1978
1325
1599
383
1379
775
757
482
573
525
820
1115
905
460
1491
1996
1351
506
1185
1358
690
157
1474
1170
1262
1614
1041
635
1096
712
1869
1604
1964
900
1392

30
200
13
20
11
7
14
10
17
17
15
17
15
11
7
17
13
13
8
17
8
16
10
15
14
14
19
9
19
13
9
18
18
7
5
19
17
7
15
13
8
11
6
17
18
11
8
8
6
11
19
8
13
10
14
16
13
13
15
18
5
10
16
13
12
17
17
10
10
10
14
19
19
10
13
8
11
14
14
14
9
18
7
14
12
10
10
7
18
14
17
6
17
11
9
18
12
7
15
7
19
11
7
11
12
10
9
10
13
16
14
6
7
11
19
6
14
13
16
12
8
8
9
19
18
8
8
6
12
17
18
17
7
17
20
8
13
13
5
10
6
11
13
6
18
18
16
14
11
7
6
13
10
10
13
13
11
14
18
15
6
20
6
14
9
6
16
17
20
14
19
8
13
10
14
8
13
18
10
20
20
7
9
12
9
12
11
15
9
8
9
12
8
12
10
17
7
16
17
18
16
19
0
972
875
204
394
1623
732
1355
672
1860
1210
1854
1208
625
1237
1745
1079
245
1713
1846
1333
1129
1053
1427
936
110
392
629
1008
1395
952
167
307
1301
1350
1211
1462
703
1703
1729
1550
759
1707
1555
1494
231
1411
1233
397
553
1237
1261
1785
1373
592
1794
1622
214
1001
52
72
1463
1858
477
1222
1487
340
1174
1552
57
465
1647
677
1136
1592
985
1410
746
1335
1531
842
1783
61
319
1307
1041
703
157
1694
1434
446
161
1749
281
1730
1372
427
1041
1656
368
307
1223
369
896
1041
116
594
1429
1316
1556
1448
1795
1672
1016
1792
1782
1446
1585
1252
1131
889
1275
1060
46
1746
1831
333
281
485
233
1206
298
1178
1814
1545
1426
1007
1205
1778
1654
1632
1871
839
1472
1264
1713
260
276
60
530
761
255
1816
1751
1018
26
1448
552
1706
545
1209
96
109
1823
177
1144
904
1733
1805
1175
304
1658
964
724
1002
305
863
605
125
1023
687
849
149
857
583
14
1836
1649
425
73
1046
178
1532
550
945
1414
871
223
1503
607
18
1166
925
316
637
1729
776
1398
798
1983
1227
2012
1388
853
1365
1882
1325
458
1836
1888
1367
1157
1276
1605
1139
172
446
710
1185
1647
1144
290
420
1556
1594
1420
1576
789
1844
1937
1646
849
1728
1661
1743
455
1568
1331
637
702
1341
1478
1852
1412
792
1865
1862
378
1234
302
260
1581
1960
499
1351
1713
396
1186
1643
153
595
1792
806
1243
1832
1167
1464
963
1555
1611
1004
1807
281
540
1428
1249
865
227
1793
1584
597
397
1885
505
1809
1581
655
1139
1805
540
320
1372
571
1119
1186
280
689
1665
1404
1788
1655
1957
1743
1103
2008
1947
1633
1787
1479
1190
1043
1488
1208
262
1793
1916
391
500
742
436
1274
564
1437
1829
1731
1531
1243
1274
1944
1683
1748
1939
949
1733
1337
1957
520
339
281
650
895
487
2014
1808
1065
77
1640
807
1746
605
1367
292
233
1830
331
1327
1103
1967
1939
1419
325
1910
1125
951
1196
339
1070
813
370
1144
929
906
297
907
701
70
1964
1884
489
270
1167
226
1586
674
966
1493
958
313
1669
712

