1
20
10
18
12
18
6
13
10
19
11
6
10
15
14
11
19
12
8
16
16
11
0
104
133
46
135
45
113
2
175
75
156
33
39
52
119
59
57
165
12
156
34
135
159
67
163
70
132
42
192
106
169
66
77
73
160
73
70
198
49
181

2
20
8
11
5
6
20
10
11
5
14
19
9
16
12
18
17
9
5
11
12
9
0
129
46
17
16
81
52
25
55
31
97
103
10
166
164
106
143
163
110
149
21
161
71
38
46
101
74
36
74
59
119
126
40
189
194
119
155
189
131
161

3
20
6
9
5
17
7
13
11
16
11
13
8
13
5
13
12
8
5
11
14
8
0
124
58
99
76
106
43
44
97
146
16
34
119
150
97
138
137
82
13
65
19
137
73
131
91
127
62
77
120
176
44
65
133
175
129
152
160
106
46
82

4
20
10
14
10
12
20
11
16
19
7
19
16
19
16
10
8
17
9
19
12
11
0
17
196
114
5
110
90
67
141
104
193
156
18
165
177
136
33
200
6
120
27
37
207
138
30
137
111
92
163
133
224
192
55
197
209
171
49
234
18
140

5
20
7
12
11
12
17
9
11
12
15
5
8
12
8
17
15
7
16
19
19
15
0
39
156
105
118
176
46
136
73
154
74
23
171
60
18
51
76
3
111
158
7
62
182
136
136
201
80
164
105
164
97
38
202
90
41
60
95
25
151
174

6
20
7
14
12
14
17
7
18
13
8
6
9
20
10
14
11
7
14
18
12
17
0
153
163
145
177
182
42
38
80
141
161
80
10
151
59
185
65
135
162
67
18
191
197
171
205
202
61
54
90
162
179
120
20
167
93
205
103
153
190
94

7
20
16
19
19
17
10
14
12
15
8
8
19
11
6
7
11
7
7
13
11
17
0
33
14
112
28
37
24
25
48
83
138
7
127
75
20
73
168
21
41
46
40
54
52
132
59
69
51
42
69
110
159
25
142
89
38
97
179
40
59
70

8
20
12
6
9
10
9
15
13
14
5
7
16
17
6
20
18
13
18
13
16
11
0
176
39
20
135
49
174
16
110
69
27
5
122
150
14
13
67
28
170
81
18
192
62
43
166
78
207
48
124
93
65
26
138
173
39
29
85
60
189
107

9
20
5
17
18
13
15
7
9
6
14
19
13
19
9
15
11
14
8
5
15
14
0
80
131
175
183
28
102
173
139
124
99
88
82
86
35
96
176
25
71
179
18
106
172
209
222
53
118
196
156
144
122
120
104
113
57
115
202
36
93
194

10
20
12
14
8
5
14
8
19
6
11
6
16
5
8
18
6
12
14
9
8
13
0
142
110
79
80
107
124
104
128
54
38
27
100
93
136
114
60
68
60
25
26
173
133
93
110
120
161
130
153
71
66
37
111
131
142
140
88
95
83
41

11
20
11
7
11
13
14
12
18
6
16
17
16
12
11
7
17
20
7
7
7
17
0
22
101
137
112
104
151
144
173
40
174
18
13
22
143
137
98
14
43
73
22
46
132
174
133
127
172
154
212
71
209
54
37
35
167
157
118
24
59
102

12
20
5
9
15
18
12
16
12
7
18
5
5
10
9
13
8
12
15
5
12
19
0
15
13
103
133
120
124
52
15
80
153
0
84
42
7
122
75
132
67
127
10
43
40
139
165
156
136
79
42
90
163
28
106
62
17
140
100
149
80
146

13
20
17
20
10
10
17
15
16
14
10
12
19
13
12
15
17
13
16
7
11
11
0
162
64
94
119
173
157
140
1
180
187
193
178
68
162
105
125
76
178
144
39
192
77
121
143
212
198
178
37
206
224
218
202
92
204
142
147
102
204
165

14
20
10
13
10
20
5
7
17
19
9
16
8
7
16
17
14
10
14
13
20
20
0
166
91
117
102
75
120
141
171
21
88
38
69
33
164
2
177
143
191
13
31
186
112
155
118
96
162
184
190
57
100
69
94
70
200
37
203
176
234
58

15
20
16
11
15
7
7
19
18
17
11
5
17
17
15
5
13
19
18
13
14
7
0
132
60
62
67
31
69
82
12
150
141
64
131
164
53
35
18
189
87
121
19
150
98
94
82
70
92
103
27
179
176
100
158
185
71
60
51
220
125
128

16
20
10
9
15
16
11
14
16
7
19
12
17
16
8
9
8
6
8
16
5
5
0
69
165
22
100
81
30
151
15
114
53
157
162
71
75
71
144
79
79
128
32
93
200
53
126
114
51
177
53
128
88
173
184
84
93
91
169
110
103
135

17
20
15
8
9
13
15
5
10
10
6
17
18
8
11
12
20
20
17
13
5
12
0
107
149
147
35
75
158
160
17
9
150
116
15
130
89
1
174
171
10
71
15
128
180
168
68
87
183
171
27
26
176
135
40
157
118
43
212
193
21
100

18
20
7
14
17
6
11
14
12
18
8
18
14
16
14
11
7
11
7
5
15
18
0
17
46
20
95
162
126
163
12
169
91
176
106
87
143
130
55
19
93
139
13
38
81
47
128
190
147
189
35
210
105
195
139
119
151
146
64
40
126
173

19
20
13
12
11
8
20
13
10
16
18
14
13
14
16
6
9
9
6
17
6
6
0
104
109
39
170
128
35
154
136
40
61
17
36
43
25
102
157
101
150
19
18
138
136
54
213
157
53
175
159
74
88
48
63
70
46
126
186
118
157
44

20
20
13
18
6
9
6
14
19
9
13
19
15
12
16
8
14
13
11
15
17
19
0
113
88
132
110
107
41
1
140
69
136
181
166
174
6
8
8
2
103
47
23
138
115
148
137
146
80
10
166
92
157
218
203
183
34
24
30
35
125
71

21
20
6
10
7
14
15
18
18
9
14
20
13
18
18
6
18
17
6
16
13
19
0
65
18
0
87
117
153
79
98
21
34
133
53
130
56
82
65
177
62
75
26
82
27
30
105
142
180
109
120
47
73
168
94
160
94
113
86
200
95
114

22
20
15
20
16
8
7
15
17
20
17
15
12
16
9
17
13
9
13
19
10
11
0
156
150
195
191
120
184
74
102
136
51
84
204
7
72
204
159
170
145
144
42
176
170
214
201
154
202
113
137
157
89
121
226
24
89
237
191
199
176
176

23
20
13
19
6
8
18
10
8
19
6
6
12
16
20
13
8
17
16
14
10
7
0
62
105
55
33
156
157
87
46
161
176
153
85
78
108
110
127
145
114
79
25
103
125
64
52
168
167
117
53
185
203
171
120
101
126
143
159
167
147
107

24
20
16
17
10
6
15
18
14
5
16
15
13
13
7
8
7
18
17
5
7
10
0
17
84
46
32
163
110
14
106
13
162
163
155
178
72
12
46
26
108
152
33
39
115
52
47
201
145
21
132
35
195
180
184
200
82
50
78
33
117
165

25
20
9
17
11
8
8
6
7
20
6
11
12
9
12
10
12
11
19
13
19
20
0
135
24
78
81
70
159
23
131
159
57
105
134
150
168
149
47
178
0
4
18
170
50
93
102
82
170
64
148
175
81
118
150
183
202
182
74
199
40
41

26
20
6
12
19
10
10
6
9
7
10
12
6
13
20
13
14
20
12
11
10
7
0
75
113
160
118
155
104
86
26
145
73
53
63
2
69
63
29
125
89
29
13
102
140
183
144
180
122
108
44
166
86
71
101
34
99
95
52
143
107
55

27
20
11
8
19
10
11
13
17
10
11
9
15
16
12
11
12
8
8
13
20
6
0
74
168
6
114
172
122
129
129
121
99
64
18
98
30
161
175
65
112
45
25
101
203
32
142
199
151
140
154
130
137
98
42
110
52
182
193
83
140
67

28
20
13
9
13
17
13
19
18
9
17
15
6
11
7
19
5
13
12
18
20
13
0
128
180
93
23
86
56
31
67
132
153
131
96
127
92
18
83
125
101
148
32
163
213
124
46
105
87
61
107
173
170
158
120
155
122
50
95
166
124
168

29
20
6
12
9
17
16
12
10
7
20
19
15
17
16
13
9
17
13
14
7
19
0
63
7
85
24
85
185
182
182
62
121
128
193
130
56
178
81
170
199
32
12
94
23
112
51
108
221
209
210
90
140
162
227
145
89
195
99
188
224
77

30
20
13
15
20
19
7
11
13
11
12
5
19
6
6
6
13
8
9
19
13
17
0
103
155
76
124
155
62
122
92
69
83
24
178
108
73
16
6
134
153
161
16
128
180
109
139
169
92
151
107
87
124
30
207
136
89
24
20
165
187
200

