1
250
12
18
9
11
17
16
14
10
17
18
17
5
9
18
8
8
6
16
17
12
19
13
17
11
8
6
9
8
9
17
5
8
15
18
5
16
17
17
20
9
7
18
6
18
9
6
13
5
17
20
8
6
10
7
19
9
10
10
18
10
12
8
6
15
11
15
17
15
9
8
10
15
18
12
7
18
15
13
8
9
16
5
13
17
6
12
13
9
12
13
8
6
11
19
5
18
19
10
13
13
6
13
19
17
11
16
10
13
10
11
5
18
14
18
14
9
15
9
6
5
17
6
5
12
7
18
11
15
10
7
6
8
9
20
14
16
16
15
18
12
14
11
8
11
15
16
8
9
15
8
14
5
9
13
19
18
19
11
8
12
10
6
7
14
5
9
12
10
16
9
16
14
17
16
10
8
6
17
7
6
19
6
11
13
13
13
13
17
9
14
14
14
8
12
11
6
15
13
6
8
15
15
6
9
10
7
11
14
11
9
18
6
9
11
8
12
14
14
8
9
15
19
12
7
5
13
12
8
15
15
10
15
14
20
15
20
20
18
19
13
6
11
19
20
17
9
7
16
13
10
0
876
797
2103
970
1778
7
989
1189
1491
1901
1609
1955
1312
2244
743
801
963
1191
1095
1582
1546
1485
20
1133
1808
1864
1681
526
1914
1841
1862
1197
678
1257
2008
1530
440
1759
1711
1603
1016
355
1353
62
1446
289
282
2130
2253
22
1901
103
2074
1357
2006
1845
1730
2033
1121
845
551
256
1350
1754
279
1353
1386
1750
1362
2048
2167
969
192
1289
654
1111
1480
1836
54
2183
68
1815
391
1675
621
1473
16
1621
121
1733
1338
727
1600
1701
1643
1862
2117
1118
701
803
811
1340
1521
94
1687
1789
2041
339
452
1295
1573
1501
128
1273
1725
421
1822
2053
736
1302
1801
626
1649
528
37
1467
1607
967
1636
1222
771
1323
492
1867
423
2114
1174
1834
1616
960
577
1622
1057
695
1163
513
117
706
2191
560
1038
1801
80
1271
1722
1803
798
1135
1590
845
850
709
506
363
766
846
1007
1196
897
2041
357
613
471
759
727
449
1690
26
1433
1313
1419
746
1536
1840
1614
82
1581
531
697
1787
1167
1086
1560
1520
1428
698
655
1781
107
619
627
1402
1852
394
1926
673
2027
1515
15
943
595
2229
117
1345
2067
213
1548
889
1601
668
1985
1753
1391
1347
836
1711
896
1783
97
900
563
1471
2183
1805
1003
341
874
575
1104
197
1011
505
1915
118
2072
601
1691
304
1597
195
927
885
2254
1137
1831
201
1006
1503
1660
2186
1908
2059
1620
2304
803
974
1259
1433
1232
1793
1573
1756
71
1289
1949
2124
1780
638
2058
1985
2003
1495
812
1548
2288
1784
705
1901
1771
1630
1062
493
1635
203
1680
418
443
2232
2375
44
2194
313
2135
1487
2024
2026
1828
2328
1343
1042
809
454
1504
2044
345
1581
1501
1831
1414
2345
2251
1283
346
1531
954
1258
1751
2103
220
2400
339
2027
534
1780
680
1522
31
1655
361
1870
1347
932
1778
1783
1735
1998
2202
1250
850
883
880
1425
1697
404
1730
2042
2281
582
506
1363
1776
1716
425
1505
1925
559
2099
2236
1006
1594
1918
634
1819
770
273
1759
1674
1104
1817
1360
857
1625
721
1943
531
2325
1357
2131
1728
1178
634
1650
1109
867
1180
797
376
859
2488
662
1132
1893
340
1544
2028
1867
895
1241
1763
980
933
947
577
480
797
1145
1228
1445
1100
2084
395
683
511
800
833
682
1944
165
1633
1580
1604
994
1810
2043
1917
289
1722
739
931
1837
1340
1102
1736
1788
1460
763
782
1945
343
779
725
1641
2106
423
2167
690
2142
1577
60
969
637
2423
336
1549
2105
445
1800
1093
1736
685
2077
1773
1474
1413
1108
1934
961
2060
213
916
708
1532
2363
2117
1252
639
1117
759
1181
460
1323
810
2148
358
2319
758
1818
495
1748

2
250
15
19
15
15
17
16
8
17
18
7
17
10
14
14
12
15
9
13
7
7
12
19
8
14
5
9
18
6
20
5
13
10
19
8
18
12
8
18
12
5
10
6
19
10
10
20
11
5
15
8
17
17
13
10
17
7
13
6
13
12
17
9
7
17
10
5
15
17
6
11
17
12
17
10
9
7
13
9
7
8
18
8
18
8
14
8
14
8
10
16
18
11
14
8
10
13
8
13
18
12
9
8
9
8
9
18
10
19
10
6
8
18
19
10
6
12
12
9
17
9
19
11
19
6
7
19
8
9
13
10
7
19
14
18
10
10
13
19
14
18
5
18
11
19
12
18
18
10
7
6
19
9
6
12
14
10
9
10
8
6
15
9
16
9
19
18
12
10
16
8
9
13
19
5
18
10
17
13
12
10
12
6
17
6
11
19
11
15
15
9
6
18
13
17
18
10
10
15
15
14
13
18
9
8
9
18
18
10
14
10
6
13
10
16
10
15
16
20
16
7
9
12
18
6
16
15
12
13
16
15
7
18
9
9
11
19
12
13
6
8
7
16
10
15
18
10
20
12
15
11
0
1740
1508
1984
1347
1636
2226
546
15
726
2069
134
193
659
2108
1432
827
415
605
2095
457
1018
1118
436
1436
69
311
2257
113
723
1732
601
553
824
1359
910
506
657
413
1367
1058
1983
473
894
227
2163
1758
2295
1137
2217
1180
2235
1982
311
1773
157
711
1051
117
1689
114
537
288
159
74
642
167
1799
1898
935
968
2068
2282
916
1955
1781
1794
245
1219
468
830
1925
1404
240
1006
1501
2012
1474
1082
1869
277
478
782
2121
677
483
1597
29
2004
2244
1774
447
1298
1770
2290
2294
2022
698
224
259
1162
1436
186
1584
335
1822
1751
1734
1732
656
467
113
1670
1181
1955
1922
288
744
1254
1932
914
2223
782
130
1481
817
622
1148
2
236
2171
1285
312
369
423
426
855
1220
1296
1119
1190
2126
30
2102
2075
1806
948
1652
1490
1342
734
1869
1691
1783
1666
1569
1955
782
65
1234
1355
748
225
741
63
587
1389
1796
435
1981
1119
410
1004
2296
1871
2109
783
437
1782
1362
85
1596
351
1774
1408
1043
24
74
1210
2154
2035
1191
1516
354
607
1314
2170
2022
1559
1606
370
799
177
1013
2154
1115
2107
827
911
2152
1339
1755
1471
2048
1360
773
964
197
475
836
406
2033
1963
1458
2048
1859
90
1720
1822
1213
348
2190
1160
1365
1823
366
1361
2067
96
752
36
1833
1642
2248
1653
1940
2412
843
94
975
2151
205
348
813
2230
1709
1024
590
899
2278
668
1109
1181
551
1468
146
631
2419
176
811
1845
819
581
950
1580
1109
698
716
571
1580
1271
2205
752
1014
295
2325
1843
2587
1406
2409
1308
2272
2223
496
1889
290
862
1335
414
1989
279
602
388
194
266
847
416
1908
2032
1043
998
2264
2346
928
2218
2075
1911
329
1452
602
900
2034
1619
403
1162
1701
2193
1651
1328
1985
536
545
999
2355
967
771
1830
155
2319
2354
1893
713
1445
1908
2513
2593
2270
807
244
468
1319
1637
497
1612
342
1977
1869
1750
1815
935
759
189
1886
1266
2232
2113
450
873
1292
2216
1061
2355
963
330
1573
1035
929
1370
85
283
2347
1340
489
569
473
494
1051
1474
1330
1410
1244
2232
131
2212
2237
1957
1112
1914
1753
1513
1033
2066
1803
1929
1761
1587
2114
996
162
1400
1552
846
352
914
192
678
1501
1822
572
2182
1300
422
1151
2475
1938
2261
853
564
1812
1437
106
1644
427
2082
1590
1305
312
96
1370
2314
2231
1448
1612
380
618
1457
2438
2119
1812
1656
509
925
413
1191
2390
1160
2222
961
1104
2416
1407
2067
1714
2246
1538
894
981
225
521
894
425
2354
2155
1710
2210
2166
188
1945
1877
1248
494
2482
1326
1602
2091
436
1394
2134
170
1065

3
250
10
5
16
18
18
12
7
9
13
19
14
11
11
18
13
19
11
15
6
19
6
19
19
18
11
15
7
10
16
18
19
7
6
9
16
7
17
15
20
9
18
15
9
9
6
12
11
13
6
11
12
7
15
16
11
12
16
12
6
15
15
19
9
17
10
11
9
15
10
8
14
19
14
14
7
18
8
7
17
6
11
11
15
20
11
10
18
11
7
14
11
15
5
6
16
17
12
10
15
17
15
16
8
15
9
11
12
18
7
16
5
6
11
9
6
13
7
10
17
7
6
20
17
7
11
13
10
8
18
10
11
10
10
16
15
9
8
6
15
10
15
7
18
18
16
19
7
12
9
5
11
11
18
15
10
12
18
15
17
6
16
20
5
17
12
10
13
9
18
17
8
20
6
17
6
6
7
15
15
18
11
13
14
16
19
20
20
15
17
9
15
9
9
6
10
7
11
15
6
10
12
6
17
20
5
8
16
9
8
17
12
14
16
17
18
19
10
15
6
7
7
6
18
20
12
15
9
16
19
12
6
8
7
18
8
7
12
10
17
20
11
8
12
17
16
12
10
14
8
15
0
99
2021
113
1639
294
654
650
585
2008
1512
642
837
2309
1479
2237
152
1138
1385
2137
381
1976
1975
522
1884
2204
631
706
202
2224
1418
1356
421
946
1084
468
867
2053
711
1342
1031
969
1009
286
1589
169
771
1987
366
1850
592
521
855
73
1190
2094
2313
315
747
1959
1979
346
1513
893
1648
2137
2222
1531
390
321
491
295
480
680
345
1109
1366
234
254
1642
1760
986
960
1486
938
507
1502
1574
772
1219
1828
142
1888
163
1298
969
120
1083
2173
2060
2191
1333
441
1391
1794
95
917
1814
2315
1284
1844
675
1847
1942
2164
1939
1199
2150
2235
1574
1612
1730
84
235
1820
1217
402
951
639
201
1231
1755
784
1240
1081
1328
1525
851
717
2050
1432
1304
565
667
1115
1514
473
2053
1702
755
463
2166
552
1345
2249
1196
841
2255
851
2307
1699
2272
921
1262
1778
38
681
1233
1523
305
1289
84
2172
2120
800
655
706
1501
349
623
1998
561
296
885
927
2245
36
603
2150
1221
99
1648
124
1152
1682
2167
994
1568
2228
2013
1967
821
767
2092
515
120
39
1782
92
1747
527
2030
1136
368
1275
2011
2083
11
322
1623
1473
2229
317
7
356
347
543
37
704
1909
1816
2035
1368
480
841
1265
1220
177
490
333
1719
133
972
2311
2295
498
691
322
1696
2191
267
290
2169
348
1847
375
731
846
652
2116
1573
784
882
2563
1653
2262
444
1289
1600
2386
668
2215
2223
789
1970
2321
796
779
291
2506
1492
1422
463
1000
1109
733
1030
2264
962
1562
1151
1185
1178
326
1694
378
957
2088
608
2005
694
672
908
302
1405
2229
2560
632
1058
2153
2075
543
1771
1008
1830
2430
2522
1577
629
450
652
427
499
822
575
1170
1631
399
556
1845
1846
1277
1210
1602
1226
575
1642
1706
937
1379
1880
296
1987
409
1454
998
203
1368
2327
2354
2354
1527
587
1649
1826
196
1199
1977
2347
1397
1873
954
1922
2092
2250
1954
1301
2233
2289
1735
1818
1970
239
420
1929
1485
488
1030
893
358
1433
1850
1034
1304
1400
1410
1806
983
996
2272
1615
1580
829
985
1141
1598
711
2353
1854
995
567
2359
815
1367
2320
1325
949
2271
1050
2601
1808
2436
1017
1571
2024
54
905
1292
1649
411
1399
114
2401
2419
844
666
910
1725
660
679
2162
758
520
1114
984
2309
196
908
2244
1387
166
1758
295
1179
1725
2257
1182
1877
2367
2075
2261
1095
1017
2242
569
153
175
1880
245
2000
666
2129
1331
535
1378
2334
2200
89
341
1934
1554
2365
631
264
568
641
695
137
850
2123
1941
2048
1542
648
959
1398
1360
474
567
417
1886
384
1110
2556
2594
535
822
584
1918
2438

4
250
14
19
10
16
8
16
11
20
13
15
12
16
20
14
16
18
7
8
6
19
12
10
9
12
5
13
16
19
14
15
19
16
13
16
15
11
11
19
6
16
10
15
6
15
20
6
13
8
19
16
17
11
9
12
16
19
7
9
9
13
17
7
10
13
19
8
11
8
12
7
12
20
14
11
11
19
11
13
12
6
8
11
9
14
8
12
14
16
11
10
18
8
7
7
17
17
19
15
15
17
10
10
19
20
18
12
17
16
11
12
16
10
12
13
7
16
18
10
18
17
8
15
18
8
5
14
15
18
7
6
16
19
13
15
10
11
12
8
14
12
16
11
17
12
16
18
6
18
11
10
7
12
16
18
13
17
7
14
16
8
7
8
17
6
14
10
6
8
11
12
8
6
7
5
19
8
19
20
19
5
5
17
15
13
5
10
10
19
13
12
13
18
8
9
6
14
14
18
6
19
15
19
19
16
16
7
17
16
18
5
12
6
9
9
8
6
18
18
15
17
11
14
20
7
12
10
20
20
14
18
16
12
18
18
11
11
5
17
15
15
18
16
13
16
7
11
17
16
16
7
0
2333
263
1008
1355
1357
2081
1855
24
1863
945
510
104
396
2342
1195
651
2115
1960
1498
539
424
2347
737
1479
2074
2011
1526
2414
757
1169
93
1070
1760
1849
768
343
709
616
1859
1430
2038
2395
401
740
1975
477
1688
1519
2332
1952
1293
1578
1661
123
425
1950
1044
2184
575
254
102
1607
2037
1515
1122
1101
603
549
1753
2201
2181
75
1412
2057
1299
1764
1849
520
1242
525
413
82
47
1441
2409
1748
754
195
326
1165
1564
2026
1919
190
127
682
1736
1931
1472
2113
2263
2031
920
2265
1019
2273
1614
1291
1439
1234
1753
2255
130
148
1479
1661
1085
487
771
2107
2197
2391
2035
1198
2223
2216
832
1532
158
767
183
713
1297
1115
483
1384
1966
325
437
234
1029
2365
2171
793
494
886
316
1736
2226
263
1407
652
1760
1820
212
1291
736
1878
417
1360
271
1068
1475
2079
1618
1447
329
2076
601
519
2377
2300
2191
2222
917
1481
591
803
1638
1537
1982
1140
649
59
1444
21
2250
1365
879
1602
1877
1466
1201
1229
1095
227
15
1167
1808
896
601
2100
631
1904
527
98
718
1574
2002
599
1534
1316
203
1751
791
1306
1338
2169
478
858
105
2383
420
2316
2147
1836
307
1643
1820
1816
903
828
883
1670
1166
1089
176
1103
1357
2336
1547
747
1607
1701
444
1708
1179
2122
1605
164
2673
540
1288
1544
1426
2242
2193
147
2018
1103
733
267
453
2571
1271
716
2250
2270
1747
772
711
2592
876
1682
2316
2197
1583
2642
856
1430
117
1297
2008
1885
1007
551
834
828
2044
1541
2203
2534
721
765
2280
772
1796
1778
2359
2105
1599
1798
1889
394
715
2015
1054
2385
725
352
411
1791
2299
1650
1142
1211
688
809
1771
2420
2286
294
1611
2295
1465
1878
2005
590
1377
758
652
158
379
1673
2499
1964
1015
500
351
1386
1625
2202
2118
294
165
801
2042
2249
1648
2145
2408
2142
1262
2339
1171
2496
1794
1502
1497
1392
1805
2349
145
401
1740
1856
1291
630
1097
2320
2414
2575
2343
1510
2264
2433
880
1602
340
949
224
1032
1444
1142
673
1622
2281
557
758
437
1127
2436
2248
985
773
1125
530
1862
2426
553
1508
693
2042
1929
503
1428
764
2201
452
1556
435
1323
1513
2176
1858
1475
592
2377
723
669
2448
2397
2471
2412
1041
1693
699
1101
1781
1758
2250
1335
852
344
1766
87
2457
1428
1178
1694
1988
1788
1376
1387
1191
323
297
1213
2018
1026
651
2345
698
1983
759
230
855
1706
2274
653
1750
1470
390
1933
1054
1501
1585
2343
597
1157
383
2455
749
2568
2387
2092
561
1848
2158
2046
1199
1026
1220
1808
1269
1163
321
1159
1387
2564
1626
959
1700
1726
479
1917
1465
2319
1920

5
250
17
17
16
17
5
13
8
12
15
9
10
9
17
14
19
6
14
14
15
10
20
8
9
11
14
15
9
9
7
15
9
19
15
8
6
15
16
8
13
10
15
6
20
13
9
16
16
15
14
13
7
14
16
16
17
15
11
5
9
19
10
10
19
5
5
11
19
17
5
12
18
10
8
20
11
10
12
10
8
12
16
8
18
8
17
12
18
14
16
17
13
12
17
17
15
6
17
14
14
16
7
15
8
14
18
10
17
7
12
10
11
9
14
7
10
18
9
12
18
5
7
6
9
7
20
7
14
7
7
17
16
11
19
9
12
15
13
19
5
20
6
19
12
9
18
13
11
20
20
13
9
6
15
13
15
7
19
11
15
11
9
8
12
16
6
17
13
8
6
8
6
20
13
8
9
19
12
20
11
19
10
16
10
7
8
9
14
9
11
18
17
14
16
18
11
12
17
15
6
11
15
20
11
17
5
9
15
6
11
14
7
15
10
6
8
19
6
20
10
6
16
12
17
14
7
7
11
19
20
12
16
12
13
18
6
19
7
9
10
15
18
8
15
7
17
15
5
11
13
18
0
867
168
2138
1395
635
1216
357
81
1880
1138
570
1685
172
190
244
1572
538
1733
547
1042
2199
2256
352
2236
1283
2214
233
1116
1668
1832
167
1658
1899
918
1531
809
2062
1910
1783
59
894
137
1766
193
1315
228
2325
20
1671
621
854
41
217
1435
1836
1486
1808
1036
579
1658
598
1510
957
1745
142
55
657
2322
298
518
55
362
655
1077
940
372
1281
1627
2154
2071
1453
884
400
580
520
1082
971
1271
1570
1947
2250
1130
1026
1828
785
1859
2213
1674
1831
1913
984
1729
379
2305
133
626
1666
1431
693
771
1817
2051
1135
1689
2266
1010
1630
1542
1979
1194
14
193
1409
2283
2296
665
1918
452
1661
16
1891
305
196
1544
1319
1439
1583
1947
2042
316
2288
1711
1428
202
580
1694
1720
2090
1851
1482
100
2095
2205
2188
426
929
1196
1232
2317
1890
2329
490
1546
632
800
1293
1802
1563
1200
687
1698
1054
1577
2144
1467
340
601
1380
236
2319
1602
224
287
1387
140
2152
866
2302
1304
390
309
95
1999
986
699
1427
771
628
1122
708
800
1325
1798
737
861
426
443
516
624
718
823
265
1086
84
846
57
783
804
1155
24
1306
325
1594
1918
1739
1221
788
1296
201
2194
1275
483
813
819
368
1202
2220
243
1902
20
1024
1504
1012
1582
284
1699
451
336
365
109
1051
425
2422
1606
721
1414
533
149
1904
1315
752
2006
490
396
287
1624
770
2017
624
1230
2261
2494
468
2296
1591
2264
414
1348
1746
1977
284
1873
1949
1114
1766
898
2241
2048
1940
325
1012
164
1963
226
1623
317
2544
80
1954
695
1140
254
265
1503
2142
1546
1856
1345
775
1936
651
1816
966
1763
335
350
755
2526
474
762
145
572
941
1248
1246
452
1527
1757
2277
2233
1703
1042
572
847
714
1281
1177
1529
1878
2172
2535
1226
1322
1888
1058
2164
2489
1998
2028
2211
1072
1933
693
2544
385
809
1765
1647
986
1059
1836
2347
1209
1848
2501
1252
1879
1812
2034
1484
298
461
1445
2398
2470
737
2192
616
1836
145
2102
470
483
1776
1360
1690
1608
2153
2125
610
2316
1743
1717
239
784
1779
1990
2253
2155
1553
343
2178
2295
2511
664
1162
1292
1451
2463
2141
2601
642
1660
906
1092
1329
1967
1689
1251
829
1762
1331
1868
2403
1665
454
641
1612
309
2391
1792
433
300
1448
420
2403
955
2426
1469
624
449
272
2262
1228
829
1450
1014
752
1299
1007
927
1502
1971
905
1025
598
477
798
737
1004
852
434
1168
261
1156
374
898
1058
1464
219
1524
648
1611
2013
2025
1471
971
1356
255
2460
1560
646
985
1008
564
1315
2508
287
2191
236
1275
1778
1192
1668
536
1971
749
573
615

6
250
16
7
18
13
16
18
11
11
6
10
15
19
6
15
20
7
9
13
19
10
6
17
10
13
14
16
12
6
6
17
7
6
9
18
20
18
15
6
6
8
9
10
10
7
11
10
7
11
10
13
10
10
12
6
13
8
9
14
14
7
7
17
18
15
8
9
6
17
5
5
6
18
18
19
9
18
14
19
11
7
13
13
15
10
16
10
12
9
20
19
9
10
15
12
8
18
9
9
12
9
14
13
7
13
15
11
15
13
19
16
6
18
13
11
12
7
19
15
9
16
19
13
12
19
16
20
9
11
8
16
17
17
17
20
16
7
8
5
8
12
9
12
6
16
9
6
13
14
16
13
15
9
9
6
12
14
18
15
7
16
18
12
6
16
12
19
7
7
10
17
15
12
19
10
10
13
13
8
19
17
9
17
12
8
8
7
15
20
9
12
10
20
7
7
11
15
19
13
10
16
15
19
10
7
19
17
10
15
9
12
5
19
7
17
20
13
5
8
5
19
14
13
12
20
18
9
10
12
7
9
7
15
20
9
13
13
13
18
14
10
8
11
12
9
12
7
12
20
5
15
0
1064
1119
33
1411
1847
409
107
1056
1463
2242
1273
2173
355
1293
360
1396
4
1678
1983
1982
411
592
1076
817
176
1032
318
2099
1846
1816
1180
1868
973
1861
614
1662
769
1479
1264
81
819
791
394
2093
1718
1074
2263
1778
1799
2204
720
1410
121
2037
2112
1812
336
89
681
1520
1944
2152
1916
1955
1213
532
1411
801
2117
320
881
745
1912
1840
1154
1967
143
452
753
913
295
1464
2160
621
2162
674
1324
2121
269
2063
1720
612
243
111
838
2048
1603
562
1941
853
386
189
1291
1227
1554
1701
1356
2039
87
466
200
100
1398
760
668
958
776
517
1085
2124
1722
2294
1852
86
2099
947
1200
2184
304
1125
639
171
1094
1243
293
1799
1814
1658
32
1184
889
1366
436
418
136
1754
1057
89
1231
175
1532
1982
172
1092
720
1592
837
2207
1718
2182
735
1758
1778
350
36
544
364
210
799
1050
2047
1518
1388
302
1365
429
1406
1857
141
1229
1372
2075
569
1643
966
1435
1498
797
805
645
1178
1647
51
54
1632
1616
1720
1274
1752
909
1875
1881
1965
1485
2220
547
656
781
1531
1148
572
1614
846
936
784
837
878
2048
1665
1225
1237
1445
745
2273
661
880
5
519
932
1215
163
1214
2141
1905
185
462
1213
2278
664
1906
2095
62
1612
1721
1102
2213
226
1383
1943
285
1368
1192
160
1704
2085
543
253
1094
1504
2452
1448
2441
449
1383
586
1610
101
1840
2033
2023
628
830
1184
1058
384
1132
427
2284
2079
1859
1483
1982
1101
2076
659
1882
855
1641
1300
280
1130
877
511
2374
1889
1127
2420
1997
2019
2515
852
1425
270
2078
2157
1862
588
207
729
1819
2077
2330
1992
2027
1343
734
1641
848
2293
559
939
917
1978
2090
1182
2169
193
724
1005
1035
321
1693
2393
856
2429
924
1601
2410
416
2174
1989
750
366
216
938
2225
1645
679
2252
925
470
355
1528
1392
1767
1832
1492
2278
180
712
386
219
1618
1070
768
1263
1072
713
1215
2381
1846
2335
1938
386
2407
1238
1264
2370
339
1238
818
296
1404
1272
405
1954
1838
1838
76
1349
984
1470
720
568
269
1940
1099
111
1513
285
1760
2237
468
1371
977
1661
979
2412
1798
2415
856
1920
2003
610
176
708
585
378
962
1149
2232
1832
1545
537
1439
644
1601
2073
414
1543
1675
2242
660
1677
983
1541
1788
938
858
879
1488
1790
245
157
1826
1758
1825
1285
2017
1171
2056
2157
2276
1722
2310
620
745
808
1589
1393
609
1781
959
1178
1013
1121
894
2186
1861
1446
1394
1548
835
2447
973
1034
62
720
1069
1375
480
1452
2268
1947
310
487
1519
2544
978
2203
2249
370
1644
2018
1201
2349
537
1607
2222

7
250
16
16
13
17
11
8
16
8
8
6
15
13
18
17
16
16
7
12
18
20
14
16
16
13
14
20
8
8
18
8
6
20
6
7
8
14
19
9
8
11
6
18
9
12
20
6
14
17
12
18
18
18
10
20
5
17
11
14
20
10
12
5
17
11
15
5
16
10
18
7
19
11
7
16
19
6
12
5
6
11
8
17
9
20
20
14
13
9
15
15
13
6
8
7
16
15
9
16
14
12
17
16
11
11
15
16
18
8
19
20
8
16
15
13
18
19
7
16
9
13
19
13
18
17
8
14
20
16
19
10
7
14
13
10
5
10
14
16
15
17
19
16
6
16
14
17
11
9
12
15
7
15
9
12
13
19
13
17
16
10
7
12
7
7
14
13
11
13
7
9
19
17
19
8
20
14
8
11
5
12
13
9
11
8
6
12
18
19
19
9
11
12
16
17
8
18
11
7
11
16
17
17
16
8
7
15
12
11
6
16
14
8
15
10
13
11
7
9
15
10
8
6
13
18
7
14
14
9
11
8
19
13
16
12
16
19
18
16
6
11
9
5
15
7
9
7
19
19
15
11
0
1516
1551
249
600
1743
1579
2187
181
280
60
2089
266
135
1723
709
396
858
237
615
304
1293
1355
430
724
1039
2071
1447
613
710
2119
947
733
2246
931
428
812
2189
1366
687
220
719
2046
7
1339
207
1993
874
1654
1734
1789
803
51
2053
1052
1426
951
1815
352
1832
1102
1227
188
743
81
1155
377
2242
178
172
2025
1771
833
787
1096
2144
1146
1015
2059
421
1275
1245
2339
150
1895
193
2389
1805
2083
328
1665
1986
2007
1323
1822
2076
1197
1939
1361
1880
1162
854
625
475
756
87
1390
1340
227
1536
803
911
2352
283
2199
714
262
1064
1875
678
201
1754
656
1817
1812
1360
1751
2207
931
296
641
89
2118
205
291
2380
595
2185
4
2175
2190
1122
769
92
274
1312
1754
1934
2217
821
2072
524
436
873
1621
1008
2066
2071
765
1764
393
669
2231
2180
2072
1743
633
2075
434
254
1269
1829
1741
1889
989
1471
1871
1188
1466
633
1142
777
2031
6
216
1214
1747
1409
208
2172
921
2345
171
1897
647
1272
724
2184
139
2300
2222
1001
21
2039
1440
1545
1765
2346
1489
728
1869
587
660
228
2071
1152
1230
698
692
2255
1524
752
766
1736
327
1993
51
2228
837
1010
963
1979
211
739
737
1927
2126
561
2277
989
124
2322
1183
564
285
1235
1394
2180
2252
1208
93
1553
1565
540
626
1895
1648
2267
494
301
217
2164
516
286
1751
1009
509
922
325
925
395
1499
1457
490
750
1258
2105
1647
693
1021
2329
1155
901
2399
1247
595
838
2215
1614
843
505
967
2152
124
1677
248
2305
1191
1671
1870
1969
878
167
2271
1138
1491
1195
2056
540
2012
1251
1444
416
961
108
1323
575
2334
269
439
2129
1992
1036
1029
1412
2174
1382
1231
2296
714
1387
1512
2651
398
2066
521
2647
2115
2391
566
1708
2195
2190
1500
2105
2230
1466
2125
1425
2032
1238
1010
909
688
783
315
1601
1618
524
1636
851
1184
2450
505
2224
840
411
1267
1997
739
535
1990
897
1962
1929
1511
2019
2339
1221
540
756
240
2431
226
441
2655
621
2248
301
2256
2227
1285
980
250
557
1377
1917
1949
2409
1071
2185
555
554
1116
1809
1175
2121
2292
1061
1934
460
754
2243
2436
2109
1791
892
2202
615
465
1483
2121
1870
1987
1188
1549
1924
1308
1585
932
1370
834
2301
199
359
1448
1806
1629
471
2454
1033
2540
476
1929
772
1355
955
2377
253
2627
2405
1174
330
2272
1562
1594
2078
2397
1572
810
2196
682
723
542
2300
1269
1467
850
770
2537
1734
814
793
2061
368
2044
336
2420
988
1266
1097
2027
529
752
818
2192
2223
812
2487
1295
218
2527
1501
757
582
1454
1602
2375
2498
1445

8
250
17
9
15
7
17
16
19
9
8
19
12
11
19
17
18
10
7
9
15
11
9
20
11
11
7
12
11
8
5
7
20
7
9
6
9
13
7
12
13
9
12
11
13
15
19
18
9
15
16
12
18
15
9
9
16
8
16
14
13
20
7
15
6
9
8
16
11
18
9
15
7
16
19
11
18
6
19
15
10
18
8
19
14
13
17
13
14
15
7
19
18
15
6
10
13
12
13
18
15
15
10
9
20
8
8
10
7
13
10
7
6
19
6
10
7
13
17
6
7
9
7
14
11
11
12
6
6
9
11
8
6
8
8
19
10
8
6
19
17
11
11
7
16
15
8
12
8
12
7
18
16
11
15
17
16
17
5
10
9
17
8
13
7
19
13
19
11
6
17
5
13
13
19
19
11
17
15
9
8
12
9
13
14
12
6
18
19
18
5
10
18
10
17
6
5
18
15
10
14
5
16
12
17
20
17
13
10
19
17
19
5
9
12
12
8
14
19
11
15
18
14
19
15
18
6
18
10
10
19
16
9
10
14
11
11
11
13
15
16
13
9
15
5
19
18
14
16
20
5
6
0
2329
1418
1629
1355
596
979
958
818
445
2318
491
888
1887
68
891
470
2018
1697
948
1344
2218
392
16
2306
383
2129
964
1086
1776
1582
1194
1788
1662
723
46
1124
1257
2030
813
124
863
270
752
607
1405
285
910
484
197
881
1158
763
503
222
634
1031
2062
68
1604
981
1488
1381
1967
1036
2318
1268
80
1002
709
57
1758
1473
159
537
1883
2236
272
1181
366
80
1293
310
1604
1225
2052
1368
1261
1848
437
1336
359
855
1976
1369
1612
686
1388
716
8
2075
927
1355
1792
2142
102
725
2324
1714
1942
2304
1205
992
685
448
1475
1088
725
1864
1384
2215
1388
519
77
2070
2069
983
73
1490
1859
4
2257
2301
1634
357
1895
2098
1367
1718
10
1166
620
651
1369
657
1981
376
1779
239
2103
1856
1148
2280
388
140
765
526
668
1771
279
2234
968
1016
1759
1167
292
594
1374
1674
1210
687
1680
1916
2232
2319
1784
1539
707
123
685
93
192
1273
1352
231
1134
1335
1919
643
1407
401
1153
2068
1849
1924
2251
2018
1428
719
191
1567
452
407
1920
2158
1132
1539
1702
1805
613
662
512
1265
719
2153
1120
1605
1571
1530
200
1378
1003
316
2276
505
1883
1846
2302
408
321
1498
1292
509
1152
2272
1792
1616
1060
1642
1031
2314
2031
1585
739
1241
166
1657
232
655
884
207
2481
1551
1757
1382
819
1275
1236
938
771
2384
721
1060
2076
386
1160
694
2273
1917
1115
1497
2282
664
276
2459
440
2321
1248
1276
1976
1777
1444
1842
1692
891
100
1178
1562
2049
1104
438
1158
368
876
936
1704
507
976
736
493
906
1267
828
622
238
722
1138
2088
370
1722
1041
1664
1507
2161
1160
2596
1436
206
1226
872
331
1899
1634
325
719
1933
2319
511
1284
682
389
1603
519
1788
1244
2338
1479
1580
1915
495
1497
665
1152
2154
1615
1643
951
1546
898
256
2318
1000
1633
1908
2172
189
937
2393
1746
2070
2586
1296
1171
831
761
1792
1413
982
2110
1463
2414
1496
754
201
2176
2296
1241
380
1622
1983
148
2291
2415
1765
522
1991
2246
1529
1746
206
1317
808
882
1544
710
2236
462
1900
277
2277
2034
1407
2426
484
439
857
711
787
2056
479
2378
1249
1246
1819
1296
449
790
1463
1903
1278
915
1862
1971
2329
2360
2077
1795
751
209
841
163
394
1558
1373
508
1289
1631
2014
954
1431
559
1409
2301
2151
2085
2487
2241
1515
736
475
1648
568
521
2010
2403
1341
1753
2016
2097
742
809
564
1296
750
2252
1376
1820
1617
1599
247
1593
1231
369
2584
606
2043
2042
2509
724
597
1748
1395
805
1315
2356
2069
1903
1148
1681
1303
2424
2112
1590
831
1373
201
1796
387
900
981

9
250
19
13
14
11
15
19
17
20
12
17
18
14
6
7
6
6
12
16
6
18
8
8
10
8
15
15
16
7
19
19
17
17
20
9
17
14
6
8
8
18
8
7
19
6
10
14
10
10
15
6
14
14
6
9
14
13
19
9
13
20
19
15
13
8
17
8
5
7
11
15
17
10
15
12
14
9
20
10
18
8
7
8
19
16
18
16
8
9
17
6
10
16
10
16
10
18
14
7
6
18
19
18
11
10
7
19
9
10
15
16
6
11
17
12
6
6
19
18
13
9
7
6
10
15
13
14
19
20
6
18
14
6
6
17
8
12
18
11
7
16
10
12
19
14
10
10
10
10
15
12
13
8
9
8
17
12
17
9
10
12
15
10
8
11
10
6
16
10
12
18
10
9
18
19
15
20
6
7
13
18
17
18
13
10
11
13
17
19
17
10
6
5
14
13
9
15
12
16
20
9
10
13
6
19
11
18
7
16
17
10
16
6
7
19
7
19
6
8
10
10
7
19
7
7
13
10
8
20
10
11
11
8
14
11
8
7
9
16
10
16
8
11
16
16
13
19
12
18
17
9
0
1032
188
1788
1702
1865
252
2201
1681
780
1735
91
617
1683
166
2258
1438
1444
782
1956
963
1891
1454
1328
2019
521
2226
517
2178
143
2286
1236
1955
2027
2175
1602
1989
1853
2286
2071
1796
1886
1523
1631
2197
493
1120
1750
736
374
1194
1880
803
1240
2033
1709
518
2058
3
927
702
1853
1715
71
310
897
2124
187
55
616
1399
236
1191
1700
1571
1596
1578
1070
1961
2312
1611
1160
1876
2088
1161
1915
1640
648
131
587
1157
1175
63
2326
1025
1446
775
1478
744
660
1104
1746
1361
2257
60
224
131
1155
489
1132
806
867
2237
550
1536
57
875
998
300
977
2251
1816
777
283
1448
915
407
721
1562
408
1722
1841
2265
471
780
1256
997
1895
766
1841
1898
1670
2244
520
864
2052
1864
612
20
1171
2185
74
1362
1927
1590
2294
295
250
1867
1765
955
1087
93
592
1906
2272
82
1195
2014
1621
710
895
697
2295
1046
1250
467
1976
547
1956
2237
1408
1647
1498
1333
1541
2319
2302
261
1576
2249
666
1966
2042
857
1117
1955
1942
1510
577
1195
1077
179
577
2327
1234
784
2234
1767
1068
586
331
765
1627
1838
1028
1446
1057
19
423
1587
103
216
2018
699
1585
356
1004
925
2199
2145
1762
1353
1717
45
1183
1826
2314
2190
1850
903
2184
978
1653
1715
366
750
622
1060
658
246
1283
347
1971
1837
1925
310
2238
1725
867
1871
378
740
1910
267
2280
1694
1599
804
2107
1082
1899
1606
1466
2217
610
2348
758
2265
354
2560
1294
2119
2070
2390
1916
2254
1976
2520
2117
1870
1937
1610
1831
2310
642
1429
2022
849
538
1436
1985
955
1309
2163
2014
815
2249
275
1158
778
2070
1893
356
571
1130
2405
329
131
793
1575
487
1440
1902
1852
1780
1866
1364
2243
2463
1875
1256
1987
2243
1469
2131
1826
797
380
829
1302
1352
288
2396
1152
1577
960
1574
888
844
1142
1824
1661
2271
154
312
387
1318
768
1393
907
924
2509
727
1768
115
953
1104
474
1235
2520
2111
1064
382
1464
1133
493
817
1848
621
1758
1918
2493
684
932
1455
1210
2128
784
2045
2201
1790
2477
555
897
2109
2047
661
178
1397
2418
314
1420
2063
1760
2410
366
328
2165
1824
1050
1325
117
884
2006
2513
293
1286
2309
1948
762
1063
893
2485
1184
1356
674
2050
819
2098
2486
1461
1868
1805
1638
1769
2351
2484
281
1787
2387
855
2080
2287
932
1239
2177
2000
1830
772
1369
1127
237
666
2634
1252
1057
2481
2059
1370
649
488
1032
1782
2145
1357
1685
1189
309
449
1632
237
425
2334
737
1896
644
1253
1105
2517
2173
1816
1417
1820
285
1240
1861
2627
2364
1975
1040
2414
1188
1755
1820
456
820
748
1197
769

10
250
19
13
18
12
14
15
17
18
5
15
11
8
13
10
16
19
5
7
16
10
19
18
7
6
19
6
12
15
19
11
19
11
13
5
13
16
8
19
5
5
19
8
10
10
19
12
14
12
15
11
12
16
12
5
9
15
8
14
12
15
19
11
18
17
15
19
18
13
14
17
13
8
15
15
13
13
6
18
7
15
18
14
14
11
18
10
8
10
7
19
9
16
16
14
16
15
17
6
17
19
17
11
13
10
14
19
16
15
13
14
9
9
10
16
10
7
14
10
16
8
6
14
12
5
8
6
13
13
19
16
15
15
18
14
11
14
18
8
13
9
6
16
20
11
11
9
12
14
9
12
19
9
15
13
14
11
5
18
12
19
13
13
19
6
5
11
15
6
18
6
9
11
12
9
15
7
17
6
16
19
14
6
6
19
10
6
18
9
19
17
6
13
17
14
13
8
10
12
12
8
17
15
6
6
13
6
6
17
19
11
14
20
8
8
16
15
18
20
11
19
17
17
6
9
8
10
10
16
6
12
19
14
8
10
19
13
6
18
20
18
14
19
9
9
17
8
17
6
14
10
0
2145
138
1037
1287
1530
520
2249
1421
196
18
1010
157
1367
2211
477
2366
1061
271
2338
947
1643
2180
612
1694
1910
2351
301
2211
1036
2278
1064
1840
71
384
1721
1564
156
1244
1523
1691
229
110
1535
1575
546
83
1145
2041
464
1156
203
460
1601
1778
1800
602
42
2259
2342
966
165
564
2086
438
366
831
1340
1652
2354
1316
1171
808
1434
1165
54
1599
2288
2269
560
1420
1000
284
791
1835
1664
691
1379
1026
1176
1516
361
1095
1008
45
1967
2277
1025
936
2122
228
762
1954
524
1372
1376
1539
2095
938
294
2029
456
662
405
279
1599
1251
1963
1513
1699
1280
1425
452
1116
2002
1179
1324
1884
2037
1907
1718
1603
516
616
2361
181
2182
1872
1152
1334
78
860
151
1452
895
661
558
197
1820
910
58
1608
649
1149
965
1898
483
1347
604
1896
138
2348
994
2159
747
664
2115
2010
620
1829
1491
1064
1665
1413
180
663
1832
843
2105
1388
1662
2361
2051
1221
1769
190
1745
75
266
468
1616
944
353
1164
530
1476
1314
327
1164
1988
2193
2019
838
2265
966
51
1264
1240
1767
1891
313
505
1057
1303
1666
1918
1092
250
665
241
83
551
1311
1620
271
1418
1272
2079
2383
2082
2216
2130
1452
306
1426
1223
181
311
539
447
2350
1837
1682
115
60
546
602
1580
806
126
276
2464
266
1301
1538
1629
648
2384
1554
451
230
1274
329
1503
2369
654
2674
1261
458
2565
1003
1872
2377
695
2026
1978
2481
474
2354
1278
2521
1138
2089
269
502
1829
1667
270
1457
1738
1881
361
228
1715
1801
639
404
1355
2270
711
1336
451
573
1881
1814
2115
612
309
2373
2387
1030
231
676
2295
503
402
904
1481
1794
2519
1405
1209
921
1746
1466
367
1917
2593
2307
878
1647
1158
516
991
1884
1750
813
1516
1182
1200
1721
391
1328
1246
137
2015
2544
1144
1262
2175
372
1084
2195
560
1620
1576
1564
2172
1033
407
2095
693
820
518
467
1888
1543
2215
1762
1995
1514
1458
752
1327
2123
1362
1364
1999
2061
2113
1962
1825
786
814
2405
453
2357
2043
1263
1577
208
1189
477
1757
1006
956
761
370
1903
1222
372
1790
905
1210
1215
2066
696
1522
864
2124
436
2644
1118
2343
828
846
2394
2099
931
1838
1581
1167
1821
1725
384
788
1875
1124
2175
1597
1965
2629
2082
1296
1860
374
1950
225
358
745
1838
1050
408
1299
738
1690
1500
551
1407
2052
2211
2142
933
2545
1195
304
1473
1456
1880
2177
496
728
1318
1621
1910
2075
1277
454
933
466
382
682
1490
1691
296
1506
1373
2098
2615
2190
2244
2174
1585
575
1670
1472
329
506
577
480
2408
2043
1964
236
376
712
869
1834
993
305

11
250
15
13
14
12
13
7
16
15
20
5
18
10
11
10
11
17
16
13
10
19
8
17
12
16
9
16
13
5
15
11
19
17
11
17
12
6
9
13
16
20
8
10
8
6
18
20
19
14
14
20
19
5
19
16
16
7
15
7
20
16
5
9
5
16
5
12
17
13
15
18
13
10
12
18
9
14
18
19
15
15
8
10
8
13
10
14
7
13
19
7
17
10
6
7
15
16
13
17
19
18
7
6
20
7
20
18
14
8
10
18
18
12
13
20
7
16
5
17
13
15
20
12
13
20
11
14
14
9
18
10
14
12
12
7
17
14
7
18
5
6
12
7
12
11
12
13
18
9
20
16
9
13
12
11
8
12
20
20
19
18
17
19
12
12
19
14
8
8
5
13
10
13
20
6
5
19
17
7
16
13
15
10
13
18
19
10
15
7
7
10
15
6
6
15
11
11
5
20
8
9
15
6
15
17
19
14
17
16
7
18
9
9
18
12
7
16
20
19
7
17
16
15
10
9
10
20
13
9
17
12
11
9
7
15
9
10
18
13
14
9
6
10
20
18
17
16
12
19
20
8
0
2162
1844
2134
1367
504
431
2415
1296
6
1682
1642
109
215
1493
481
261
1148
841
1452
1021
352
287
100
887
1826
327
116
1291
1548
1243
671
1017
863
2237
534
1219
283
840
1377
680
586
2112
1200
1219
317
2055
1721
456
1963
1096
1164
1560
1274
2289
1160
159
1257
1339
1642
2411
936
1119
253
254
402
1702
1836
1761
1504
1025
902
1140
1826
1079
1150
947
304
1116
798
305
2370
2024
497
744
1540
912
1584
1974
913
62
252
190
294
1988
1473
240
212
109
2165
599
2200
179
1582
1514
513
1520
608
118
744
24
1599
951
1994
487
2167
791
2422
262
1849
634
1428
79
432
1285
2207
1576
2008
1240
109
1062
1073
2123
2005
10
1341
1322
1128
351
2117
1466
1367
199
467
1781
841
1953
125
947
1916
2086
2202
881
1378
1393
344
2064
1109
123
1743
1766
289
2143
1542
436
2153
2301
313
773
1221
663
1896
2312
1062
703
831
432
1736
998
1507
2362
2056
891
225
827
2161
426
1579
801
349
387
336
1017
1328
2232
229
1298
603
1600
840
760
1156
1962
2032
1882
322
672
1016
101
568
804
2246
777
1599
1014
586
1708
675
2210
1842
115
2437
321
2093
1315
1745
1504
2098
184
1787
2279
163
425
1684
175
725
1308
1237
1756
1555
2236
924
975
1704
1153
904
1991
409
570
1518
132
2477
2136
2376
1432
689
552
2488
1506
132
1938
1917
316
247
1774
697
580
1433
1009
1495
1136
411
519
368
1217
1873
420
378
1438
1754
1264
1001
1244
893
2376
740
1382
552
949
1607
998
752
2188
1409
1407
346
2236
2015
724
2155
1326
1171
1853
1590
2460
1236
497
1480
1436
1779
2436
1001
1246
431
414
534
1743
2081
1880
1541
1110
1228
1279
1985
1411
1472
1153
497
1346
881
488
2657
2303
551
765
1865
1165
1799
2269
1037
346
339
419
439
2317
1678
573
423
159
2399
929
2451
268
1647
1564
823
1650
692
352
788
73
1803
1179
2240
699
2482
1025
2463
350
1897
821
1618
145
502
1364
2480
1816
2252
1552
384
1220
1336
2397
2067
225
1497
1584
1451
469
2310
1740
1393
489
508
1837
967
2103
304
1189
1940
2388
2510
1050
1712
1465
534
2280
1340
388
1951
1944
476
2439
1556
490
2332
2328
346
1014
1243
931
2147
2629
1322
798
1163
603
1910
1115
1758
2650
2218
919
388
1100
2457
652
1751
1088
435
606
666
1196
1541
2544
562
1393
910
1763
1041
1005
1176
2079
2086
1907
485
1005
1226
345
682
905
2255
817
1925
1095
693
2042
949
2224
2110
136
2685
351
2405
1434
1895
1820
2109
439
1898
2313
372
449
1788
281
993
1381
1316
2044
1744
2397
1001
1006
1862
1265
1240
2097
471
629
1753

12
250
14
16
7
8
7
13
16
14
20
20
19
16
10
19
14
11
19
12
12
6
6
13
17
8
6
17
12
19
10
18
18
5
12
12
9
13
6
6
7
10
20
13
9
18
20
13
17
13
7
14
19
19
7
12
11
12
15
13
14
20
18
13
10
13
11
15
14
17
13
5
11
7
14
18
10
14
7
13
12
8
15
7
17
14
15
9
12
19
17
15
16
12
11
10
9
12
7
15
8
15
12
19
6
19
9
19
15
13
6
8
6
9
6
17
8
19
18
8
14
14
12
19
17
11
6
14
17
11
20
13
11
17
19
15
19
6
8
9
17
7
11
18
15
6
15
19
10
13
19
14
6
6
7
17
5
16
20
18
16
11
8
18
9
18
11
6
15
9
12
6
10
19
6
8
15
9
12
14
12
19
12
19
16
9
10
8
12
13
17
15
9
18
16
7
6
10
14
8
8
16
17
8
18
10
7
19
7
7
10
11
16
13
9
18
17
13
7
19
9
12
9
20
10
15
10
9
7
15
13
10
8
19
17
9
7
12
7
20
16
6
19
15
14
18
14
8
6
15
14
10
0
1407
661
1060
1585
297
2316
1217
2020
1887
437
1304
1918
1469
2197
1848
1008
1878
1323
1956
767
1084
243
1783
883
744
97
2041
2204
15
1861
924
878
1602
1502
1830
2144
1435
1133
1506
616
794
145
363
479
431
122
2234
1145
1317
1718
380
490
2321
1262
2171
369
522
761
1715
288
1028
1233
193
1781
1767
111
2077
2281
355
511
1836
1015
342
1078
499
468
48
192
420
2268
446
2200
1081
2334
1100
305
1041
714
1704
1839
470
173
1874
1962
2292
1885
176
2254
1652
668
1624
1532
1920
2307
1484
964
2025
1539
1948
477
424
11
1124
145
694
427
1436
117
214
1784
551
945
1316
515
79
230
336
1148
2276
1647
1070
1082
1605
1506
951
404
519
2040
1189
1351
1921
8
1015
1024
554
2169
1248
1093
1502
2039
990
265
494
206
834
339
1524
281
1116
1082
1757
1248
1512
570
282
1073
2337
2232
915
1589
1998
297
1742
1140
445
1680
746
475
710
1567
727
1276
1788
1497
306
1526
998
1406
1516
220
1440
20
1848
1428
95
1283
1262
1831
1873
2075
1482
1405
2029
1505
2082
95
1180
2272
1414
1236
76
1817
2164
1090
508
539
1201
1857
2084
1116
1353
1480
2333
212
1119
2335
1694
1007
2310
1609
1932
504
1105
693
1892
1377
133
1153
436
2276
2349
940
1007
2181
659
974
1630
1102
2100
53
1463
930
1230
1821
568
2429
1308
2244
1910
491
1331
2136
1755
2478
2006
1134
1955
1523
2154
785
1365
307
1931
967
907
242
2297
2398
302
2059
1195
948
1879
1791
1870
2408
1472
1433
1691
780
979
462
643
691
585
244
2316
1218
1616
1886
530
596
2610
1469
2474
511
665
1003
1803
487
1093
1377
517
1918
2091
128
2226
2522
552
797
2125
1092
433
1264
516
737
365
481
538
2374
764
2267
1374
2457
1249
354
1198
761
1977
1994
511
306
2155
2150
2604
1924
439
2490
1728
892
1927
1763
2186
2494
1583
1149
2276
1553
2123
594
592
290
1405
392
1013
621
1598
146
236
1943
730
1069
1428
658
395
307
475
1337
2537
1882
1280
1196
1721
1741
1200
458
552
2301
1441
1461
1955
109
1138
1081
611
2346
1290
1364
1751
2194
1233
451
697
319
971
526
1624
342
1143
1358
2021
1512
1659
788
597
1302
2486
2383
1063
1680
2118
371
1818
1414
664
1753
1007
768
824
1678
974
1326
2022
1616
457
1707
1102
1707
1640
523
1654
67
2124
1438
373
1354
1518
1913
2020
2362
1619
1470
2089
1717
2259
363
1231
2301
1440
1382
125
2064
2408
1210
535
756
1464
1913
2278
1180
1556
1716
2625
299
1246
2491
1942
1253
2453
1793
2056
744
1197
942
2093
1686
203
1417
621
2497
2497
1214
1212
2251
919
1030
1930
1207
2266

13
250
14
10
11
7
10
14
7
20
12
11
14
10
13
18
8
14
14
12
18
8
18
16
16
15
5
10
6
17
9
12
18
18
11
7
20
18
8
15
14
14
13
15
11
17
14
16
12
10
8
8
13
13
17
13
7
19
5
12
9
11
6
5
6
11
9
7
17
13
13
18
9
12
9
5
9
18
20
15
14
13
12
13
13
14
7
17
11
12
6
15
6
5
12
16
9
18
5
19
6
14
6
7
16
6
10
9
14
9
13
12
11
16
9
6
16
19
19
12
7
5
11
6
7
17
8
19
18
10
17
18
13
10
9
10
12
8
17
19
10
14
15
18
18
13
15
16
14
13
19
12
16
11
15
11
14
17
12
20
9
8
15
13
8
17
8
12
19
17
16
5
17
10
14
16
14
6
5
19
18
13
15
16
13
17
12
20
18
15
11
7
13
7
19
9
13
18
14
13
11
10
10
20
15
12
5
20
11
13
15
17
15
12
7
9
18
17
15
13
20
6
12
18
18
20
8
17
11
6
5
13
6
11
5
19
20
6
12
12
16
13
7
17
14
19
6
6
18
6
8
11
0
330
567
3
1179
585
2351
165
1124
306
1971
850
1011
163
1960
807
840
811
1913
119
233
237
2013
501
191
1726
611
2271
696
1336
1516
430
1012
243
767
2269
1270
1454
1505
700
418
947
839
1028
908
978
1996
60
1069
1487
388
1161
2004
2046
1590
1790
559
894
1006
1840
2269
2297
2084
2244
2267
2314
475
2187
1036
1870
1598
2029
624
730
1348
1433
1138
103
2125
2197
1971
408
988
542
1680
765
900
1900
995
854
739
604
502
2284
888
2220
2182
722
1264
342
1664
1209
383
2061
1544
842
527
2155
2025
1858
1740
220
1599
1648
1494
797
1664
1543
1560
1277
749
2094
1289
1778
465
802
3
1779
1790
20
1834
1216
2065
980
986
1427
1875
1070
1951
117
1614
931
894
1616
1610
823
1527
1296
2079
2247
1140
735
320
1351
1264
706
238
1841
2169
356
1020
1008
373
1422
1219
116
131
1125
1564
2162
1620
851
376
1201
303
120
206
1563
196
601
767
524
227
1455
1457
1025
1115
1338
331
2110
1371
108
1052
736
1613
1471
538
2039
2266
166
1810
1110
2078
2018
1210
1622
1343
1603
1545
1397
797
1172
351
862
69
281
100
2118
774
2105
1325
453
1671
1205
1961
1915
359
1064
1503
534
734
286
353
573
647
469
27
925
1347
536
1622
1161
1408
2306
1174
466
224
1484
498
1883
282
424
781
36
1286
843
2407
338
1177
510
2113
984
1198
345
2087
1062
1013
1044
2228
437
339
409
2033
555
455
1754
790
2425
826
1386
1679
565
1208
356
1007
2566
1489
1541
1679
810
739
1056
923
1217
1055
1095
2183
380
1079
1605
603
1409
2060
2201
1908
2015
805
1140
1177
2073
2362
2528
2299
2338
2541
2448
514
2463
1164
2016
1771
2241
895
844
1619
1689
1453
347
2241
2290
2291
662
1146
825
1944
849
1073
2121
1299
1094
943
779
647
2523
967
2404
2413
876
1308
376
1746
1219
510
2148
1745
932
846
2168
2161
1902
2015
335
1738
1730
1757
941
1792
1573
1570
1323
973
2192
1349
1914
713
988
40
1983
1836
47
1929
1416
2209
1269
1213
1545
1894
1147
2094
195
1742
1250
1164
1735
1649
1064
1553
1423
2408
2390
1289
884
350
1507
1414
899
411
2106
2380
489
1230
1168
672
1567
1337
146
383
1301
1737
2462
1642
901
611
1523
455
403
374
1832
424
819
875
814
318
1592
1758
1315
1369
1459
397
2183
1686
159
1306
960
1808
1590
768
2266
2363
403
1932
1441
2279
2183
1392
1950
1515
1906
1583
1643
861
1206
390
927
243
349
415
2376
949
2384
1502
699
1860
1387
2186
2012
595
1103
1642
572
918
424
551
736
678
755
151
1239
1459
814
1896
1315
1427
2427
1344
544
468
1610
689
1949

14
250
6
8
14
11
12
14
12
11
18
11
17
16
11
10
7
7
9
18
17
6
15
11
16
12
17
6
19
6
20
6
5
15
18
10
17
12
9
19
18
6
14
18
11
9
8
17
11
11
8
17
18
14
18
18
11
6
6
16
6
19
19
14
9
12
10
7
16
8
6
10
11
17
12
18
5
13
17
10
19
12
17
6
17
19
19
16
10
7
11
18
18
8
15
18
6
14
6
10
9
10
14
7
12
16
8
17
16
10
13
5
18
19
7
18
7
18
7
6
17
8
13
15
13
11
19
5
5
13
12
16
15
10
19
6
7
18
10
6
19
19
12
9
7
10
8
11
17
19
12
10
16
11
6
13
15
7
17
16
12
13
7
17
9
8
18
8
12
14
13
16
9
13
20
19
12
14
6
14
17
9
12
8
19
14
15
13
19
10
7
6
12
13
15
7
19
19
14
6
19
7
15
20
17
13
7
9
10
14
18
13
13
17
6
20
6
11
7
15
14
19
7
12
20
5
15
6
15
14
19
15
8
10
10
16
14
12
11
18
6
14
15
20
16
18
18
10
11
18
7
5
0
2070
361
1480
1839
1582
476
1776
2158
1740
1300
329
452
957
1636
929
48
501
429
2034
2039
1820
1545
1559
1799
783
1907
2151
549
400
1916
1414
820
1166
548
2194
616
30
2293
1496
2243
1871
668
184
1153
1473
802
1475
1364
1122
1086
339
1624
612
1078
102
1241
1234
427
1860
351
572
1819
627
1152
851
1551
2138
1375
573
1951
23
648
1621
962
266
1585
1571
195
2067
376
1025
887
829
511
418
815
81
2012
1993
1632
1520
2178
801
2001
20
247
1619
120
2236
1939
918
2206
1456
2156
1356
1672
338
688
303
894
49
930
1034
298
341
1709
2220
751
2096
541
226
487
344
1918
2233
1960
1685
1841
2272
435
2304
1083
613
295
542
1911
2106
300
1415
719
914
817
2259
1941
284
152
1675
2118
1775
73
2112
105
825
1742
1150
1128
792
388
722
29
2276
2336
1060
896
1046
2065
1527
1900
851
1784
1053
177
1425
1781
1478
2103
925
1650
1818
1950
1389
1869
876
1403
2278
1099
941
2318
1307
2228
1723
459
1756
1320
823
2070
733
776
1662
1535
2299
2005
414
876
1696
85
2337
2245
1061
1651
1359
20
502
1350
1566
204
1384
1690
327
1893
1023
2196
2291
1496
1504
319
457
1541
31
657
629
8
46
1927
1911
875
1072
636
120
620
1813
2092
2143
807
388
2339
367
1476
311
313
2234
631
1675
2019
1609
658
1868
2212
1760
1572
496
518
1038
1776
952
126
804
652
2138
2116
2092
1870
1604
1891
815
1969
2398
673
486
1993
1681
1118
1425
661
2334
884
358
2322
1662
2276
2027
950
329
1202
1651
933
1774
1618
1314
1171
534
1710
753
1150
265
1527
1546
469
1919
536
713
2087
665
1244
1136
1871
2169
1546
858
2006
217
874
1806
1196
393
1885
1608
293
2312
513
1148
1042
948
650
694
1096
173
2066
2283
1772
1570
2247
845
2080
266
264
1677
411
2414
1959
1184
2464
1751
2431
1671
1918
520
989
601
1012
360
953
1212
348
477
1842
2307
1043
2110
687
479
654
496
2097
2486
2025
1955
1957
2449
638
2482
1210
922
554
629
2106
2383
508
1447
808
946
1065
2322
2256
497
329
1815
2331
2048
96
2319
221
856
1867
1321
1287
829
507
937
165
2422
2654
1254
973
1200
2371
1723
1939
1175
1943
1282
393
1620
2011
1625
2268
1249
1721
2063
1999
1633
1888
970
1632
2522
1217
1134
2499
1463
2312
1996
696
2023
1454
843
2369
906
1059
1756
1760
2487
2306
460
1022
1856
125
2648
2309
1165
1709
1585
188
589
1483
1687
315
1492
1743
548
1911
1230
2313
2377
1759
1594
483
738
1719
169
686
919
282
154
2200
2142
1119
1386
919
217
807
2090
2376
2192
878
547
2586
586
1600
557

15
250
19
12
17
7
19
7
11
17
11
20
15
10
6
9
9
13
14
15
8
6
18
8
13
11
7
17
6
17
12
7
6
16
10
16
9
15
11
17
12
19
17
6
15
14
8
14
16
7
20
19
9
7
16
17
6
10
8
10
18
13
17
7
16
9
8
15
16
19
17
7
19
17
12
13
12
13
17
10
7
12
8
9
18
8
8
13
9
12
16
19
17
20
6
7
19
19
20
12
6
14
10
6
7
6
17
14
17
13
5
7
16
10
15
7
15
14
16
20
12
10
17
17
19
13
11
6
11
5
12
5
15
12
18
19
10
18
14
8
18
19
18
19
16
8
14
20
5
14
16
6
5
16
17
17
18
14
17
6
19
7
16
6
16
10
11
10
7
18
19
7
14
7
12
7
13
5
8
17
19
13
14
6
14
7
14
13
17
13
8
13
14
13
13
6
6
6
15
5
7
11
12
19
14
15
14
8
17
10
9
12
20
14
14
12
19
14
13
11
16
19
12
7
13
18
16
9
7
10
10
8
8
7
7
19
8
20
7
20
8
6
7
15
13
10
17
5
19
14
8
16
0
382
555
820
1904
196
1368
1827
1650
113
491
133
730
645
809
712
634
696
1354
1690
1419
1574
1937
644
1823
1120
2322
844
1851
1428
439
1746
1208
970
2236
1264
2125
1630
896
1139
563
1463
1177
851
80
1332
2137
1794
1948
928
4
141
1129
635
1600
1799
149
1097
181
492
330
602
2317
1455
1137
831
1552
1389
2158
50
1490
146
1074
660
421
1549
829
821
396
1677
676
1765
1940
1488
651
483
567
43
1170
1758
66
532
1604
526
251
1714
537
1259
2225
2309
1583
1981
521
299
1745
254
502
657
1259
177
2329
1757
222
591
1567
2059
2229
1983
1508
1977
2027
579
783
451
778
109
435
887
221
404
1032
244
635
288
1281
1665
630
1997
1431
1059
308
829
1893
2045
1141
1000
376
302
1753
1687
1321
1127
1686
1243
1214
1858
625
964
955
629
487
291
1841
545
206
2226
1288
581
2284
2158
955
750
2250
2235
1301
1161
1139
1107
2269
1461
445
1189
483
1322
940
1959
309
1466
2240
393
1138
1205
1124
2137
1575
1333
1849
1390
1642
1348
1400
879
1570
2175
323
1879
1670
1016
2088
560
1871
1207
184
111
713
323
71
127
1772
445
360
738
1552
1492
1408
1685
1910
507
757
1090
6
2207
1510
2175
1170
551
116
2288
684
2130
669
544
892
2006
1170
778
299
1520
1185
1699
22
671
848
831
2145
378
1393
1961
1961
189
790
186
1042
654
946
1023
655
740
1476
1919
1695
1755
1959
846
1978
1327
2584
1021
2010
1733
605
1779
1384
998
2390
1458
2430
1841
927
1275
858
1586
1212
972
310
1598
2454
1954
2094
1033
26
276
1269
777
1689
1872
431
1307
414
785
555
708
2494
1744
1147
1113
1719
1556
2235
230
1723
432
1215
868
610
1862
1089
1090
455
1755
945
1915
2055
1686
847
774
863
203
1316
2004
93
849
1790
660
508
1974
601
1418
2486
2429
1850
2145
758
505
1878
472
673
683
1362
478
2547
1912
406
660
1797
2079
2425
2277
1739
2162
2339
766
822
555
973
207
532
1155
442
692
1242
552
885
315
1543
1735
841
2035
1508
1319
629
978
2168
2131
1397
1020
684
472
2076
1883
1356
1220
1814
1473
1317
2088
838
1114
1243
930
618
331
1962
631
334
2258
1383
774
2336
2318
1060
917
2556
2534
1598
1234
1404
1202
2361
1497
466
1429
613
1634
1129
2169
461
1506
2295
655
1189
1389
1148
2430
1792
1440
2078
1398
1746
1544
1636
986
1806
2431
632
2073
1957
1239
2099
648
2151
1504
329
236
913
603
245
384
1974
640
415
930
1691
1759
1582
1721
2116
653
820
1286
276
2429
1656
2450
1378
638
197
2586
836
2326
885
617
1035
2122
1322
1071
490
1731
1255
1860

16
250
7
11
7
13
18
12
15
9
13
20
18
6
14
19
9
11
13
15
14
16
9
14
8
8
18
18
18
10
18
16
14
18
13
18
7
17
12
6
10
5
18
13
9
18
6
6
9
6
8
7
10
11
13
5
20
9
12
6
5
17
5
8
18
7
18
16
16
17
19
15
13
17
12
18
13
7
13
12
11
6
15
15
9
15
11
15
13
10
15
18
16
7
6
17
19
8
8
13
6
12
15
5
8
6
13
16
9
8
7
9
18
8
8
14
18
13
17
9
8
8
8
6
12
10
6
18
19
7
6
8
17
8
5
14
9
20
12
9
14
18
14
6
16
13
12
12
19
15
10
20
14
15
7
19
5
19
15
11
7
15
7
17
5
15
6
11
17
17
19
15
9
10
14
10
7
15
10
16
19
19
12
16
9
10
16
14
19
18
11
8
13
14
12
11
12
20
14
7
18
14
18
8
10
8
14
19
10
12
19
9
18
16
12
6
15
16
16
13
7
11
14
14
12
13
10
12
12
17
8
10
12
11
13
11
16
13
16
16
12
11
15
19
8
16
10
9
13
9
19
11
0
380
703
825
1299
163
115
944
1008
1485
2201
938
2216
1987
150
1179
2273
1432
1765
70
2257
1887
98
904
1851
78
162
1900
400
828
1044
1241
1882
106
1620
1179
1735
1530
1424
1066
2217
881
1970
666
1604
142
1038
1278
1588
1920
1543
393
1477
1508
1862
38
241
1990
885
1214
666
2095
991
2282
1688
825
252
1638
1135
1186
1353
1563
1944
1141
569
1957
2127
701
581
1794
1186
1620
1181
1671
897
661
2301
2002
556
1828
1391
1859
1892
1921
931
16
423
447
1124
861
1770
2219
542
1103
104
777
721
1890
1490
1819
236
1269
1363
224
2179
2309
1222
141
1945
1134
1726
1052
213
1823
1382
1994
1047
1468
896
450
387
1659
452
801
1737
1342
1633
1864
1434
1692
1251
1723
1241
1230
449
993
2329
202
28
817
1103
1746
717
28
1495
913
295
1743
1303
339
1618
1218
2126
1673
178
165
482
2259
185
731
334
2078
2173
1046
2286
1531
1799
1437
365
2057
1078
1298
2196
1817
1848
360
1004
756
1323
669
1444
303
1467
2044
2058
366
818
1287
1417
2160
1426
1929
651
929
1886
490
1843
348
2141
303
629
91
347
267
438
2308
484
232
116
140
1693
679
999
1032
2013
1129
1500
1347
1439
559
1977
7
2066
1931
1904
270
1876
831
495
1176
900
2234
1419
2319
2325
1140
144
179
1669
1393
160
657
732
1027
1531
244
200
985
1073
1602
2260
1134
2457
2015
360
1293
2583
1663
1846
164
2390
2057
131
1107
2133
398
364
1965
518
848
1257
1548
1946
361
1851
1233
1750
1813
1653
1078
2494
1041
2230
742
1911
188
1294
1560
1689
2104
1861
495
1620
1577
1903
107
276
2300
945
1452
867
2121
1153
2573
1978
1027
412
1884
1436
1248
1504
1601
2089
1455
648
2121
2197
928
712
1978
1470
1931
1421
1968
982
973
2491
2088
811
2092
1608
2067
2073
2171
1204
302
691
761
1356
998
2035
2531
781
1292
161
927
907
1943
1774
1954
452
1278
1392
500
2424
2494
1467
269
2252
1420
1994
1363
397
2012
1572
2294
1219
1706
1111
538
593
1694
466
1021
1762
1509
1823
1984
1685
1930
1428
1798
1540
1340
688
1009
2621
441
251
956
1359
2009
902
325
1533
970
342
1951
1446
625
1752
1433
2396
1937
438
402
806
2317
429
1049
446
2348
2318
1177
2523
1602
1836
1460
620
2364
1333
1361
2426
1869
2076
578
1076
1065
1453
773
1692
385
1628
2070
2339
565
927
1295
1533
2333
1447
2030
805
999
2155
641
2102
611
2400
377
835
333
550
319
641
2515
588
301
207
371
1903
878
1231
1123
2249
1212
1732
1514
1617
755
2287
46
2154
1983
1923
437
2164
889
798
1477
1173
2469
1523
2554
2548
1190
300
339
1965
1452

17
250
14
7
19
12
16
20
11
15
6
14
12
19
5
18
15
6
12
12
15
14
7
17
16
11
11
12
11
7
12
13
12
6
19
5
10
6
10
19
7
16
11
7
20
14
15
11
18
11
6
18
6
8
13
9
9
19
7
15
6
12
18
5
9
7
18
6
16
20
10
7
5
11
15
7
17
15
11
17
18
11
12
12
6
14
13
14
16
18
9
20
19
15
7
17
6
11
11
7
19
20
13
9
12
13
13
18
15
8
15
13
8
18
10
7
10
15
11
16
18
11
11
7
6
16
5
10
6
16
12
6
14
7
5
10
11
18
11
13
6
19
8
19
15
14
15
15
14
15
20
19
15
13
16
18
14
15
8
10
16
15
12
15
13
16
20
7
7
15
9
11
13
12
19
12
12
6
10
6
12
5
18
9
14
6
20
18
10
6
14
11
6
14
13
19
7
13
17
16
9
9
16
16
12
20
17
12
10
12
15
7
10
14
7
6
14
15
15
6
8
12
11
12
11
15
12
16
19
10
19
19
18
14
7
18
8
17
20
14
10
18
19
18
16
11
16
11
19
14
20
8
0
2225
135
1821
2218
1270
2070
1474
178
404
949
98
2315
1268
1030
1158
395
1957
1476
1971
289
2052
486
1735
538
2130
1791
82
1733
787
227
1601
326
475
2363
393
2153
1538
2113
313
2208
487
402
13
1432
268
671
815
2312
1264
694
1997
2026
2074
2352
1319
618
99
722
860
361
2050
151
485
1968
1291
2092
332
2185
744
563
1719
809
403
969
1836
358
2174
1154
25
1715
761
101
1536
257
1491
1546
1086
2358
673
2210
701
529
143
514
1608
428
1051
1316
979
155
1225
458
1900
853
319
378
1153
1092
1581
359
1000
2016
266
841
113
1732
1939
850
383
1203
1544
1945
1294
130
1970
121
2047
338
642
328
2043
2257
1550
1953
982
190
180
1748
1021
2159
1141
383
411
1972
1738
2357
2353
262
1285
158
112
2138
178
1018
2328
685
1202
1992
428
1673
732
88
1237
1748
1248
2320
642
1474
2075
1770
132
973
2104
439
1209
410
2182
28
1423
377
720
1217
363
758
921
1181
1498
236
1934
1533
1665
2116
1763
2220
1376
239
810
680
1745
339
774
166
2279
938
1946
1588
804
967
751
1724
322
769
32
521
409
2194
798
123
1602
450
2122
729
394
1791
1592
1919
913
596
1687
368
1976
1951
289
2052
2165
1984
1472
2007
522
253
1103
1789
54
1384
2337
1147
1078
2190
1342
137
2374
405
1924
2373
1591
2200
1518
469
556
1256
325
2564
1362
1324
1436
591
2229
1566
1995
525
2185
775
2005
859
2407
1943
388
1867
802
411
1807
378
623
2589
697
2305
1595
2394
616
2454
618
556
218
1484
371
868
844
2617
1525
898
2071
2071
2292
2461
1573
809
217
1029
881
630
2210
176
492
2004
1402
2156
422
2359
865
689
2027
872
433
1153
1973
664
2499
1221
75
2031
1080
287
1775
442
1703
1600
1261
2369
812
2443
956
646
232
752
1629
565
1341
1346
1276
362
1245
499
2198
933
476
578
1237
1349
1892
669
1137
2317
534
903
287
1872
2096
1175
476
1525
1563
2178
1337
284
2039
420
2064
525
683
558
2077
2412
1608
2028
1133
297
392
1899
1297
2458
1316
497
440
2111
2026
2381
2670
545
1610
360
158
2324
358
1257
2454
811
1214
2317
472
1760
775
416
1384
1967
1378
2629
665
1508
2377
1957
193
1151
2302
640
1300
490
2437
145
1695
627
947
1464
374
1081
992
1451
1604
263
2250
1628
1802
2267
1817
2352
1657
379
848
887
1803
506
1028
428
2526
1078
2223
1665
840
1155
901
1973
449
1032
279
597
704
2470
967
368
1657
538
2139
820
688
1938
1799
2201
1167
880
1761
548
2038
2184
536
2264
2300
2078
1651
2204
672
518
1394
1969
91
1571
2348
1413
1254
2210
1424

18
250
16
11
13
16
10
12
16
7
17
20
18
10
19
9
9
14
7
11
12
14
8
7
14
8
11
5
8
18
10
14
14
7
12
5
8
12
6
20
9
13
10
15
6
18
10
15
20
9
15
12
10
13
13
5
5
16
14
13
17
12
17
16
7
9
10
12
12
20
18
6
6
14
19
12
19
16
19
11
18
17
12
14
18
16
7
16
9
6
5
13
8
15
19
12
7
15
7
11
7
19
10
11
14
12
15
10
15
12
10
12
9
11
5
11
16
19
13
16
18
15
20
7
19
16
18
9
16
16
7
7
18
13
5
13
12
9
8
16
9
11
19
15
17
12
12
15
15
18
11
15
16
12
10
20
12
19
12
10
8
19
10
8
7
15
13
17
15
11
15
13
13
12
8
18
12
13
11
16
18
14
8
17
17
10
13
7
20
19
16
20
19
16
6
15
9
18
13
14
12
12
16
17
19
8
16
15
9
9
7
9
13
20
16
13
14
11
12
20
10
7
16
10
19
6
10
18
7
10
16
7
10
5
14
11
18
18
19
17
18
13
9
13
13
15
15
19
16
18
14
11
0
808
1525
1300
1106
466
1789
1485
1514
1591
2267
1796
1439
324
30
51
385
1117
682
1247
1459
2089
848
187
2055
1500
1746
1600
368
293
646
58
1480
1088
250
562
697
366
2173
2093
503
865
325
808
69
2187
918
542
1588
1473
167
116
1420
892
2065
824
636
535
69
1169
525
84
224
424
696
2386
2281
2303
1671
1136
1840
1582
542
1478
270
650
945
61
687
65
1727
2397
978
439
87
1634
875
875
187
1452
165
2218
71
2336
217
363
1160
39
425
2071
1039
241
1742
128
1716
1358
1664
823
1323
358
79
1839
1436
170
350
1434
411
908
839
2366
73
1913
2388
1863
994
1693
347
1315
1577
957
1185
334
428
667
787
1610
252
322
813
905
657
483
215
684
2332
230
1948
2396
274
831
1055
1347
647
1473
1419
2142
209
747
714
1165
1636
1838
546
53
1239
1240
681
1511
624
82
457
547
592
947
175
2391
2176
218
1341
271
2175
1779
998
2418
820
1577
791
325
1672
345
1796
1505
2009
1272
926
1847
2223
1466
1091
1441
1026
1818
81
1902
127
517
1836
1932
2130
2092
531
1769
1118
2389
523
1780
489
718
783
1019
1846
2019
2027
370
1931
2160
1488
1567
1907
1533
2059
1876
636
1337
759
2351
453
1065
190
406
1922
15
687
1568
1571
1979
2283
1762
535
1705
128
1038
1779
1411
1145
734
2020
1762
1606
1931
2419
2113
1669
620
310
222
433
1364
709
1300
1506
2122
1163
481
2351
1729
1821
1690
650
458
713
327
1759
1376
579
807
758
643
2485
2147
578
927
334
892
141
2267
1142
677
1678
1502
479
322
1475
916
2392
1051
914
786
343
1339
648
418
298
545
980
2401
2541
2513
1979
1448
2011
1692
610
1649
506
767
1272
233
871
363
1753
2715
1019
612
258
1697
914
961
365
1683
489
2290
401
2616
527
640
1216
84
506
2302
1130
431
1981
358
1845
1509
1817
989
1520
403
338
1955
1642
326
547
1672
685
1221
1094
2502
141
2059
2479
1920
1163
1732
472
1488
1627
1038
1347
656
552
830
866
1737
502
476
884
974
956
778
265
995
2571
453
2104
2530
527
1007
1340
1532
790
1803
1722
2310
453
884
982
1326
1918
1996
682
332
1425
1275
750
1604
939
397
727
620
850
1022
380
2607
2400
441
1561
602
2246
1962
1248
2430
1077
1668
908
535
1929
648
1861
1688
2335
1590
1248
2134
2302
1555
1136
1456
1087
1986
414
2087
277
837
2091
1998
2309
2285
854
1885
1191
2450
577
2063
582
849
988
1090
2104
2103
2225
489
2247
2438
1800
1863
2239
1680
2374
1905
743
1528
895
2558
488
1282
373
446
1935
223
761
1686
1867
2031
2357
2066
752
1803

19
250
19
9
6
15
15
10
16
9
5
7
14
15
6
15
19
17
13
19
7
8
7
15
12
19
19
10
14
14
12
16
9
7
8
5
8
19
12
15
5
12
17
6
6
10
7
18
9
16
18
11
8
7
11
19
18
17
17
20
19
12
18
18
9
5
11
20
17
9
11
10
7
16
17
10
10
13
10
10
9
5
17
9
20
13
12
18
18
12
9
7
11
18
16
10
9
6
10
5
16
13
10
7
7
10
11
20
15
18
10
17
10
10
14
19
11
18
16
5
18
9
14
17
18
17
19
9
14
12
16
7
18
20
11
12
13
13
20
10
12
11
19
12
15
10
11
6
13
11
9
18
17
12
7
14
10
12
12
9
11
12
7
17
11
14
11
17
16
16
16
18
9
15
14
14
8
17
10
17
13
14
10
14
8
11
6
6
19
19
7
18
8
9
8
15
15
15
9
6
15
9
17
13
17
20
6
6
10
12
9
11
16
17
17
7
13
13
11
10
17
12
15
12
11
8
9
13
20
9
12
10
20
13
8
11
19
19
13
13
9
6
8
11
17
13
16
11
14
9
9
14
0
1255
118
1548
309
15
1017
1610
1861
74
1613
2184
208
2183
2346
2074
2090
1369
1823
1482
1178
2029
1203
2098
1618
537
230
1631
1805
95
11
1076
1099
1468
536
1859
1625
1416
956
1762
1980
1263
56
2037
2059
968
221
1682
1696
2298
564
709
574
1179
1342
125
918
2238
623
1644
1608
318
623
1903
1690
1981
2323
680
1918
1182
1078
1404
1150
968
1836
2284
2088
78
784
1059
2018
1012
1455
2275
1873
798
356
685
2200
2190
735
263
540
1838
1302
73
1158
206
2061
1790
2208
1553
2315
686
1869
1693
27
767
301
78
574
1768
1308
988
1705
1024
2308
366
390
287
57
729
145
1690
703
1286
974
1745
439
983
2291
510
644
1604
965
1885
237
1605
717
987
899
725
908
446
832
1368
2127
2167
949
909
1309
2276
1510
912
2037
1670
1333
1546
994
1092
1130
108
2097
178
1923
1958
460
4
77
1591
1831
344
505
968
823
567
166
1661
76
109
1058
291
698
366
123
1457
1431
1611
1149
2337
436
1478
784
802
1812
381
812
73
1952
1586
1167
555
191
1899
2290
1299
1785
681
1900
1743
1217
1973
673
272
922
2169
1887
1451
1658
1521
712
217
801
1341
2323
1950
667
1661
977
2011
1959
1192
1593
118
930
259
1848
1402
624
1466
2228
1858
700
1720
2029
1805
2067
956
1691
346
50
1265
132
1609
498
192
1335
1679
2065
189
1742
2367
451
2227
2378
2393
2238
1440
2005
1510
1359
2181
1262
2152
1901
724
528
1688
2075
316
305
1125
1193
1654
689
1881
1805
1639
983
1857
2173
1307
162
2349
2124
1278
338
2006
1850
2465
882
758
692
1460
1474
181
983
2441
934
1953
1728
532
872
2115
1776
2186
2400
747
1931
1198
1206
1435
1270
1130
1901
2511
2328
224
985
1146
2091
1031
1646
2489
2003
1075
630
823
2449
2336
817
458
718
1902
1612
380
1333
420
2257
2065
2449
1735
2411
912
2111
1805
236
1066
325
379
633
1815
1626
1038
1866
1066
2461
472
411
506
302
809
436
1714
897
1315
1126
1891
523
1255
2546
774
817
1664
1106
2053
292
1867
764
1142
1169
917
1102
462
1045
1511
2399
2361
1062
972
1556
2544
1727
1027
2271
1684
1546
1860
1145
1295
1422
302
2315
346
1988
2154
692
311
192
1826
2123
637
740
1157
1060
772
355
1738
216
427
1350
311
725
653
343
1676
1573
1900
1466
2505
597
1554
1022
1030
2140
428
997
235
2072
1786
1417
576
212
2029
2452
1584
2043
892
2113
2041
1486
2207
696
460
1041
2200
2036
1633
1777
1714
996
248
925
1381
2445
2100
765
1795
1168
2182
2243
1303
1699
219
1029
490
2160
1575
692
1493
2334
2045
847
2004
2229
1930
2144
1187
1739
553

20
250
16
17
13
7
7
9
20
13
15
17
7
7
20
20
12
11
8
10
18
9
15
20
13
12
11
9
13
17
13
10
12
20
13
18
10
19
8
19
10
19
10
12
7
16
17
15
9
13
9
12
6
18
7
15
17
12
15
10
18
10
14
14
15
7
13
16
14
16
8
11
15
8
7
7
15
14
15
15
6
13
13
19
12
6
20
12
6
16
19
6
13
6
17
10
14
19
9
6
16
14
19
8
17
8
13
8
15
19
7
10
6
12
5
6
18
10
16
6
5
16
17
10
13
9
20
13
13
16
6
6
7
14
17
18
20
9
5
15
8
19
7
9
17
17
11
6
9
8
8
5
15
14
12
12
5
20
6
10
9
9
6
15
9
13
7
10
7
19
17
11
10
14
18
7
11
12
7
15
15
19
13
10
14
15
19
13
5
8
12
19
9
14
6
13
13
11
16
11
15
12
16
15
8
17
16
18
12
17
13
9
19
19
7
20
6
16
8
9
15
17
16
19
11
10
17
18
12
17
16
10
11
9
14
13
18
11
13
11
7
14
15
5
7
11
16
7
14
19
17
19
0
335
1279
1813
1884
128
777
1652
1359
1632
1073
753
788
1896
778
2304
1778
1370
351
660
2340
516
2004
727
1311
931
741
483
562
1372
100
451
1533
1394
372
1732
879
609
2272
2339
560
1600
2034
451
1916
2143
2105
232
1419
1207
1660
626
2262
2063
507
378
759
1690
1772
2041
1655
1532
2261
1214
163
587
551
178
1285
1175
2306
1630
136
135
1169
509
866
467
1678
141
262
2104
1447
182
1873
2108
1428
1390
829
572
1426
553
509
247
350
1804
1223
845
660
1207
924
1902
1238
1386
2139
1066
1674
1330
1717
1663
2150
1708
2212
2327
799
1367
351
1351
903
1843
818
269
1615
277
1386
1763
1024
1642
2342
472
1672
137
331
1764
382
605
765
1248
1822
1627
1869
24
80
1747
970
219
576
2176
1943
1741
722
1652
1568
1197
1677
1431
1869
2170
141
1984
340
198
1991
2343
413
985
2004
121
1149
2309
2018
775
1436
491
30
1255
1176
1245
1423
1267
1861
1776
1281
220
760
1495
732
196
2257
1161
1569
1221
627
823
2150
2115
92
1037
2278
253
571
1251
97
1157
902
2205
468
718
1962
1541
1413
311
387
1202
1581
1133
2320
1726
29
460
866
2023
726
1930
760
873
112
1453
1005
2289
682
806
202
2196
722
1120
1116
854
816
107
1655
2021
748
1636
518
1013
1574
415
2315
177
95
628
1435
2119
2029
333
1088
1837
1463
1737
1141
981
1120
2058
843
2620
1957
1649
494
725
2548
699
2033
914
1556
1097
876
646
864
1465
205
771
1665
1526
641
1826
1177
816
2393
2459
748
1708
2151
735
2147
2448
2211
393
1603
1375
1928
837
2449
2167
673
455
1022
1733
1873
2085
1740
1740
2454
1447
376
646
636
415
1305
1241
2487
1687
380
264
1205
579
988
487
1988
241
289
2291
1652
324
1954
2329
1508
1496
926
686
1622
675
771
536
392
2050
1292
1159
853
1497
1084
2092
1267
1565
2342
1230
1895
1648
1843
1913
2243
1804
2410
2457
1042
1665
636
1602
984
1955
1098
383
1708
537
1466
1937
1291
1773
2379
780
1964
408
425
2037
440
620
1013
1545
2020
1958
2065
33
99
1876
1228
467
677
2464
2059
1909
757
1921
1635
1355
1785
1601
2021
2399
258
2017
449
346
2149
2390
706
1202
2222
184
1430
2359
2199
993
1525
600
228
1419
1491
1466
1637
1510
2140
1961
1584
355
1023
1641
743
209
2278
1320
1876
1331
870
1144
2366
2398
216
1265
2372
420
675
1578
190
1423
1191
2262
523
932
2140
1647
1496
412
699
1332
1808
1343
2354
1788
263
650
1102
2207
909
2112
829
1064
422
1704
1285
2377
712
1038
364
2401
967
1392
1306
1042
941
368
1876
2113
945
1946
757
1064
1884
485
2464
492

21
250
18
16
16
13
16
10
9
10
6
19
7
12
20
12
16
10
5
16
16
14
16
5
13
11
14
16
12
19
18
15
6
9
9
18
16
16
15
8
14
16
18
7
9
9
12
10
8
19
11
18
9
19
9
10
7
16
7
6
7
13
9
18
6
19
16
13
16
9
10
16
15
14
10
13
18
9
17
8
5
8
9
10
10
7
14
19
13
16
9
5
17
13
15
12
14
6
7
7
8
6
9
13
19
18
15
6
16
5
17
15
7
11
9
15
14
12
9
17
12
6
9
6
8
10
8
9
14
20
17
11
5
18
14
9
15
18
7
18
10
17
18
14
14
7
6
19
8
19
8
9
16
15
13
9
10
20
17
20
18
10
18
15
11
5
9
14
7
9
8
17
9
13
8
17
7
6
13
14
13
13
7
11
6
16
13
9
14
12
17
13
8
7
19
17
6
17
15
9
11
18
13
10
17
7
14
6
11
11
17
20
12
16
10
12
20
18
5
9
19
12
11
15
10
12
14
8
6
9
7
20
13
18
18
10
12
7
14
10
8
10
19
14
9
7
18
15
20
16
18
17
0
1216
1240
973
949
1932
2109
1272
1822
1933
569
803
1246
1103
1488
376
377
277
2187
429
999
2196
1465
894
1577
1611
1749
834
957
1132
1252
239
221
147
1998
575
1331
358
470
1842
11
757
640
2015
1631
93
2236
1245
1937
512
1688
473
774
293
318
1474
2226
1803
1604
306
2135
1745
1344
2030
2159
1408
1222
5
334
1661
942
936
1962
1879
1733
1901
763
2302
1896
529
1940
1190
970
161
8
198
141
816
1578
60
1562
343
1316
2309
1171
1216
1254
1460
837
1015
232
1912
1984
1438
1920
2286
1883
2305
647
2298
1119
1491
441
400
1708
2007
1012
194
2035
827
1446
794
561
72
1697
760
550
1240
1655
21
2265
2243
1054
1601
390
1959
2314
2221
934
1956
1039
1387
1207
806
1047
1811
432
774
1534
659
804
1457
239
83
1670
141
1914
1771
2269
1277
1792
73
1782
1530
587
1001
557
1472
2169
554
541
1102
1773
653
1796
144
1642
759
119
2017
1714
1758
1170
701
2234
1903
496
400
677
525
496
859
1321
899
2111
558
1323
165
584
1630
1742
1731
1851
1514
432
968
856
1538
1342
477
921
1222
1763
1119
1558
1552
1350
1900
1410
2223
1400
1261
1637
2201
1134
409
834
208
1190
1249
1536
2130
202
1868
872
1849
1628
666
1644
430
494
505
166
35
1964
789
1042
413
2007
1297
194
1438
1338
1125
1120
2065
2255
1560
2091
2027
643
1022
1332
1210
1539
431
389
597
2306
467
1163
2453
1568
1081
1807
1842
1808
890
1197
1280
1336
549
399
228
2266
772
1633
671
757
2004
310
887
914
2089
1930
119
2411
1544
2126
822
1737
765
985
583
333
1761
2448
1994
1877
479
2342
1821
1570
2173
2414
1460
1492
169
529
1720
1200
1014
2228
2171
1946
2159
814
2461
2086
731
2154
1223
1036
386
169
511
203
881
1664
187
1638
398
1537
2434
1417
1405
1340
1670
1117
1220
364
2059
2207
1712
2149
2527
2136
2313
771
2348
1144
1583
659
542
1906
2159
1170
402
2346
1092
1556
930
689
231
1865
781
686
1475
1915
237
2463
2379
1221
1798
573
2121
2434
2437
1108
2062
1212
1579
1288
864
1302
2034
601
1081
1689
888
900
1705
465
298
1906
461
1993
1924
2351
1372
2101
298
2013
1835
704
1187
568
1683
2328
835
617
1117
2004
882
2081
180
1659
827
173
2297
1893
1834
1289
759
2515
2153
674
697
695
826
593
955
1363
1191
2376
758
1551
274
646
1751
1905
1858
1915
1656
582
1099
1013
1619
1373
798
1132
1510
1803
1205
1627
1767
1410
1929
1468
2409
1565
1302
1728
2248
1248
458
1065
316
1361
1306
1746
2412
396
2140
1097
2090
1754
938
1907
479
644
744
264
197
2215
829
1074
523
2246
1461

22
250
18
5
13
14
9
13
14
19
7
7
8
10
14
20
16
13
8
6
12
9
11
17
12
16
10
8
12
8
19
14
10
15
8
10
9
9
6
16
14
11
18
19
8
11
16
18
16
11
7
10
6
8
6
14
9
6
6
9
12
7
10
11
17
17
14
12
6
8
17
9
17
10
15
13
12
6
9
5
6
6
19
12
15
6
12
10
15
9
19
19
8
15
7
19
11
19
11
9
14
12
8
7
13
9
12
14
6
7
20
13
8
16
7
9
7
16
12
7
10
15
7
12
12
16
5
18
11
14
8
12
19
12
14
17
16
10
7
16
12
14
8
15
7
10
7
13
14
7
15
16
15
8
7
17
11
10
18
10
19
20
12
17
10
14
18
5
9
8
13
12
11
15
14
9
17
12
13
16
12
8
8
7
20
12
10
5
9
17
12
18
14
6
17
16
8
14
8
6
16
11
15
9
17
13
16
13
18
10
18
12
10
8
14
14
8
17
9
19
15
10
16
9
6
11
17
17
12
7
15
12
13
20
12
12
19
15
10
6
16
17
18
7
8
12
6
7
6
6
11
10
0
1374
1489
967
1852
1527
220
199
868
531
601
1074
681
1827
1630
2071
422
858
1610
1894
1913
1703
1015
84
294
767
1435
457
1926
425
1791
406
1999
469
811
1618
723
1217
269
640
1734
1881
107
1555
41
1242
42
276
1494
2103
1014
584
648
1984
968
244
1464
586
682
626
1016
2024
707
514
521
2109
673
708
1874
1279
2139
211
358
2156
1659
1685
979
1042
2055
239
2076
1624
1755
70
455
2073
1363
1722
1930
1704
719
19
2125
728
1048
249
1881
1265
1080
1014
1999
1021
1759
514
1438
1230
1715
1467
1812
133
329
2183
2066
292
1776
372
1834
1034
1094
1685
1813
2075
1534
1467
1788
789
1796
982
282
239
150
2034
932
1499
994
982
522
1845
1556
2093
1762
1404
171
1928
1149
1841
1608
464
1719
1912
525
1837
1028
283
1227
48
1918
1496
1166
1924
893
1963
822
2215
1649
1043
939
1122
1889
663
575
1468
962
549
1645
2069
1036
1696
2127
504
189
560
1485
1719
1512
12
486
969
866
1652
1076
116
1969
1057
1914
1194
1333
1965
1922
508
666
1681
751
923
450
1714
1814
803
996
379
91
1841
468
1279
566
940
526
1102
344
1683
124
1805
439
1612
1555
1711
358
2030
306
1618
1269
1021
715
586
2175
741
2174
1849
1444
864
86
1275
1547
304
2215
1177
295
1415
1823
1787
309
1489
1781
1249
2110
1721
494
489
893
541
880
1262
695
1865
1807
2136
539
884
1628
2154
1994
1798
1243
325
532
1021
1650
644
1971
526
1802
545
2146
542
972
1874
797
1376
389
754
1901
1982
375
1828
140
1542
209
325
1760
2355
1030
597
725
2079
1245
491
1554
623
976
652
1194
2131
811
566
698
2338
878
769
2146
1332
2449
456
544
2367
1787
1907
1038
1060
2257
253
2390
1722
1798
172
754
2303
1633
1755
2072
1921
980
323
2329
947
1083
553
1986
1545
1303
1122
2262
1158
1923
595
1609
1444
1790
1498
1862
243
440
2221
2192
522
1994
545
1958
1043
1342
1765
1967
2325
1802
1526
1834
902
2007
1075
293
331
260
2168
953
1580
1185
1284
764
1955
1739
2306
1818
1652
426
2159
1430
2139
1851
521
1764
2064
790
1886
1036
385
1495
118
2056
1590
1268
2143
915
2235
1008
2340
1910
1160
1180
1299
2171
723
883
1776
1002
691
1745
2315
1205
1785
2316
682
322
715
1801
1744
1697
150
537
1146
1035
1849
1096
138
2267
1147
1942
1485
1440
2223
2104
772
859
1776
914
1031
548
1840
2057
887
1119
527
366
2100
560
1465
627
1082
549
1161
474
1790
209
1920
718
1803
1706
1895
565
2207
422
1805
1370
1324
951
694
2328
975
2417
2054
1532
1013
311
1569
1788
573
2289
1233
369
1430
1935
2015

23
250
15
13
19
15
19
17
11
11
15
14
9
14
9
9
11
11
15
6
10
12
14
20
20
15
17
10
13
17
18
19
14
7
14
18
14
14
17
10
18
5
18
5
8
18
15
13
16
8
11
20
9
18
15
16
18
5
18
14
8
19
16
11
5
18
19
18
19
12
11
9
6
6
10
15
17
12
14
14
6
20
7
18
14
6
7
18
6
5
10
5
14
8
11
7
6
17
6
18
10
9
9
18
8
17
15
9
13
13
6
18
19
12
6
18
20
10
13
17
12
6
20
13
6
8
10
19
11
13
17
18
17
12
5
17
18
19
17
7
12
6
19
16
5
18
12
6
18
18
11
10
9
10
18
19
13
13
18
6
14
5
6
17
20
7
6
18
15
17
6
11
8
9
6
6
6
6
9
6
7
19
8
11
13
9
15
18
11
18
8
18
15
19
14
9
8
15
18
8
12
9
9
8
7
11
8
5
7
10
15
13
12
19
8
10
16
20
9
14
18
19
14
8
15
9
8
16
11
10
14
9
8
15
13
6
10
13
18
18
9
14
10
16
7
6
15
15
12
8
5
9
0
2016
965
328
2215
1697
1702
774
854
615
1222
1216
1824
2247
1965
1089
1663
1013
2222
1541
739
1839
555
584
1790
367
1949
1721
628
677
2170
1795
1933
1935
172
1772
1160
599
1094
1547
417
97
1468
1536
1654
131
662
66
803
1748
2249
36
685
321
432
2212
1164
271
1356
942
640
382
2268
1572
2283
2166
1632
865
925
1773
417
896
2169
1600
143
62
779
2100
2143
1423
171
637
1979
627
41
2107
2097
629
1394
668
1744
1478
218
157
1196
752
448
2268
263
1789
1181
2135
200
138
406
1866
624
1214
487
214
556
23
1793
1497
2188
1568
2296
1964
878
1117
1177
1390
1871
659
978
390
704
1653
1689
1001
371
1528
2253
1289
2212
1539
556
1492
1704
2209
395
861
595
987
204
357
1397
896
2284
2007
325
596
1031
1469
566
247
538
1829
1448
558
1449
980
1675
1500
466
1531
144
1325
552
274
2250
49
774
1481
1209
1069
1066
1761
526
1085
150
59
567
1584
962
1466
1387
1789
1822
936
668
1678
1646
1690
1642
579
2111
867
565
1325
147
1861
1200
825
222
2208
254
296
222
140
570
2062
1346
1289
644
563
470
1139
983
1958
1429
1515
1493
856
1359
1819
138
2073
166
2319
1967
1985
914
2124
2221
1102
319
1209
1479
1970
2317
764
268
1210
343
1920
831
1943
869
1775
112
2277
1152
443
2408
1963
1911
995
1103
908
1528
1535
2066
2261
2187
1204
1954
1269
2361
1775
827
1995
865
748
1908
423
2172
1853
687
931
2269
2006
2223
1962
395
1900
1318
625
1124
1604
682
260
1511
1849
1787
165
729
263
1111
1982
2313
76
885
381
596
2246
1305
428
1473
1235
901
618
2284
1604
2552
2438
1770
1152
1018
1953
650
1104
2248
1882
274
279
1003
2242
2418
1730
436
770
2286
713
330
2307
2395
758
1678
689
1958
1551
239
426
1377
906
686
2398
379
1841
1330
2196
348
214
453
1875
893
1239
530
503
756
76
1864
1823
2368
1615
2592
2234
1036
1213
1310
1533
1971
775
1023
606
886
1674
1840
1256
539
1709
2266
1325
2448
1714
737
1773
1988
2266
637
1084
878
1235
471
553
1719
1116
2567
2105
631
701
1191
1789
689
402
804
1844
1607
759
1643
1006
1710
1717
632
1851
402
1640
756
399
2318
144
783
1619
1267
1357
1210
1825
752
1104
343
331
607
1795
1228
1490
1434
2073
1955
1063
860
1931
1673
1721
1816
674
2434
1164
813
1519
338
1938
1434
1074
251
2271
430
447
498
337
686
2228
1478
1533
759
640
508
1396
1055
1981
1677
1630
1784
1031
1541
2057
376
2138
189
2453
2129
2029
1104
2166
2454
1172
490
1347
1783
2250
2596
965
524
1383
405
2148
1123
2081
880
1904

24
250
11
13
8
7
9
17
20
15
16
12
17
9
14
17
17
14
15
9
11
18
6
9
10
18
10
17
9
16
18
13
10
18
20
9
16
10
8
19
8
14
17
10
18
17
13
15
14
9
11
17
13
19
12
11
8
5
10
6
14
10
5
10
17
7
10
6
15
17
8
7
7
6
15
7
13
14
13
12
7
10
19
17
20
7
10
17
11
13
16
9
15
11
19
10
8
6
7
7
5
5
11
7
15
11
9
11
12
19
11
11
17
9
16
14
13
15
15
12
16
17
12
11
11
8
20
14
11
12
11
14
9
15
15
11
17
6
15
16
18
7
7
12
19
7
10
10
12
19
12
9
10
7
18
18
11
13
10
5
9
18
12
19
12
19
16
20
13
10
11
6
14
8
6
9
19
7
15
14
12
17
8
12
7
16
14
19
15
10
19
5
15
18
18
16
7
11
8
14
19
9
9
8
20
11
15
7
7
9
20
20
5
14
10
9
9
16
13
8
17
9
12
15
13
5
11
14
11
7
9
16
19
20
10
12
17
12
19
19
7
11
16
10
18
19
5
11
15
7
19
11
0
1923
459
1031
1733
1995
1388
659
1362
1943
916
2300
728
1750
1119
1827
66
1002
1190
1965
790
503
1062
1706
1396
866
101
516
279
1355
2018
229
857
1114
999
297
1609
1374
2184
1944
1395
1439
190
597
321
1048
1458
752
877
1911
129
33
1272
25
212
2252
2008
1204
763
1544
1300
149
1850
2071
388
2103
1651
1364
1330
1788
501
1797
2013
987
877
1598
1280
457
487
1881
255
914
95
2111
1096
49
2268
1830
939
1688
1688
2028
899
717
1501
688
2241
1870
401
1526
272
1025
1222
143
1690
1082
2078
1593
1326
406
2160
932
2303
270
1881
1740
1570
1900
1509
1859
1510
2265
1281
334
2224
1194
154
1451
209
963
849
2230
1675
1612
2017
2227
1599
1125
1505
1027
2039
1401
884
1271
2163
1150
232
1275
868
2310
1325
2081
412
1790
1229
1317
626
2122
1432
1062
108
1170
544
2080
980
1483
335
2291
943
1758
153
2167
1867
1686
177
2261
3
1296
168
235
1026
416
223
564
1693
357
1831
2324
2312
1781
1749
1541
1125
856
317
1503
2155
979
403
2227
1621
196
2295
2105
788
1910
1003
1586
1022
2024
659
2286
948
93
1153
696
439
1631
2006
192
1030
856
1961
900
476
1953
1943
414
1369
512
1567
2253
1234
1888
1489
2086
309
465
1780
2250
1453
1223
1624
1262
1066
624
2186
1854
1430
1188
226
2012
651
1052
1791
2030
1462
759
1531
2028
1064
2384
824
1888
1146
2089
290
1079
1352
2046
889
634
1102
1771
1619
1168
245
713
453
1600
2091
314
1073
1339
1039
356
1893
1515
2351
2134
1627
1557
240
841
485
1336
1624
902
932
2232
254
116
1339
290
393
2538
2026
1219
1036
1786
1359
298
1968
2384
532
2239
1723
1408
1372
1912
662
1847
2155
1249
1186
1908
1532
586
600
2109
429
945
231
2307
1240
180
2545
1991
1235
1875
1956
2207
1180
876
1663
854
2326
1934
672
1611
538
1120
1409
450
1708
1324
2387
1678
1480
447
2234
943
2509
310
2139
2018
1588
2054
1527
1903
1803
2285
1350
586
2340
1425
284
1473
424
1145
1072
2282
1974
1830
2120
2384
1723
1448
1755
1295
2299
1580
1141
1391
2404
1325
412
1414
1117
2562
1390
2238
440
2013
1369
1432
720
2204
1697
1172
314
1445
849
2146
1059
1616
475
2535
1131
1827
362
2238
2177
1845
196
2359
198
1500
246
478
1173
526
442
875
1919
533
2040
2349
2438
1954
2014
1744
1308
915
488
1784
2284
1145
686
2332
1721
459
2485
2332
810
2225
1305
1861
1102
2145
678
2422
1185
201
1164
805
659
1760
2207
467
1054
960
2118
1139
538
2086
1959
673
1408
666
1789
2344
1409
1918
1540
2329
611
610
2045
2458
1492
1375
1932
1575
1127
737
2445
2134
1512
1484

25
250
16
15
17
12
7
7
16
9
14
13
18
19
6
7
16
19
14
17
13
10
5
16
7
14
11
20
9
7
17
13
19
12
8
13
18
10
8
14
17
7
9
16
6
17
11
7
15
7
18
11
15
16
6
18
15
5
16
7
11
19
5
16
17
8
15
11
14
12
10
13
10
10
11
19
7
12
8
19
13
10
14
20
19
16
15
7
10
19
16
5
18
20
13
11
10
7
14
10
6
15
9
20
18
18
10
18
8
10
7
16
7
17
19
7
6
18
14
9
9
8
19
10
17
6
14
20
10
19
6
10
10
6
19
10
7
13
17
8
12
8
7
9
10
16
17
12
11
17
19
13
6
13
13
17
10
20
15
12
6
6
15
14
11
5
11
15
10
18
11
15
5
8
6
17
15
19
17
14
12
14
18
16
14
11
10
8
13
6
8
11
8
19
19
7
5
8
19
12
7
9
9
7
17
16
7
7
19
7
20
7
13
14
14
6
7
6
18
9
9
18
6
18
15
13
17
9
5
14
19
17
14
18
7
8
14
10
15
14
13
16
10
16
18
11
15
12
13
13
9
17
0
852
62
187
1110
271
1633
2249
51
186
932
2205
720
328
1430
1435
2009
727
122
246
20
2229
221
828
424
1158
1878
1622
731
2024
1571
619
1646
1245
1676
679
695
705
332
1822
1695
1772
374
1501
249
1376
438
1775
2092
1275
45
173
1909
900
399
404
376
1217
90
1084
1031
1617
46
961
1862
980
631
2094
41
1240
568
573
1424
1288
1538
2111
2006
507
200
877
493
2111
1747
808
2169
642
1827
1476
1066
2017
1196
2126
724
2271
2270
1845
1
1312
728
600
1916
1141
475
27
2232
1972
2277
1748
1795
1587
1341
2102
1679
2053
42
1993
1859
1191
1219
512
2032
867
2212
314
2049
177
1631
413
567
951
1763
2041
1012
617
4
908
202
2187
1096
818
1307
114
1651
1025
878
2029
2040
1605
944
902
1765
162
557
1840
808
894
1501
1783
317
2315
1154
715
1863
984
242
824
929
810
804
80
1813
90
1148
1845
735
1736
377
422
1536
211
628
1403
1491
2279
983
1809
2292
159
1463
514
11
765
1755
1206
2134
1671
1427
1535
2182
1184
265
561
1918
695
828
1844
21
538
205
51
2295
1075
1023
613
240
928
738
2084
989
1752
902
55
1883
2142
108
477
2011
1725
642
1142
2189
353
1872
1340
1881
1803
1096
774
425
2247
465
1188
1750
834
1150
2051
2003
1017
1981
1429
174
915
81
249
1375
329
1783
2394
276
393
1240
2398
885
401
1712
1751
2089
826
349
288
28
2453
405
1050
477
1331
2055
1745
874
2303
1894
726
1768
1307
1728
698
747
755
350
1889
1916
1995
682
1826
427
1471
686
1851
2361
1511
184
254
2055
1146
511
543
578
1453
172
1123
1042
1657
280
1049
2000
1237
907
2240
232
1404
853
694
1584
1403
1635
2221
2228
717
519
917
704
2214
1926
870
2258
707
2010
1691
1356
2058
1439
2360
972
2338
2287
2055
105
1400
1010
793
2170
1358
563
268
2536
2039
2387
1901
1930
1637
1379
2189
1706
2110
197
2269
2152
1426
1376
524
2054
1129
2458
438
2206
474
1644
615
578
1232
1915
2068
1081
810
77
1222
296
2496
1127
1065
1605
224
1867
1089
1076
2298
2136
1801
1187
1133
1856
245
658
1907
973
1125
1747
1984
552
2341
1423
781
1965
1279
531
847
959
1050
1072
302
2123
405
1238
2012
835
1860
457
700
1674
258
894
1456
1560
2544
1084
2021
2547
334
1476
639
119
1090
1847
1457
2347
1865
1745
1633
2196
1337
403
666
1975
795
900
1993
213
588
241
356
2593
1260
1343
818
387
1014
1035
2389
1269
1870
1049
344
2180
2206
147
657
2139
2016
698
1263
2318
565
1884
1394
1915
1867
1213
1028
494
2516
657
1221
1886
983
1453
2244
2136
1313
2068
1712

26
250
14
17
5
12
15
10
11
11
17
6
18
18
11
13
19
13
18
15
20
14
18
13
13
8
18
16
6
19
10
6
17
10
10
6
12
8
18
6
15
13
17
16
14
7
13
11
15
6
8
7
9
18
9
11
19
13
6
16
13
9
14
18
8
12
20
17
10
16
14
20
12
8
15
20
10
6
20
10
8
11
8
9
8
19
7
11
5
13
7
9
12
20
14
11
12
14
19
19
18
11
10
12
16
17
12
9
5
11
10
12
13
10
13
11
11
6
11
10
12
14
16
12
12
19
16
16
19
7
8
18
9
6
8
17
15
19
14
11
8
10
18
14
7
5
12
5
10
20
15
7
5
12
7
17
8
16
13
15
6
15
8
10
10
14
14
11
18
12
7
16
12
16
7
16
16
12
16
7
10
9
20
11
19
20
6
11
19
15
11
6
16
18
19
14
15
6
19
9
20
7
12
18
19
10
15
13
8
7
14
7
10
19
7
18
13
6
17
14
17
14
17
14
6
16
6
9
17
13
13
12
8
7
16
19
15
9
18
15
19
11
18
18
9
17
20
18
13
19
7
6
0
1756
326
976
2251
1145
699
1326
771
2071
1490
2039
252
1758
1439
1217
854
885
959
948
1787
855
2330
2258
1302
1722
756
1370
2285
2359
1976
1294
340
854
1192
1710
1379
1440
1767
175
476
2201
1323
875
2247
752
2324
2172
269
1632
889
1958
556
829
1431
1544
1835
84
1361
1963
1031
272
575
1932
836
338
1350
839
2244
1003
1097
1773
1705
1718
622
1299
1892
1918
1823
1405
1106
2222
852
1814
1191
2353
560
954
1373
939
734
1786
1242
1089
1829
906
1691
772
2077
2257
892
409
2315
591
254
1948
755
2174
822
947
1575
1721
292
581
529
2071
2005
1585
2341
340
945
1786
2213
922
877
2024
433
463
1504
2201
1458
423
274
900
2288
1866
12
1321
2277
59
448
1327
1213
61
475
1248
1158
1979
1085
100
262
821
172
1984
1188
1911
49
958
959
1739
2216
1774
1512
1755
746
2010
632
217
1082
123
171
1091
1959
87
744
1755
512
1112
788
863
1049
142
66
23
2015
371
1740
234
1021
1194
1222
4
1980
871
1065
863
60
1565
2086
1032
2156
496
484
1980
1568
2050
543
1515
228
1293
1400
500
1918
2249
735
1588
897
17
4
953
1085
1951
1784
1294
2292
356
503
1937
501
436
2255
1453
514
1687
1320
1882
18
829
1359
69
413
17
1783
362
1110
496
1626
914
1709
1097
120
2049
605
1086
2426
1291
824
1412
1024
2358
1741
2078
512
2072
1662
1236
1183
904
1006
990
2062
1105
2402
2548
1624
2054
838
1590
2306
2603
2100
1422
484
1084
1309
1783
1501
1530
1929
365
658
2345
1457
958
2530
864
2611
2299
278
1703
905
2278
749
893
1539
1561
1849
287
1646
2065
1175
575
617
2064
1048
395
1497
861
2550
1080
1148
2040
1934
1810
891
1594
2155
1960
2128
1677
1363
2264
1127
1866
1406
2422
567
1273
1508
1202
1047
1977
1256
1254
1936
1205
1989
914
2301
2443
951
688
2519
767
581
2034
962
2367
930
1029
1701
1780
354
746
696
2385
2327
1667
2454
396
1028
1968
2243
941
944
2260
644
510
1798
2466
1587
707
294
1058
2471
2163
318
1448
2389
69
594
1385
1222
371
675
1301
1426
2088
1307
190
453
1046
248
2231
1394
2114
189
1053
1000
1768
2536
1978
1812
1881
997
2250
652
229
1264
314
277
1184
2012
367
817
1963
605
1414
973
880
1361
400
267
209
2291
489
1760
410
1156
1328
1338
153
2027
962
1226
1066
273
1868
2261
1260
2373
761
769
2192
1829
2325
734
1609
526
1519
1527
673
1987
2523
895
1723
977
149
164
1038
1403
2261
1827
1556
2565
379
560
2142
553
718
2536
1645
726
1726
1389
2145
256
895
1473
352
433
139
2053
451
1143
799
1902
1196
2032
1374

27
250
7
12
6
7
17
12
13
12
19
13
19
17
11
6
13
12
11
15
12
11
18
6
15
17
11
6
8
7
15
6
15
18
7
11
18
19
7
13
6
18
17
17
17
15
17
9
7
5
14
10
17
16
8
12
15
20
12
8
12
7
11
8
8
12
11
7
14
14
9
19
6
17
13
9
16
17
8
8
16
18
14
9
13
15
14
9
12
19
9
19
20
6
16
6
10
16
17
12
17
6
14
10
17
15
18
19
17
7
6
14
12
7
10
10
16
13
17
13
5
15
5
6
18
14
20
10
13
19
8
7
5
18
7
7
6
8
13
7
9
7
9
19
20
19
12
11
14
18
20
7
7
8
17
12
13
20
15
10
15
8
9
11
5
18
9
14
14
16
19
13
14
16
8
14
14
14
16
18
11
6
15
14
8
15
15
12
11
18
19
9
12
16
13
15
16
13
15
16
12
6
15
18
11
12
13
14
11
9
14
10
16
16
16
12
9
7
12
12
8
14
6
7
9
16
14
15
8
6
12
9
13
15
20
12
10
10
11
16
19
8
14
14
7
10
15
18
6
16
6
12
0
1522
2280
6
1740
254
1400
1870
973
1562
1974
765
2097
1127
725
417
1757
691
2227
830
1884
1468
1657
208
1881
1042
1385
251
1685
1978
1749
329
887
1918
751
2163
1289
1364
1310
1205
426
1254
183
329
2070
875
1490
1037
948
879
985
798
324
953
315
694
1021
1565
2087
700
1892
1682
673
736
1602
1872
1186
1164
2093
29
2276
2220
1271
782
837
687
924
197
899
1978
1091
1786
852
1632
2235
2125
1912
1004
423
2108
308
1857
1530
766
1444
308
34
2047
2185
1793
2044
816
503
563
828
1773
1972
1320
797
254
713
874
545
1923
2214
428
593
992
356
1338
67
984
1697
1344
1317
2323
29
66
700
1136
1255
453
860
498
1596
989
1738
1554
530
324
987
1406
432
2133
656
165
2031
2223
1854
2084
1290
1679
589
1530
1486
64
1461
1649
1797
813
1777
528
1806
1487
77
2039
1904
1039
300
148
1687
1408
281
881
1964
618
1095
417
834
1343
305
2138
1099
1789
948
455
806
2199
1659
234
528
799
2096
1978
1490
863
723
609
183
368
466
274
200
2232
1618
2100
292
302
2187
2282
394
56
1382
1751
907
1216
761
1825
2029
1217
1099
1097
1736
390
1147
608
1532
156
985
2234
2257
743
2179
354
1391
1401
433
685
2133
274
252
1066
1387
1580
684
718
1911
1615
298
747
242
1649
2391
252
1981
541
1600
2046
1266
1826
2108
845
2111
1317
921
629
1789
813
2369
946
1939
1705
1884
460
2034
1147
1432
306
1795
2263
1829
615
921
2084
933
2370
1476
1521
1494
1494
724
1298
493
623
2327
1055
1716
1113
1226
1014
1002
959
546
1099
530
769
1066
1618
2337
869
2035
1896
758
943
1760
1981
1210
1252
2346
291
2291
2445
1546
1039
1072
888
1193
412
945
2214
1357
1918
962
1888
2432
2293
2004
1077
566
2360
537
1951
1789
902
1518
628
68
2271
2399
1984
2314
1018
792
719
953
1866
1989
1481
1062
370
995
882
669
2043
2394
444
868
1072
382
1464
334
1033
1739
1663
1342
2487
143
224
865
1389
1536
548
933
710
1694
1282
1935
1597
837
478
1124
1680
577
2227
808
396
2228
2420
2013
2303
1579
1841
696
1767
1500
335
1724
1703
1852
1042
1795
629
1851
1639
245
2210
2156
1335
411
331
1854
1439
369
1002
2091
843
1277
529
917
1515
478
2452
1381
1963
1040
566
895
2407
1934
399
670
1004
2221
2063
1656
886
830
827
204
501
699
307
300
2367
1658
2424
518
537
2394
2410
709
259
1432
1767
1034
1376
1000
1883
2161
1511
1363
1302
1832
449
1400
637
1804
347
1055
2399
2306
945
2379
537
1655
1521
645
946
2343
580
340
1264
1417
1637
819
949
1939
1838
389
1020

28
250
17
18
14
13
6
12
6
14
19
10
17
11
10
17
9
11
10
11
16
14
15
7
12
5
15
8
12
16
19
11
19
11
15
9
18
19
12
18
13
8
7
6
18
12
9
12
13
9
18
16
7
10
13
6
18
6
13
12
14
18
7
10
10
10
17
14
13
17
11
17
6
11
16
10
6
19
18
8
17
11
9
6
15
15
12
18
14
15
10
9
5
15
9
6
15
12
20
20
10
15
20
18
6
11
17
10
7
18
8
18
19
9
6
19
8
8
14
15
9
6
13
14
19
13
6
13
12
6
16
9
10
8
18
19
12
14
7
18
18
6
15
10
11
18
16
11
16
13
16
18
7
20
9
7
14
19
15
15
5
16
8
18
10
18
15
18
15
18
9
12
6
11
7
15
7
13
10
9
7
6
16
20
19
12
13
8
11
8
10
16
5
13
14
17
9
6
13
17
16
14
14
7
12
16
12
8
15
6
17
20
10
8
17
15
17
6
7
15
14
11
18
6
16
5
14
19
8
7
17
18
6
12
9
17
6
14
20
10
5
15
20
14
11
7
10
16
14
14
14
9
0
1681
1888
38
164
2336
20
2219
1545
205
414
145
1440
1976
1111
505
1954
1647
1578
674
1351
1601
1965
621
2003
794
104
463
427
1464
998
446
552
128
754
185
1023
153
1903
2246
9
2325
971
484
1170
1309
545
408
920
699
778
418
1623
1871
1459
2295
366
426
82
867
297
1726
636
154
1204
199
2120
1212
2247
1919
265
1942
1672
2308
1967
993
618
814
1483
1467
526
1920
2303
1859
1281
2280
944
425
1303
90
151
431
2031
705
573
234
1624
659
891
225
1386
1497
24
1202
393
406
895
404
1823
1997
2340
1986
1759
597
2122
1255
406
832
2300
1688
1787
73
38
565
1989
529
2045
2251
48
349
1136
2021
1047
1036
20
1758
949
1631
2058
458
154
573
139
2100
105
1468
677
219
1786
1471
1322
521
330
735
1595
991
1586
2228
209
221
944
527
2012
333
1858
1581
40
135
277
1691
164
1206
729
539
2237
1432
1974
2311
532
1021
1543
4
1794
231
1673
164
1761
2092
260
1039
551
1719
936
177
113
1278
123
736
829
1728
1542
1056
1424
1016
1996
103
528
1437
1242
974
1688
1899
855
519
1417
1263
372
1212
1948
222
159
485
131
2080
534
705
1192
2253
1893
2039
1735
2037
68
268
104
1262
423
1062
1927
712
361
72
1582
1752
1266
1316
1191
1207
1899
2114
150
1935
2095
136
390
2456
263
2398
1750
390
679
275
1545
2091
1399
821
2227
1875
1891
924
1397
1878
2107
931
2300
820
428
737
542
1718
1222
613
865
412
1083
268
1266
386
2081
2387
198
2580
1271
627
1362
1546
737
520
1053
730
1087
671
1893
1959
1687
2436
417
700
318
995
379
2007
755
360
1451
451
2314
1260
2298
2019
494
2165
1886
2443
2031
1041
800
981
1512
1635
815
1937
2377
2151
1341
2373
1251
628
1614
243
407
450
2339
741
646
440
1955
981
1187
422
1480
1582
82
1217
670
539
1167
430
1976
2292
2649
2260
1954
728
2363
1566
631
949
2585
1922
2098
269
232
642
2152
717
2098
2524
334
466
1363
2282
1330
1196
149
1831
1006
1669
2154
587
221
847
312
2354
304
1483
976
373
1915
1748
1590
567
505
785
1741
1278
1706
2287
463
466
1073
554
2266
498
1918
1811
212
461
445
2014
455
1494
982
600
2482
1647
2241
2404
571
1116
1747
285
2056
545
1698
280
2081
2235
370
1209
698
1946
1108
330
176
1530
360
869
955
1812
1768
1076
1593
1261
2287
220
623
1746
1328
1208
1987
2206
931
601
1541
1491
607
1448
1963
523
404
510
157
2142
570
803
1214
2418
2084
2304
1865
2284
192
394
378
1492
585
1314
2011
791
564
114
1629
1910
1377
1527
1466
1434
2150
2435

29
250
11
18
8
6
7
16
18
12
16
19
6
20
16
12
8
10
19
6
18
13
15
18
14
14
14
11
14
12
8
9
8
9
8
9
19
13
19
17
12
10
15
17
6
16
8
9
15
15
19
15
18
13
6
13
19
14
10
17
6
5
6
19
20
19
15
17
9
8
11
6
14
10
13
14
17
16
8
6
8
11
7
17
16
12
15
15
7
17
15
10
6
9
15
6
6
12
7
13
8
15
6
5
14
11
7
6
17
10
17
18
7
17
20
12
20
16
11
5
12
8
19
6
13
18
18
8
7
19
7
7
19
8
7
10
18
13
10
15
7
15
17
15
16
10
6
19
15
14
16
7
12
19
14
16
14
13
11
18
18
12
11
16
10
6
13
14
17
8
10
10
9
15
13
12
6
18
8
9
7
7
19
16
9
14
11
12
19
13
11
14
20
12
17
6
10
7
15
14
12
20
10
13
6
7
7
12
8
12
9
19
9
6
16
12
6
19
7
6
14
5
16
20
18
17
9
11
14
5
16
20
5
18
16
10
15
12
10
14
7
15
10
18
9
20
16
6
18
6
17
17
0
161
1960
2218
1519
29
877
2268
1268
2218
584
1505
1188
1162
231
392
326
1908
264
911
252
1647
2222
1632
1511
1839
610
267
903
1505
974
1454
1041
300
1667
720
512
1536
1373
610
1691
1827
175
1975
2226
1805
324
782
241
1268
99
996
240
1572
925
1680
850
1918
149
1477
297
692
1297
1921
757
171
235
1477
879
125
20
1373
1898
1906
1221
1144
312
1588
1855
285
1859
729
311
250
1836
1664
463
2213
1413
1935
701
1839
331
1348
1019
2086
711
1331
567
1028
1941
745
1185
1359
419
461
963
882
2064
2204
327
1326
815
2320
50
1797
903
939
2034
215
1182
1534
1582
1657
671
400
629
1061
1818
1623
393
2097
763
1141
570
63
1678
1107
791
2258
198
469
1215
2036
970
2030
289
977
365
527
506
24
1707
1308
1596
436
1056
1541
1272
653
1568
2167
1597
1951
1468
1168
1522
2005
2020
1413
1586
882
1477
2298
1335
908
434
1450
1490
1642
888
1339
718
1680
1117
466
1372
1540
1298
1260
89
704
1020
371
891
1715
1267
462
1056
419
1358
2227
1390
883
1090
1740
483
1462
885
792
1276
2187
884
1736
1174
930
1106
1492
1024
541
1282
486
1866
1420
140
1576
1468
1712
2099
772
1498
552
840
683
65
927
1287
1946
1443
589
577
1211
1421
206
1164
2194
1038
873
2279
829
32
383
2096
2525
1578
183
912
2336
1464
2432
766
1697
1360
1310
308
648
561
2075
557
1082
355
1692
2413
1666
1639
2091
662
363
927
1555
1224
1532
1076
417
1735
743
766
1619
1532
862
1757
2114
316
2126
2419
1924
566
809
292
1433
270
1298
544
1620
1151
1781
905
2023
359
1716
467
810
1379
2105
1050
304
503
1646
1035
275
312
1689
1941
2095
1374
1296
557
1811
2163
303
2033
960
464
316
2064
1822
588
2506
1442
2114
878
1944
457
1581
1054
2400
923
1486
734
1183
2094
1035
1333
1591
698
615
1144
1184
2122
2332
505
1384
854
2390
323
1880
1156
1076
2072
225
1499
1587
1680
1914
783
509
898
1280
1931
1935
505
2341
845
1288
811
166
1929
1130
1015
2343
248
593
1428
2100
1138
2262
533
1282
642
674
731
93
1891
1434
1713
717
1195
1625
1404
679
1789
2489
1711
2043
1639
1201
1829
2151
2296
1514
1895
1045
1605
2584
1619
1035
613
1631
1610
1688
1141
1400
922
1784
1210
495
1473
1626
1313
1479
142
744
1094
427
1146
1955
1374
773
1311
537
1664
2242
1517
1136
1375
1842
661
1562
1065
1063
1559
2342
1112
1830
1453
1175
1217
1751
1235
679
1519
534
1898
1467
201
1853
1749
1974
2399
937
1657
709
1070
866
94
991
1586
1984
1554
909
810
1271
1586
413
1202
2426
1347
949
2536
1111

30
250
6
19
11
6
15
17
16
6
17
6
19
6
18
17
12
20
6
13
5
19
13
18
5
18
12
5
15
14
18
19
11
6
7
5
9
11
6
9
15
12
17
19
9
12
7
15
12
5
13
15
19
14
19
17
8
20
6
6
11
7
7
11
16
19
13
5
16
18
17
7
15
11
9
16
20
11
8
19
15
19
16
9
17
6
19
5
18
7
14
8
15
15
19
14
7
15
19
7
13
14
19
9
7
17
11
18
14
18
10
15
17
18
17
5
20
13
9
7
8
15
12
13
19
17
18
19
16
6
7
10
15
17
6
6
10
10
15
11
16
5
13
12
10
11
19
12
7
9
12
8
11
12
19
8
7
8
7
7
13
16
17
16
13
17
12
8
8
9
11
12
12
6
7
9
15
18
13
19
8
14
12
15
10
7
12
10
11
16
9
11
7
16
17
7
14
7
17
19
13
13
6
5
20
12
7
13
18
10
17
18
12
9
14
12
14
6
12
17
6
10
15
10
6
19
18
11
16
12
9
17
18
16
5
5
19
18
5
6
17
10
6
13
9
19
20
17
16
6
12
12
0
2038
662
20
2143
1419
1716
2021
348
317
1415
1423
1655
1152
371
1912
590
104
2056
1875
26
285
380
1701
44
1184
1157
209
800
2018
1869
2104
240
1884
1969
1312
1297
1742
734
1692
126
423
1365
380
258
1351
1599
2248
950
1216
1206
62
2294
555
1962
443
957
514
198
2286
505
124
1083
760
856
273
1178
369
138
773
1013
772
1429
1359
1225
1698
1785
3
2087
2316
264
1706
1862
1792
14
882
2210
2010
1586
1738
2072
577
2075
152
2248
682
1937
785
2096
324
1494
2249
1238
1455
584
761
1694
1543
2026
1010
30
1127
2079
826
2193
1501
1147
1258
1738
483
1640
1654
673
16
607
1092
1994
918
2263
673
1909
888
2155
83
1623
1351
682
1573
1503
1973
45
775
2137
94
411
813
731
1847
625
1160
360
1660
610
41
1900
2115
1461
1422
808
588
397
171
495
681
2186
1651
1583
473
2272
409
2075
1625
507
2181
345
702
700
2228
1027
2070
1315
1889
1747
2096
98
1992
372
309
1626
1441
706
1214
1672
169
424
1890
267
2175
2060
1235
1023
1525
542
377
2041
614
2091
2181
1182
1631
12
317
43
1904
1785
748
1487
1609
390
914
1365
937
574
2062
1885
2212
2302
951
685
1025
865
1464
1702
517
1384
1668
1890
266
39
1505
2203
895
1968
629
1567
1488
212
1302
1284
639
266
2346
925
228
2268
1455
1901
2228
379
349
1658
1658
1939
1354
632
2014
613
232
2137
1915
42
353
593
1748
352
1362
1475
277
901
2107
1938
2307
351
2051
2071
1584
1446
1998
1040
1827
432
557
1390
430
487
1541
1772
2396
1228
1437
1476
228
2326
648
2169
523
1113
767
453
2327
668
437
1365
806
1171
425
1313
455
173
1049
1306
1000
1553
1478
1352
1915
2097
238
2300
2569
398
1923
2046
1961
321
1103
2455
2121
1830
1844
2200
874
2296
313
2499
765
2023
985
2358
595
1604
2284
1320
1580
672
954
1728
1628
2138
1081
308
1264
2154
1138
2483
1543
1201
1368
1965
636
1710
1971
809
286
696
1247
2038
1207
2487
787
2142
1052
2461
180
1852
1488
885
1644
1543
2109
92
863
2364
373
734
1060
942
2138
894
1172
449
1899
767
104
2187
2389
1592
1616
1072
702
476
346
703
934
2365
1771
1876
554
2483
693
2295
1845
613
2234
577
1027
904
2446
1082
2224
1562
2100
2053
2317
199
2259
512
587
1944
1682
985
1500
1895
358
607
1917
322
2253
2202
1389
1250
1778
723
459
2237
677
2181
2451
1235
1907
29
634
175
1947
1892
782
1700
1748
647
1035
1535
1150
623
2171
1959
2384
2569
1132
848
1266
1084
1786
1807
735
1625
1687
1987
463
241
1753
2411
928
2074
829
1834
1620
443
1614
1486
916

