1
25
10
17
20
15
18
20
12
18
12
17
9
15
16
12
6
17
5
12
11
5
16
10
16
9
14
0
159
202
237
12
70
68
235
93
11
200
203
154
18
122
66
60
192
71
106
96
136
233
171
141
23
186
232
281
61
107
102
265
130
54
223
245
201
41
136
99
75
217
104
143
127
165
260
211
159

2
25
14
17
18
18
14
12
10
14
14
8
6
19
7
9
13
12
16
5
7
13
10
16
10
6
18
0
74
186
138
164
157
27
113
165
86
170
38
35
76
32
217
129
214
158
155
212
32
85
79
0
14
100
206
166
191
192
61
150
188
120
194
80
64
103
61
252
149
226
191
185
232
77
115
87
26

3
25
17
6
11
7
9
8
11
7
14
11
11
12
20
9
8
13
15
8
16
18
13
8
10
13
12
0
215
208
109
34
6
115
79
53
147
215
32
6
16
76
82
186
157
132
144
104
69
178
59
90
41
236
228
125
55
30
133
92
75
171
245
52
39
48
103
116
224
171
172
181
145
98
198
98
108

4
25
7
19
19
20
17
10
8
14
9
11
15
13
7
14
7
6
8
15
10
14
10
8
17
10
15
0
217
134
51
10
210
67
120
27
224
102
107
192
185
210
47
219
20
105
166
74
40
158
97
99
10
245
159
75
34
235
99
159
64
245
123
126
211
206
217
76
241
42
117
185
92
51
176
127
127

5
25
6
14
17
20
5
20
10
16
16
7
15
13
19
12
10
10
17
13
17
13
18
15
10
19
20
0
89
153
170
63
43
152
88
234
205
233
113
23
23
19
238
103
146
250
69
250
38
217
103
47
40
129
186
190
73
65
193
120
280
224
258
141
51
61
50
277
123
171
280
105
293
53
231
129
88

6
25
14
19
6
11
19
12
19
10
16
15
10
17
9
15
18
12
9
20
15
15
11
19
19
12
13
0
12
79
151
127
180
132
194
168
164
154
123
102
184
193
201
213
45
76
156
66
137
164
46
213
44
57
102
189
146
215
155
216
187
188
195
167
139
228
226
239
242
90
94
202
82
178
196
79
234

7
25
5
7
11
15
11
5
16
13
7
10
6
10
14
9
7
13
16
15
9
15
6
12
6
15
10
0
170
35
169
191
115
63
131
112
143
5
27
56
63
112
192
27
93
99
63
125
69
173
181
96
18
186
52
191
217
127
104
149
141
154
28
43
93
88
134
222
51
124
133
90
144
86
193
219
131

8
25
12
10
6
20
20
5
9
15
13
13
20
18
15
8
16
19
11
11
11
20
16
14
18
12
15
0
23
134
38
38
20
54
113
68
164
97
236
132
33
117
31
46
85
209
129
230
67
56
148
245
37
50
162
73
81
44
81
146
89
186
117
268
172
68
138
58
69
107
221
181
278
91
88
189
275

9
25
16
16
9
14
15
18
15
9
5
19
6
8
17
10
17
8
18
20
13
7
6
7
17
14
5
0
102
73
118
188
183
15
121
6
34
143
3
223
130
91
138
144
221
73
208
108
103
6
114
161
19
137
91
137
230
214
37
152
21
60
159
34
244
151
112
152
171
249
108
235
118
114
24
137
166

10
25
15
5
9
7
16
16
11
15
9
15
8
16
13
9
7
6
18
10
16
6
11
17
7
20
7
0
74
35
154
185
5
75
119
193
33
144
52
134
61
1
203
142
215
198
139
117
91
27
56
174
38
80
64
180
223
46
91
151
227
66
180
83
167
78
13
223
168
250
223
151
143
128
48
87
197

11
25
18
7
6
11
18
13
9
11
18
20
20
13
18
19
14
17
5
11
8
9
19
16
11
18
19
0
154
74
178
4
5
183
2
83
100
165
189
233
182
233
82
10
98
234
23
177
161
158
256
17
51
195
105
203
22
19
214
34
131
135
216
228
262
212
259
115
27
137
276
62
224
177
169
284
39

12
25
8
15
10
13
14
14
9
11
19
6
7
8
12
19
13
15
12
9
6
12
13
6
8
14
9
0
115
191
11
73
91
31
201
127
46
211
67
36
65
193
37
41
25
149
100
52
56
9
32
33
27
135
215
27
87
111
48
227
166
59
237
81
73
106
218
77
72
40
173
121
70
64
23
71
60

13
25
7
9
11
16
9
7
9
6
18
17
12
11
20
10
11
16
13
8
12
8
9
16
18
18
17
0
112
158
169
149
59
66
91
151
25
126
181
35
26
129
44
7
194
75
224
161
34
125
173
137
14
136
181
197
176
79
90
120
193
53
161
198
74
52
166
83
41
227
94
244
175
80
164
217
159

14
25
7
16
11
20
15
16
14
13
7
6
17
13
11
8
12
17
6
14
8
10
19
13
9
19
18
0
87
115
40
93
50
198
157
213
54
226
149
141
159
8
29
208
58
204
147
163
138
143
216
209
35
130
157
84
135
72
237
200
246
81
258
184
158
190
25
76
223
99
230
159
193
168
152
255
233

15
25
15
14
8
20
5
13
14
16
7
19
10
6
20
12
16
15
6
9
18
6
15
17
10
9
14
0
230
234
142
46
113
217
177
56
3
227
196
219
98
113
154
172
38
231
100
57
62
111
92
101
21
272
245
189
76
144
255
198
82
27
237
208
268
134
130
177
204
76
259
131
82
87
137
109
123

16
25
7
20
18
16
20
18
11
17
16
14
6
14
16
20
15
19
13
8
8
19
16
15
8
18
7
0
191
115
82
86
177
11
143
30
219
25
110
161
96
104
5
142
149
13
186
86
112
189
19
267
27
245
141
129
129
211
38
183
81
262
46
139
204
121
151
40
183
170
27
210
122
146
221
46
276

17
25
6
18
13
19
17
16
13
13
15
15
18
10
20
15
14
7
9
5
5
5
13
19
14
17
13
0
244
5
155
208
25
19
10
142
226
224
230
61
106
17
101
166
77
197
141
164
65
4
22
108
22
294
46
198
256
41
48
40
187
245
242
240
92
124
41
117
205
105
204
148
182
107
28
61
131

18
25
11
13
7
13
7
14
7
13
16
9
10
17
9
14
16
9
19
14
14
7
13
15
9
6
14
0
121
37
150
101
88
155
9
186
181
177
129
19
79
139
175
62
133
111
4
217
127
172
98
90
34
158
66
178
128
124
180
46
227
193
198
158
46
120
184
210
94
171
125
14
258
149
188
106
121

19
25
9
18
15
19
13
5
6
8
18
9
10
20
11
8
8
20
9
10
15
19
19
17
17
19
9
0
49
119
240
200
241
55
89
92
57
248
12
36
186
224
19
126
77
62
238
10
79
230
62
232
14
80
136
274
224
260
93
122
113
80
282
40
52
201
248
53
155
107
81
260
46
113
275
95
247

20
25
13
5
17
18
18
12
20
9
17
18
16
13
6
19
19
11
10
14
19
9
8
20
17
8
9
0
107
31
95
19
140
23
239
130
118
46
208
119
188
44
188
7
214
249
141
151
94
9
103
108
41
123
73
139
42
174
71
268
179
143
79
225
140
229
66
217
31
256
275
167
182
115
30
122
136

21
25
19
14
11
10
8
5
7
12
11
10
6
17
18
5
11
15
15
10
18
10
6
5
5
20
16
0
89
97
56
191
177
4
103
106
45
91
79
67
196
196
142
36
198
179
24
16
195
95
117
28
26
131
118
71
217
192
16
120
139
62
122
119
107
211
233
183
76
211
204
34
31
204
108
140
57

22
25
9
15
18
10
14
10
11
6
16
7
13
13
5
18
16
20
11
10
16
15
15
8
16
12
13
0
71
180
53
70
50
225
39
23
116
102
169
152
179
135
140
198
131
101
234
112
216
62
167
225
34
91
223
75
95
79
262
48
44
146
119
209
163
216
161
179
239
167
123
264
139
228
101
198
239

23
25
20
18
9
19
17
18
11
18
15
6
17
13
16
5
19
19
5
10
11
18
10
11
15
18
19
0
156
21
213
210
189
229
106
18
220
229
172
221
131
214
166
115
29
123
185
90
72
173
24
81
46
189
61
257
230
226
256
133
43
237
258
202
264
169
261
199
120
71
151
237
129
112
202
56
106

24
25
16
15
7
19
9
13
8
18
14
15
13
7
8
10
9
11
8
11
13
11
16
17
11
10
20
0
221
45
58
136
22
97
48
29
73
225
142
128
135
17
220
104
132
215
113
219
130
25
155
157
22
248
58
98
159
45
114
88
53
111
246
172
163
175
49
236
120
145
256
142
263
147
61
186
205

25
25
9
9
17
13
16
13
18
18
5
19
16
8
8
7
18
19
8
13
13
11
12
6
11
7
18
0
177
37
158
227
10
2
217
35
170
39
23
187
228
179
116
98
125
72
188
198
164
229
188
58
39
208
77
171
244
37
31
239
42
203
66
49
218
238
217
153
114
141
100
227
234
186
270
195
78

26
25
12
12
17
12
18
6
6
13
13
10
12
9
19
12
19
6
9
18
11
17
16
7
17
13
7
0
96
75
72
56
40
113
188
168
211
98
148
82
160
232
70
163
7
124
188
90
156
121
19
220
31
126
114
104
83
55
123
209
208
224
128
159
128
196
254
81
174
52
165
209
121
184
158
52
229

27
25
15
15
14
8
13
13
9
9
8
14
15
19
18
6
7
10
7
9
9
16
7
13
11
12
6
0
5
18
66
13
13
44
31
36
50
49
56
163
8
130
3
27
54
146
161
117
58
196
153
4
36
47
43
74
47
41
77
61
68
65
86
84
184
35
146
13
56
64
177
190
135
96
217
190
14

28
25
13
12
16
5
8
9
8
5
13
9
10
16
9
14
11
9
19
12
20
14
9
6
5
6
17
0
161
5
125
113
62
182
86
16
104
1
135
41
135
175
142
26
155
3
75
157
52
49
157
121
39
195
33
133
129
91
207
98
30
117
30
165
54
156
208
159
55
175
41
106
193
84
56
167
142

29
25
13
18
17
19
10
11
6
13
18
16
10
10
14
14
10
10
19
19
10
17
5
16
8
12
18
0
184
183
190
77
55
230
179
123
157
136
43
140
216
62
147
111
178
119
193
189
182
217
89
126
37
234
208
235
98
87
268
194
163
183
175
66
176
257
88
184
132
226
154
226
216
205
234
107
170

30
25
13
17
7
12
16
14
13
15
5
8
7
10
17
6
17
12
15
15
14
16
9
13
15
18
6
0
4
118
196
1
176
5
121
18
214
86
2
193
138
193
98
124
146
74
15
159
197
224
59
146
36
21
134
230
40
209
41
136
42
247
96
32
210
146
229
117
140
162
88
36
188
226
267
82
179

