1
30
10
12
10
13
10
19
9
7
12
10
8
15
7
13
12
6
14
20
18
16
13
7
11
20
7
10
5
20
12
9
0
2
28
206
86
35
131
32
110
162
124
10
241
12
124
262
176
173
259
164
243
181
233
227
170
122
257
130
106
251
42
29
46
225
111
63
161
63
123
182
165
55
281
49
161
296
213
224
304
199
289
190
275
267
187
153
291
172
118
268

2
30
10
18
16
8
12
10
14
7
18
16
8
6
8
8
7
18
15
5
20
17
6
16
11
18
12
6
17
18
15
8
0
197
261
198
156
92
63
275
178
114
219
174
165
127
129
150
258
172
75
213
198
181
177
121
227
203
26
99
50
114
27
248
289
224
186
106
88
286
220
149
233
207
178
165
137
188
279
211
105
257
239
209
204
145
271
223
62
124
75
140

3
30
12
16
7
17
11
16
6
11
20
17
12
11
7
10
9
11
12
17
16
5
14
18
8
16
10
13
18
7
12
19
0
36
264
32
204
46
102
204
207
20
134
252
177
120
183
213
207
155
116
179
224
149
33
55
59
157
135
262
35
236
30
69
274
73
246
87
133
247
233
60
169
270
202
165
195
224
254
180
152
206
246
168
63
92
75
186
186
302
57
272

4
30
15
14
20
8
14
8
14
10
11
8
14
13
13
12
16
14
8
14
14
18
7
11
9
13
15
17
17
17
19
10
0
294
178
121
269
216
146
110
69
218
229
294
259
139
240
128
31
181
213
114
56
172
278
279
41
28
201
264
242
93
38
321
208
153
305
259
169
142
85
233
271
342
282
154
276
160
76
203
254
160
97
198
315
314
87
50
230
300
276
123

5
30
7
14
11
19
11
10
7
7
17
20
5
16
16
19
13
14
12
18
12
16
7
17
6
11
17
18
17
19
16
10
0
67
68
269
69
188
134
234
147
157
162
224
11
288
210
227
259
260
285
234
153
236
186
123
242
252
21
284
102
113
20
99
110
296
83
204
159
275
186
199
187
264
63
338
245
277
291
295
327
254
196
267
192
154
280
270
66
313
133
134

6
30
15
19
10
17
19
20
14
15
8
15
18
10
6
15
12
14
20
17
15
17
20
14
15
19
14
8
5
14
17
19
0
251
273
42
285
284
134
77
200
225
20
6
196
271
304
300
227
265
174
123
210
131
19
307
70
263
294
32
156
160
20
285
283
60
320
330
180
119
215
248
71
42
229
289
328
349
264
283
232
183
263
167
50
326
119
282
315
61
195
183

7
30
19
9
18
20
8
11
12
15
6
10
9
13
14
6
12
9
11
7
7
13
13
11
8
16
6
15
18
16
6
16
0
208
213
83
159
70
87
171
152
116
154
95
153
59
10
239
56
151
33
167
253
233
166
201
261
181
60
221
88
79
27
241
255
122
168
90
121
192
166
130
181
123
174
73
52
273
93
187
59
200
294
267
188
234
294
221
109
259
115
119

8
30
5
13
18
10
13
10
9
13
12
16
16
18
16
10
7
10
14
17
18
8
20
19
7
9
12
8
13
19
17
10
0
76
239
170
77
270
134
248
161
222
248
284
60
261
208
11
239
140
63
35
243
180
99
255
282
182
67
37
161
191
21
118
292
189
104
310
158
289
180
264
276
311
78
274
226
24
290
184
95
49
287
222
119
284
295
227
105
72
191
205

9
30
10
20
17
9
8
8
13
9
8
18
7
12
14
9
20
14
19
17
13
12
9
16
9
8
9
8
15
10
18
10
0
122
59
157
168
74
42
228
151
143
183
47
0
113
23
5
235
118
34
90
153
195
74
116
73
242
258
186
132
50
34
145
104
181
176
106
80
251
185
168
197
81
29
125
44
43
281
139
79
113
172
246
90
142
107
277
297
203
177
62

10
30
8
19
17
17
19
7
7
8
14
11
15
13
18
6
19
6
19
7
7
8
16
14
14
14
15
10
14
17
10
6
0
132
42
161
272
33
48
139
170
250
37
227
279
11
238
239
62
139
127
273
144
80
69
166
43
110
83
4
53
75
43
170
69
210
325
68
81
162
186
296
79
267
320
18
273
258
112
149
149
293
192
108
85
206
62
125
97
22
78
99

11
30
14
11
10
19
16
14
15
8
8
18
9
11
13
19
8
6
13
13
6
9
6
13
9
15
14
9
12
17
8
16
0
143
144
161
37
250
20
90
55
248
129
11
14
67
139
3
151
148
248
140
238
232
153
137
28
216
145
113
69
159
38
179
173
200
76
291
69
112
63
300
144
42
37
95
181
19
190
170
281
176
269
256
165
163
42
233
192
130
102
188

12
30
10
16
12
15
13
16
14
9
17
9
13
14
18
15
13
13
20
12
7
10
13
7
16
9
10
10
7
16
5
14
0
53
246
189
243
157
33
189
113
60
174
261
227
15
75
169
206
55
257
251
185
103
121
185
75
105
92
8
169
69
28
103
283
206
286
199
72
234
139
96
201
294
248
35
90
206
260
86
277
280
204
145
153
225
108
115
101
36
206
90

13
30
13
8
5
10
13
14
15
11
16
12
9
13
16
16
11
14
18
6
15
16
13
17
13
16
9
13
7
9
15
10
0
253
53
99
161
262
224
225
68
95
272
80
79
74
167
180
48
203
206
255
178
163
74
150
175
178
78
76
56
47
14
279
67
143
200
279
260
265
113
119
301
108
104
106
196
214
87
238
233
303
213
199
104
194
220
223
106
116
71
74

14
30
7
20
17
10
8
19
19
13
7
9
14
10
9
19
10
6
17
11
19
5
18
6
12
18
9
10
16
10
12
19
0
210
175
76
237
282
49
121
152
114
74
190
273
176
73
87
108
204
227
119
12
280
127
153
78
60
280
92
150
55
8
242
202
113
253
313
70
169
169
133
118
203
305
212
106
127
155
240
282
138
32
301
171
172
107
84
324
136
183
101

15
30
13
5
11
8
15
14
14
14
20
18
8
10
11
11
16
10
19
14
5
14
9
15
6
10
8
9
20
12
11
7
0
42
24
145
201
264
128
158
120
245
267
262
226
234
60
109
5
150
193
180
178
50
129
117
97
212
156
104
203
217
16
70
68
155
243
309
170
200
158
295
299
306
243
261
111
131
54
184
205
221
217
87
170
158
132
228
196
116
214
256

16
30
12
9
15
12
15
11
16
18
13
6
19
7
8
12
11
18
9
6
9
7
13
17
13
14
11
20
8
17
18
9
0
65
63
110
241
236
99
16
265
185
208
52
55
131
64
68
215
181
174
118
204
151
216
12
5
53
128
146
166
148
48
84
112
141
285
255
133
44
288
205
243
88
98
177
77
88
251
205
190
140
227
179
240
28
46
75
150
199
186
158

17
30
7
17
20
7
6
17
6
16
9
19
18
9
10
7
18
17
16
16
15
6
15
5
10
13
6
9
6
11
16
15
0
95
123
105
43
193
54
155
160
194
152
150
230
26
169
202
60
255
213
122
208
185
110
20
75
93
198
136
234
247
20
136
167
120
55
219
91
187
194
218
175
166
246
35
195
242
110
298
241
149
250
223
137
63
96
134
232
180
261
279

18
30
14
7
12
14
7
16
13
5
11
7
9
8
11
8
5
16
12
15
6
6
12
10
13
6
12
17
12
12
17
15
0
172
22
88
64
203
172
188
191
190
56
99
39
206
17
191
82
109
199
3
187
41
83
41
164
173
246
82
198
31
14
182
42
107
94
229
189
219
230
228
80
107
73
233
37
235
116
142
213
31
226
71
102
77
203
210
263
125
222
78

19
30
12
14
10
9
11
19
5
16
9
9
18
17
18
10
14
19
13
7
18
14
15
18
14
7
15
10
15
16
11
16
0
159
127
36
131
60
127
212
9
277
12
190
144
72
10
7
201
71
130
107
273
56
94
90
37
46
161
157
278
235
14
212
157
80
173
98
152
229
36
287
51
234
192
113
26
34
252
82
182
134
304
94
139
98
90
93
189
209
327
269

20
30
12
18
17
13
13
15
11
18
7
7
18
7
10
17
15
17
7
19
15
10
16
17
8
6
17
13
10
10
11
13
0
207
253
88
89
242
240
20
109
214
37
32
134
213
219
85
16
167
72
15
45
241
220
257
275
122
160
129
180
249
26
227
304
111
124
258
267
62
134
228
92
55
168
250
268
137
54
189
107
48
71
288
251
292
319
171
178
166
198
281

21
30
20
16
18
6
8
9
5
16
8
11
9
20
13
8
9
20
5
18
7
10
13
19
13
14
15
13
11
11
11
19
0
171
71
41
198
201
264
8
116
15
273
148
267
255
98
166
30
127
110
58
187
191
180
216
240
45
27
145
189
51
41
211
95
47
219
222
277
55
131
28
308
174
300
296
135
196
40
174
122
74
205
233
197
242
269
61
73
191
217
76

22
30
14
9
17
9
13
7
18
15
11
8
8
11
8
11
16
16
20
7
7
7
14
19
20
8
15
6
20
16
18
7
0
43
108
68
33
100
255
111
59
82
241
1
209
100
108
53
48
94
39
111
125
257
274
253
206
35
182
97
246
178
18
68
142
79
71
115
274
135
87
97
250
29
240
126
143
97
90
101
68
131
142
293
294
265
250
62
207
117
282
219

23
30
17
13
6
14
9
13
11
18
12
13
8
14
20
16
10
16
13
14
19
9
8
11
9
9
17
8
12
10
8
20
0
4
230
257
210
161
153
127
76
185
3
224
50
150
124
235
201
31
178
264
248
180
180
50
81
69
181
221
138
28
22
40
238
281
220
184
173
181
107
209
24
249
82
187
169
260
237
45
217
309
276
219
208
62
98
80
208
238
181
82

24
30
10
7
19
12
8
7
10
5
19
18
20
17
11
6
6
9
14
11
9
11
16
15
12
7
10
6
11
7
12
9
0
61
58
216
50
240
124
151
45
10
80
138
34
137
72
54
73
20
100
183
89
167
125
46
159
38
82
36
154
5
11
88
84
238
84
253
144
173
92
57
128
161
56
171
109
95
114
38
118
226
124
213
158
60
177
51
101
72
180
31

25
30
20
8
6
11
16
13
15
10
16
7
9
5
10
12
9
11
16
7
18
8
6
19
11
15
8
13
7
13
13
16
0
193
16
213
94
225
192
37
236
255
58
243
132
30
128
167
52
114
186
61
52
126
56
105
226
110
83
59
83
70
30
216
32
240
117
270
215
75
252
286
73
278
163
68
150
181
71
137
217
70
65
160
77
127
264
153
99
85
99
89

26
30
12
7
5
13
19
20
10
13
14
17
20
10
16
13
9
10
17
14
7
10
15
12
8
15
18
7
7
17
10
19
0
50
178
17
269
184
71
173
153
202
274
132
13
238
234
142
41
212
280
228
145
39
185
91
270
271
132
131
264
109
26
93
216
55
317
214
89
205
197
255
313
161
66
284
263
155
82
233
324
262
174
78
199
115
303
291
174
168
299
155

27
30
15
10
12
13
18
13
17
12
8
11
8
9
10
17
14
7
15
17
7
8
9
11
12
5
13
18
13
10
17
5
0
119
144
36
77
220
85
196
172
110
47
143
125
48
116
88
177
20
187
117
74
103
102
92
76
115
66
28
250
188
35
130
168
55
127
250
128
239
182
131
85
164
137
82
139
106
196
38
226
158
87
123
126
106
105
152
101
66
273
222

28
30
15
10
20
6
11
14
5
13
16
19
9
11
17
17
20
17
17
19
14
19
11
6
8
8
9
11
16
8
14
11
0
217
72
215
189
43
99
263
189
56
133
175
290
2
270
52
58
257
226
105
35
208
134
220
161
223
240
159
81
32
44
233
99
258
215
65
129
288
222
94
165
220
313
27
324
73
105
292
248
159
54
246
173
230
178
260
286
202
100
52

29
30
6
8
14
11
14
6
19
15
7
10
19
17
20
16
19
17
9
20
19
20
18
11
12
10
15
18
17
15
12
18
0
265
252
247
108
60
24
67
158
278
283
205
278
137
94
196
174
233
303
139
240
90
71
112
254
151
176
35
18
244
12
295
306
300
163
72
58
83
167
328
331
261
307
175
113
233
196
278
332
196
287
127
88
161
282
181
222
74
47
280

30
30
6
16
12
8
16
9
6
17
18
15
20
19
11
9
11
19
15
17
8
10
19
10
12
16
13
17
12
12
18
16
0
103
184
66
146
269
24
269
294
199
18
35
174
153
234
134
179
147
240
121
10
26
140
289
181
24
175
3
31
195
6
127
216
80
180
288
54
306
348
223
68
87
185
201
261
155
197
197
254
132
59
49
189
310
232
65
212
48
72
223

