1
40
10
11
19
10
7
11
11
6
13
6
7
16
9
14
14
11
11
16
13
10
15
17
19
13
12
11
17
5
7
16
7
18
18
16
14
5
18
11
9
17
0
270
39
66
9
326
305
266
149
68
66
89
85
116
253
318
150
62
123
62
54
311
63
166
265
166
208
28
45
112
62
274
301
287
19
56
160
135
50
329
41
288
75
79
16
356
346
293
168
84
83
132
131
147
285
371
178
116
136
74
97
328
88
202
294
198
266
57
97
175
114
295
344
322
43
76
180
152
69
349

2
40
14
10
9
11
17
7
10
14
10
10
18
10
8
18
20
15
20
9
7
15
11
9
17
16
17
17
11
10
14
6
8
16
5
18
12
8
7
17
9
10
0
252
144
240
302
244
354
193
62
224
212
24
50
258
7
183
311
268
350
79
160
299
330
186
9
52
58
133
154
177
146
147
164
285
360
163
133
215
282
288
23
294
177
282
339
274
384
251
73
277
247
63
61
313
64
207
376
278
363
104
200
334
354
215
59
89
114
144
210
206
201
206
197
348
417
191
143
251
332
303

3
40
10
9
8
8
15
11
20
12
6
7
14
19
10
18
14
13
11
18
18
18
10
17
13
7
15
14
13
14
15
19
20
10
11
10
12
8
14
14
8
16
0
215
162
51
387
44
362
227
368
188
264
41
1
242
311
303
384
150
88
289
37
309
219
297
335
113
337
368
238
178
74
101
200
11
48
22
270
256
50
70
34
241
218
104
413
98
422
249
376
200
322
103
32
265
355
339
410
207
112
317
96
363
273
325
375
162
401
408
297
227
132
151
220
67
61
36
332
320
102
118

4
40
6
17
19
17
16
9
9
14
10
20
16
13
12
19
6
6
13
8
7
11
5
14
20
6
11
15
18
14
8
7
6
8
5
19
8
12
20
20
17
19
0
275
254
273
54
22
267
165
26
216
330
3
164
139
146
347
348
174
212
221
270
254
131
160
101
354
193
333
161
219
367
44
215
209
52
216
324
96
239
139
23
334
295
321
73
66
311
208
68
236
356
62
219
198
192
389
387
186
223
265
275
304
151
180
157
415
218
353
188
239
391
59
233
260
71
241
371
144
273
203

5
40
16
16
14
19
6
14
15
16
19
18
16
14
10
9
19
7
14
8
6
15
8
19
14
5
11
12
6
16
19
6
7
15
19
13
11
6
8
16
6
7
0
269
281
11
5
146
223
167
163
188
270
256
290
198
303
362
31
243
313
116
25
4
367
318
234
112
164
252
68
350
210
124
209
146
201
50
318
314
342
193
59
329
306
52
42
180
239
197
200
213
318
313
344
226
363
389
65
263
351
136
61
54
384
354
265
161
172
302
104
365
217
188
230
171
234
70
358
362
370
216

6
40
18
10
17
8
7
12
15
16
13
11
13
18
19
12
19
9
7
18
10
19
7
16
9
17
12
10
10
15
17
17
13
18
10
19
11
8
8
10
10
16
0
186
244
241
292
118
206
173
230
1
40
192
218
141
167
339
352
180
82
364
192
98
129
151
283
220
351
269
169
335
19
93
134
222
59
202
355
89
185
222
65
207
266
297
342
151
231
215
255
32
63
237
255
194
201
392
400
209
121
386
245
125
150
190
326
233
384
288
194
383
77
159
176
288
110
214
390
108
227
269

7
40
18
12
19
12
9
13
15
11
19
18
12
7
7
19
11
15
13
7
9
9
17
16
6
17
7
6
10
14
20
20
6
9
17
16
9
11
18
19
7
6
0
45
365
192
207
82
350
348
125
74
335
249
104
287
117
58
62
344
239
106
135
30
181
299
61
55
129
179
369
59
342
89
247
105
336
280
91
307
241
287
43
91
396
251
232
111
389
359
172
111
368
273
121
313
167
106
111
400
254
161
155
89
228
326
97
81
185
222
400
80
391
138
308
125
350
325
154
347
287
308

8
40
9
7
8
14
10
7
11
12
19
12
19
11
16
7
11
7
19
13
9
16
16
14
17
15
17
14
9
17
14
12
7
13
7
14
13
10
19
12
9
16
0
208
278
211
339
26
265
296
318
173
258
365
68
5
253
24
299
138
148
158
175
59
196
322
308
302
145
21
78
187
70
240
259
332
11
226
283
190
289
188
56
240
334
228
355
65
277
342
354
193
311
384
88
38
314
67
331
173
162
182
195
101
249
351
349
363
182
69
118
224
82
278
309
353
49
260
309
216
344
207

9
40
9
14
16
5
11
16
19
18
15
19
11
9
7
19
7
10
19
11
14
6
6
16
5
7
17
6
11
5
6
16
8
6
11
14
16
11
12
6
19
18
0
178
285
327
205
284
134
4
98
272
200
150
136
216
335
115
67
225
220
313
124
310
332
53
323
69
303
48
213
174
318
38
250
80
88
125
106
298
18
159
13
207
320
349
251
323
160
40
151
300
250
165
150
237
344
156
97
283
264
327
171
330
371
61
373
119
318
72
242
202
332
47
267
133
131
174
136
325
59
183

10
40
14
20
11
11
19
8
11
7
7
19
19
9
10
7
9
18
15
13
18
18
8
10
20
6
7
10
10
7
11
12
8
19
12
9
14
19
7
10
10
13
0
0
290
139
301
20
245
155
114
285
281
251
184
72
250
32
43
110
172
250
251
270
321
251
283
321
81
158
19
47
200
170
83
269
119
71
92
344
73
52
43
50
304
168
326
46
262
170
142
310
344
267
194
94
266
78
64
152
221
294
263
286
361
286
304
360
136
180
31
101
226
218
117
288
168
110
128
374
123
66

11
40
17
15
19
6
13
20
8
15
5
17
8
9
11
9
16
14
9
9
18
10
15
14
8
7
8
19
17
19
17
19
8
15
13
8
15
8
17
11
6
16
0
1
63
140
169
155
268
203
227
41
327
29
207
245
290
345
94
239
219
6
263
247
156
359
81
150
228
7
118
141
56
62
353
54
239
117
298
193
120
59
54
40
123
165
220
204
324
219
258
61
354
42
224
257
321
360
152
286
237
48
303
299
206
376
111
171
277
27
161
168
64
88
387
87
255
143
344
205
159
96

12
40
17
11
20
10
10
6
19
16
11
13
6
20
15
14
18
7
14
18
5
10
13
18
13
15
8
17
17
10
8
14
9
7
20
6
11
20
6
13
13
15
0
48
37
279
116
149
220
201
75
7
110
378
279
193
65
259
248
283
219
349
170
186
12
11
233
73
378
10
359
267
263
89
201
342
161
166
235
315
110
44
63
74
82
298
156
183
268
264
118
65
142
417
324
256
130
274
285
336
255
397
230
220
48
30
266
122
444
70
403
323
295
135
224
364
183
220
242
360
158
101

13
40
11
15
18
17
12
17
5
17
15
19
19
17
12
15
5
6
20
11
17
14
8
19
18
13
17
6
16
18
20
9
7
17
19
8
11
5
13
18
6
18
0
165
163
224
342
368
32
183
2
257
203
141
402
155
93
74
155
163
276
356
285
25
269
225
33
249
354
194
169
39
243
338
155
93
368
187
371
94
245
384
48
201
195
283
357
409
70
214
25
307
247
207
432
212
134
112
228
226
296
417
332
50
296
245
54
305
385
227
215
66
299
391
215
127
392
227
402
130
279
453

14
40
15
8
18
16
12
11
17
5
14
18
12
19
7
12
11
17
16
13
14
7
11
18
10
18
17
12
8
7
15
16
7
6
14
14
14
16
9
18
8
13
0
354
211
321
253
34
273
276
289
373
162
24
265
12
84
355
306
142
39
351
327
89
40
54
184
173
40
129
315
25
29
306
334
362
142
45
152
245
91
100
58
378
240
337
271
94
321
295
340
430
198
66
273
63
133
375
329
196
83
360
361
149
79
121
247
209
51
156
336
46
46
352
349
387
199
109
169
280
99
150

15
40
20
10
19
20
11
10
16
20
5
6
7
17
15
18
16
18
11
9
15
19
10
9
13
16
9
6
13
13
6
14
8
9
19
9
7
18
8
10
17
15
0
23
173
366
336
339
319
282
136
120
14
157
70
39
132
4
71
210
14
251
235
225
285
249
180
360
244
10
200
75
289
263
197
111
97
296
249
86
329
182
61
56
205
431
379
395
378
305
185
172
39
176
92
60
198
61
115
239
55
308
277
273
339
300
219
404
285
46
240
101
320
306
235
160
127
361
259
141
387
198

16
40
8
11
6
16
9
10
6
14
16
17
17
17
5
16
8
6
14
13
11
8
15
6
13
18
17
9
20
15
9
15
14
19
8
8
8
6
10
17
8
7
0
105
193
115
4
202
175
11
239
351
250
249
138
190
108
146
91
185
313
46
174
144
115
12
232
228
96
211
197
243
113
261
314
217
71
290
124
162
337
284
23
150
220
145
53
224
188
64
300
396
297
269
148
233
144
166
142
237
365
55
196
196
145
64
268
264
129
269
214
301
153
300
346
251
121
340
161
180
360
335

17
40
17
17
14
19
12
7
16
6
17
17
8
8
5
20
18
13
19
16
10
8
6
11
9
9
13
17
9
9
18
8
6
9
11
12
18
15
18
14
11
9
0
309
93
146
288
222
231
158
305
147
130
9
32
368
178
250
351
186
174
309
316
124
83
25
285
56
236
208
82
279
243
341
160
320
183
283
65
219
347
361
56
358
119
210
347
230
290
199
354
175
148
55
43
428
235
298
408
214
186
355
341
184
95
37
313
105
271
244
142
287
256
354
219
344
249
332
84
267
381
370

18
40
19
11
11
12
12
12
16
17
6
15
6
16
18
15
17
8
7
16
20
7
7
7
15
19
11
13
16
6
13
15
10
15
16
11
19
7
7
15
19
15
0
328
32
263
231
138
64
21
75
247
159
77
284
87
233
22
7
130
278
117
269
211
8
273
103
133
187
183
91
148
87
221
95
247
41
219
252
123
49
18
41
379
84
280
285
164
89
88
111
295
197
105
322
102
250
75
16
175
329
140
281
229
26
339
162
168
203
191
111
173
122
248
154
261
100
243
299
154
70
47

19
40
10
12
20
16
19
18
9
11
15
13
13
11
8
15
12
11
16
15
18
7
11
11
12
8
19
10
20
7
5
10
14
20
12
11
9
12
8
18
13
20
0
136
346
326
143
354
230
11
221
9
11
240
160
281
27
224
293
238
350
351
182
13
35
204
110
259
190
307
19
346
277
31
156
340
199
325
159
299
326
206
21
195
407
385
173
397
261
52
274
46
43
287
214
311
60
277
333
268
371
385
220
75
49
225
163
295
252
347
47
370
296
56
180
399
238
387
192
322
368
254

20
40
9
13
18
11
15
10
19
16
5
7
20
10
15
11
11
17
19
7
14
7
6
19
5
7
15
7
11
9
18
20
11
17
12
11
19
17
15
17
9
17
0
223
223
168
305
378
24
47
252
168
385
8
14
207
162
27
144
287
70
224
270
205
231
316
12
331
88
132
193
171
45
342
316
362
169
18
119
187
361
235
14
272
244
215
359
422
55
100
292
217
413
20
30
242
194
75
166
338
115
255
315
235
237
329
74
340
106
184
213
240
57
362
365
389
225
68
162
204
374
267

21
40
11
11
17
20
18
9
20
12
7
8
16
5
17
18
7
9
12
20
15
9
19
17
11
15
9
6
19
9
12
17
14
6
19
8
8
6
12
7
17
19
0
263
295
123
41
163
350
66
227
68
24
153
65
292
27
22
148
364
325
61
147
80
313
192
45
66
34
85
101
11
355
210
237
184
192
238
90
157
197
311
17
321
345
164
98
221
395
86
246
79
78
179
92
333
65
56
188
393
390
73
171
118
336
245
96
99
82
114
130
38
395
257
301
241
217
255
139
209
236
371

22
40
6
10
5
9
10
13
11
11
10
10
6
13
11
10
9
6
19
8
10
20
16
6
11
19
17
17
18
18
7
14
19
8
15
16
6
16
18
14
18
19
0
112
90
258
362
159
77
312
89
36
4
73
66
74
368
118
21
271
88
37
370
149
342
246
178
244
145
136
157
89
208
225
367
93
327
95
83
319
118
183
50
146
138
308
390
214
129
326
146
62
25
90
110
105
402
172
84
310
143
91
411
167
359
299
213
303
184
173
198
140
260
252
423
115
380
111
123
344
145
208

23
40
13
9
11
5
14
12
17
18
15
7
6
18
15
8
17
19
5
15
11
19
9
14
6
10
17
19
15
15
18
10
11
14
14
6
7
9
19
9
19
20
0
68
170
373
378
5
268
322
292
306
104
211
270
189
110
66
343
211
313
288
351
221
175
273
96
98
78
158
124
161
342
366
242
250
363
357
48
136
329
110
27
112
231
426
436
30
290
353
312
363
132
238
335
199
149
135
374
244
324
329
404
250
221
313
154
140
134
203
176
218
359
430
268
290
376
412
101
151
386
156

24
40
17
19
13
9
9
10
11
19
12
19
16
15
16
10
19
11
6
20
7
18
6
13
11
13
6
16
19
6
12
7
10
18
12
10
14
13
11
20
20
7
0
341
380
217
353
323
346
208
266
317
257
1
17
5
166
373
138
323
388
185
117
348
335
149
27
66
33
48
331
21
34
53
312
41
230
212
58
145
298
155
46
405
439
239
388
347
384
252
308
348
296
58
75
45
206
425
173
378
401
229
140
366
359
175
34
93
96
88
380
60
62
102
372
96
253
265
71
206
329
166

25
40
8
15
9
18
6
12
12
18
15
11
12
5
11
14
14
7
15
19
18
17
9
6
13
16
12
6
6
9
16
16
11
9
20
8
12
13
16
12
7
11
0
140
172
53
298
262
250
330
14
126
223
302
287
212
74
297
227
199
127
353
132
320
105
190
343
130
172
136
157
346
332
55
177
220
205
65
16
99
279
107
32
177
194
114
316
317
305
353
62
160
248
334
328
230
133
330
262
251
187
374
155
371
120
243
387
181
182
177
205
376
358
89
226
238
245
91
73
142
286
162

26
40
15
9
6
11
13
9
9
5
11
6
11
18
15
10
11
16
19
17
6
16
14
10
5
19
16
14
19
8
6
13
15
10
15
15
15
7
11
13
19
19
0
27
105
256
5
371
352
208
131
205
112
97
185
254
74
239
77
274
110
79
11
108
233
11
300
124
85
174
163
200
163
352
329
342
19
33
283
244
358
150
37
54
135
315
25
409
409
222
180
253
168
122
249
307
91
281
122
318
134
132
72
122
269
43
364
182
142
210
191
258
217
405
363
382
37
51
339
305
378
208

27
40
12
16
16
5
12
6
15
15
6
16
8
10
12
7
7
7
18
10
15
16
12
20
8
6
6
14
14
16
5
10
5
16
16
11
18
17
17
19
6
8
0
237
217
237
257
238
229
110
329
231
21
244
333
57
314
28
113
316
191
119
256
259
65
325
146
163
122
61
20
140
202
171
335
330
148
152
22
139
192
236
17
257
240
272
271
290
275
161
335
286
65
273
357
80
358
77
153
331
225
150
273
312
115
345
194
181
170
123
32
170
235
190
370
359
175
171
73
174
207
283

28
40
16
10
6
15
20
8
11
12
15
15
18
17
18
8
17
8
9
19
13
13
13
15
13
16
15
10
8
9
8
17
10
6
8
13
15
17
7
15
9
11
0
319
271
161
272
355
144
370
93
125
272
89
95
74
348
365
357
293
56
189
146
130
289
261
231
157
309
52
72
283
65
127
310
52
95
47
68
203
284
55
46
358
290
208
334
364
162
401
133
188
325
151
128
121
407
421
409
329
87
226
162
163
306
309
296
204
361
84
126
328
119
175
360
99
155
113
123
239
307
77

29
40
11
13
11
14
16
16
14
15
12
8
16
7
12
9
18
6
14
5
16
10
13
14
11
14
17
11
13
18
20
12
10
17
18
18
20
8
6
6
15
8
0
172
169
61
367
39
137
26
122
184
207
159
29
140
301
324
273
200
256
210
125
31
365
88
152
161
247
383
254
223
111
250
359
382
190
83
44
219
91
58
19
229
229
82
400
81
153
88
161
214
254
211
81
159
331
333
291
253
303
237
160
59
408
113
173
205
264
408
288
245
127
302
385
412
217
124
64
272
151
83

30
40
9
8
12
5
6
6
11
18
20
13
15
12
10
20
19
6
17
8
6
15
12
7
19
9
17
10
6
7
11
9
12
17
19
17
16
19
13
8
7
17
0
353
199
352
166
216
97
274
356
65
280
132
30
68
78
64
175
206
51
342
149
225
365
254
365
234
130
312
82
239
317
321
338
346
250
244
285
295
174
61
40
367
244
366
179
233
116
295
424
110
296
145
76
101
116
117
229
226
79
388
203
261
392
292
403
277
179
328
119
249
366
339
401
389
295
304
309
346
204
100

