1
60
10
20
13
14
13
6
16
17
14
12
6
16
16
15
6
17
18
14
10
11
14
11
10
13
16
7
19
6
11
11
11
18
17
16
8
12
16
9
9
14
11
10
13
10
19
5
20
11
5
17
18
12
5
19
5
19
14
11
19
9
0
378
246
246
21
185
481
310
24
83
149
257
197
326
453
25
105
347
417
563
267
241
226
178
282
172
510
204
524
505
18
12
277
25
154
80
341
228
506
35
100
431
109
59
535
268
59
24
303
71
438
170
367
217
341
542
303
253
274
151
15
403
291
328
99
228
529
354
58
105
219
276
230
389
468
60
163
431
502
619
305
323
240
221
353
236
537
284
558
556
82
99
303
65
202
95
368
311
534
66
183
453
131
111
574
340
82
49
341
110
500
228
382
275
380
565
369
333
296
187

2
60
8
15
12
16
19
9
15
16
16
12
6
7
15
14
13
12
5
14
18
13
6
13
11
16
9
11
15
10
14
17
19
18
10
20
15
13
13
6
14
6
17
5
5
16
14
8
9
10
17
20
9
8
7
5
10
11
13
5
10
13
0
437
438
319
505
129
345
537
139
45
227
205
477
496
339
131
52
35
64
499
340
353
103
49
152
124
407
449
486
310
39
12
125
360
525
229
504
208
467
56
139
510
320
343
403
317
227
382
203
337
53
294
287
146
234
458
147
207
129
295
20
493
456
347
551
193
415
562
221
110
296
252
499
553
376
163
62
108
118
535
355
431
144
104
161
205
491
463
563
373
94
77
139
409
591
252
526
277
499
122
211
585
392
418
465
375
304
441
225
381
63
367
306
203
309
524
218
267
143
319

3
60
7
8
7
16
7
14
14
8
19
18
5
6
7
11
10
9
7
6
9
14
16
12
7
8
14
6
18
12
12
9
6
12
9
13
7
16
15
11
12
13
13
16
6
17
11
5
11
7
17
14
15
8
16
9
6
17
17
6
8
8
0
164
402
117
79
462
46
133
4
452
265
482
109
444
401
93
162
375
210
251
329
272
267
475
29
292
171
39
106
187
463
137
79
225
170
12
213
456
301
297
180
360
289
468
108
187
177
215
222
134
454
11
441
134
33
327
75
340
38
200
68
193
422
136
131
524
91
193
42
495
331
543
180
508
455
111
197
415
279
300
365
327
303
507
97
315
230
96
175
201
497
172
106
292
204
91
274
521
345
311
239
423
300
499
147
235
229
247
282
161
480
66
488
175
79
409
116
350
101
243

4
60
5
14
6
9
13
11
10
6
12
7
10
7
13
15
8
12
16
13
19
13
14
13
19
16
19
6
15
11
10
13
11
8
16
5
8
13
16
17
18
17
14
20
13
14
12
7
15
18
9
12
15
11
18
5
8
18
5
14
13
6
0
209
421
151
147
399
339
486
278
61
89
71
128
165
155
183
24
134
223
483
161
478
138
334
4
543
137
83
544
312
453
401
308
103
96
256
428
513
383
371
346
290
408
146
3
525
462
378
518
221
23
290
7
402
298
128
120
202
146
15
34
277
465
199
193
428
380
507
316
126
116
139
167
244
177
245
55
183
259
504
242
522
218
378
91
584
203
138
556
349
487
431
396
119
113
330
469
531
437
451
371
319
421
182
29
602
509
463
562
249
96
362
67
457
373
176
158
227
225
57

5
60
12
7
20
14
8
17
18
7
18
17
14
19
18
8
14
15
15
12
15
15
5
18
15
16
14
12
15
15
13
8
7
9
13
19
6
15
19
7
17
15
16
18
10
8
14
14
9
7
9
19
9
16
13
12
16
9
15
6
15
13
0
365
228
14
33
163
409
377
278
429
519
384
131
360
200
221
220
118
207
127
323
381
563
69
111
165
362
435
394
267
239
589
152
426
19
99
300
504
262
85
27
320
194
35
208
127
172
536
306
523
571
187
316
230
510
94
83
1
124
58
71
430
296
89
82
209
487
449
297
474
534
421
199
441
221
265
251
155
275
162
388
435
599
104
145
188
455
507
479
276
292
604
166
469
70
158
320
561
330
107
91
415
219
111
274
218
197
601
362
600
608
211
363
261
568
141
144
54
183
104

6
60
20
8
12
16
14
20
7
7
15
7
7
17
20
18
15
9
15
9
7
6
5
9
7
10
20
7
11
9
6
12
16
7
20
17
6
18
10
13
20
13
12
19
7
14
12
10
19
20
9
19
15
6
14
17
15
8
5
12
5
14
0
427
245
249
519
391
491
469
48
346
512
414
87
343
392
488
502
56
274
302
410
266
377
68
153
51
113
285
96
186
110
431
202
339
190
403
200
35
431
448
415
348
3
4
335
280
380
42
505
267
412
488
375
121
365
70
496
540
215
118
21
498
314
309
538
414
568
504
69
365
553
453
109
368
460
510
576
110
322
367
459
344
411
95
182
108
169
349
102
223
149
448
281
405
210
479
218
64
459
474
435
386
42
26
410
325
401
108
583
332
470
535
442
171
432
138
556
566
279
166

7
60
11
19
19
14
18
5
20
6
15
19
15
16
16
16
16
11
20
18
19
14
12
10
13
9
18
15
8
16
12
9
5
8
17
8
10
18
17
10
7
12
14
14
13
15
12
8
18
17
18
19
13
9
8
17
16
8
9
17
7
20
0
257
307
353
75
283
97
309
563
311
53
177
332
434
217
408
262
152
234
0
110
493
93
450
447
104
22
40
64
62
485
38
303
101
446
206
19
391
347
319
550
118
47
322
137
271
592
590
226
71
66
420
26
542
330
459
559
394
254
510
17
295
350
401
102
323
190
370
658
352
133
233
404
474
244
459
349
177
322
50
186
543
141
467
477
196
96
110
135
91
519
125
374
136
498
281
81
424
363
373
604
140
132
384
161
325
635
636
250
146
86
439
104
566
390
541
627
460
288
581

8
60
19
18
12
19
17
18
11
12
12
6
15
10
12
15
13
19
5
5
17
18
7
7
11
6
16
18
17
10
11
9
7
18
9
15
13
15
17
5
12
9
11
10
19
5
8
8
6
16
19
20
18
8
12
19
8
10
10
6
15
7
0
58
93
490
285
184
61
254
400
255
464
499
410
469
0
296
87
268
462
310
143
232
0
25
59
66
353
268
30
314
104
486
324
198
125
507
490
333
492
161
39
490
56
357
253
52
139
108
427
207
240
329
410
548
537
5
528
220
180
553
46
98
112
521
335
272
87
282
429
298
480
529
444
531
41
329
99
305
517
387
181
270
57
69
110
157
371
318
80
328
183
510
367
230
201
562
515
348
553
203
114
526
133
420
298
112
148
180
474
231
299
368
438
611
608
38
596
277
239
606

9
60
8
10
11
16
13
20
18
7
11
14
18
19
7
11
17
11
10
12
8
7
5
5
11
9
17
8
10
14
6
9
11
10
18
15
5
15
18
7
16
8
16
9
5
13
12
16
18
17
18
15
17
18
16
10
9
15
10
6
20
15
0
359
471
240
14
539
106
107
113
345
2
257
131
42
400
483
540
69
253
53
430
512
271
312
66
189
469
442
61
283
151
352
266
546
208
529
32
236
109
14
159
114
21
122
433
466
428
82
266
365
257
532
232
342
306
501
361
368
217
464
33
409
513
317
72
597
180
152
127
413
57
303
180
120
450
532
594
83
312
80
507
553
328
330
147
250
541
464
137
331
210
400
296
577
248
610
73
296
185
93
228
190
48
200
471
490
476
109
329
393
286
586
253
362
366
558
404
414
292
496

10
60
7
18
9
9
14
17
17
19
13
7
9
11
5
13
8
5
14
8
20
7
18
10
9
17
20
7
10
13
14
18
7
6
5
13
16
17
15
7
9
18
17
9
15
9
19
14
9
19
19
14
7
18
14
7
13
19
14
5
7
14
0
32
42
57
155
3
258
249
53
467
313
530
183
210
405
353
106
414
447
452
377
292
438
393
538
122
340
423
291
293
210
294
326
288
5
208
109
105
377
431
222
254
536
286
448
64
56
297
83
437
143
410
2
219
127
291
173
110
260
180
72
117
114
135
209
91
281
338
66
497
333
610
207
234
469
428
158
463
469
512
423
345
494
428
593
135
383
455
312
329
281
367
342
349
27
273
189
147
404
467
287
323
621
300
506
130
131
364
139
518
163
460
47
288
150
383
218
175
267
231

11
60
17
8
13
15
9
9
17
18
9
10
20
7
18
16
7
9
9
6
18
12
13
5
9
17
6
11
13
5
20
13
12
16
7
7
16
5
17
19
14
14
14
20
9
17
8
16
16
11
19
9
14
14
9
10
5
19
11
8
5
16
0
24
372
275
241
120
60
94
546
217
251
208
9
107
524
333
551
475
161
542
199
93
290
422
370
516
79
88
421
430
231
239
29
161
294
379
466
152
268
116
482
105
201
454
505
270
539
64
387
544
203
542
519
498
165
191
404
430
88
294
27
95
413
298
264
143
145
165
569
295
324
264
57
141
589
398
570
502
248
581
241
128
348
507
434
555
100
164
457
494
308
324
98
211
351
451
545
243
311
155
542
129
244
539
568
315
595
78
438
602
284
593
599
565
208
215
451
447
141
366

12
60
20
11
12
9
14
7
13
9
6
16
6
9
8
17
12
18
12
8
6
13
11
20
6
8
15
12
19
15
13
19
17
11
9
11
15
10
18
6
7
20
11
8
18
9
16
14
16
19
11
6
13
7
15
18
16
13
8
17
14
19
0
180
500
336
45
425
500
542
86
177
33
137
350
358
534
78
59
130
128
153
52
54
103
345
467
312
110
273
212
384
325
427
150
65
183
93
295
274
554
236
344
125
128
545
71
66
231
60
384
193
343
218
465
115
243
456
285
272
116
530
86
232
563
376
133
442
580
616
166
264
76
206
410
444
613
136
72
179
188
207
125
130
112
388
493
394
170
301
239
455
369
507
224
132
244
117
348
318
601
268
374
134
149
594
120
128
297
107
422
200
416
294
513
133
267
476
341
353
134
585

13
60
19
11
11
12
15
13
16
10
7
8
11
16
15
20
5
15
18
12
12
5
16
6
11
10
12
14
15
20
11
19
8
6
17
13
11
14
6
16
6
18
11
8
6
10
6
13
14
20
6
12
11
8
8
13
19
13
17
18
16
5
0
538
360
74
45
440
143
368
384
249
195
323
161
445
177
111
541
465
413
396
429
83
286
25
432
245
480
417
507
295
97
480
116
324
402
339
83
80
186
431
106
427
534
505
492
437
144
494
402
498
90
79
76
133
274
33
432
352
394
494
64
594
416
135
116
518
188
400
439
327
249
386
226
498
219
163
601
544
475
435
508
140
346
63
498
296
504
472
546
349
121
500
159
345
437
361
91
104
211
493
164
466
592
544
565
483
181
558
473
564
110
127
144
161
337
99
519
382
415
545

14
60
19
8
19
9
13
7
10
12
13
20
10
16
17
17
9
13
18
9
7
8
6
18
6
20
7
19
15
9
17
12
18
6
19
14
18
13
7
16
12
9
18
16
7
14
11
8
18
16
12
20
7
7
19
19
17
20
15
19
20
18
0
524
363
612
428
0
554
148
98
533
56
375
164
526
171
207
11
278
49
504
596
79
46
503
543
73
369
429
611
81
453
70
115
321
559
497
388
594
4
566
68
96
246
278
383
325
530
176
308
396
391
304
377
72
427
130
544
442
337
523
79
589
422
701
491
68
623
208
136
618
85
395
192
622
250
271
85
367
87
561
632
118
71
531
566
92
421
492
648
142
512
105
152
379
644
586
426
624
49
616
122
161
294
309
455
414
605
245
329
456
418
338
454
111
465
214
605
500
399
618

15
60
19
9
9
8
17
5
18
16
12
6
10
15
5
15
8
10
9
13
8
20
18
13
11
19
11
9
7
14
18
11
14
9
13
18
13
9
19
15
11
13
15
11
18
5
10
11
10
19
17
14
15
19
7
15
8
9
7
12
8
12
0
281
449
466
99
340
139
97
228
327
76
291
520
247
421
324
285
507
237
211
354
119
452
224
459
210
334
443
350
168
522
27
115
96
459
35
390
232
458
27
143
479
149
52
479
125
215
479
515
333
257
173
416
71
263
449
412
249
183
344
68
301
470
481
163
407
215
151
257
405
140
307
557
275
432
361
346
526
260
249
444
169
493
294
532
292
380
476
424
207
601
91
162
164
502
110
438
305
482
43
201
500
224
57
525
154
270
511
552
415
330
213
444
89
296
504
489
262
234
370

16
60
18
13
12
16
13
15
14
5
6
13
15
20
20
12
11
19
17
6
9
18
16
11
10
13
11
18
12
15
12
8
19
6
19
12
12
17
16
16
8
5
7
18
19
7
5
11
14
17
16
18
12
10
15
5
17
15
15
20
7
6
0
133
203
257
219
437
108
277
273
218
78
302
318
538
573
38
28
438
41
139
357
312
108
489
565
88
562
369
126
287
349
528
226
270
570
424
363
570
472
55
578
106
30
215
147
455
99
47
324
344
251
392
222
172
523
67
428
307
156
37
90
154
232
306
300
514
155
282
307
248
156
338
342
570
614
79
108
512
60
177
384
353
134
577
590
112
580
403
146
343
425
607
281
333
636
484
400
609
546
73
600
201
124
285
224
476
177
98
415
388
325
403
303
206
611
147
452
394
173
66

17
60
6
15
19
17
14
8
6
9
18
11
7
17
16
15
9
6
10
16
18
15
11
7
11
19
8
9
18
15
10
12
16
13
9
10
9
16
6
16
16
16
10
19
19
5
14
14
6
9
15
10
15
12
5
8
12
16
8
5
6
12
0
523
389
438
166
328
311
461
332
335
7
174
152
105
133
400
400
257
539
510
516
371
418
226
4
264
217
415
161
256
83
261
498
122
128
336
106
437
480
328
490
84
495
417
178
97
494
433
256
50
524
411
369
426
70
442
24
393
213
198
54
551
447
502
208
359
361
518
414
416
21
208
221
156
148
427
447
324
560
535
554
390
469
294
30
335
304
465
175
310
159
318
510
201
171
355
175
490
520
398
519
158
549
440
257
150
509
468
315
111
548
463
394
469
132
468
76
424
236
270

18
60
7
20
9
7
17
5
14
18
5
7
17
19
10
11
15
18
18
8
13
17
13
15
6
15
15
18
9
18
18
9
10
20
7
18
7
18
11
5
6
5
7
11
9
15
9
13
17
9
15
12
15
14
12
13
6
17
16
6
19
18
0
144
545
555
510
225
78
453
18
308
146
167
192
114
414
5
239
221
312
135
51
40
130
470
63
278
438
522
71
80
41
228
200
103
334
220
168
22
482
288
21
29
290
133
199
462
285
46
138
114
81
525
46
305
326
162
549
73
298
402
50
197
605
581
599
246
142
480
73
374
165
218
252
192
436
36
285
250
334
190
86
80
185
496
122
304
487
549
94
156
76
318
273
176
404
308
218
33
508
307
51
44
353
195
280
490
365
119
191
164
97
556
63
362
403
222
626
118
329
447

19
60
14
13
10
13
13
16
13
18
7
15
5
19
9
18
5
6
9
9
7
11
15
7
15
6
10
19
11
10
15
7
14
19
20
18
7
17
17
19
16
8
9
20
6
9
12
5
6
15
7
14
19
9
12
10
14
16
7
12
19
19
0
538
18
528
386
550
519
482
272
385
208
257
165
278
128
78
146
223
424
531
115
258
377
303
265
220
55
187
509
431
252
546
112
88
474
223
200
355
522
179
405
70
428
428
77
491
419
212
341
322
99
520
200
242
199
30
182
373
516
241
22
617
52
580
439
607
603
511
322
417
228
327
178
346
172
139
210
279
435
583
153
277
461
323
329
274
105
265
566
460
270
601
191
133
529
247
265
393
566
218
483
116
451
493
121
553
476
263
351
358
177
599
272
261
240
119
252
409
554
274

20
60
10
6
11
7
10
10
8
16
15
7
17
12
18
18
15
17
8
14
19
8
18
15
17
11
19
8
12
14
7
20
17
11
9
14
11
6
5
10
17
19
7
17
11
15
16
19
10
15
7
6
15
19
18
18
5
7
18
20
18
10
0
504
438
289
415
130
115
159
559
550
23
348
530
548
390
204
127
487
563
91
425
253
580
526
24
392
159
332
79
194
436
523
296
175
103
535
395
368
2
526
297
144
269
417
133
282
578
91
322
194
398
165
491
356
502
152
396
512
289
448
68
536
493
334
465
183
132
233
611
577
113
419
586
635
475
263
140
540
639
109
446
292
602
613
77
452
247
353
96
283
491
537
377
216
142
563
460
432
74
612
367
183
335
432
202
362
662
152
339
212
465
202
517
434
538
212
452
532
342
487

21
60
16
6
12
20
7
9
17
13
16
15
11
9
18
10
17
12
19
16
12
13
15
5
10
6
8
14
9
20
12
11
7
17
16
14
20
10
10
9
9
8
17
9
17
6
12
10
12
13
6
11
14
9
10
6
6
18
17
15
11
15
0
230
42
390
302
337
403
418
20
39
57
537
434
258
173
512
384
459
404
391
231
508
229
391
350
316
367
11
294
229
307
25
281
466
336
316
368
377
260
478
68
221
462
3
340
183
246
39
303
435
189
228
476
266
167
313
495
61
333
15
65
279
126
448
359
408
422
501
90
83
126
594
512
334
260
531
443
542
433
458
266
563
265
408
381
378
411
40
329
263
319
99
332
547
389
364
404
389
324
548
87
246
522
64
390
245
285
112
320
505
215
292
536
301
204
355
574
107
363
79

22
60
10
6
15
16
18
20
11
5
19
14
14
6
12
14
14
6
16
12
10
13
15
15
14
8
16
10
13
7
9
17
19
16
14
17
11
8
10
12
7
9
18
6
17
6
14
7
14
16
8
10
15
10
18
6
18
13
12
12
8
11
0
477
438
303
73
489
255
393
32
66
529
491
400
520
453
553
155
361
183
56
182
374
48
182
105
183
434
81
177
123
91
82
3
440
272
123
547
34
280
199
114
18
122
473
143
505
271
129
445
309
420
346
283
133
495
518
406
136
265
287
50
509
492
370
118
564
339
463
102
97
613
540
426
577
538
564
239
432
220
139
236
451
65
233
146
194
488
116
219
171
177
98
50
492
287
166
617
53
318
238
199
71
164
482
186
583
356
181
462
375
453
356
312
191
575
552
427
173
301
300

23
60
14
11
18
13
13
9
17
14
11
18
19
13
14
15
16
16
19
20
5
20
12
7
12
15
7
5
17
19
12
15
8
14
9
9
7
18
13
16
11
11
5
17
16
20
20
19
17
7
17
6
19
10
18
9
18
14
16
9
16
16
0
135
396
260
130
95
504
357
508
386
457
579
555
169
69
40
164
365
0
356
38
383
259
339
136
382
560
553
551
564
389
129
378
344
16
549
277
582
347
39
601
44
372
52
180
356
559
88
563
131
519
480
484
563
484
491
133
82
478
256
14
191
492
282
188
179
584
376
540
485
525
632
640
227
137
58
205
396
71
398
75
465
307
402
222
464
627
619
630
595
463
216
454
371
80
585
323
598
437
123
606
99
444
137
279
450
607
134
657
213
548
552
562
578
583
567
203
154
495
340

24
60
11
18
6
10
15
9
5
11
19
17
18
18
12
9
9
19
14
11
12
16
17
16
17
20
11
10
17
13
10
8
16
13
10
13
18
9
8
18
15
11
16
15
18
6
17
8
11
19
6
13
16
12
16
6
13
9
12
14
10
15
0
540
530
112
450
465
426
330
384
319
565
115
166
245
49
343
561
355
405
519
471
272
579
94
78
39
153
316
55
498
33
180
314
378
126
264
289
515
229
412
100
128
141
361
503
264
538
401
402
504
31
34
350
536
492
515
284
295
250
446
77
600
553
157
540
491
456
359
466
385
637
133
247
264
73
418
584
381
440
539
554
363
623
191
121
78
201
343
137
519
83
255
327
418
210
332
324
590
260
495
181
218
167
394
556
320
559
493
411
591
95
104
414
598
538
555
325
367
281
501

25
60
10
14
20
18
7
5
20
10
14
16
14
14
16
16
10
17
6
11
6
10
15
18
14
19
15
10
19
15
14
17
10
12
8
16
12
19
16
8
19
11
7
6
20
18
14
15
12
11
11
14
18
15
6
7
7
20
8
11
8
16
0
216
142
462
500
284
498
121
329
212
235
216
266
7
39
396
78
399
271
453
391
379
477
115
158
143
355
335
211
541
574
311
221
473
391
10
310
383
451
74
530
358
61
67
17
390
284
456
237
124
355
480
578
382
549
220
141
226
171
219
68
243
198
544
576
303
563
192
389
287
297
233
349
32
101
441
152
421
310
473
431
432
536
171
175
206
400
398
245
606
660
352
304
546
457
96
345
453
501
91
557
392
155
128
107
448
323
511
317
142
407
526
602
442
616
312
197
281
240
305

26
60
15
7
11
15
20
19
19
7
7
19
12
8
19
13
16
20
11
14
10
12
7
12
12
5
6
9
12
13
15
15
12
19
13
6
7
14
19
15
16
6
17
19
20
16
7
20
10
12
5
20
15
6
16
5
18
7
13
12
16
7
0
227
507
518
178
283
443
441
503
19
163
170
347
152
119
39
276
338
443
333
550
188
275
217
388
100
518
193
455
487
469
477
318
569
358
68
159
495
252
408
227
466
438
557
418
60
69
456
355
72
364
335
68
260
487
190
493
513
451
55
71
308
565
581
211
371
527
485
582
86
205
201
395
228
176
108
292
398
462
351
598
258
347
295
428
125
599
231
506
546
550
549
371
614
392
87
217
567
271
476
257
518
532
635
452
143
127
513
365
144
430
403
157
316
579
251
520
531
507
67

27
60
15
6
5
6
12
16
13
19
11
9
8
9
15
14
13
11
6
16
13
12
19
19
9
16
17
7
12
9
11
8
14
8
18
10
11
15
16
13
14
20
5
9
19
13
16
5
12
6
14
14
10
11
16
14
12
12
11
16
7
10
0
497
161
517
86
416
303
510
144
88
247
115
434
372
520
157
273
401
194
118
486
165
364
320
472
92
308
413
352
147
537
131
145
168
465
334
235
188
542
495
1
241
421
461
487
57
246
464
369
317
462
125
360
423
157
235
397
460
214
436
66
516
220
575
141
503
384
567
179
160
263
140
485
388
558
178
330
434
217
186
567
188
403
408
502
167
320
459
385
162
571
153
167
199
544
418
278
208
579
566
12
315
479
495
559
74
310
523
425
355
513
190
396
491
215
249
418
546
257
446

28
60
10
6
7
14
20
19
15
18
6
14
11
8
18
9
5
6
8
18
6
9
17
19
11
20
14
20
16
19
7
10
15
15
18
15
11
15
15
17
9
5
11
9
8
6
15
5
12
6
15
19
9
13
11
16
12
7
17
18
15
8
0
383
457
231
356
246
308
181
95
101
488
8
164
433
311
285
194
254
352
22
121
183
550
454
85
301
556
429
340
215
168
490
277
90
227
546
438
8
128
398
456
331
173
325
158
418
428
359
139
66
405
497
62
469
177
480
528
78
535
259
17
403
537
290
411
331
354
247
129
182
569
20
211
500
364
341
205
301
430
79
205
232
580
506
159
338
579
464
398
230
205
568
366
141
265
616
512
32
172
469
487
403
235
368
225
467
489
377
166
99
417
525
111
559
224
503
613
166
570
296

29
60
8
7
19
11
6
19
16
16
8
18
11
10
17
20
11
18
14
16
12
7
17
5
14
15
9
12
18
20
14
18
13
12
11
19
7
16
17
14
6
18
10
10
12
17
19
18
13
14
19
18
10
16
13
7
6
5
12
9
9
13
0
255
90
213
188
55
92
196
367
39
9
85
486
58
198
554
94
15
280
331
476
395
269
573
181
375
118
387
548
247
511
448
549
410
329
19
177
140
134
184
586
206
2
371
103
125
443
384
329
43
82
350
159
397
12
149
243
465
208
190
63
290
147
275
219
80
116
259
417
118
64
105
576
127
278
639
111
72
317
383
510
444
333
634
222
460
206
437
616
284
529
526
583
484
364
83
198
222
163
271
659
270
50
398
177
174
483
475
365
132
148
443
218
445
30
174
281
509
242
268

30
60
20
17
9
16
10
17
14
13
14
18
20
13
12
5
7
19
15
16
13
19
7
9
12
12
8
13
9
7
16
9
12
11
9
16
8
11
7
6
8
15
15
10
12
18
15
16
16
11
12
8
18
12
19
12
7
17
17
14
20
12
0
45
231
251
15
351
552
380
469
343
538
82
288
543
76
248
73
55
7
142
432
397
535
218
569
232
322
566
112
116
259
387
184
209
569
93
69
222
452
415
554
177
518
109
430
259
403
563
144
65
514
349
244
169
305
186
487
516
273
195
97
101
252
277
68
391
575
435
502
361
568
165
336
588
117
274
124
93
90
207
513
465
587
280
590
266
345
607
133
164
289
428
264
293
610
149
139
250
535
459
592
194
566
141
508
287
429
613
156
129
549
378
325
240
317
212
504
594
340
275

