1
7
10
5
16
5
13
9
17
0
19
45
8
24
35
22
15
28
62
13
41
45
39

2
7
7
19
18
19
8
12
12
0
24
11
1
50
56
57
11
49
32
21
65
68
73

3
7
8
14
14
14
19
12
12
0
37
67
38
68
28
43
8
57
83
58
93
47
59

4
7
12
7
20
11
19
12
14
0
13
50
71
51
53
43
12
27
74
84
74
74
63

5
7
18
9
20
11
6
18
13
0
67
41
32
1
62
62
25
82
67
51
16
83
83

6
7
17
7
11
13
15
9
8
0
35
48
38
17
29
20
18
43
61
57
35
40
32

7
7
15
17
5
8
19
12
17
0
11
52
68
7
44
44
16
30
60
77
32
59
67

8
7
9
19
8
18
20
6
18
0
69
53
65
40
52
42
10
96
66
88
62
66
61

9
7
12
17
19
19
14
5
10
0
59
38
61
5
6
71
20
77
64
82
25
13
87

10
7
19
15
12
18
17
7
15
0
37
29
18
10
13
74
19
55
50
42
28
21
94

11
7
10
12
19
16
13
20
9
0
14
25
39
53
24
4
13
26
50
62
74
53
14

12
7
6
7
14
15
19
16
16
0
23
3
59
55
3
67
12
38
26
81
77
20
83

13
7
14
5
19
11
6
7
16
0
46
45
23
8
12
52
18
57
65
35
21
26
69

14
7
13
10
8
6
15
19
8
0
50
29
51
24
32
6
20
65
42
60
46
56
20

15
7
7
11
19
18
12
17
5
0
18
14
11
48
26
11
11
37
35
34
66
51
22

16
7
9
10
20
14
19
14
19
0
73
77
64
71
45
75
14
85
106
87
90
59
99

17
7
13
7
6
5
13
6
7
0
17
1
10
28
28
16
14
27
9
15
42
37
28

18
7
18
7
16
15
10
6
19
0
37
40
10
36
36
41
26
45
64
29
49
47
61

19
7
17
13
18
7
13
18
15
0
74
25
34
15
18
55
20
91
52
42
29
38
76

20
7
11
17
14
19
15
18
11
0
32
37
69
73
25
70
12
52
53
95
91
44
87

21
7
12
10
18
5
14
12
17
0
11
25
43
33
26
38
15
22
47
48
51
39
57

22
7
7
12
7
16
7
18
18
0
41
32
25
50
23
13
7
55
45
41
62
43
32

23
7
16
10
6
17
17
10
15
0
53
48
47
2
64
42
24
64
55
65
26
79
60

24
7
15
17
19
14
6
8
6
0
47
45
24
5
51
56
19
69
65
39
15
61
67

25
7
17
14
18
9
13
6
10
0
42
48
16
44
6
36
24
60
69
30
61
13
50

26
7
20
9
18
19
11
14
6
0
36
13
58
72
57
19
27
50
37
84
83
78
33

27
7
10
18
12
5
17
19
9
0
19
7
3
33
20
33
15
38
23
15
53
39
43

28
7
15
16
6
6
18
16
10
0
15
49
5
26
64
26
20
35
62
15
51
84
39

29
7
19
8
10
17
10
10
7
0
30
35
1
56
13
56
25
44
47
21
70
25
65

30
7
8
7
13
17
10
13
11
0
55
11
26
5
6
20
12
69
26
50
17
21
37

