1
100
18
15
11
19
12
10
20
20
10
19
9
17
19
16
18
15
17
11
14
9
18
20
17
14
12
16
13
17
5
14
14
18
6
16
12
19
17
12
13
18
8
9
7
7
15
9
19
6
10
19
19
5
17
16
17
16
16
7
11
15
19
9
18
19
13
18
19
7
6
10
20
9
15
8
9
8
13
11
16
14
16
8
14
15
9
16
6
13
18
18
9
12
17
10
6
13
16
7
9
16
0
617
129
594
636
556
45
608
387
638
259
517
633
488
121
518
316
297
259
180
79
426
479
446
388
39
586
245
316
508
352
387
112
147
586
78
257
152
205
94
146
237
0
637
531
459
591
493
79
527
558
365
289
299
416
122
337
153
245
271
170
233
3
87
133
624
447
669
628
110
202
671
217
271
390
357
347
466
234
393
323
559
417
262
123
289
337
197
64
31
626
98
104
603
450
655
587
120
280
154
490
1018
473
879
899
1170
722
773
596
980
715
770
1145
703
722
1024
922
543
485
440
421
710
622
1123
562
361
1004
317
662
699
705
1040
505
196
843
207
365
697
602
178
212
534
636
1291
774
501
751
1096
616
969
612
842
351
518
627
625
594
656
882
515
664
667
583
553
293
1206
744
701
1075
254
412
1140
653
665
598
535
386
556
806
805
987
796
925
592
495
952
956
593
172
120
1177
472
357
1208
1027
887
658
695
408
613

2
100
9
11
13
18
11
14
19
20
18
15
11
20
9
8
11
16
18
16
9
7
20
14
11
11
14
17
13
9
11
14
8
14
13
17
11
5
17
18
5
16
6
6
8
14
9
15
7
14
9
6
7
12
6
18
20
12
19
9
10
9
8
11
7
8
12
19
9
17
17
11
17
7
10
17
5
11
12
15
7
18
10
15
15
19
11
8
16
9
20
10
10
11
8
6
14
20
6
15
8
10
0
215
512
313
407
277
314
35
443
560
14
247
233
530
228
513
234
455
444
579
130
530
179
56
166
30
67
130
82
560
459
489
135
21
302
303
378
360
2
134
212
410
11
127
532
559
61
539
53
357
598
584
404
496
304
422
527
50
455
425
499
426
195
107
217
182
216
32
184
106
150
519
265
277
421
450
582
533
612
420
413
158
176
53
497
244
300
464
322
265
491
469
72
265
341
581
58
211
28
332
555
787
741
841
759
773
761
193
557
818
240
669
360
1067
618
969
742
766
1046
864
175
553
671
178
197
304
583
313
212
675
993
719
440
534
683
675
824
980
240
733
788
678
385
583
603
745
427
706
471
480
1088
882
774
840
843
882
813
204
854
974
1006
761
652
668
259
278
490
111
353
195
605
657
649
406
630
671
755
648
901
509
642
750
779
82
982
535
806
613
427
729
910
1071
400
873
524
994
376
484
297
847

3
100
20
6
10
10
12
7
10
13
19
19
8
17
16
11
15
18
14
6
7
13
18
6
16
9
9
18
16
6
15
13
10
17
7
13
13
16
14
7
12
16
17
18
9
16
13
14
8
9
11
11
19
12
7
15
18
7
12
9
5
15
8
13
6
13
9
18
10
16
7
8
17
7
20
19
6
13
11
17
5
6
6
9
19
6
14
8
8
11
19
7
16
20
17
19
14
7
12
10
8
16
0
9
388
342
144
569
567
264
448
601
278
499
352
472
147
426
96
345
397
590
196
476
40
29
366
548
180
163
141
31
555
309
204
70
72
92
103
324
240
542
547
424
275
219
430
94
471
141
464
255
192
419
519
392
350
534
84
601
384
226
572
555
229
86
554
133
329
54
359
58
422
403
402
568
532
361
515
142
610
183
533
232
443
581
238
319
538
456
137
232
104
273
569
155
176
418
4
8
50
38
431
217
977
728
567
1177
638
655
1037
890
818
705
693
845
594
769
651
859
406
1125
537
682
325
147
633
1009
801
391
267
100
698
887
295
300
131
278
501
362
741
988
836
823
357
431
937
170
706
364
974
502
666
463
986
1003
518
789
184
834
755
285
592
1152
660
501
700
570
805
574
513
207
1000
569
654
602
693
404
1014
685
681
488
656
492
880
1103
634
558
955
541
378
622
132
509
666
182
523
694
449
169
353
108

4
100
9
13
15
18
9
9
14
18
14
16
14
8
13
13
8
11
19
12
6
12
18
10
19
11
7
14
6
14
18
11
12
13
12
18
14
9
8
12
7
17
12
12
16
17
19
17
11
13
11
8
7
17
5
18
17
6
17
18
18
13
14
17
17
11
15
6
12
9
16
6
17
13
13
17
18
19
6
14
8
15
19
9
16
12
15
16
18
19
16
20
18
20
9
15
9
11
15
18
9
20
0
648
640
146
310
651
127
274
206
604
580
266
27
232
243
70
151
98
43
115
55
482
5
78
427
474
373
312
658
250
573
334
418
420
241
531
340
73
147
130
478
149
531
263
242
360
57
499
515
301
254
340
251
348
562
85
321
263
260
515
214
471
410
469
336
586
666
486
238
140
168
198
136
132
38
322
64
285
619
284
31
5
362
314
196
628
223
401
400
186
361
229
107
386
382
539
94
286
633
667
220
1057
1045
213
953
1031
626
768
447
1263
779
402
140
785
815
366
822
651
209
482
233
1067
546
172
1060
1128
433
331
813
621
1059
591
668
842
533
652
534
455
334
760
1060
244
848
538
475
619
726
867
670
975
404
493
804
472
770
654
824
846
549
1053
576
1150
554
731
416
1011
1254
828
712
803
566
684
178
771
493
757
713
783
673
778
362
277
928
445
812
1136
669
1085
599
383
851
846
157
462
857
785
660
351
1267
865

5
100
17
7
19
12
20
11
5
17
14
12
14
15
18
19
13
10
8
15
17
18
20
9
6
11
20
15
19
11
12
11
13
19
12
19
20
11
11
15
13
6
5
16
13
19
6
13
16
15
14
14
9
13
18
20
11
13
13
8
6
11
14
5
13
10
13
16
18
12
15
17
7
19
6
6
7
17
15
9
15
16
7
15
16
17
16
12
16
20
8
11
13
5
13
13
15
12
9
11
7
10
0
541
597
469
105
453
506
130
171
377
77
349
122
635
328
256
237
534
627
440
402
363
595
243
467
71
251
350
408
502
286
400
381
376
141
628
455
104
313
532
122
406
69
299
617
321
253
611
382
151
377
26
377
255
381
559
464
592
131
460
307
379
522
431
331
169
580
350
575
507
282
354
127
110
220
275
186
117
26
231
435
406
363
260
208
395
618
491
13
98
367
409
570
161
651
646
118
576
113
649
212
577
879
696
573
634
1115
363
664
841
569
409
520
870
436
434
614
728
668
594
703
831
668
686
493
414
320
841
722
585
510
939
924
793
610
987
1019
509
338
1188
196
977
261
915
678
559
674
648
608
574
656
552
735
342
704
624
690
758
531
752
324
554
952
645
720
370
675
959
1009
877
804
466
453
522
228
378
662
330
234
277
1019
453
493
571
643
753
885
541
387
445
826
425
730
375
957
1190
137
604
155
1078

6
100
17
7
12
11
9
7
17
10
16
13
13
13
17
6
19
14
19
17
13
15
16
13
19
18
10
18
6
12
18
19
11
9
18
19
9
9
6
15
5
15
10
20
15
14
20
11
18
19
10
13
16
18
7
15
14
15
10
9
20
11
6
10
13
18
8
11
11
8
18
15
14
12
10
9
6
9
12
19
15
16
12
15
15
14
10
10
9
14
19
11
13
14
18
15
12
15
17
12
10
14
0
589
485
61
448
287
408
175
389
494
386
361
326
593
150
174
395
124
252
119
212
503
622
111
585
626
277
431
396
352
520
155
418
390
400
261
355
12
11
443
204
317
390
159
187
560
370
202
413
566
345
105
466
69
44
262
94
26
280
76
528
77
409
367
325
508
130
40
481
223
22
522
145
430
168
30
318
240
541
456
177
495
509
307
106
56
477
479
40
191
368
267
585
634
618
442
155
323
380
96
236
854
1095
169
1109
634
463
697
998
685
915
589
370
975
346
793
726
536
576
593
396
575
1220
523
1170
822
507
443
965
431
1164
321
991
1048
758
474
479
431
435
968
705
450
990
278
451
769
598
794
975
787
719
706
639
166
451
477
217
65
367
97
640
221
901
687
427
935
442
619
680
740
549
1137
580
740
320
146
714
395
803
605
748
970
1063
912
432
298
540
934
465
245
472
411
1264
1131
900
754
533
814
983
395

7
100
15
6
11
14
14
9
13
10
19
18
6
10
13
20
17
11
9
5
18
10
11
18
5
6
6
18
15
11
16
11
16
15
14
18
15
17
7
14
9
16
12
5
7
8
8
8
17
20
18
14
14
14
9
18
20
8
18
6
12
5
18
13
12
9
10
19
18
19
20
8
11
11
11
18
12
10
17
6
13
11
12
5
8
6
7
6
19
7
20
6
15
13
12
17
9
19
19
7
9
6
0
260
288
438
278
327
454
138
405
327
192
323
259
8
141
356
74
313
273
252
309
504
571
276
470
235
447
590
243
255
407
358
393
78
488
346
4
491
209
373
472
593
118
614
463
347
409
566
302
149
411
366
594
403
585
114
599
5
330
45
287
424
50
293
491
89
134
604
144
583
379
3
443
98
542
453
125
588
591
324
322
368
122
218
116
444
445
199
4
45
165
459
581
355
103
523
65
580
372
400
213
666
789
1052
365
683
650
283
794
936
223
864
320
174
333
493
628
406
367
560
469
965
1030
754
885
750
1071
1058
688
503
782
936
713
396
746
494
72
519
312
748
979
758
201
959
812
503
1012
783
806
752
615
661
957
726
937
492
927
18
893
266
441
903
416
777
508
691
282
985
366
1080
967
388
882
388
983
682
677
647
605
656
749
430
570
332
391
671
497
430
249
503
497
490
1132
826
590
1081
179
840
579
477

8
100
20
13
19
16
8
20
13
8
12
15
6
9
10
11
6
16
17
15
12
17
8
11
16
9
11
11
7
13
9
8
6
20
18
10
7
6
9
10
15
8
10
9
11
17
14
14
10
11
7
8
15
11
19
11
18
17
19
9
13
16
14
12
7
12
7
14
11
11
18
16
12
14
6
14
9
16
11
11
17
14
12
7
11
8
14
19
8
11
12
9
10
6
15
11
11
7
14
9
11
6
0
18
256
336
489
340
436
357
418
316
224
65
484
222
43
84
583
118
156
388
3
60
393
590
489
493
542
53
343
381
366
282
107
471
316
480
212
312
132
33
422
580
553
5
501
556
572
139
50
487
215
108
485
479
101
335
565
297
4
400
358
40
195
474
280
136
37
233
567
5
577
90
323
405
277
389
322
454
126
424
353
320
145
75
59
549
550
561
18
103
292
547
100
163
300
197
185
266
567
466
302
430
452
451
867
738
606
633
990
338
603
327
620
517
519
151
782
346
435
878
199
281
464
1120
730
607
935
552
791
737
395
731
692
887
883
579
237
835
455
92
570
804
810
22
698
1042
1052
713
80
827
635
459
927
833
391
870
897
433
416
876
638
535
240
622
625
595
68
817
877
267
778
419
782
434
397
910
871
863
702
954
399
616
727
380
535
814
635
876
35
334
830
849
583
369
713
568
590
335
650
594

9
100
11
11
15
5
5
16
19
7
15
10
18
9
9
15
5
14
16
12
13
15
11
7
5
6
16
10
11
12
16
13
7
9
17
18
12
7
15
17
8
19
19
20
5
19
17
6
6
15
12
10
7
14
12
14
8
10
6
8
17
14
11
9
12
11
11
20
13
14
14
20
15
18
16
20
18
18
17
10
13
8
12
16
6
14
7
10
19
5
19
6
7
9
12
8
18
12
13
20
14
14
0
400
399
389
305
422
352
412
172
411
307
345
422
566
196
356
346
207
210
157
273
260
243
428
498
616
446
304
171
146
18
155
260
11
401
465
114
39
68
442
497
608
134
239
99
436
508
444
251
227
216
256
532
79
283
425
593
618
402
567
213
108
226
34
485
614
242
43
6
533
608
71
168
262
400
517
359
192
616
298
283
354
309
122
155
216
414
118
442
486
269
73
606
419
163
273
374
617
502
27
539
832
771
959
820
965
660
468
580
970
712
824
609
866
502
846
602
233
499
296
498
754
269
741
675
1071
471
780
247
547
248
499
501
523
621
499
666
220
637
909
1014
777
471
472
589
885
849
887
773
705
373
649
798
461
871
954
640
1211
1030
723
702
516
263
556
1109
720
707
286
79
1074
1062
555
400
807
773
1124
384
299
887
889
842
864
650
277
621
816
526
334
491
892
589
108
865
1016
414
639
975
819
668
441

10
100
12
18
7
14
10
17
14
8
12
17
11
18
15
6
18
16
12
16
8
14
15
17
20
9
6
14
11
18
9
12
11
13
10
19
6
20
13
19
14
13
17
16
10
10
7
7
16
17
19
6
9
15
6
19
18
17
6
18
16
8
15
15
17
14
6
13
17
8
14
15
11
12
6
9
13
12
18
8
16
19
18
7
17
19
9
11
13
14
6
6
13
12
17
9
5
10
15
12
8
18
0
552
32
34
183
305
598
607
559
225
100
289
371
168
145
66
131
67
63
386
288
593
464
212
607
589
424
404
69
43
529
448
17
351
557
352
145
368
166
594
360
550
361
362
12
187
619
478
475
51
375
318
629
566
372
253
240
144
382
216
138
489
374
143
37
374
331
591
278
126
27
281
607
244
382
464
340
324
641
616
105
350
63
512
521
247
294
266
550
387
402
521
547
244
23
159
531
447
35
150
624
862
170
667
733
787
679
1018
733
694
216
616
723
573
503
137
428
200
303
808
887
1089
1082
714
687
1161
823
919
450
310
671
839
501
844
1094
700
460
689
567
614
537
1193
668
745
192
329
909
1124
676
253
672
867
930
664
612
885
258
452
948
438
775
1135
606
232
460
847
441
997
589
771
195
702
919
693
420
510
522
972
1292
712
537
399
101
729
1070
894
538
379
862
803
750
1169
597
588
335
799
836
679
398
401

11
100
18
11
18
9
17
12
8
8
16
12
6
8
16
6
14
19
17
11
7
8
10
8
12
10
9
18
10
11
17
18
14
10
6
15
19
17
5
9
11
20
11
17
8
18
16
7
16
20
12
7
11
18
9
9
17
13
14
15
8
13
10
16
20
15
5
12
13
6
16
10
9
15
10
6
13
20
14
13
9
12
11
17
16
6
18
7
14
7
7
10
7
15
12
18
14
6
18
9
13
18
0
403
53
387
147
575
59
544
117
163
341
73
461
326
462
114
434
514
243
226
280
457
28
451
54
378
138
245
429
204
230
175
166
109
204
204
90
106
275
468
221
392
9
236
502
162
122
321
444
299
25
309
89
248
498
212
82
48
136
377
168
287
514
598
68
452
73
308
229
196
306
178
188
268
552
194
94
217
38
110
44
127
148
434
291
397
228
573
85
39
300
340
41
457
289
191
253
384
485
232
284
455
314
562
718
783
353
751
620
774
384
232
945
489
763
623
583
751
420
299
586
881
621
896
601
418
700
702
556
258
829
409
404
451
271
314
113
639
465
1088
404
843
448
537
1016
660
432
806
883
851
562
424
450
831
1001
667
100
458
454
559
463
401
844
623
556
596
246
340
633
512
449
799
637
606
725
348
280
785
237
565
514
702
287
450
837
867
557
816
294
198
597
781
259
1060
691
228
742
417
765
686

12
100
15
15
10
8
16
18
17
14
9
13
9
20
16
13
8
9
17
19
18
15
8
19
16
10
19
10
17
10
19
10
18
13
6
13
7
16
11
12
8
9
18
14
20
20
14
10
13
8
19
10
19
15
14
9
6
9
10
8
16
18
13
17
15
15
20
11
9
16
12
14
6
14
9
18
10
10
17
9
15
15
16
11
20
15
18
6
20
8
16
9
12
19
8
15
14
17
10
10
14
13
0
121
591
515
403
456
46
315
521
145
381
506
154
575
566
454
36
59
458
515
309
210
113
187
479
151
224
208
227
177
217
350
419
145
184
373
3
173
509
557
171
282
45
591
94
561
30
588
303
475
583
334
28
239
313
531
545
218
573
150
198
591
179
332
465
583
153
255
76
182
315
104
553
287
596
546
171
216
249
511
391
527
494
29
411
66
421
576
571
548
376
340
261
224
658
230
367
637
387
665
628
137
1010
818
902
1011
466
417
600
808
454
1051
396
1186
1123
494
387
633
489
949
745
587
269
283
1152
691
371
325
350
720
612
985
469
663
529
1045
232
612
628
687
774
617
323
1064
620
659
83
1219
772
1074
1210
698
133
806
966
1095
607
539
938
380
641
791
749
686
1060
1181
415
502
209
572
957
187
834
686
821
859
237
315
800
1134
920
944
838
215
737
479
718
677
824
957
722
676
467
761
957
795
552
1142
643
935

13
100
20
16
16
17
8
20
18
11
14
6
17
19
6
11
17
17
18
9
13
10
7
12
14
13
13
9
17
16
18
16
12
8
14
18
16
5
11
13
20
7
19
14
8
18
13
15
19
12
18
17
15
14
11
10
6
17
5
7
18
19
5
10
16
9
5
6
12
8
18
6
11
12
15
6
14
7
16
18
15
17
19
15
16
15
17
14
9
16
11
12
17
18
13
19
19
9
11
9
20
14
0
648
217
543
367
442
44
665
127
617
321
612
420
607
594
512
218
424
379
174
20
464
473
240
477
52
84
532
97
57
403
446
156
610
185
582
546
608
666
466
37
32
15
212
36
428
7
320
612
555
444
119
569
596
640
396
337
577
243
36
108
371
637
228
661
302
543
53
645
367
435
350
438
440
23
342
324
132
76
571
453
5
207
646
341
158
531
665
14
530
154
169
578
294
434
142
297
15
582
571
673
1251
490
1003
818
1117
123
691
542
1154
879
840
833
906
1254
863
657
502
615
491
578
755
700
834
538
415
481
1150
772
551
701
807
250
865
255
1066
917
1220
1222
659
298
581
185
683
374
456
102
706
708
591
610
326
758
1238
812
606
933
1100
340
347
631
569
980
460
1291
702
657
519
1008
1003
983
775
460
942
91
470
919
385
279
1146
577
489
659
788
673
336
992
1214
484
723
329
357
1103
396
513
427
478
257
969
1242

14
100
14
10
17
9
6
10
13
12
6
15
5
19
8
20
10
9
10
18
9
14
7
9
11
8
15
10
9
17
8
13
16
11
15
18
11
11
10
10
10
13
9
17
19
10
6
17
12
6
14
18
17
17
8
9
14
12
6
13
8
12
7
9
16
8
7
6
11
6
19
17
16
19
10
11
14
11
15
12
19
12
15
9
19
10
6
15
10
17
7
8
19
9
16
17
7
6
13
7
14
9
0
88
500
341
240
548
354
380
329
260
74
544
516
507
250
307
145
155
223
454
130
28
189
424
1
564
279
535
517
566
519
411
452
414
483
85
163
315
150
476
556
530
206
191
566
89
310
193
157
344
108
237
97
363
344
387
165
22
501
421
106
171
437
348
241
289
91
187
118
235
530
453
410
550
437
299
525
230
217
122
85
49
88
233
311
280
194
3
419
295
374
402
480
156
513
65
512
434
286
286
161
420
922
504
750
972
411
605
460
370
324
583
827
600
540
554
495
200
562
484
592
111
611
710
22
792
316
643
949
1123
877
758
1006
896
762
135
380
706
339
681
1096
1051
688
623
1112
305
623
562
171
680
673
258
612
372
386
566
438
550
941
811
385
666
671
368
285
712
507
777
157
535
852
683
594
924
591
413
1005
616
690
577
631
602
546
396
473
581
720
520
539
788
396
713
786
464
1081
567
528
840
605
797

15
100
15
8
20
19
8
11
8
11
12
8
19
6
16
19
20
7
8
8
12
11
16
6
15
16
7
9
13
13
12
18
16
13
18
6
6
7
16
19
17
10
9
13
16
10
12
8
9
5
17
7
11
17
18
7
6
11
13
17
14
7
12
7
17
18
9
16
11
12
13
15
16
6
10
10
10
18
10
19
17
10
20
10
8
9
20
13
9
11
18
18
14
9
14
10
18
18
8
19
14
5
0
352
589
234
414
415
467
422
320
92
192
420
279
488
298
488
455
455
267
38
616
116
503
208
606
465
506
365
305
137
519
414
254
141
509
518
104
199
2
100
411
587
120
227
577
610
130
13
341
124
442
495
96
223
613
391
594
155
582
292
413
307
524
347
503
198
79
491
449
95
453
129
127
170
159
92
148
194
376
32
396
563
88
314
43
149
100
321
224
518
458
353
272
145
400
300
552
30
312
382
311
956
1107
514
787
473
1062
1013
906
362
827
515
570
974
472
1047
1024
821
503
160
1191
513
552
605
1149
807
644
866
849
172
753
630
658
412
757
873
604
648
322
280
760
1132
743
685
1178
653
342
198
888
140
1006
1110
615
344
939
1022
620
421
1076
901
709
488
1080
744
742
314
674
840
635
648
1028
380
578
221
448
334
566
554
679
491
508
642
299
540
589
442
428
804
261
994
1021
790
889
297
429
811
1165
467
432
660

16
100
7
16
20
7
6
11
14
17
14
10
13
18
6
10
13
20
10
17
8
14
6
10
10
16
8
16
13
18
16
11
6
12
18
19
9
7
8
7
17
19
11
5
7
20
18
5
15
16
6
19
15
18
8
20
9
7
12
19
5
12
18
14
5
6
14
9
7
11
18
12
19
17
6
12
16
6
19
12
8
12
11
6
12
15
17
8
20
5
15
14
16
19
17
13
12
15
20
9
17
19
0
513
300
558
413
200
11
316
513
355
563
474
228
177
509
179
317
599
388
108
380
122
464
499
123
589
216
200
64
96
417
14
115
470
58
630
501
177
307
294
278
111
201
234
432
55
46
221
518
10
386
494
229
609
491
33
549
376
41
447
83
496
382
388
172
292
152
534
482
417
4
240
578
116
482
203
545
498
176
489
361
175
346
13
565
282
382
121
146
158
407
27
502
70
447
15
21
497
452
181
153
960
411
1065
945
235
104
431
834
911
711
759
483
227
947
444
926
1018
702
531
518
361
1061
527
291
1161
838
542
669
463
560
318
155
557
620
657
795
323
456
760
478
327
257
854
821
528
151
657
799
65
461
916
482
901
929
428
1089
632
536
537
159
937
615
895
286
444
523
681
934
583
483
317
713
600
800
707
626
955
199
1077
635
665
686
138
586
911
753
178
170
433
1025
476
705
105
875
649
511
1049
489
348

17
100
7
15
9
16
9
8
11
7
13
11
9
12
7
10
9
6
19
14
7
19
11
10
16
17
20
14
13
5
6
10
12
16
19
5
12
9
15
9
10
6
7
8
17
20
19
19
7
17
17
17
18
6
18
5
15
17
8
9
10
7
15
14
11
9
6
19
14
15
17
6
6
8
19
16
10
10
10
7
14
17
16
9
8
13
9
18
18
20
17
8
9
19
6
5
18
19
20
6
6
8
0
124
227
460
152
202
260
368
415
43
110
124
79
407
419
217
410
465
502
430
105
43
151
264
116
17
337
209
536
565
67
87
196
326
190
85
291
412
517
117
337
588
459
87
461
44
415
341
131
360
223
41
92
85
364
585
27
323
410
352
505
459
422
571
555
392
386
134
15
507
361
359
409
24
69
556
218
84
599
553
46
105
294
104
256
429
196
471
529
387
241
494
235
581
359
322
23
319
374
273
481
350
399
608
205
470
284
652
667
479
333
389
378
464
860
633
598
570
839
891
329
405
323
693
685
453
687
739
571
772
108
518
482
583
516
323
342
700
1005
180
419
751
811
706
1053
85
493
748
628
676
502
404
371
546
579
729
361
811
652
854
882
686
591
695
841
953
415
326
170
876
521
708
777
613
322
839
382
655
789
896
558
372
405
135
475
874
346
1001
671
829
794
609
615
628
447
722
99
509
678
334

18
100
12
12
17
5
14
14
16
13
12
17
10
8
20
9
20
14
14
7
6
11
14
14
19
14
10
6
5
6
10
17
15
17
18
18
9
20
16
14
12
18
19
18
20
20
16
6
7
18
5
19
13
8
9
9
12
14
8
8
18
5
6
9
10
10
20
16
8
12
10
7
11
19
10
12
10
13
9
12
19
7
15
6
16
18
11
6
10
18
20
10
7
10
17
6
8
14
12
7
11
17
0
427
610
345
194
332
54
112
558
310
450
386
459
543
466
347
306
53
122
283
373
500
356
470
206
589
282
154
182
163
227
320
442
392
326
547
151
454
264
450
383
159
530
383
543
193
186
94
310
95
229
554
129
587
98
200
430
399
108
152
53
456
499
304
277
568
538
228
11
252
183
474
363
37
289
172
406
554
126
207
493
133
1
388
546
19
306
528
329
512
427
68
336
256
13
557
347
23
463
28
509
636
1044
729
274
491
593
135
625
834
524
656
888
963
588
795
771
660
211
864
607
641
436
963
295
683
748
669
215
359
589
941
870
724
766
637
728
1018
847
639
468
532
1048
573
1049
615
554
230
799
688
737
958
192
772
219
329
576
437
649
705
232
919
734
464
654
763
951
642
77
817
372
822
705
620
454
353
589
688
540
342
1108
368
234
810
588
233
524
759
414
857
655
221
405
394
558
1178
624
196
1091
120

19
100
8
19
8
9
7
19
13
10
15
20
10
18
7
6
17
7
20
11
15
9
19
9
12
13
15
10
11
10
5
10
10
20
7
12
13
6
12
18
5
18
17
13
12
11
20
19
11
17
5
11
18
5
18
9
13
6
14
14
6
12
5
14
11
8
10
15
19
12
7
11
5
19
20
7
9
19
8
12
11
18
15
17
10
15
18
17
6
12
20
6
12
15
6
14
7
8
11
14
12
6
0
381
239
83
602
26
578
486
448
217
29
191
42
562
88
111
175
528
162
409
50
107
494
605
57
364
1
369
86
372
52
97
298
150
18
86
43
19
459
437
41
532
404
501
468
79
336
20
59
386
359
134
427
19
327
360
46
64
495
27
312
278
380
280
250
168
458
554
460
304
135
207
133
84
265
440
470
26
607
163
147
553
508
403
405
479
480
560
555
535
205
505
258
559
367
347
316
541
183
302
100
638
717
482
921
300
1069
1086
728
744
178
757
615
761
334
195
704
593
713
593
643
207
588
927
376
599
106
583
418
482
479
177
845
194
408
245
245
582
726
875
455
592
884
881
734
336
875
582
441
996
933
535
775
56
376
837
607
435
622
191
452
344
516
338
342
328
931
845
468
716
358
320
667
548
839
890
1045
384
769
431
734
1139
983
799
493
866
635
866
765
1000
481
807
482
903
640
941
682
621
756
434

20
100
5
15
18
17
20
9
17
8
17
8
16
9
9
17
6
12
6
17
7
15
19
12
10
17
16
10
9
11
12
8
16
6
16
19
12
8
13
10
9
15
11
13
17
8
14
18
10
7
19
11
10
11
14
16
8
16
9
7
16
9
13
14
11
11
16
7
20
7
12
9
19
13
5
15
10
8
11
17
16
8
7
9
18
7
12
18
20
10
17
15
11
13
6
13
7
20
13
20
14
12
0
273
381
160
360
66
489
139
116
523
401
157
576
171
23
42
174
281
513
369
295
152
174
542
191
597
537
527
280
354
114
396
153
282
237
293
328
40
476
583
306
262
586
440
100
528
151
234
294
528
448
374
318
329
313
103
571
296
487
91
15
310
129
519
449
87
620
346
381
222
314
41
286
175
353
407
300
293
237
400
319
340
124
247
350
399
399
337
507
331
547
321
362
564
308
82
154
397
177
181
474
583
887
496
770
121
1018
421
194
1006
937
768
799
780
210
145
413
661
1096
723
694
501
282
677
618
878
782
1016
509
750
425
546
498
885
434
592
765
658
743
720
861
512
1162
905
159
549
427
738
534
784
769
388
378
628
339
237
862
770
568
267
468
510
268
976
570
281
1034
600
686
671
618
569
499
195
838
791
907
419
534
462
677
436
397
272
441
883
612
543
1029
692
1068
604
469
826
639
643
517
506
373
225

21
100
20
13
12
5
15
10
13
13
11
12
14
13
16
19
14
5
18
11
8
7
9
14
14
10
16
8
18
14
9
6
15
12
11
7
11
9
15
8
8
16
5
11
13
11
8
18
19
14
12
6
11
6
19
14
10
11
12
12
7
13
12
16
7
19
6
19
13
17
18
9
16
15
13
6
10
16
5
7
8
17
11
15
18
7
14
11
20
8
17
14
12
9
5
18
17
6
10
16
14
15
0
244
246
528
150
452
9
260
306
525
565
44
479
116
530
51
251
519
466
163
421
104
226
424
541
262
52
549
449
587
508
511
407
41
271
239
265
477
250
426
149
56
280
54
65
319
501
536
308
456
374
535
57
88
140
484
316
547
108
248
58
407
132
437
252
200
158
562
373
500
548
263
246
422
602
459
333
166
109
315
568
55
493
245
544
319
52
164
575
144
550
164
352
247
172
133
169
181
459
0
272
386
666
718
274
659
510
553
432
814
660
456
1078
329
709
257
793
676
711
171
888
681
283
636
1107
432
675
989
712
1048
1046
564
875
331
552
497
615
664
391
749
391
217
545
286
460
663
1098
589
353
695
464
717
268
166
460
705
373
867
631
831
542
489
470
747
757
369
456
726
560
856
919
333
738
1022
784
542
822
475
621
883
1069
189
1012
757
1034
677
123
761
817
483
1088
235
403
546
680
437
237
427
795
444

22
100
19
17
9
10
10
7
13
17
6
14
19
6
16
6
13
16
6
17
15
16
10
19
14
17
17
13
15
9
10
18
19
7
16
8
16
8
7
10
12
15
17
19
9
15
16
14
17
13
19
17
9
8
18
10
7
19
9
17
8
18
14
17
13
7
19
16
10
16
17
12
19
11
8
9
19
16
20
12
16
6
18
12
16
15
5
16
7
5
13
8
12
10
7
12
16
20
10
6
14
14
0
5
228
254
119
142
573
38
115
615
329
35
481
54
108
88
250
156
97
438
521
299
303
429
280
406
218
240
89
389
215
44
452
547
125
435
291
390
568
488
557
234
523
558
168
453
624
297
398
133
460
311
307
413
12
557
24
594
18
610
332
128
327
138
357
402
154
157
77
558
605
121
327
163
338
567
495
345
382
492
271
574
509
490
430
316
555
175
538
110
188
254
301
232
80
407
484
616
591
58
354
209
494
633
628
749
1230
268
632
762
636
116
1018
399
693
259
506
306
530
528
788
864
337
596
777
474
502
837
574
874
743
520
703
1192
323
525
432
1024
1043
1153
759
332
904
1000
619
893
1067
448
463
649
942
736
491
844
234
897
351
725
184
1069
913
211
730
259
888
930
324
255
275
717
840
248
736
476
795
921
1058
417
1000
810
650
1187
584
585
969
722
832
660
729
250
293
662
587
604
260
444
705
855
1003
632

23
100
10
18
15
15
13
8
7
18
5
19
15
11
6
8
11
18
11
20
15
6
6
13
10
11
14
17
17
11
19
7
10
15
16
10
15
19
8
6
18
19
18
13
20
17
9
19
19
9
9
11
15
6
8
9
13
16
11
18
11
18
19
9
6
18
13
10
12
16
9
14
15
20
18
14
8
6
8
8
15
14
12
14
5
20
13
10
11
12
18
6
12
14
6
17
7
18
18
17
10
13
0
365
69
523
138
287
622
455
121
191
571
104
199
86
546
413
272
108
307
7
157
570
584
346
259
344
323
260
75
475
35
427
231
387
430
177
626
7
610
89
387
293
421
493
551
101
308
354
409
470
82
113
630
159
206
147
255
571
574
329
19
35
423
68
394
85
103
449
378
500
9
149
194
601
604
244
445
258
131
576
239
138
360
237
322
419
269
251
238
65
203
458
63
389
278
242
218
229
150
244
280
966
686
1114
671
559
1249
847
325
612
1226
118
791
107
1082
890
721
584
722
21
557
935
1162
946
809
429
659
514
149
1048
250
617
805
695
950
324
752
632
1101
505
559
624
516
736
606
734
792
1000
700
1085
507
272
1249
179
534
609
770
700
743
454
635
506
836
716
636
360
695
696
393
568
47
414
239
986
678
618
577
419
714
999
708
643
653
491
806
878
801
436
592
283
446
1087
381
591
396
756
458
650
744
741

24
100
11
15
11
11
10
10
17
12
7
12
15
16
12
13
10
18
18
8
10
13
15
5
17
7
18
11
16
13
10
18
16
19
5
5
9
19
15
8
8
19
10
16
9
6
16
11
17
10
16
13
8
20
17
13
17
8
17
10
17
19
17
19
13
13
6
17
15
18
16
11
18
8
16
11
15
20
13
14
15
12
9
6
13
18
15
8
19
17
12
15
17
7
10
9
16
12
8
8
13
14
0
168
125
202
248
529
227
321
377
598
95
93
222
629
400
52
10
629
33
582
561
403
298
530
652
361
267
117
454
433
470
397
292
593
409
353
633
339
525
217
369
3
642
339
607
560
296
287
601
242
151
560
209
311
112
484
82
5
533
554
255
186
163
197
106
291
477
505
344
272
280
300
207
602
638
325
325
306
124
633
492
439
441
112
223
565
430
178
456
239
507
41
565
224
91
582
168
424
274
336
518
553
318
832
820
1080
828
353
668
1178
668
640
452
1077
573
380
178
711
159
1163
950
608
645
805
1056
813
367
397
1037
665
819
776
694
967
955
799
1226
947
798
465
570
452
1234
931
712
687
788
755
911
308
419
1088
401
676
215
994
226
440
786
1012
814
416
655
835
151
660
1098
661
837
555
357
945
728
1255
750
950
528
361
656
684
907
551
712
147
858
1096
896
388
767
365
780
229
949
564
578
646
392
526
858
374

25
100
11
14
12
15
16
12
18
11
14
8
5
6
13
9
15
11
12
18
7
11
10
15
8
14
8
17
5
13
17
14
10
10
13
15
17
14
8
11
16
13
12
13
19
11
6
18
6
13
9
13
8
18
18
6
6
17
13
6
6
9
19
13
11
6
12
6
13
6
10
11
17
12
5
20
18
9
11
19
18
17
12
15
17
15
11
19
18
17
20
11
8
12
11
9
14
5
7
6
18
15
0
321
494
335
595
17
348
127
526
408
20
524
166
571
23
317
5
159
159
434
244
359
411
425
369
13
385
514
444
108
13
487
214
109
223
513
409
541
162
67
535
213
87
41
583
46
390
550
331
30
356
123
5
81
599
439
255
500
521
227
306
539
250
253
216
594
250
592
584
402
80
434
114
600
535
21
328
5
220
260
46
294
612
199
582
2
222
204
589
550
492
576
278
105
394
386
85
427
485
382
12
381
655
365
1209
194
569
551
857
719
125
820
632
844
119
621
191
332
727
764
592
713
949
848
666
426
513
693
750
316
574
1054
700
443
673
1134
850
607
277
270
655
813
129
252
1165
637
476
844
869
405
831
239
508
230
1184
506
404
844
886
280
568
1128
657
458
229
619
668
868
665
700
426
859
467
908
556
136
561
136
651
569
248
544
662
241
938
353
534
292
703
1047
706
1000
438
627
701
872
220
615
672
469

26
100
8
14
7
19
13
17
7
7
20
13
20
7
6
15
20
18
5
9
12
7
12
19
5
14
14
11
11
14
15
15
16
15
10
17
9
13
15
9
12
7
5
12
17
12
9
6
16
8
15
9
10
17
9
8
8
11
11
9
18
13
13
7
10
15
6
13
14
13
12
19
7
7
6
14
10
19
18
20
14
15
7
14
8
11
9
11
14
9
17
8
19
14
14
11
8
13
8
13
13
9
0
588
316
182
570
508
523
314
164
429
220
508
308
269
356
326
211
1
100
479
374
137
578
113
282
318
471
481
404
0
320
499
250
151
245
81
174
313
89
363
480
168
528
459
102
570
338
318
428
545
372
304
335
260
422
445
8
450
126
205
206
487
322
516
143
7
349
505
468
267
354
284
82
536
491
424
502
109
39
456
498
54
370
272
103
257
361
128
357
279
203
128
436
219
390
311
168
472
428
395
578
765
608
519
784
912
615
346
571
1039
718
750
600
566
768
580
484
316
125
950
964
554
855
610
842
722
570
634
730
544
415
1028
403
733
403
516
702
574
384
477
867
491
910
539
615
1021
887
395
607
708
671
390
514
337
730
776
549
1033
423
791
424
726
826
976
744
422
664
793
813
811
405
620
542
652
810
530
826
361
130
731
775
385
772
564
184
490
422
647
703
779
335
245
776
334
650
711
450
1058
1035
876

27
100
16
12
18
14
18
15
15
9
12
15
18
8
15
12
11
14
12
16
12
9
16
6
6
19
10
18
8
19
17
14
14
8
20
11
12
18
15
19
11
15
7
14
7
9
14
12
14
17
15
11
13
8
6
18
20
15
9
20
8
20
6
14
12
17
12
14
6
18
19
8
8
9
10
6
18
14
15
9
13
18
12
8
18
10
9
13
5
14
12
15
18
9
8
11
16
7
15
5
14
7
0
92
93
467
236
171
408
225
84
202
549
276
86
121
486
426
63
515
528
240
185
139
565
412
125
110
324
506
191
296
74
413
203
514
300
460
539
342
441
485
509
586
300
480
352
210
399
554
132
79
421
269
546
273
305
217
180
431
585
129
633
93
159
225
621
191
196
91
69
117
256
524
397
435
422
70
320
586
637
625
167
354
182
435
629
196
625
356
27
270
502
408
239
274
353
388
499
584
25
65
76
513
568
1081
664
665
590
409
690
449
1140
409
696
351
641
977
639
845
1005
587
219
152
943
1038
236
402
930
1122
481
851
297
968
400
1004
547
591
1146
470
695
609
720
910
388
724
953
626
596
1041
331
106
975
372
1077
891
361
321
565
876
652
477
1039
235
247
770
1051
689
755
269
454
697
523
1093
838
763
609
84
945
904
1003
875
474
591
352
1056
665
601
782
601
321
326
834
531
329
910
777
768
1000
792
362
412

28
100
16
17
5
15
13
6
15
9
17
18
11
18
8
10
14
7
10
10
12
19
5
19
11
11
16
7
11
18
15
12
10
6
13
14
7
17
20
7
13
19
9
14
12
14
18
9
10
14
10
10
9
10
7
6
17
11
8
11
8
13
19
16
9
12
7
5
6
5
14
9
15
14
7
13
15
19
9
16
16
17
18
17
13
8
9
14
14
18
11
13
6
15
16
19
18
8
18
15
8
18
0
335
150
547
146
194
192
134
330
496
547
545
599
334
390
310
150
88
9
187
213
112
155
224
247
446
204
399
114
556
561
296
205
285
195
391
455
409
313
390
122
264
104
304
540
117
529
324
300
193
205
209
569
304
3
466
89
32
402
438
48
338
144
549
212
344
95
114
317
63
384
412
520
359
298
116
12
374
182
212
616
437
556
530
224
149
166
82
243
286
598
42
125
77
565
499
63
345
512
365
429
717
188
795
498
352
276
354
686
898
992
1156
621
850
702
809
225
344
261
638
720
256
645
538
586
1061
306
959
711
1016
1069
723
812
363
271
470
826
1001
799
473
288
340
569
721
1165
542
700
882
455
797
601
790
711
345
627
795
508
350
441
462
279
876
752
603
713
756
105
399
515
519
733
678
891
955
901
743
286
901
704
605
936
1045
657
887
604
373
732
387
814
350
998
327
732
244
956
598
237
543
1049
587

29
100
9
7
19
20
15
6
17
17
6
10
7
9
9
12
5
15
6
18
8
12
8
8
17
14
14
16
11
6
6
6
15
19
9
10
19
9
8
12
16
8
18
19
14
19
14
13
8
13
19
6
6
10
6
9
12
10
7
17
12
18
13
7
11
15
7
20
17
14
16
6
19
15
16
14
6
11
9
9
14
17
15
18
6
17
18
18
9
14
17
9
9
8
18
14
18
10
17
8
8
6
0
121
561
398
472
553
86
416
243
320
567
19
172
526
370
600
204
258
273
513
458
493
372
473
364
348
406
513
547
356
403
262
236
251
56
586
347
461
440
48
154
291
373
84
126
148
197
165
66
198
395
485
258
348
490
160
233
62
293
570
435
455
409
565
170
453
401
527
170
467
56
169
108
475
338
331
609
457
308
396
95
478
26
340
300
415
218
284
383
270
183
436
212
487
593
403
71
143
444
162
274
491
901
847
576
1023
105
892
480
604
686
191
345
949
534
913
287
808
472
837
586
655
626
881
784
603
941
1123
604
723
692
879
764
298
584
710
912
727
603
168
391
661
953
522
152
481
795
700
562
228
549
1066
711
878
526
227
739
283
406
1002
536
567
1030
1024
552
553
631
1136
193
713
425
279
262
802
848
875
1084
785
842
918
225
638
183
773
720
567
580
501
540
638
345
989
257
1104
968
493
152
722
1027
598

30
100
16
20
10
18
13
17
13
8
15
13
15
12
10
15
19
6
8
20
10
13
14
9
5
8
10
16
12
16
20
16
5
11
9
8
19
13
8
7
7
12
13
20
6
17
14
15
13
19
9
11
17
17
19
15
18
14
9
15
18
19
7
5
12
14
10
13
16
7
9
11
11
17
8
7
20
16
12
17
16
10
16
12
9
7
13
8
16
12
19
17
7
7
18
10
17
6
16
11
7
14
0
111
341
309
507
74
427
78
602
549
447
434
588
83
506
138
253
586
288
118
375
180
544
357
350
413
313
25
113
552
416
458
503
410
489
119
323
314
101
245
160
562
142
129
392
468
366
109
265
584
115
105
111
574
17
350
216
141
215
404
329
590
562
565
312
406
256
491
194
253
439
405
144
613
220
366
516
438
477
396
573
419
178
156
526
150
190
305
362
428
611
429
127
595
212
124
222
261
584
33
652
547
378
830
767
604
574
477
802
1124
1027
518
894
439
1038
463
614
925
476
627
520
407
918
837
815
857
899
170
731
887
1024
707
1025
969
925
634
432
574
183
689
333
1215
284
288
811
630
1000
476
771
1036
279
700
212
1135
401
975
834
607
324
742
805
1060
755
970
541
686
664
883
755
264
783
836
335
925
629
735
1065
905
591
738
797
806
236
387
614
235
512
939
525
693
788
890
224
732
786
244
648
580
1021
203

