1
10
19
19
14
16
13
18
8
16
13
11
0
69
62
67
15
60
6
67
30
67
84
127
82
151
74
83
15
83
51
132

2
10
5
5
18
15
16
9
12
18
8
15
0
53
2
40
1
12
35
50
37
12
44
117
53
90
48
36
50
91
74
41

3
10
9
16
5
16
17
10
15
19
17
12
0
8
59
48
42
7
6
66
47
27
37
41
92
82
82
53
30
102
73
45

4
10
6
8
13
9
7
5
16
6
6
14
0
0
39
36
24
4
37
0
39
26
25
40
66
58
35
47
84
6
70
70

5
10
15
10
15
6
7
11
5
11
18
7
0
47
5
32
29
10
32
31
35
42
60
62
20
86
37
48
52
91
73
73

6
10
13
9
14
16
17
17
14
20
7
13
0
64
48
34
53
17
45
8
23
35
78
140
121
105
87
58
119
67
49
98

7
10
20
16
18
12
7
14
16
10
18
16
0
66
17
49
18
68
67
40
4
18
38
138
54
87
89
124
96
79
63
76

8
10
14
6
12
17
9
15
11
15
14
5
0
55
42
7
52
13
12
18
6
4
48
112
91
60
112
28
71
78
22
20

9
10
9
15
9
15
12
5
11
10
13
6
0
7
45
5
16
30
22
25
32
43
25
68
61
49
72
69
78
84
50
70

10
10
14
15
17
10
15
7
15
10
9
8
0
53
33
0
48
54
41
41
6
56
68
124
57
52
72
110
92
102
66
103

11
10
8
9
11
18
9
15
14
15
8
14
0
27
39
4
44
38
60
49
33
36
55
54
97
27
101
90
89
117
64
63

12
10
14
11
16
15
10
8
14
7
11
16
0
44
26
57
60
14
8
27
17
46
28
107
93
124
109
74
56
82
70
121

13
10
9
14
10
14
7
17
12
15
10
8
0
51
13
14
0
37
18
10
32
5
32
101
26
28
19
86
72
82
92
42

14
10
14
15
8
13
16
10
5
13
16
11
0
39
37
51
35
14
4
40
38
42
38
93
101
109
82
64
10
68
57
97

15
10
14
9
17
18
17
12
9
14
18
19
0
52
14
27
10
65
6
51
19
66
78
65
52
60
39
87
44
96
69
89

16
10
19
17
15
7
10
19
9
7
16
5
0
44
7
11
33
9
4
12
12
4
25
121
27
72
75
68
31
32
61
13

17
10
12
8
16
11
11
5
15
20
7
14
0
45
4
36
49
39
20
26
24
7
22
96
45
51
106
82
90
75
64
53

18
10
12
11
9
12
18
16
8
15
15
16
0
9
10
42
40
64
63
28
28
51
46
78
24
99
114
104
91
100
56
88

19
10
11
6
19
6
10
8
17
10
12
6
0
24
2
5
18
27
8
27
8
8
35
70
56
42
56
55
59
41
52
59

20
10
8
7
10
12
14
16
18
12
19
14
0
40
26
8
61
10
10
64
24
63
23
84
67
49
106
88
31
96
69
95

