1
150
18
14
20
16
8
17
7
19
11
15
8
17
6
17
20
20
14
8
9
18
6
15
10
8
17
17
10
17
15
6
16
14
7
7
19
12
13
12
8
8
18
12
9
16
13
12
20
13
19
8
13
10
9
17
8
8
12
6
15
18
10
8
7
8
15
18
10
8
6
13
18
8
17
13
14
20
6
17
6
9
18
15
6
10
5
13
18
15
18
16
19
13
20
9
13
9
11
10
13
6
18
7
7
7
11
9
11
13
6
9
7
6
9
19
5
16
16
19
7
20
20
9
13
6
19
8
10
11
9
17
10
19
14
9
18
16
8
15
6
20
19
10
17
18
11
19
18
10
10
7
0
901
894
765
900
51
485
348
84
544
178
547
791
845
275
670
243
817
741
736
22
647
789
511
640
805
46
346
56
493
514
583
294
5
544
477
445
688
712
908
875
419
581
559
698
841
619
177
169
770
466
824
390
485
290
398
711
705
205
663
323
286
725
845
658
888
156
392
49
78
370
115
777
861
882
789
210
306
187
666
260
305
279
390
292
296
378
759
178
902
243
902
261
875
54
170
475
311
281
36
433
53
780
836
839
840
640
916
525
581
832
570
748
841
861
441
699
225
857
534
575
795
323
814
848
502
252
122
935
587
792
20
937
8
231
906
258
180
618
765
520
567
441
821
13
885
337
254
261
797
405
1135
1557
1415
1776
367
1234
977
138
618
617
746
1686
1024
755
1349
827
1489
889
1252
932
972
1312
1008
1113
968
285
1104
931
687
536
694
543
946
656
1069
1147
1045
758
1120
1662
1331
802
868
744
1282
921
474
806
900
1158
1336
1309
1112
677
419
959
1422
996
1301
478
1050
1257
1210
1222
1552
712
1107
795
293
663
674
1536
1290
1509
958
991
1255
493
1038
1148
1171
508
1091
608
360
892
901
1007
1515
384
1564
1154
1614
151
606
775
1085
1126
103
809
272
1453
1324
1741
1606
767
1700
816
639
1753
1454
1432
1196
1772
992
1644
1172
1660
875
781
1186
865
1684
1212
1424
534
612
1065
1098
1551
458
1039
878
1176
1065
325
1126
682
1057
1239
645
657
1151
141
1346
546
624
419
842

2
150
17
12
19
10
13
9
18
11
11
7
13
15
7
15
17
19
10
6
15
14
19
12
16
15
13
11
5
18
9
11
10
20
12
18
12
11
14
15
8
8
7
10
16
14
16
13
14
8
13
9
7
18
8
7
5
12
19
9
6
18
14
18
10
15
9
7
6
6
7
17
8
17
16
12
18
14
13
12
19
14
19
6
13
16
10
6
17
13
19
14
15
12
12
16
7
9
10
11
15
16
16
10
9
13
7
12
15
10
10
8
13
10
8
10
17
17
19
17
11
18
16
11
5
7
11
5
7
18
7
6
7
7
19
18
18
7
14
11
17
9
8
20
10
14
18
7
14
8
14
19
0
571
562
743
62
161
252
791
560
1
875
888
147
23
875
342
777
761
307
27
869
592
436
12
221
567
18
622
188
289
826
824
767
286
184
328
414
820
679
243
243
529
925
317
823
593
302
572
629
226
111
756
126
296
690
765
153
872
86
96
437
249
348
417
799
692
136
45
704
657
100
162
632
49
667
459
914
120
138
322
608
477
544
840
381
750
432
613
846
122
568
86
337
423
793
887
249
420
124
82
598
913
584
130
423
850
887
120
523
374
867
224
896
275
919
713
560
777
647
547
489
271
468
110
646
626
168
99
182
216
925
197
134
772
173
689
80
844
659
452
135
140
801
18
660
495
696
376
890
850
160
1239
1473
1507
861
346
913
1272
1367
596
1536
1062
833
672
1548
503
1088
1321
1229
101
1018
922
1057
810
946
972
857
1058
602
624
958
1158
975
441
268
679
1244
1619
1599
542
296
818
1626
919
1293
887
493
1165
869
559
531
1416
653
307
1085
1461
301
1102
505
631
1173
883
524
596
1640
764
734
889
1632
822
665
401
1180
897
854
722
1461
502
951
1013
1374
1110
1212
1213
800
1042
622
1428
979
386
739
692
963
1314
1326
1160
1091
1049
434
709
1297
1602
1510
337
1270
1104
1647
135
954
1153
1224
879
1386
551
1758
747
959
1370
747
603
990
615
1211
831
776
923
329
396
704
372
1576
340
909
1438
1113
1557
258
1075
939
510
832
1081
1563
544
1195
1354
727
1076
1137
1652

3
150
15
18
17
11
19
9
11
12
9
15
18
17
9
7
6
16
18
18
8
16
8
19
8
17
15
7
16
10
6
5
19
11
19
16
6
9
8
18
16
12
13
13
12
19
11
17
14
5
9
10
10
14
6
10
17
16
17
19
14
10
17
13
12
9
8
16
6
18
20
10
17
8
6
18
16
16
11
11
12
9
9
11
17
18
9
11
14
16
13
12
7
17
5
9
8
19
9
18
10
8
14
20
7
18
10
12
13
16
12
13
6
17
11
17
9
13
6
11
18
10
13
17
10
13
11
14
12
11
9
19
17
10
11
9
14
7
9
19
14
7
16
9
18
10
11
8
7
13
17
5
0
916
601
864
797
469
455
443
894
838
270
796
239
295
155
418
799
133
446
172
457
128
451
147
683
489
197
630
934
506
876
410
84
461
145
207
349
756
498
673
253
158
576
880
227
220
787
826
824
902
607
736
264
88
150
684
361
773
291
813
346
166
780
79
777
120
15
320
796
1
610
478
606
163
21
894
871
582
399
619
593
300
43
182
184
65
614
234
18
684
2
84
252
399
304
612
643
708
813
570
521
475
781
121
457
885
622
652
152
169
43
624
671
620
542
879
842
292
440
424
634
327
187
789
404
304
515
920
377
375
824
703
517
374
93
717
450
627
203
349
535
262
801
645
8
555
641
890
782
679
145
1852
1258
1766
1144
509
817
986
1535
1611
288
1041
957
1149
793
818
1288
627
1008
837
1305
706
986
1045
731
891
846
1456
1250
1045
1116
1235
321
831
759
1116
761
1696
890
1156
1112
908
1324
1484
928
813
1312
1702
950
1251
683
1236
685
463
476
1487
1133
1232
456
1211
383
690
898
990
1113
230
456
1234
1708
398
1180
614
1047
620
357
944
1430
1372
941
630
678
528
482
955
318
241
1420
543
417
1014
189
377
997
434
555
1454
763
1202
1102
1210
1428
919
1544
264
1050
1194
1137
790
726
1033
910
951
1166
1509
1058
1236
1574
1043
1264
762
771
761
923
1497
599
860
759
1067
576
1205
1408
722
531
979
755
1484
1088
1300
700
1025
1123
842
1350
909
590
728
1056
1068
1456
1121

4
150
19
14
9
7
8
7
10
7
11
19
9
10
7
5
8
19
15
7
19
18
16
16
20
7
9
18
13
14
13
10
17
18
10
10
8
13
5
5
18
7
19
7
7
5
18
18
8
14
19
16
17
6
17
10
14
19
13
16
14
16
11
8
11
5
7
14
9
19
7
7
18
10
16
8
11
18
7
20
7
13
13
19
14
10
18
17
18
7
15
8
6
20
6
7
13
10
10
19
17
8
14
8
6
18
11
9
5
17
12
18
16
16
7
15
16
14
6
13
17
7
16
9
8
16
16
16
14
17
12
14
11
12
18
11
16
10
14
8
15
15
16
7
8
18
11
12
16
18
6
7
0
765
526
643
575
282
210
847
778
575
566
63
532
375
395
638
750
547
700
376
443
259
31
127
608
314
878
519
641
73
876
559
329
908
704
108
460
746
565
308
244
87
403
277
386
326
845
886
693
823
502
900
146
656
567
39
397
351
238
728
162
209
434
782
71
750
260
428
802
67
879
77
99
84
341
165
346
714
528
885
656
424
455
79
47
802
826
152
544
154
577
885
478
688
84
161
344
365
136
874
306
501
193
472
549
182
835
459
314
197
905
207
298
601
758
336
552
644
270
451
396
52
214
690
867
185
311
256
413
320
721
510
147
616
250
213
84
492
858
753
806
256
559
544
357
310
130
171
816
157
153
1030
911
1516
1216
854
508
1048
1374
696
1198
822
1460
438
654
1522
1614
697
848
1080
1147
714
205
674
1393
461
1674
1392
1110
751
1497
852
978
981
836
313
1376
1484
756
695
553
947
943
697
424
383
1078
1705
1480
1275
916
910
216
1235
677
784
1306
616
995
1074
453
1067
739
892
130
1419
623
1219
1306
354
1597
522
695
296
1129
624
826
1501
819
914
1228
1039
1214
127
987
945
1029
679
730
751
1061
998
868
1161
968
808
634
651
217
1141
471
1390
1000
569
1225
956
1115
1056
785
709
1247
1127
994
1006
1017
434
612
1342
876
1049
967
229
598
852
948
1122
538
377
773
527
992
1044
246
912
280
1146
692
1253
1754
917
1217
321
1424
880
973
1100
1047
1053
994
987

5
150
9
16
8
7
6
6
19
15
13
13
7
7
9
8
19
16
11
19
10
13
19
18
7
7
8
17
15
8
9
18
16
18
13
15
19
5
7
18
6
14
20
6
10
5
11
10
16
11
17
16
16
15
14
7
19
7
7
19
19
7
13
16
10
14
14
9
14
14
14
8
18
15
7
20
15
7
8
12
19
8
15
9
13
7
10
16
12
10
6
13
15
12
12
18
9
6
9
10
19
19
13
7
10
13
11
12
16
19
11
17
11
18
8
9
12
7
17
7
17
17
10
10
18
10
18
9
6
16
5
15
13
11
20
11
14
13
17
16
20
8
19
20
11
18
7
15
7
8
17
8
0
425
323
642
118
386
223
632
222
540
43
904
317
6
584
390
85
442
857
868
93
738
74
650
203
501
427
903
427
890
18
236
390
239
480
572
606
212
816
876
769
245
133
810
149
697
485
291
0
916
607
112
847
448
845
875
202
844
672
696
478
346
667
198
719
492
647
237
711
30
214
866
457
811
903
140
121
104
258
314
336
584
465
326
448
234
284
902
231
911
437
228
781
645
556
885
718
902
30
383
307
455
556
47
249
526
218
850
231
347
350
292
889
295
1
217
190
198
195
250
93
587
298
823
411
108
265
795
432
630
441
495
234
138
493
827
666
876
425
819
505
641
532
206
75
337
458
47
460
356
775
901
419
789
748
1060
588
1368
870
1003
453
1067
999
687
1025
863
912
588
1718
1790
965
1174
142
770
1051
699
1007
1354
491
1602
768
886
980
659
579
797
1255
675
1481
1521
1687
772
880
1158
414
1405
1335
1130
721
1581
1070
187
1487
1093
1726
1502
846
1355
1526
1431
1055
1201
1196
1081
1077
546
1090
1169
1035
549
742
1591
1010
1716
1077
703
511
139
799
897
887
1139
1010
352
996
515
503
1086
722
1545
1250
988
1527
1376
854
1706
837
1333
165
1232
640
1363
595
864
534
1164
942
1412
413
963
803
1122
916
1240
819
264
447
788
328
721
378
791
1182
1273
476
344
818
945
619
1492
954
1317
475
538
821
1511
788
1747
674
1259
934
958
1187
915
144
618
996
756
594
1036

6
150
17
9
8
19
6
7
15
19
19
9
8
18
15
9
10
9
15
20
10
5
18
17
17
12
9
8
19
19
11
7
11
9
13
6
14
16
17
13
13
19
20
17
6
17
5
16
15
12
8
8
14
12
11
12
15
6
11
9
8
14
16
15
19
13
12
13
9
15
7
17
14
9
10
19
18
14
15
12
7
17
9
18
15
19
7
19
8
19
7
14
15
7
9
8
15
14
19
19
9
5
15
14
10
11
16
6
7
6
7
19
11
12
8
10
17
8
19
19
11
9
15
20
11
13
11
18
20
6
9
15
17
7
13
16
6
12
16
10
14
9
13
7
17
12
8
17
10
8
7
13
0
898
244
256
68
753
765
874
366
259
224
683
869
439
529
195
626
32
395
127
787
276
396
478
428
610
453
652
531
22
142
541
391
428
435
122
347
470
316
308
764
571
74
723
816
119
940
913
160
87
628
655
474
424
817
223
531
827
708
63
609
814
233
704
496
173
219
496
297
420
494
470
551
815
191
721
493
853
282
452
397
895
371
181
239
638
128
382
616
253
222
691
49
115
887
552
239
216
522
720
242
807
920
855
539
670
831
145
791
205
446
900
10
84
384
417
833
787
846
227
276
346
500
138
640
329
777
541
368
435
62
168
416
220
419
516
42
550
44
375
628
712
648
141
878
722
168
280
95
59
944
1380
679
752
917
1499
1094
1251
987
956
360
1203
942
570
565
537
1428
938
1040
796
1066
1231
1132
958
687
940
1028
697
1319
625
633
1284
766
886
932
890
591
636
1012
640
1054
1155
171
1566
1287
150
1028
1189
371
232
1158
741
1253
885
1578
886
1186
1165
1463
731
750
1171
844
1367
731
1123
472
640
432
1212
953
1048
1336
1087
476
1400
1423
1113
816
806
1163
1617
529
660
773
1033
443
1245
1168
752
949
1050
560
529
1731
1298
1052
613
1362
911
1014
1144
1023
1688
990
997
947
168
1511
536
786
1109
940
909
760
897
911
1141
1648
1096
990
1041
607
573
765
1109
1354
835
997
998
1002
586
551
545
457
623
598
1464
451
936
1366
1387
880
849
1144
880
684
724
602
982

7
150
16
18
7
10
18
6
15
13
20
17
9
19
13
6
15
11
14
13
15
17
11
20
14
19
18
7
11
17
10
13
18
18
9
6
17
11
12
9
13
13
9
7
13
12
5
8
13
9
6
15
12
6
16
13
12
13
19
18
7
12
18
13
12
17
14
9
6
9
16
15
16
5
10
11
9
14
8
13
15
14
14
10
17
12
12
10
8
6
17
15
13
12
15
8
15
11
19
11
10
20
19
17
7
5
10
20
14
10
10
15
14
7
8
15
14
10
5
10
12
8
20
14
17
13
15
6
8
13
9
15
8
7
16
20
5
15
20
13
16
8
19
19
10
15
17
19
6
11
9
8
0
382
526
710
908
147
926
177
318
606
775
385
490
318
626
152
272
371
77
97
21
108
353
207
561
819
869
374
743
491
49
416
324
812
775
311
318
116
616
917
27
55
175
249
785
616
254
657
542
929
498
335
644
249
334
481
454
545
733
620
219
379
94
225
83
342
656
792
568
300
861
159
916
264
409
507
609
182
42
199
445
119
191
302
29
838
289
645
302
580
73
276
415
316
898
684
403
74
868
300
864
496
624
304
722
723
417
816
292
143
609
923
372
764
338
454
809
803
844
939
566
725
666
835
852
92
507
362
162
786
253
659
676
647
311
372
742
600
107
741
429
834
250
647
513
656
267
218
233
162
316
500
1089
1176
1481
1031
1315
771
627
716
1639
511
1009
1104
1320
1006
1112
1087
277
734
390
829
1305
1076
1161
1223
1726
479
1029
1318
588
452
618
893
1113
1131
963
905
1545
1858
268
218
195
314
1320
1053
1140
1046
1301
1084
1388
588
860
350
466
1313
1377
1205
946
1543
932
945
498
927
198
720
1304
1412
1467
1144
1787
583
1748
541
1004
951
815
419
637
798
574
860
885
814
610
932
603
1226
386
943
131
1177
1370
802
1628
1432
914
951
1091
573
1260
795
1567
684
952
1267
1075
1547
654
852
952
1035
756
980
407
657
1365
1659
1181
1043
835
1487
1350
1131
1323
702
1252
1154
991
1696
608
1405
789
858
1214
764
1619
1081
978
836
1372
1252
1175
1224
1206
1097
494
871
445
725

8
150
8
12
11
15
10
20
15
19
20
15
5
8
9
19
7
14
5
7
5
5
17
8
20
15
14
19
15
18
10
5
14
7
9
6
17
7
16
13
19
7
6
9
10
15
19
6
13
12
15
13
8
12
14
13
11
16
15
8
12
9
7
19
17
12
7
8
12
15
15
9
18
6
8
15
15
5
6
9
13
14
14
14
14
13
11
6
8
18
17
14
17
19
10
16
6
9
15
14
16
9
12
6
5
10
14
8
14
5
7
7
9
16
19
13
19
11
6
15
12
7
6
11
16
10
10
13
13
10
20
5
15
8
13
13
18
13
18
10
6
6
13
7
19
13
18
14
12
14
7
15
0
274
450
533
98
167
547
285
831
345
175
525
299
615
255
627
704
117
6
4
498
429
757
230
226
697
498
893
293
849
30
67
108
710
812
894
404
304
122
216
270
821
372
171
553
782
570
778
683
308
184
80
583
878
453
208
84
22
234
217
352
601
100
45
630
78
138
58
187
18
675
777
563
350
347
718
95
696
734
520
878
180
331
537
449
100
516
72
6
888
14
650
528
420
518
23
708
328
865
796
316
506
628
655
500
105
386
630
168
444
716
172
561
351
602
241
142
873
895
203
865
0
83
786
787
628
540
669
353
751
865
757
10
755
558
133
351
392
693
420
359
584
849
753
486
575
170
100
740
183
117
1072
999
916
710
551
901
536
1529
1021
345
1198
921
1159
680
867
1221
318
90
656
1006
1286
1175
608
277
1111
716
1543
1117
1235
821
939
742
733
1009
1448
1172
590
470
732
298
1107
820
499
1076
835
726
1441
701
1049
429
431
1308
1134
619
622
338
650
993
557
1003
1324
833
912
1433
464
785
89
729
784
939
1303
1280
857
622
1586
945
1117
1362
1184
1592
728
516
1301
870
872
1057
977
212
970
188
1074
912
483
789
390
956
911
1530
881
1060
1034
1252
1366
1276
407
603
1454
242
727
1440
407
739
372
1335
762
497
1238
1694
919
1652
773
742
1514
1432
968
721
733
1077
1643
1331
1026
318
1082
898
317
728
669
1230
936
475
930
1230
1489
1279
833
778
174
1059
966

9
150
10
7
15
6
14
9
8
7
12
8
18
14
19
7
18
9
8
10
6
18
10
10
7
16
14
12
19
11
6
18
20
13
12
17
10
13
13
18
11
6
9
16
8
10
15
8
19
16
8
10
17
10
6
14
6
16
13
17
18
7
17
13
19
18
18
8
8
18
6
11
16
8
18
18
7
19
17
6
8
11
15
17
6
14
6
18
18
19
14
20
13
7
13
14
13
17
11
8
17
12
8
19
14
16
17
14
7
17
10
9
6
9
19
17
16
12
9
14
8
10
11
14
9
14
11
17
10
11
19
7
8
11
16
12
7
8
14
10
8
8
16
12
17
14
12
7
19
12
7
10
0
801
52
536
768
739
745
315
622
479
900
598
926
802
733
27
907
434
448
21
913
783
84
232
360
600
764
33
801
365
40
44
566
363
554
905
389
173
537
748
899
283
234
678
235
521
223
166
545
672
612
51
23
754
316
624
639
756
762
406
756
90
201
759
14
277
647
556
560
908
588
927
362
745
158
586
839
530
276
828
353
764
117
697
447
318
472
494
98
306
608
622
214
477
854
1
154
922
359
566
141
86
408
699
635
14
883
856
441
506
234
500
452
581
515
319
827
60
887
921
378
145
644
823
847
462
773
749
656
728
910
298
347
806
232
519
582
799
91
303
32
504
164
139
62
834
834
213
298
12
776
1615
422
691
1325
1111
926
611
1023
565
1208
1440
1006
999
847
71
1006
968
480
182
1296
1475
256
273
1235
995
1075
332
1165
1272
413
643
617
975
1363
1025
640
794
1399
1334
1771
627
887
1099
736
1355
904
880
1298
1213
1310
644
895
940
349
1452
780
1394
1200
826
1273
317
405
1487
326
690
1301
1227
1420
1178
1061
1409
737
1490
714
1040
1326
680
374
1356
1256
818
689
1559
488
1151
720
845
325
1176
1306
1357
364
1339
1281
638
289
971
1098
1049
209
158
1200
1133
1206
212
1608
1714
870
1393
882
891
1344
678
1054
839
1165
225
913
1081
757
909
1075
1504
1131
497
1075
761
1382
1579
939
328
796
1670
615
833
737
885
137
867
117
843
603
784
921
1287
1343
1133
1041
536

10
150
6
11
14
15
19
13
10
16
13
18
9
7
11
15
8
19
8
12
11
14
8
9
11
14
18
7
17
15
12
13
13
16
15
13
15
11
12
12
19
10
10
15
11
12
18
15
13
11
15
12
13
12
8
15
15
8
20
19
10
15
11
13
6
12
13
12
6
16
13
14
19
11
14
9
19
10
11
10
7
14
19
14
12
8
18
9
11
14
10
15
6
10
10
6
8
17
5
12
7
18
12
19
14
13
13
6
7
16
7
16
19
9
14
8
19
19
7
13
14
13
6
11
8
19
9
9
18
17
5
11
5
17
16
12
12
13
6
15
7
13
6
19
6
19
15
10
11
11
19
18
0
200
896
642
355
811
583
399
93
435
799
764
206
536
55
756
843
179
275
510
209
52
919
355
723
880
573
833
205
137
889
315
539
697
787
399
478
813
62
786
384
529
310
361
510
433
861
184
71
822
7
842
177
479
171
136
159
366
232
348
601
217
709
279
764
803
365
885
912
796
590
641
13
54
801
134
271
135
274
403
556
792
853
539
462
55
757
516
784
376
40
780
680
468
487
829
645
488
886
430
363
209
323
136
561
95
180
56
738
787
683
78
9
658
409
514
425
924
203
751
404
261
313
484
17
534
586
176
184
918
20
662
715
163
826
407
724
135
237
595
741
536
424
700
720
318
150
309
741
364
388
335
1380
1224
952
998
1024
1206
220
747
1034
1493
464
1454
563
1406
1395
941
329
1374
321
909
1353
488
1053
944
814
1711
978
1043
1499
443
600
1455
1281
646
1000
955
468
1272
1055
930
918
1030
989
488
1369
646
488
1328
790
1237
1116
902
493
216
1022
1018
879
1214
892
233
1209
1061
1201
907
1145
1241
1787
1001
1206
1140
721
680
921
954
917
399
1203
538
646
1666
1271
1413
755
360
1126
1256
1116
666
299
822
1305
1006
872
1713
1212
832
1571
792
1042
922
621
740
799
349
442
669
1634
1291
1218
955
788
966
522
566
941
1101
1140
1106
879
864
399
790
120
816
1174
789
302
1795
383
1592
766
781
1756
762
1542
585
866
1238
1299
738
689
1637
1317
422
1054
863
1177
541

11
150
19
16
18
12
7
5
20
10
19
19
10
8
18
8
8
10
15
5
19
13
16
19
6
8
14
8
7
15
6
16
18
20
11
15
14
13
8
17
17
11
12
14
6
14
8
9
13
17
16
16
12
17
17
13
18
6
12
7
13
12
10
17
17
18
19
13
13
15
9
11
10
16
17
8
6
14
10
16
16
12
19
9
7
13
7
7
18
16
5
10
17
19
14
14
11
13
14
15
6
17
18
6
9
5
19
5
13
14
19
13
13
10
13
11
6
7
18
11
20
15
5
20
14
13
15
5
20
9
16
6
11
15
15
7
15
14
9
8
10
8
17
15
16
6
7
12
11
20
6
12
0
158
57
478
102
32
870
172
364
62
832
175
548
296
309
224
357
615
317
479
577
79
842
520
509
500
605
677
738
613
519
723
536
677
384
5
432
80
519
682
180
254
706
163
767
170
587
885
705
509
495
858
909
4
266
653
841
44
663
666
232
90
243
718
402
938
799
374
579
268
37
717
251
360
687
290
135
117
523
105
481
732
61
47
657
917
911
620
616
639
367
878
635
625
570
813
867
500
28
924
869
794
12
637
674
329
214
582
701
844
122
942
201
919
353
885
44
492
547
739
63
893
354
585
584
872
101
712
215
16
130
434
479
586
117
717
863
260
176
503
525
843
365
694
648
849
375
925
33
801
769
468
695
993
924
425
1287
287
685
112
1622
466
1400
1205
586
370
424
815
838
890
663
947
1146
699
892
856
644
1142
1322
1567
973
1500
840
1062
611
281
997
427
727
804
974
457
1147
537
1255
1106
1491
1461
1218
639
989
1067
1770
923
786
1110
1081
860
1290
1422
269
298
1116
1575
1233
1026
1624
557
1364
1113
863
1191
498
992
846
700
891
574
1440
869
767
1222
141
243
830
1271
1398
782
687
701
576
962
826
861
1274
1082
1074
832
907
1299
1224
1620
104
1036
894
1020
457
1285
749
1559
673
1186
310
1201
1057
1006
992
674
835
983
103
1603
979
1271
749
997
201
1446
363
47
204
630
990
1127
453
1458
1262
852
466
1249
609
1377
1161
789
1407
1119
654
1768
904
1632

12
150
16
11
10
13
8
9
13
10
18
18
12
19
8
6
8
15
18
6
13
12
8
8
9
5
13
7
8
8
17
12
6
9
13
6
8
7
11
12
12
15
18
15
7
16
14
15
16
8
15
12
11
9
6
17
13
16
10
18
8
15
14
7
8
16
6
7
18
18
6
6
15
11
12
20
18
20
15
16
6
15
14
17
15
5
12
12
10
14
12
10
15
9
10
9
10
18
12
9
14
9
8
9
8
8
19
8
16
8
8
7
16
19
9
13
7
13
19
10
13
6
9
10
14
12
19
9
10
18
17
17
17
13
9
6
19
7
12
13
15
17
10
6
14
10
19
17
16
13
14
14
0
659
731
542
284
813
447
477
780
365
74
748
654
651
801
702
787
8
634
646
601
495
73
257
675
185
527
761
402
282
672
605
674
803
47
153
324
535
647
609
795
279
462
49
574
723
428
673
159
271
656
356
5
429
210
667
494
586
661
815
799
640
604
683
277
525
333
447
179
634
240
88
262
339
402
736
739
393
262
314
551
93
469
790
571
424
347
522
34
439
284
747
209
793
717
616
3
807
675
777
209
261
193
754
205
405
537
194
189
59
232
61
880
242
697
298
246
549
506
886
841
746
225
102
226
702
449
519
642
402
528
300
461
400
485
186
887
816
74
128
360
151
185
605
201
163
524
648
276
901
637
1038
828
836
1068
853
785
844
852
1139
505
1114
1275
1341
1482
977
911
747
649
1244
1002
738
656
483
1469
374
955
1450
826
993
1373
1313
1235
1352
561
263
1127
1135
1236
1305
1416
437
878
420
805
1427
715
1564
848
766
1473
476
543
466
968
1437
1301
1499
1548
1226
1077
664
936
798
335
1058
807
1313
582
1364
993
916
651
814
441
1374
1549
1095
447
958
672
597
857
1063
1381
1027
834
993
770
1031
452
945
601
1482
1109
818
637
1409
931
807
297
366
459
1604
501
526
1164
1104
756
913
354
676
1643
497
1137
916
322
711
1386
1664
919
804
811
633
755
762
1333
796
709
788
855
432
1170
1279
584
1050
1120
1327
154
700
1168
400
551
720
586
584
688
910
545
1238

13
150
20
13
6
11
7
14
18
17
15
14
14
16
11
13
18
13
19
7
6
14
5
10
13
13
5
10
9
6
15
15
6
17
7
7
6
7
12
17
17
14
17
13
16
15
8
7
6
18
7
14
11
10
13
12
16
8
14
15
15
12
12
20
12
18
15
12
7
19
17
10
11
19
11
9
16
17
16
9
15
14
17
13
20
8
15
20
8
14
13
11
19
8
20
17
17
14
10
7
13
18
9
17
19
19
6
9
15
16
7
16
6
10
13
10
10
17
16
7
19
19
15
19
6
5
5
9
17
6
14
19
6
9
8
10
8
15
6
18
17
13
15
6
11
10
15
6
17
5
7
20
0
405
875
672
589
254
185
321
109
693
789
687
644
728
595
220
688
305
779
335
455
915
340
692
175
21
685
143
182
765
162
553
861
510
321
833
921
355
69
9
516
135
435
448
170
337
817
893
138
858
18
528
572
143
816
911
531
635
328
646
915
553
674
695
887
504
550
117
406
253
335
168
297
29
170
294
255
518
97
188
334
864
524
866
659
125
807
87
215
551
812
511
736
270
409
493
557
83
829
17
451
662
20
161
659
756
35
342
787
903
714
916
608
681
518
325
258
587
423
10
682
339
663
633
17
916
367
8
865
264
220
759
614
324
307
439
485
254
803
385
742
97
505
387
794
106
844
383
822
230
56
1150
1006
691
676
908
305
917
993
1095
1283
1269
1058
1102
1092
950
1467
969
886
954
682
1757
418
1082
575
797
974
410
449
1089
236
1056
1156
1091
387
1735
936
1156
567
106
1155
256
908
1354
206
632
1426
1319
416
1492
359
1053
1121
985
1447
1090
1181
1248
1184
1426
1043
1505
1138
1533
1101
1339
1178
147
642
310
1019
352
786
647
651
892
633
1263
743
902
1166
1156
1160
883
696
286
1328
743
1026
1022
875
1209
1413
1164
1116
1114
1503
182
1400
430
774
1534
267
708
1278
1424
724
659
1379
1555
957
1848
1490
1362
1428
777
785
681
1178
68
1418
491
1331
1050
34
1251
855
89
1049
1187
290
1534
1228
935
920
1247
1016
385
1634
557
1369
582
580
715
927
272
1544
1090
1639
976

14
150
11
10
13
13
10
16
18
6
12
10
14
10
17
9
9
7
13
13
20
19
8
15
7
12
18
19
11
6
19
7
12
19
14
11
13
15
20
18
18
15
11
12
9
7
7
7
7
19
12
20
19
8
12
17
14
10
10
16
5
5
8
8
16
18
11
9
12
19
7
12
9
8
6
11
14
13
16
11
19
9
6
14
16
11
19
17
9
16
9
15
12
16
13
6
14
15
20
14
9
13
18
13
11
13
8
20
9
19
6
8
7
19
7
13
5
18
13
13
8
15
12
14
12
6
12
8
6
5
14
6
8
8
18
14
5
8
15
6
7
15
19
9
18
12
9
18
14
9
14
5
0
166
894
775
220
177
82
218
435
578
242
375
288
622
473
148
353
827
253
299
304
404
420
622
668
304
73
239
697
627
360
18
787
736
148
195
171
855
908
399
129
737
351
641
692
552
354
431
205
498
496
55
280
641
22
271
899
211
514
788
58
613
175
197
33
424
284
441
1
313
125
247
813
696
37
688
741
16
750
896
692
182
416
717
463
611
281
196
861
160
370
805
578
263
681
146
808
286
181
539
114
296
21
416
747
436
495
807
706
252
911
384
52
836
104
416
303
365
365
382
823
491
682
136
206
490
286
316
170
269
231
461
832
68
292
225
383
650
783
403
773
21
224
44
538
484
250
47
78
208
508
566
1417
1216
578
675
552
861
720
1316
356
505
815
833
1049
219
1141
1226
817
329
871
1153
557
796
732
918
301
840
1034
1167
1264
738
932
1010
180
1034
886
1710
932
720
386
816
580
944
1480
1261
741
513
758
792
1115
699
368
1012
651
1141
959
734
780
1410
436
712
309
1056
730
963
1025
966
915
546
342
519
1682
941
569
847
1252
218
1104
1005
1322
855
724
1525
671
1204
624
946
924
734
772
1530
748
883
1207
951
906
679
930
1388
902
730
519
1055
942
1339
946
1467
1324
836
1330
868
436
911
750
825
840
388
414
876
851
692
1385
974
242
874
480
377
194
671
589
713
1517
596
486
1080
470
983
1513
1149
1658
175
745
851
756
722
569
82
490
240

15
150
12
7
6
9
17
17
5
12
18
9
13
17
9
15
16
14
12
16
16
7
16
6
16
19
12
6
16
15
7
7
15
8
8
5
11
8
11
5
17
19
11
12
19
9
13
19
14
13
10
20
14
11
17
19
6
8
18
9
15
10
12
19
19
7
18
16
13
5
19
17
17
7
9
20
11
20
17
16
15
13
18
5
6
6
8
14
14
6
11
19
5
17
6
12
10
12
19
7
20
8
7
9
19
9
8
11
12
17
20
11
5
15
19
10
18
9
8
5
16
18
12
17
17
20
7
13
16
16
15
12
13
18
7
9
19
12
14
14
18
19
11
8
10
7
10
16
17
18
15
19
0
348
797
613
790
194
478
123
705
735
570
417
162
5
448
388
397
51
203
739
682
374
282
882
55
39
83
858
320
789
232
869
865
181
292
125
309
655
435
79
349
527
779
332
909
500
183
894
177
314
686
54
166
896
190
591
668
71
677
135
469
67
182
487
211
485
588
185
828
727
447
339
559
901
77
477
796
249
623
55
733
349
346
593
665
625
523
88
636
126
239
604
825
793
131
511
954
260
125
923
285
119
664
689
297
415
148
837
107
558
5
513
134
432
516
519
251
784
729
316
252
516
948
768
369
510
14
422
97
98
249
457
725
609
788
347
233
177
788
347
356
5
919
504
77
509
638
786
146
828
775
1040
1364
887
1023
1167
752
883
996
833
775
692
588
672
1091
690
478
905
1045
752
1560
1113
745
1096
770
616
230
1069
511
1131
1128
1240
1005
223
784
1079
600
1109
497
409
1264
1269
1502
1014
1040
928
854
1183
376
573
1109
416
408
1665
711
608
772
768
1305
844
1059
987
580
596
1000
985
1238
1113
1379
1101
910
417
1057
1035
972
1440
1601
719
1429
950
1211
1211
1293
968
1354
662
541
485
954
405
916
635
1222
1090
812
1432
1301
955
628
1081
684
867
1255
788
348
667
897
1193
182
1033
327
1174
854
1031
867
1337
485
797
1293
853
498
573
1172
1393
523
563
250
1359
909
769
488
644
1000
1225
1558
938
375
811
861
1047
744
42
1639
688
372
1125
781
974
885
996

16
150
8
16
8
8
18
17
11
15
15
10
18
17
18
9
14
18
15
20
18
8
10
14
11
14
18
9
6
13
16
12
9
17
8
11
7
11
6
11
17
15
19
13
15
20
7
11
19
7
7
16
20
8
5
9
16
13
18
17
11
11
9
12
15
7
7
7
10
14
7
20
19
10
10
19
17
10
15
7
16
9
10
14
13
11
7
13
6
8
20
19
10
15
16
14
7
11
16
16
19
8
5
16
13
19
11
10
12
14
16
14
14
17
17
12
10
17
15
19
5
15
6
20
8
7
18
19
16
13
8
8
8
6
13
13
8
14
18
13
13
16
12
18
6
9
9
8
14
6
9
14
0
306
186
839
255
112
16
154
158
404
520
785
447
288
369
289
762
724
370
796
463
114
265
751
325
695
944
684
23
111
54
432
437
714
649
736
390
539
41
851
619
426
274
363
831
675
752
608
741
898
241
668
392
108
14
370
265
296
343
502
264
142
84
411
904
73
75
205
125
592
228
153
419
889
495
738
745
487
307
669
251
522
66
98
557
775
217
680
500
425
539
249
394
528
866
242
220
97
186
938
298
834
72
761
206
83
872
241
708
293
399
402
688
376
576
909
452
90
558
21
570
808
702
753
61
672
645
695
93
634
724
163
2
438
396
438
304
114
60
303
442
220
882
476
283
324
523
464
662
317
170
631
830
1097
1135
395
32
649
1060
859
548
1419
861
400
752
334
1294
1268
1099
1078
882
860
1037
1663
449
1108
1677
958
500
294
91
884
876
1143
1190
1175
411
701
229
1225
1247
1233
370
1285
1496
1097
1559
1339
886
1176
416
1512
795
773
766
1003
871
756
903
623
1130
917
478
1295
1222
984
806
427
984
752
895
437
581
910
603
1229
799
552
1120
1052
549
1115
900
318
872
1202
756
763
1018
1083
1337
1035
605
940
1726
934
316
339
586
1325
600
1082
815
1470
462
943
1327
524
1490
482
491
578
1196
690
1373
1540
798
719
1026
490
860
1661
977
1094
735
1032
1394
1045
500
1062
1000
981
880
1143
1206
1139
431
365
344
580
696
504
1244
1306
947
1223
1179
988
1242
556

17
150
6
15
17
15
10
16
14
9
11
18
12
13
18
12
9
8
12
18
10
13
9
13
13
7
16
17
7
17
15
10
7
11
18
19
11
13
6
5
20
19
11
18
15
7
8
8
17
11
11
7
18
7
18
6
16
15
8
17
13
5
17
12
17
15
16
7
15
13
8
9
19
15
11
12
5
17
7
5
20
13
12
9
6
20
7
20
18
11
7
10
6
12
14
10
11
16
15
14
16
15
7
14
10
19
10
9
17
18
6
18
5
5
15
10
18
5
15
12
16
16
5
7
9
17
10
13
17
16
16
11
8
15
18
8
6
10
8
12
16
9
6
16
7
13
10
6
10
17
19
14
0
136
632
354
759
892
406
832
555
534
835
184
772
788
38
146
112
740
10
209
702
15
865
736
714
339
896
602
630
190
745
903
525
772
330
23
240
552
634
815
56
239
833
451
878
71
119
264
596
241
212
626
366
125
425
683
4
715
612
204
814
385
177
376
581
359
192
785
897
812
480
449
485
286
562
172
224
530
910
263
913
894
534
81
126
52
223
837
508
228
106
618
885
388
858
536
11
286
885
865
920
891
674
537
580
85
180
28
688
442
446
753
383
362
853
91
254
125
427
4
518
547
125
754
664
44
719
452
913
12
577
473
827
385
823
648
29
802
103
840
34
299
238
187
199
824
385
479
594
124
90
503
847
862
1522
1491
883
1334
818
1272
1657
951
1241
1685
752
334
457
788
410
976
797
838
1075
792
1408
737
1562
1310
1090
491
1310
1119
1345
846
1001
677
743
782
813
1321
736
957
866
1338
999
836
348
895
857
628
719
646
527
261
1283
710
127
810
877
337
1598
954
240
1286
899
1015
489
1359
1784
1681
621
538
713
650
1285
701
576
1268
1342
855
1422
1218
641
507
680
124
520
1730
894
698
367
766
1322
1008
1237
889
735
894
1137
1535
1846
1036
971
1151
1216
338
719
653
1043
1136
549
984
1196
1271
1740
1008
1177
270
513
65
860
1111
266
1479
1257
906
1297
1196
1194
818
1384
807
1665
821
988
741
698
1439
869
1043
545
912
637
304
882
946
1180
920
789
210

18
150
12
18
13
20
10
19
19
20
7
6
16
20
12
16
7
15
16
15
17
13
20
6
14
16
7
8
11
9
15
13
10
15
8
10
9
19
10
10
7
13
6
10
17
10
12
7
12
14
12
6
7
12
14
20
12
8
14
20
18
12
10
18
18
19
15
18
15
10
14
17
11
14
19
8
19
18
7
12
6
11
12
11
16
15
7
14
11
15
13
8
6
14
15
19
12
6
13
9
14
16
16
19
7
6
16
16
8
7
6
17
7
9
9
7
10
6
8
13
20
16
10
7
12
6
15
8
7
8
9
16
16
11
10
8
19
9
7
10
17
12
14
20
11
14
6
7
14
8
11
8
0
24
127
774
286
542
841
290
872
129
891
673
754
535
216
837
106
828
523
293
766
362
662
255
739
643
799
441
683
728
223
239
64
567
796
461
762
461
855
542
393
1
813
297
501
325
653
174
860
158
415
826
395
510
478
552
853
235
739
625
586
71
105
489
331
128
10
219
93
169
469
493
719
515
679
918
298
62
42
747
856
275
566
89
715
578
77
115
884
487
226
353
867
329
292
798
264
239
772
479
895
337
660
205
52
851
420
211
897
483
89
439
231
79
826
600
846
677
277
401
372
248
182
769
165
298
27
905
877
848
703
323
632
516
247
689
191
447
110
28
660
281
336
844
877
567
270
763
281
715
671
177
752
1260
1048
1305
1111
721
955
711
1244
1014
1094
791
1047
904
615
1067
626
1147
1672
1234
844
981
760
1475
1726
686
1576
1133
961
655
561
1409
855
988
1158
1033
1374
1457
1293
540
1237
354
833
623
1273
1046
1377
965
864
987
757
559
864
622
1664
444
984
1240
766
801
710
670
901
500
756
229
544
257
1187
1389
1511
1113
698
1688
878
175
457
793
1784
1040
619
532
1567
1425
852
239
1256
1115
674
1050
1296
1022
777
1029
687
520
792
1161
1474
889
715
391
520
1477
1135
876
1106
1207
206
458
437
376
1159
915
1115
1331
573
998
1046
398
541
1443
520
943
490
1526
1096
1212
1386
1142
1205
536
1150
966
552
930
475
127
988
1175
1234
1107
1073
1139
1111
1296
605
786

19
150
6
6
15
13
13
6
16
14
6
9
17
11
18
19
11
17
12
14
15
6
11
14
10
18
15
5
14
5
6
9
7
8
17
17
14
16
11
14
11
18
6
14
14
8
10
13
7
19
18
10
5
10
8
7
16
7
9
8
17
17
8
16
16
18
14
16
16
16
12
11
14
12
19
6
17
13
17
16
20
18
5
11
19
9
8
18
7
8
11
15
15
10
11
15
14
10
18
16
15
12
19
15
12
20
8
16
7
9
20
16
11
15
6
13
13
16
14
10
12
15
17
18
17
5
18
19
7
9
12
13
20
19
5
7
11
12
5
15
7
11
12
9
19
18
14
8
13
19
15
8
0
590
847
824
121
597
243
541
731
50
137
749
363
623
247
884
648
930
368
878
520
866
766
565
12
301
511
523
699
233
784
344
573
731
726
288
577
919
452
436
628
83
695
435
498
402
431
597
436
893
913
802
774
165
395
813
158
405
305
360
163
778
505
682
772
188
606
215
159
421
151
334
348
207
413
553
857
636
608
50
891
129
758
85
734
344
225
475
115
278
342
820
347
888
163
576
415
336
397
155
452
287
768
932
883
527
160
633
243
412
909
37
821
560
67
370
457
527
275
679
534
100
319
202
897
910
851
774
340
797
517
46
931
427
916
940
646
349
358
590
97
388
546
315
246
460
457
837
738
459
601
1158
1298
1036
571
640
562
1418
1584
97
855
1154
1318
852
1122
1324
843
1822
596
958
569
1604
1479
1478
684
854
928
678
959
347
1059
863
905
876
798
408
1040
1278
1109
897
992
936
732
1391
742
823
702
1097
541
1130
1348
1066
1414
944
652
862
681
729
1222
478
357
817
898
1424
1279
439
1475
669
797
1012
165
1262
932
1024
1322
1194
1212
1435
1458
551
1173
417
1288
733
1022
1219
711
839
492
349
1017
1759
893
1832
468
1403
751
1058
1154
244
1245
885
808
1327
1675
890
635
1242
1097
1345
1180
981
1258
904
964
564
945
1076
415
934
1044
235
1109
759
1107
1627
1781
961
1259
1136
1302
956
1203
1015
1216
1334
1013
1065
1288
882
972
1175
1354
431
519
1022
818
1671
1114
1177

20
150
14
15
9
17
16
18
12
12
7
16
14
15
10
7
19
9
7
9
14
8
19
8
6
16
15
16
12
6
18
18
14
17
5
8
20
9
7
20
9
16
10
9
12
9
6
6
7
14
15
5
18
18
9
5
13
13
16
10
17
17
16
15
9
12
12
8
6
14
6
8
20
13
18
20
18
13
18
20
18
6
15
8
13
17
6
15
20
11
16
7
6
15
12
15
6
18
15
14
19
17
17
19
14
9
18
19
7
18
5
15
14
13
18
7
7
20
16
6
14
18
6
18
6
12
6
14
10
15
8
19
5
17
18
16
15
15
6
16
13
12
19
16
9
10
16
15
5
8
6
11
0
193
922
77
942
593
828
511
225
705
747
386
522
767
346
38
409
68
952
289
658
415
515
508
151
382
24
457
465
740
190
834
82
27
99
745
659
635
504
362
605
568
557
335
289
786
194
496
828
422
797
850
729
260
108
730
952
96
751
59
738
850
669
509
484
860
79
952
692
86
900
262
866
690
826
910
745
583
903
647
113
804
188
72
530
434
158
7
447
889
73
278
416
889
242
524
312
161
113
319
502
796
514
196
340
454
785
847
196
707
111
185
375
842
476
810
311
422
546
841
903
14
752
698
28
468
319
708
321
673
793
170
176
834
611
417
416
704
50
581
435
783
135
26
59
672
542
945
950
691
124
489
1853
1044
1171
1307
1565
703
542
923
1221
1277
771
1436
793
251
878
570
1688
1178
1209
761
589
990
507
797
654
1399
1087
812
341
1632
547
449
328
812
751
1051
986
1027
1107
904
1398
1057
1067
1586
891
1359
1044
685
900
1803
1453
403
355
1137
977
956
1567
950
1072
1235
678
790
751
1599
608
1841
1173
759
1643
895
982
1470
1566
1554
1096
912
989
1580
955
1581
539
457
960
1191
967
300
695
1134
523
529
1106
1003
681
1204
1252
215
1045
1109
1446
1068
1219
982
536
968
1328
1497
310
1367
322
728
780
1342
1087
972
1153
1226
869
1685
1020
584
1261
939
239
582
378
1362
1281
970
1374
679
610
1415
845
1310
1161
1421
880
863
1176
976
625
774
731
754
703
1725
1569
1354

21
150
18
18
14
9
8
15
16
6
20
18
15
17
17
10
8
19
16
16
17
19
11
14
10
19
20
17
12
11
10
12
17
12
10
7
13
18
16
19
11
12
7
19
8
9
5
7
6
10
12
7
6
19
20
8
10
16
10
17
12
17
16
15
17
6
8
12
16
12
14
17
6
13
5
14
15
11
19
8
7
13
7
17
9
17
16
7
14
9
19
20
8
16
20
13
12
9
13
17
17
7
12
16
16
10
16
14
8
12
8
13
19
9
9
17
6
18
18
8
11
19
16
15
7
20
20
17
7
13
8
18
11
12
6
15
17
15
8
16
15
18
18
13
12
17
19
19
5
17
15
12
0
431
960
421
102
757
674
790
674
311
106
526
668
14
147
380
959
251
54
857
723
925
371
46
100
52
352
959
116
557
477
647
758
798
291
281
598
301
141
546
816
182
43
716
179
16
280
446
682
349
922
847
483
734
908
913
794
495
825
718
360
39
100
525
252
988
689
289
518
970
21
581
518
187
178
498
351
715
192
525
326
793
426
966
843
742
794
918
628
961
959
315
650
705
145
99
741
905
707
73
239
891
238
387
561
205
127
280
207
336
495
24
931
694
482
669
708
517
585
621
155
44
264
485
20
736
371
342
553
855
668
900
168
78
990
600
274
520
282
130
781
980
96
486
98
560
807
64
7
523
143
1186
1425
1137
120
1400
1205
996
1509
723
647
1098
1359
748
900
837
1749
297
572
1700
1549
1706
546
751
282
704
1273
1280
1025
1468
1173
799
1297
957
452
667
879
1120
392
627
1627
747
93
851
797
156
743
1265
1044
972
1561
1092
1195
1329
1366
1306
964
854
874
1001
420
670
850
1172
477
1883
1089
1114
1409
1698
337
818
1456
449
194
599
524
1087
995
1465
1086
1295
1021
1198
1503
1366
1584
1809
1471
1604
1593
492
950
1001
345
335
1615
1065
1569
342
735
1629
1130
855
671
319
973
676
950
679
825
471
1267
1606
1289
1390
920
1079
920
1595
366
727
672
636
496
1379
467
1330
1006
1131
1427
1229
659
950
1145
1083
713
1391
836
499
1398
1581
664
1377
783
862
1078
101
653
1279

22
150
9
9
13
17
14
16
8
6
13
19
8
16
18
5
6
17
9
18
11
12
14
16
16
10
7
16
15
8
12
18
6
8
18
10
13
13
19
18
18
14
14
19
15
9
11
16
8
18
14
7
16
19
6
15
20
13
15
9
13
12
12
11
10
14
11
14
19
13
17
19
16
19
12
17
15
14
8
11
15
6
10
15
11
13
12
17
18
14
18
18
14
17
18
7
6
8
7
12
19
14
19
16
15
12
10
10
9
16
14
7
20
6
17
18
17
15
18
19
17
16
10
15
17
12
15
5
15
6
11
8
19
14
17
10
13
8
10
6
19
17
12
15
12
6
10
19
10
18
5
14
0
805
868
887
667
931
510
621
390
445
723
494
986
679
801
175
386
691
737
751
563
149
132
177
19
194
180
349
925
967
805
941
477
907
425
228
946
437
364
821
22
305
548
895
916
172
398
542
839
571
497
871
280
976
98
704
647
63
909
203
956
813
352
414
787
772
571
148
371
841
528
984
62
37
452
991
972
658
828
848
98
230
425
980
540
613
317
498
425
722
571
343
951
280
511
620
122
875
128
467
723
22
678
345
80
185
38
237
64
703
694
583
933
532
161
418
601
549
543
543
614
627
84
240
763
57
453
322
461
484
550
44
717
100
648
647
49
86
552
102
971
145
731
755
567
140
990
538
618
564
694
1182
1772
1890
709
1333
671
747
902
1254
952
1142
1971
1426
1764
694
817
904
1093
1606
1492
269
581
275
869
1126
786
831
1817
1724
1463
1670
1303
945
785
1055
1606
770
1152
1559
169
1174
767
1056
1099
679
1370
1492
996
1372
1268
1259
986
1772
172
1645
756
226
950
971
1403
1280
1036
796
938
892
1048
1048
1218
1442
750
1424
1048
896
1090
1641
1557
895
1008
1238
216
1058
915
1317
682
1352
688
877
1120
805
867
1340
1876
428
1077
752
174
1606
275
1255
894
819
1609
379
924
839
158
737
369
1622
1582
700
1717
687
286
602
696
1096
1324
900
1601
1431
289
1178
1013
342
561
1214
534
1020
1216
879
1531
648
967
1273
710
753
1249
971
1040
731
1074
1415
1322
326
1638
695
708
1409

23
150
15
7
13
5
20
7
20
11
19
18
18
16
16
7
15
13
15
14
13
18
17
16
9
9
15
18
17
18
12
9
10
10
8
8
20
19
9
20
11
6
16
13
10
20
13
15
8
10
7
15
16
15
9
16
5
19
20
17
18
15
12
10
16
15
14
10
8
10
7
14
10
17
19
14
12
13
12
7
15
17
18
15
15
6
10
13
20
18
7
19
5
15
18
19
15
14
18
16
8
10
5
17
10
10
20
6
11
9
13
18
19
15
19
19
19
15
14
9
13
6
6
18
12
10
8
11
11
19
6
15
6
19
16
10
15
8
8
10
12
10
6
9
10
14
7
19
8
12
9
7
0
756
671
505
542
650
723
522
865
746
400
887
806
168
290
593
613
135
86
722
953
73
652
795
328
127
477
287
401
395
55
693
894
305
963
147
259
110
509
353
347
163
851
277
119
916
361
261
951
261
745
764
813
913
601
863
820
101
167
204
480
563
602
780
265
501
160
536
483
512
778
489
475
745
175
813
746
4
510
775
371
224
915
340
74
783
74
824
398
691
497
469
497
889
760
804
599
370
457
196
43
749
230
203
751
338
209
147
245
133
662
657
632
826
375
362
134
599
465
635
404
64
399
635
93
745
714
456
141
547
187
482
961
837
30
138
463
347
877
705
343
264
287
771
362
593
877
679
720
455
777
1413
701
1425
1346
816
901
1158
1073
1561
1235
1265
1453
883
971
1553
1512
509
732
1608
1150
1015
779
1286
687
571
1388
936
726
478
921
1298
1376
959
1138
910
913
491
1401
565
768
540
1311
1054
315
1032
1123
697
1086
632
885
1472
873
1065
1477
934
1202
425
613
962
991
733
1434
1239
876
1305
715
1150
1444
1042
1567
794
670
795
727
1217
944
723
700
1513
864
246
1435
567
584
1282
374
1180
793
1224
1349
878
874
1418
948
1369
1316
1073
1174
449
811
1551
828
1065
1552
456
648
666
325
762
781
1184
943
1410
607
870
745
751
672
1548
424
655
1310
1307
896
1365
1447
1121
1012
877
1111
548
1110
1111
391
226
594
673
1105
793
606
969
322
1361
779
1369
1277
959
1145
568

24
150
17
13
10
11
6
10
17
18
15
14
16
6
9
6
7
18
11
8
13
17
17
15
9
17
16
18
9
15
5
19
6
10
14
20
20
10
15
18
10
12
10
12
11
16
13
5
18
14
9
16
19
5
17
13
13
15
8
13
15
18
17
12
15
14
9
10
7
6
15
8
12
15
11
11
15
13
12
9
13
6
18
8
16
20
16
13
15
19
18
17
7
7
10
14
11
15
17
17
13
17
20
9
7
13
19
17
13
6
10
18
10
7
12
11
19
20
17
10
7
7
9
7
15
18
17
16
11
9
15
15
11
19
8
9
14
7
7
7
19
10
11
11
11
10
10
8
5
17
19
6
0
646
683
258
35
654
719
366
726
37
826
243
418
409
583
709
343
750
235
449
24
106
790
580
294
32
124
324
737
57
541
70
591
783
61
102
301
303
920
851
418
449
905
526
745
7
66
739
204
915
753
791
323
766
323
714
503
492
7
401
275
551
802
662
516
248
407
194
803
98
20
940
52
22
846
643
476
884
88
258
178
258
434
273
32
371
103
325
682
146
248
837
130
652
566
173
10
645
936
280
639
135
810
88
551
16
907
51
524
536
810
921
280
873
821
197
222
694
741
661
170
267
113
276
816
5
187
629
820
765
772
377
5
67
775
390
619
768
311
374
55
756
878
380
196
142
519
239
212
216
405
1524
1518
528
718
1136
882
1043
1141
106
1414
623
1278
1178
780
779
982
1641
774
1215
128
775
1077
647
583
877
369
558
1635
412
967
849
1033
1626
467
618
395
925
1761
1283
862
523
1278
761
878
102
824
1503
737
1332
991
1152
569
981
990
1000
824
953
406
861
664
1261
1280
1571
1254
468
472
671
985
221
63
1401
910
189
872
784
772
1014
495
743
246
680
719
311
690
876
912
1276
1501
232
552
1022
283
1513
681
774
628
1055
1673
893
1457
755
1569
601
1256
618
1831
962
647
594
1711
1837
422
1171
1758
408
429
1123
1202
818
207
583
383
1016
1186
598
405
980
1518
1415
872
801
809
249
1243
1248
961
1216
661
923
251
1014
1208
808
381
277
708
668
728
314

25
150
13
10
12
15
8
14
7
19
18
8
7
20
9
11
17
20
14
11
14
13
19
18
6
12
16
17
20
17
13
9
9
18
5
15
9
9
17
6
10
9
10
17
9
7
9
8
11
14
15
10
15
11
8
18
6
15
12
10
16
6
8
9
19
12
7
16
16
8
8
16
20
7
18
8
8
16
13
9
20
18
15
15
7
13
9
12
15
7
20
19
20
9
7
6
5
18
10
14
15
8
12
19
16
12
7
6
5
6
11
10
5
18
11
16
7
20
16
15
20
11
18
6
17
16
16
9
17
8
6
5
12
18
5
10
10
13
17
14
14
10
14
5
17
19
5
13
5
17
8
13
0
181
299
828
579
524
368
320
476
442
134
74
162
556
411
204
397
350
690
588
498
879
325
662
913
389
753
705
402
583
601
501
167
334
880
8
119
97
126
685
535
268
368
138
744
185
119
829
732
324
778
655
63
600
808
869
3
83
378
75
486
231
69
551
582
394
656
250
520
582
462
410
150
236
70
270
166
635
737
564
48
611
799
150
907
557
334
91
721
718
875
486
292
471
326
651
41
231
245
853
439
719
790
565
23
309
500
610
83
852
133
516
780
578
119
283
550
134
58
620
104
372
870
767
799
439
521
825
533
551
525
337
862
539
322
62
885
366
413
518
798
159
575
554
789
428
204
567
683
11
25
939
1047
1565
753
1350
1088
900
1013
1236
535
225
959
695
930
672
1239
620
1437
799
1180
1319
673
763
1377
635
1501
996
432
1251
1335
841
197
646
1520
613
806
763
286
1413
1450
1133
1130
570
1343
1068
535
1152
945
691
1151
1098
595
1510
1731
1596
711
713
750
228
1117
600
671
1216
1238
1018
1264
835
1392
1090
1118
666
392
334
80
322
842
1253
1018
936
786
786
1382
849
1364
1369
960
728
965
1383
1279
1405
883
1012
986
714
439
1112
790
1101
860
1371
1311
1278
528
349
750
862
252
1131
389
804
1599
669
518
796
793
233
840
1289
614
1130
1516
1361
1373
800
1442
1506
851
1420
922
1271
1012
1182
749
391
1691
425
1283
936
1137
177
718
692
1293
637
890
805
1520
690

26
150
12
7
5
7
5
17
14
6
19
13
11
6
7
8
9
8
15
13
19
7
10
17
19
7
7
10
14
10
13
7
17
5
7
16
17
13
9
9
18
20
14
14
10
12
16
6
9
6
19
8
11
17
18
10
16
8
6
18
15
17
18
13
13
10
17
12
18
10
11
12
5
16
13
13
14
17
8
18
18
8
14
14
11
12
19
8
6
17
8
19
8
17
16
11
20
10
7
20
18
16
9
18
18
6
18
11
13
12
15
14
8
17
13
14
9
5
5
9
11
17
12
9
9
19
9
18
11
14
8
7
11
13
17
19
13
18
7
12
8
14
8
8
13
8
6
8
15
5
13
11
0
416
33
204
899
809
582
431
773
160
54
576
257
569
27
73
853
385
63
451
523
363
780
791
594
358
651
145
892
390
693
1
198
274
653
333
487
717
867
529
140
77
686
566
104
613
353
70
5
215
871
626
876
730
543
802
630
694
41
170
770
844
105
885
427
239
76
318
775
441
511
665
490
128
773
791
718
332
288
775
239
851
770
816
204
733
774
368
18
701
846
135
135
368
596
6
609
863
509
141
230
254
745
110
592
591
624
554
770
292
189
441
645
698
218
786
349
545
270
600
219
785
254
496
578
797
543
642
247
225
661
264
422
229
661
899
39
177
688
552
215
857
96
84
224
240
728
787
788
140
257
1233
823
907
1057
1197
1012
553
1532
808
645
884
553
1302
592
324
1732
935
247
1043
1180
527
1087
1170
1248
1116
1295
371
1210
1039
1165
212
897
631
939
786
1251
1000
1043
1223
913
677
723
1175
328
840
571
957
758
426
1274
772
1220
834
1332
1438
983
1483
751
898
1537
1515
598
1212
821
639
883
608
1371
744
1199
738
1273
357
1355
1673
1190
1021
547
1491
499
1060
839
939
825
1464
1691
865
146
1063
932
396
502
1095
1156
778
1104
1232
1253
893
377
354
1270
330
1238
786
1088
776
1116
1133
253
1283
1546
1549
467
1058
1027
665
595
1027
807
1389
437
838
868
1083
1234
1373
330
796
874
1037
488
950
1013
1073
834
457
1270
1290
363
1706
450
398
418
908
846
1380
1590
619

27
150
18
16
8
19
13
20
5
8
12
6
15
13
8
13
8
6
11
14
13
9
19
8
11
12
10
18
19
6
14
12
12
19
19
13
18
13
11
10
7
19
13
11
14
14
14
9
14
7
8
19
12
6
7
10
17
17
14
20
15
10
15
9
7
17
11
16
8
17
7
20
11
12
10
7
16
8
11
17
12
17
16
12
8
10
6
10
6
15
6
6
17
6
5
19
15
9
11
18
13
6
17
15
16
11
12
13
15
18
9
6
5
10
12
9
17
7
8
15
11
10
6
8
7
17
12
13
18
16
13
12
17
17
12
11
8
15
6
13
16
8
18
10
17
13
9
7
6
9
7
19
0
659
578
472
281
235
35
527
474
764
361
768
613
541
276
190
551
881
10
523
70
651
608
728
109
422
637
163
607
416
659
269
121
428
851
471
51
395
317
814
487
735
723
690
505
212
114
725
788
432
409
821
551
209
821
491
250
701
708
865
247
25
428
879
537
53
105
625
810
476
319
764
497
120
87
80
780
552
666
45
90
213
597
321
453
425
473
421
807
615
140
527
93
488
463
369
751
89
531
30
55
59
621
682
723
303
876
55
129
268
589
587
440
849
738
574
802
269
158
780
311
259
689
450
99
360
795
680
606
325
265
873
523
226
15
789
732
90
555
287
675
478
383
169
448
385
570
775
607
215
514
1513
857
1265
356
744
60
1135
1066
812
575
1473
1269
819
502
1037
604
1207
370
771
787
1473
1330
914
697
591
1449
807
936
915
1165
711
463
1130
1506
1210
135
1274
645
879
1315
972
1531
1061
1300
446
703
1281
1258
660
973
1574
1199
449
989
1267
1089
1623
1320
1720
938
587
1328
1641
865
408
820
1275
1116
862
688
1628
1217
325
379
529
1039
984
787
467
256
669
1377
1173
660
653
998
1037
1615
1513
300
918
214
872
696
1095
1039
725
578
285
869
922
835
1014
1147
969
1308
466
159
1141
1358
840
1187
1754
1443
1384
1392
393
591
1268
532
587
1571
1057
412
966
1128
1169
649
793
521
1267
828
252
640
1696
833
489
1092
1006
1338
655
1058
677
701
846
811
927
1366
742

28
150
6
19
15
8
19
9
16
13
7
17
11
13
13
7
17
13
11
8
19
19
7
9
12
20
12
11
11
16
13
10
8
15
12
6
19
15
9
20
8
13
7
7
8
13
8
16
19
16
18
19
9
15
5
15
20
15
14
15
6
8
7
9
14
17
11
17
17
13
11
17
8
15
18
14
11
18
18
11
19
10
7
18
10
6
9
6
11
17
10
16
9
12
17
18
13
5
13
12
6
16
20
17
16
9
10
19
19
6
12
17
13
11
10
10
12
12
7
15
13
12
16
15
18
18
14
7
6
13
8
11
14
20
6
8
7
6
13
15
17
12
8
12
20
11
7
9
20
20
11
16
0
503
178
595
317
805
750
823
379
547
2
475
220
165
946
875
475
596
336
216
764
858
339
525
342
39
300
143
308
287
735
898
763
249
786
621
66
258
362
176
37
176
562
408
479
726
265
106
171
615
593
838
93
318
831
246
338
33
383
604
735
787
810
898
454
27
629
181
913
155
740
452
582
439
754
650
285
259
305
457
940
296
842
747
907
136
89
348
591
769
368
686
519
950
129
856
546
649
368
395
695
569
3
871
790
490
500
722
366
628
469
143
761
226
508
6
401
397
946
183
425
703
370
279
223
275
433
545
45
576
93
269
725
648
939
920
536
938
110
887
169
872
76
501
618
547
354
372
202
268
441
845
460
1299
1226
832
850
1029
903
575
21
1168
518
676
1049
1412
1023
955
1151
281
1048
1115
1070
603
609
332
1002
164
896
838
1400
1758
1034
912
1496
852
991
609
381
454
84
699
1261
856
1347
1386
676
481
645
773
1394
1240
280
889
1662
401
495
455
748
1317
1547
1698
1661
1316
594
432
1164
380
1694
656
1286
546
1073
1190
1358
1439
518
292
395
810
1308
886
1698
1036
1257
640
914
609
1295
948
476
1198
647
1652
576
955
1177
1551
993
541
926
1075
939
1084
1146
1078
787
996
1320
1263
564
850
1551
541
996
480
1114
868
1730
676
1307
770
925
899
1038
1095
1157
717
357
587
219
369
1067
802
1030
1215
1500
1127
542
1768
484
1283
198
1230
874
717
675
649
877
887

29
150
11
6
13
18
14
18
18
7
16
19
13
14
8
14
16
5
12
5
15
20
20
9
16
20
12
16
6
9
7
12
20
19
6
5
9
17
7
14
11
5
7
14
15
6
8
17
11
11
9
5
13
16
19
12
9
16
7
19
13
7
19
12
17
8
15
15
16
6
9
14
7
18
8
15
19
18
16
9
15
13
10
6
16
12
14
7
7
19
15
17
17
11
18
7
15
18
5
9
13
12
11
11
5
17
17
11
12
20
13
8
10
9
8
19
7
11
8
12
7
13
13
16
20
6
7
19
14
9
11
5
5
18
18
17
15
15
16
8
9
12
10
9
13
10
5
10
16
8
11
6
0
458
269
444
22
69
349
177
698
868
450
685
233
538
435
281
347
725
166
101
523
271
680
219
596
881
129
497
157
287
661
675
226
656
720
207
207
881
876
602
124
509
397
692
279
447
759
429
57
691
645
867
847
385
469
354
159
476
34
261
212
489
53
109
686
716
306
906
727
414
551
233
61
551
670
642
488
796
633
235
358
187
451
735
708
360
687
90
80
588
28
329
380
25
596
473
785
69
46
629
221
238
397
814
95
632
747
491
309
724
116
674
386
206
502
843
590
803
653
784
188
125
868
500
581
282
186
65
360
351
760
812
103
0
779
563
299
764
826
796
131
204
438
116
678
279
601
179
89
405
871
730
1082
663
392
342
1127
915
1352
961
1114
1520
557
1296
1352
467
844
1321
497
533
1445
1162
1071
276
945
1637
561
815
514
465
1344
1213
460
842
1614
694
896
1491
1782
1365
495
526
1047
892
337
783
1191
698
463
1019
935
1216
1636
1073
1052
394
811
781
273
841
297
581
204
697
1383
1210
1140
951
900
804
632
827
850
978
1382
967
683
832
813
789
1102
431
1264
1485
748
1073
982
904
710
906
288
1142
1182
747
629
1344
1527
417
600
865
821
1131
565
1147
925
814
1535
1131
1042
778
872
1016
538
270
741
1233
1411
1085
683
941
878
786
1102
689
1176
1015
225
674
458
1272
1251
1706
912
353
1101
597
875
899
1240
857
716
452
507
815
963
802
789
397
591
592

30
150
10
11
15
12
11
7
7
9
18
19
13
17
16
11
10
10
15
14
11
11
13
15
9
8
15
17
10
17
19
16
18
5
18
20
12
15
13
13
16
6
10
15
11
11
15
10
11
9
9
20
20
7
16
8
7
19
10
12
14
18
10
15
14
20
9
9
12
17
19
18
17
15
8
19
8
13
12
15
6
7
10
18
8
18
5
15
11
11
19
15
16
7
14
12
7
19
8
11
8
8
12
16
10
9
8
12
15
5
16
19
9
16
5
5
11
6
5
12
18
19
9
7
16
6
16
15
17
10
11
14
15
13
11
11
7
14
9
19
18
19
12
5
14
9
14
19
6
11
18
12
0
256
786
193
517
703
182
55
361
514
426
581
735
835
517
755
263
726
130
172
96
227
420
474
181
389
752
260
84
900
759
289
898
154
733
559
467
261
356
467
101
206
46
535
915
361
232
925
410
624
21
876
390
317
899
866
121
939
1
354
882
163
248
412
530
736
222
351
445
97
495
479
674
375
585
79
931
798
655
880
189
901
13
392
323
88
895
436
867
286
157
191
704
69
898
20
343
164
287
466
826
261
682
78
475
431
292
937
548
265
139
143
324
559
507
571
225
664
95
362
64
87
249
98
683
279
195
298
782
164
701
885
16
127
205
690
162
516
856
160
384
906
11
621
40
279
642
469
340
611
222
705
1242
1055
1390
1144
1110
783
859
638
1232
968
1659
1526
622
1039
661
1220
915
748
929
713
457
910
998
417
1586
811
277
1029
1599
936
1203
193
1155
633
859
919
865
1113
587
908
701
758
964
1205
476
1542
1218
1578
954
1194
691
1187
1768
1451
498
1231
802
1023
1309
678
1059
1224
986
1586
875
1003
1084
321
778
988
1616
417
638
887
1585
1289
1113
1243
440
1192
522
629
1240
455
1322
941
1359
427
470
889
1198
856
1149
460
375
611
603
1063
1098
782
771
149
1355
800
337
1139
832
931
834
1050
798
606
1302
1128
501
1489
950
976
283
726
374
615
788
405
1145
403
1173
776
1566
1445
502
272
834
1032
566
1202
1005
232
1225
1449
805
718
621
703
1216
899
677
1006

