1
15
18
5
6
15
14
17
20
14
14
16
14
16
11
19
8
0
31
21
1
6
1
95
23
97
12
38
48
55
12
84
61
123
53
43
47
57
166
122
126
101
107
143
137
48
114

2
15
11
18
9
6
14
13
13
11
14
16
8
11
15
8
20
0
17
73
59
90
45
55
15
34
49
72
37
30
87
13
43
105
112
156
127
88
102
32
48
158
123
108
137
179
125

3
15
19
7
8
9
9
18
10
19
19
16
7
14
6
18
6
0
34
19
41
41
84
69
12
19
80
75
87
87
28
4
34
121
105
69
53
192
156
111
87
178
110
160
110
84
11

4
15
8
15
7
10
17
17
19
8
8
10
17
7
10
8
9
0
34
52
7
73
80
0
71
72
78
83
68
41
7
30
81
77
97
42
114
173
35
156
122
119
172
131
76
20
99

5
15
11
14
11
14
19
8
15
7
5
15
16
18
16
11
6
0
67
90
26
59
92
35
14
59
26
92
62
48
90
12
23
165
190
44
110
132
76
56
132
50
117
103
128
114
59

6
15
6
18
14
14
15
6
13
7
8
8
15
17
14
15
14
0
91
43
53
30
17
60
58
58
7
11
38
5
53
90
44
117
132
133
55
31
157
156
78
96
97
79
23
110
178

7
15
17
19
12
17
9
6
10
14
17
18
9
6
6
15
11
0
9
72
33
12
55
18
0
52
83
60
35
88
22
87
108
59
119
107
35
99
93
100
128
190
100
76
149
119
177

8
15
19
15
7
7
12
9
10
16
17
18
6
14
15
19
14
0
22
32
93
78
41
63
12
27
37
62
5
30
41
59
73
92
67
122
108
61
78
46
139
93
131
70
128
129
167

9
15
11
8
7
18
9
12
9
16
14
17
12
19
10
15
12
0
71
86
55
89
67
21
55
36
15
33
51
34
12
27
64
134
177
110
142
132
94
119
137
57
54
122
68
106
117

10
15
16
13
13
8
6
16
8
18
20
19
19
14
14
7
20
0
41
73
44
94
21
62
48
30
65
46
12
38
13
88
100
149
89
96
132
120
119
68
66
89
154
60
55
114
163

11
15
20
8
11
6
7
11
17
13
7
18
9
20
9
14
6
0
31
3
75
54
73
57
34
29
22
14
20
64
21
78
39
62
92
141
69
124
82
122
59
81
74
79
130
122
135

12
15
7
15
6
9
6
20
12
19
13
16
11
6
6
11
20
0
87
6
49
16
54
23
49
33
0
69
25
20
68
26
82
149
57
115
36
154
52
73
128
65
126
107
33
109
81

13
15
13
11
7
12
6
16
17
13
13
11
19
14
15
12
10
0
50
61
69
40
34
47
55
27
40
48
55
38
9
34
78
95
126
153
135
142
97
144
52
79
94
118
106
69
49

14
15
6
11
6
8
17
15
17
6
5
7
18
7
7
20
7
0
46
33
43
64
77
15
3
71
71
5
58
69
47
55
22
132
45
72
119
151
109
37
86
93
26
91
127
101
89

15
15
19
11
10
10
9
9
6
15
13
17
17
15
10
9
17
0
89
63
57
64
68
37
59
77
3
13
86
81
3
36
79
165
83
90
80
98
58
151
106
66
102
167
138
20
111

16
15
5
19
9
17
11
8
14
11
10
12
15
11
9
18
12
0
21
76
25
41
27
56
57
45
14
85
17
47
27
6
57
105
98
49
131
95
111
72
105
44
104
90
77
106
106

17
15
8
19
8
8
8
10
13
15
19
15
10
19
7
19
14
0
11
14
59
18
5
44
60
28
19
17
45
44
83
92
94
64
86
120
53
93
59
142
75
103
28
87
61
156
144

18
15
16
14
8
6
16
10
13
13
17
13
13
8
13
17
18
0
54
34
3
20
22
37
30
62
1
40
28
95
85
8
100
109
42
90
51
115
129
46
148
34
69
87
155
171
72

19
15
8
15
14
8
18
18
16
9
19
12
12
5
7
6
8
0
67
8
8
66
43
32
15
8
2
33
63
34
87
75
21
110
24
59
109
67
72
46
53
58
84
127
68
144
102

20
15
13
7
9
7
9
6
19
6
20
18
12
8
12
14
15
0
38
69
68
72
63
6
0
46
61
12
79
11
15
44
77
127
102
151
123
88
50
84
95
145
54
99
31
87
124

21
15
9
16
7
10
6
9
15
10
17
10
14
16
17
18
8
0
77
45
59
84
18
40
86
5
44
45
38
67
28
8
48
115
56
157
148
76
131
125
42
92
111
136
87
82
30

22
15
12
6
11
16
5
7
12
11
7
18
17
18
18
7
17
0
34
76
5
82
28
15
91
3
61
76
79
55
2
75
94
104
88
108
177
69
36
170
56
82
166
157
107
54
131

23
15
8
10
10
10
8
17
10
16
14
15
11
18
16
6
17
0
16
31
89
70
80
93
81
82
92
60
12
60
53
55
20
51
58
177
94
142
146
162
114
133
96
69
129
135
145

24
15
19
11
15
11
12
10
9
14
6
13
15
11
19
14
17
0
37
16
52
26
95
43
85
70
35
77
39
49
95
94
111
64
70
72
44
179
63
144
113
112
148
86
107
152
140

25
15
6
15
14
9
12
14
14
13
20
17
7
6
13
8
17
0
63
79
5
69
85
66
83
77
42
92
51
62
49
92
70
87
136
94
92
157
150
132
98
107
155
119
125
81
200

26
15
19
7
19
8
6
11
11
5
5
11
14
13
19
12
16
0
53
66
18
39
56
38
10
1
60
46
11
19
63
4
87
88
86
81
68
144
59
80
51
123
126
25
109
138
61

27
15
11
19
15
10
8
11
10
12
6
17
11
10
10
19
19
0
33
84
36
90
37
13
40
41
11
42
25
16
59
52
94
55
109
122
177
136
90
124
76
97
94
77
74
168
102

28
15
19
6
20
19
9
10
10
17
16
6
13
15
19
13
14
0
53
20
14
34
36
98
36
57
9
60
84
53
5
49
101
105
127
70
136
116
178
114
163
38
99
144
94
35
75

29
15
8
12
18
16
10
15
12
19
17
15
19
8
14
9
15
0
66
33
32
11
37
41
36
38
92
47
30
90
28
11
80
107
136
117
41
109
150
62
92
130
114
98
128
58
54

30
15
13
17
8
12
12
18
16
16
13
6
11
14
17
6
6
0
66
32
85
83
92
83
21
58
25
36
55
54
53
86
67
159
118
176
111
117
162
101
112
84
78
82
95
82
176

