1
200
19
13
7
7
14
8
12
8
18
12
10
15
13
5
12
17
9
11
10
14
6
18
10
12
15
17
11
15
15
19
18
10
17
8
12
10
6
8
12
7
13
9
11
6
6
14
16
8
13
8
16
15
7
10
11
6
10
15
11
11
8
11
16
16
13
15
17
10
12
15
5
20
16
18
8
10
16
8
17
9
7
11
18
10
6
11
12
14
19
14
8
9
15
10
12
15
18
7
6
9
15
9
13
18
6
18
13
12
10
14
17
19
17
9
9
6
5
7
14
18
11
16
12
7
15
11
15
19
12
17
13
16
19
12
20
7
6
20
8
9
7
8
14
5
7
11
17
16
12
9
15
13
16
13
8
10
7
5
10
12
17
11
12
19
20
12
20
19
7
10
9
17
17
9
14
11
14
11
10
17
10
12
8
13
16
15
13
19
12
9
10
8
12
17
13
13
18
7
18
16
0
609
272
1011
1171
520
1120
1025
196
750
480
1145
365
1016
92
234
806
226
262
780
400
492
226
1206
151
782
207
284
1139
150
442
809
1000
487
445
325
1075
547
1145
182
212
595
900
1114
848
865
274
677
899
910
474
1182
771
184
515
571
230
831
58
601
975
742
757
1120
681
1154
792
73
474
926
1162
1131
594
516
31
778
58
72
1052
865
830
1181
942
90
445
342
611
596
544
889
200
318
579
790
302
1142
457
177
337
1043
986
781
428
277
168
657
199
818
1157
491
850
930
511
387
249
840
755
949
861
541
1165
1043
679
824
985
1171
429
795
871
1138
898
538
1206
960
381
962
254
1046
398
883
603
795
276
583
1115
215
997
828
7
39
121
473
978
39
662
25
204
808
1000
806
53
149
962
955
380
356
969
1200
982
374
1192
813
408
157
895
338
178
1010
7
98
837
1045
654
34
135
184
885
922
573
348
381
252
1072
563
584
1203
853
814
644
1038
89
1511
1316
1658
1970
1225
1456
1323
391
1311
1061
1265
779
1565
883
1147
864
1458
1475
1370
584
1445
583
1461
1076
1512
384
685
1876
1166
502
918
1194
1546
1646
920
1227
688
1978
299
1401
779
1111
1169
1040
1393
1288
1323
1858
1242
1082
2343
988
729
1706
818
502
890
523
862
2170
822
1531
1175
1017
1599
1602
1148
492
1297
1859
1426
1436
1647
463
1334
1177
1058
1389
963
1478
1876
1781
178
507
416
1065
1121
1650
1241
296
606
1013
942
752
2022
1266
1114
910
1285
1079
868
871
1136
666
1472
881
2006
2204
514
2027
1834
1189
867
587
1983
1741
1887
1205
1458
1658
1869
1193
983
1919
1329
584
1752
1561
1822
1259
667
1952
1933
661
1185
614
1289
1109
1380
1586
1879
1055
1150
1245
418
1365
1771
19
195
457
1312
1476
612
1696
997
1147
1554
1664
1465
415
249
1290
1441
920
630
1126
1283
1617
657
1841
1726
532
962
1924
1487
823
1263
30
1260
1753
1177
1511
570
861
1223
1006
1259
1181
984
440
1448
1275
1339
1593
1241
1994
1459
1637
1456

2
200
9
11
16
6
14
20
18
12
7
16
5
5
15
6
15
17
15
18
8
16
13
8
18
16
13
10
15
7
19
9
17
15
17
9
19
16
15
18
18
19
10
18
7
15
18
17
8
11
12
13
11
14
7
11
19
6
17
11
17
20
20
12
11
11
12
8
6
7
10
18
15
6
12
16
13
16
7
12
18
9
15
17
10
11
19
9
6
19
11
15
12
5
19
12
16
13
11
14
8
18
20
16
19
6
5
7
14
10
14
16
9
8
7
10
18
16
7
11
17
20
16
8
9
17
10
7
14
15
6
15
5
16
15
17
7
18
12
6
5
12
6
12
13
17
16
19
6
12
13
17
12
11
9
15
5
7
7
13
16
7
16
14
8
14
17
16
12
6
8
8
17
14
16
7
17
6
10
8
11
15
11
16
7
7
14
17
17
18
18
11
13
18
19
12
17
12
13
14
19
19
0
1177
271
209
150
719
780
1088
1036
1083
745
739
387
753
119
998
969
329
308
107
37
930
861
266
557
1221
258
316
871
594
1182
472
373
97
871
859
893
1006
30
402
626
272
732
735
1026
554
34
48
607
974
678
618
1140
311
1028
952
208
421
901
101
693
835
726
346
961
352
113
184
167
402
24
719
233
514
608
836
757
1043
177
458
223
958
109
1255
1034
728
778
1191
1204
671
961
293
766
988
1071
15
652
188
1032
857
450
700
797
978
812
540
673
463
359
203
552
1258
503
1093
301
1051
388
490
405
420
459
89
41
1131
697
12
572
917
548
438
177
819
603
548
355
1114
329
399
1106
671
808
510
409
1198
419
959
290
673
69
1131
719
343
816
649
171
663
289
85
647
390
39
700
342
913
955
545
1042
782
137
176
693
324
736
28
787
25
1053
174
265
1144
1145
1041
503
1113
860
548
713
1118
817
244
683
585
625
612
384
1071
764
693
623
635
1157
2457
936
1406
408
780
1495
2123
1547
2040
1047
769
1464
1319
463
1075
996
916
1228
1382
1260
1141
1466
1113
1392
2357
586
627
1648
997
2403
1529
408
131
1684
1184
1815
2261
988
1257
888
705
1075
1080
1057
1275
55
658
1695
1248
1856
845
1744
673
1829
1136
1480
1119
939
655
1306
1853
1050
1182
1577
830
950
353
856
1581
327
1646
310
1409
834
1190
1699
1674
1356
1241
287
1461
603
1272
1902
1218
1719
2424
2053
1012
1526
515
907
1737
2175
1100
1895
504
1382
1923
729
1295
1392
2164
1364
1383
1600
1703
969
347
1367
2164
644
1974
613
1545
615
1562
1653
1600
1067
1211
336
1863
1378
1043
1406
979
1619
1532
246
1912
1162
1502
700
2373
935
511
1867
1412
1874
1525
737
2220
708
2064
934
1240
1060
1839
1828
1130
1928
1006
203
1871
1513
253
1798
1224
157
1294
963
2189
1058
1095
2224
1239
1352
1275
1198
1070
1519
634
1104
881
1308
1021
440
1951
1658
2250
989
1661
2117
998
1193
2343
1774
1173
1052
1721
1091
1066
1614
1510
957
1601
736
1080

3
200
10
18
14
16
16
14
12
19
13
19
19
15
7
20
18
13
14
5
15
12
11
10
19
16
19
18
16
9
17
10
17
19
15
7
14
7
9
8
9
19
10
11
16
13
9
7
7
17
6
9
11
16
13
8
9
18
18
9
7
10
12
13
13
6
17
14
15
6
12
15
10
18
12
6
7
13
8
13
10
6
13
7
15
9
6
6
8
19
16
6
7
13
12
6
9
9
6
9
7
8
16
8
16
14
9
16
15
8
12
14
5
17
17
14
15
15
19
10
7
9
17
14
17
7
14
10
7
20
13
8
20
11
14
10
6
19
20
11
18
11
17
12
8
8
7
15
14
7
9
16
16
18
20
9
6
12
14
8
19
10
19
12
10
18
18
7
7
9
9
20
6
9
6
16
9
11
15
13
9
18
10
16
6
16
19
15
16
11
11
19
15
10
16
7
5
6
10
9
10
20
0
744
537
740
252
458
766
82
343
158
358
802
709
730
264
884
574
1032
194
670
1115
137
654
1193
793
1050
518
1178
816
9
1065
430
53
47
1025
731
1072
1007
930
926
499
1009
82
645
86
832
750
749
640
802
468
204
476
57
534
809
1050
64
536
1071
932
139
869
451
405
378
260
204
312
965
442
1176
259
977
71
711
651
403
1096
95
164
1124
1069
154
515
745
751
89
296
810
487
496
778
1197
1220
1115
562
988
801
388
733
950
215
858
1086
893
592
509
495
568
690
1065
388
1039
280
1079
1098
458
701
1147
1084
843
655
133
1073
107
605
1135
1019
705
332
1166
532
540
586
494
490
1168
719
664
508
188
800
166
1056
389
100
963
1206
100
435
460
793
974
137
549
424
123
616
945
770
389
260
1082
705
738
89
1105
624
563
796
456
700
770
890
537
417
1054
114
134
168
767
655
1139
210
367
520
967
240
1007
1044
255
1001
480
803
1018
139
279
366
530
924
1860
1752
1035
464
806
1854
1009
490
982
1548
847
827
814
539
1555
1674
1256
1185
1178
2175
407
1777
1706
982
2063
1521
1701
1353
565
1108
1236
590
745
2166
1151
2005
1785
1839
1453
884
1697
577
1405
1150
1538
779
1438
1866
889
1195
804
528
547
1207
1978
1221
374
1651
1305
1142
813
1671
1169
1216
911
1306
1229
569
1461
1008
1485
1309
1037
270
1764
1565
1076
1258
980
773
1426
1301
272
1404
1537
1002
1072
411
842
764
1192
1114
2367
1345
1990
921
1108
988
1314
1526
1471
1119
1355
1619
1262
653
1291
882
1164
969
1330
562
1855
1514
1384
1349
941
1720
1567
1218
1007
743
1227
2252
447
1639
2237
1040
1740
687
1222
1118
1429
1531
1093
1161
1293
1784
1603
1041
267
1476
876
1642
1512
708
1972
2437
382
1563
945
862
1212
1064
1076
1315
441
1695
1417
1090
1126
1112
1771
1205
1302
499
1693
1144
1721
1356
1602
977
918
1937
1528
1473
1366
283
930
1374
1861
1225
1303
923
1007
1347
1366
672
2019
1918
1330
1293
1634
1891
1069
627
1456
1232
1523

4
200
7
19
16
16
7
14
11
9
11
14
12
11
9
9
6
7
7
6
8
15
18
5
11
12
19
7
11
8
16
15
15
9
12
17
13
16
18
16
6
16
19
13
20
16
8
12
16
13
18
11
16
10
16
6
13
14
8
5
17
13
19
10
15
6
6
7
18
10
10
16
8
12
8
8
9
7
13
14
6
14
18
17
17
10
11
10
9
8
13
8
14
13
17
14
11
17
10
18
16
18
19
7
15
19
15
14
5
6
7
8
10
9
18
9
18
11
19
11
8
13
10
18
13
15
12
12
12
14
11
17
6
13
7
12
17
9
12
8
16
18
10
14
6
15
11
9
12
7
11
19
14
10
15
19
8
7
9
6
15
16
8
11
19
12
16
13
15
17
17
9
8
17
15
15
14
13
18
6
6
9
10
16
6
17
13
17
9
8
19
15
13
8
13
14
11
17
18
9
16
11
0
349
654
54
1157
1054
118
659
1024
389
756
419
217
623
1038
1049
352
663
966
650
1107
439
804
124
229
1003
308
716
472
1168
952
1182
342
735
711
34
474
31
1168
273
75
862
468
1075
431
1083
528
986
1024
229
788
793
329
976
739
1019
402
486
792
711
176
776
284
1108
36
98
680
1121
116
666
443
541
78
843
731
381
92
980
979
229
907
898
1078
524
272
908
297
993
855
415
1020
693
1018
1067
72
774
876
1082
336
594
1153
59
789
636
122
906
135
405
703
1045
506
1045
914
246
786
841
714
1205
570
780
927
610
606
901
127
1097
995
925
942
1128
265
704
838
589
309
385
1031
119
548
788
1186
1122
1114
186
1222
513
900
315
84
722
376
535
460
623
1205
376
683
267
220
491
44
1106
629
42
10
48
1001
272
430
983
946
1208
345
170
71
1231
45
1201
755
22
396
1123
1192
1069
1030
968
347
668
816
793
46
295
964
386
1166
936
626
276
122
202
153
1160
1784
218
1735
2263
1131
1677
2064
713
1260
1505
1308
1353
2031
1205
1372
1324
1047
1559
2134
746
1308
712
1063
1540
1508
1542
1314
2174
1021
1926
393
1027
1140
1116
930
195
1499
997
1018
1379
1551
2020
664
1738
934
2128
1563
1135
1571
1019
741
1454
1295
2034
1323
860
1631
1587
1298
1815
1206
1734
513
1227
954
1186
997
1411
1270
1490
765
1327
1271
1162
832
2124
1208
862
1091
1074
2249
829
743
1776
910
1657
1477
1351
2032
1753
1633
1882
597
1286
1957
2152
733
1261
1386
884
1323
1148
647
2037
371
1018
1147
1354
784
1871
1992
604
1574
1220
835
1344
620
1308
1924
1123
1609
1069
945
2177
1611
1359
1690
2361
386
968
1238
1707
450
454
2179
706
1641
1270
1989
1459
1618
1078
2352
1152
2106
1264
673
1742
1273
1519
1639
1431
2098
1085
1330
745
865
1615
151
1145
1471
59
781
228
1537
1269
523
1440
2046
1643
1008
196
1164
1852
1287
2340
1873
126
961
1510
1611
1705
1805
1777
698
996
957
1273
296
532
1267
966
2159
2047
1171
907
464
529

5
200
8
15
9
12
20
17
19
11
9
11
5
16
18
10
18
19
19
11
18
10
10
10
11
18
11
14
18
18
6
11
15
14
8
8
16
18
18
9
20
9
7
14
13
8
11
19
10
5
10
13
13
18
6
19
8
6
9
11
6
18
15
13
17
12
9
14
15
16
6
8
15
15
16
20
12
5
17
13
7
8
17
16
19
5
20
9
15
13
5
18
20
6
10
18
5
6
19
9
6
9
7
18
17
12
8
17
8
16
13
14
14
11
15
7
12
6
17
13
9
12
7
12
6
12
7
14
18
8
9
11
15
14
16
16
8
7
12
20
7
6
5
6
11
8
14
19
6
8
6
12
11
14
15
15
11
9
19
10
19
7
16
5
16
6
11
11
19
17
13
11
20
13
15
8
7
14
16
19
12
16
8
18
17
10
18
15
15
12
12
17
6
14
7
17
9
18
13
19
10
5
0
17
791
472
964
994
388
1034
242
711
1044
1203
1071
752
1021
237
597
727
452
239
504
747
256
268
32
820
395
1098
454
603
773
826
1047
1105
1236
588
701
625
273
576
94
165
17
667
1219
673
1036
724
419
1147
716
7
234
1063
1033
679
276
17
1095
1197
1098
519
72
693
1120
648
786
137
732
1095
1139
316
1087
904
846
1000
538
237
736
109
1024
596
998
966
104
984
452
403
752
283
732
535
993
612
91
843
450
850
577
979
756
1145
873
703
948
142
1035
78
747
793
108
1212
456
292
438
1041
449
1052
913
1225
135
946
395
1117
639
931
994
1096
1133
701
237
824
508
640
191
1138
539
558
298
310
1127
1091
732
850
1139
712
388
210
402
455
207
164
238
594
900
799
575
169
814
224
960
930
359
678
1000
569
159
1217
143
375
556
1201
996
1006
815
992
1195
362
686
506
379
741
194
634
1052
804
316
731
140
622
411
912
862
295
28
1120
806
564
948
731
710
832
1780
1072
1936
1305
558
1124
896
1450
1949
2273
1918
1627
1638
295
1364
1911
625
647
1702
1506
1262
1367
1234
1367
948
2179
1476
754
1390
1741
1150
2175
1722
1449
1109
1713
419
1056
269
261
358
1231
2235
1598
1308
1671
1064
1724
1154
124
898
1217
1447
770
761
196
1523
1448
1395
1710
1321
1372
1710
1557
935
343
1964
1508
2386
1328
2206
1842
1333
2008
751
1074
1589
1252
1243
1434
1872
1916
606
1720
1017
1607
1141
1008
1192
953
2016
1110
433
1246
587
1397
1392
1137
1217
1326
1482
1396
1444
194
1138
338
970
1272
769
2310
1306
876
1359
2189
619
1702
2127
1657
903
1398
1466
1601
1340
1880
1738
1762
2183
1443
833
1409
588
1542
835
2366
1528
1514
456
974
1546
1895
1529
1076
2013
933
1410
1167
851
805
234
365
1126
1251
938
911
1168
531
1429
1198
1122
1175
1360
1568
1860
1089
601
2024
1082
571
671
1696
1224
1210
1077
1631
1712
955
793
722
1309
950
1386
1265
1715
1429
1312
1788
849
786
1389
1962
1956
1125
841
1226
1977
1157
1560
968

6
200
12
18
9
5
9
13
16
16
13
12
11
14
20
10
12
15
13
7
18
16
19
10
14
14
14
17
17
11
13
5
16
12
16
19
18
9
7
8
18
17
9
16
13
10
16
20
12
5
16
15
18
12
15
17
10
8
9
17
19
7
7
7
8
12
16
16
15
16
11
15
17
18
12
7
18
7
17
5
7
7
15
16
19
10
18
12
15
18
12
11
9
13
13
17
9
11
9
9
12
13
17
7
15
10
10
6
16
13
20
11
7
17
11
11
9
13
16
6
12
19
9
13
6
11
14
17
13
12
16
15
16
15
18
19
8
15
18
8
7
15
5
19
6
18
13
7
14
14
12
8
6
5
8
15
8
7
5
20
19
8
20
15
14
12
12
7
8
11
9
16
17
9
17
11
8
11
7
18
15
19
9
14
19
17
12
14
10
19
17
5
15
8
10
10
7
9
8
16
18
10
0
594
199
627
1115
240
440
873
673
1190
996
1124
720
458
799
1164
159
885
904
67
749
895
613
393
350
1025
171
269
1046
1192
901
716
599
1222
619
615
753
98
467
361
845
127
787
512
132
113
915
41
35
158
720
706
645
920
1094
694
391
1002
1217
459
779
552
1162
113
1105
870
89
1210
230
512
1133
1098
389
429
575
278
1098
943
215
827
856
574
326
1160
1021
1003
715
587
517
365
140
1226
993
671
117
516
1003
162
848
1073
85
178
358
805
147
1148
986
120
1049
861
218
540
513
1199
318
1215
303
1119
1125
495
1035
1030
350
235
167
113
1123
1016
810
394
589
1119
425
355
993
81
1157
748
635
723
774
348
1063
346
884
502
545
382
277
23
64
1196
1188
531
719
1192
135
11
1101
1060
1239
1002
49
718
923
1079
720
1148
867
886
1174
1232
623
1186
243
499
255
153
103
423
1029
296
206
34
417
864
628
1208
1032
272
644
449
673
835
476
229
815
1162
891
263
721
717
1188
1148
1642
398
642
1236
1584
2433
2136
1433
1687
1238
1130
2205
1058
1796
2161
991
800
1748
851
1010
585
1715
1294
1280
1229
1915
1130
1084
1667
1384
845
1582
1966
457
1163
1235
1085
573
2021
1728
663
450
1241
1010
1217
372
1172
1362
855
1386
1303
1474
1589
1725
1660
776
1932
1727
2236
1049
2319
1770
890
2100
714
1706
1267
1939
1322
606
1608
583
2157
1323
1470
1617
897
823
745
1657
1392
1392
1535
1165
556
907
1369
1455
1422
865
783
1082
1659
524
964
1917
828
963
950
1474
936
2169
1401
886
1946
2029
493
1070
748
1840
374
1463
487
1820
2035
1703
2005
1458
832
1482
713
636
2263
1745
1184
1451
1725
2253
590
1504
1225
1230
1517
1166
1678
1161
1242
757
1789
901
1820
935
620
1068
420
275
548
1649
2032
581
1474
2282
1230
1195
1830
1777
1485
2072
1047
1218
1208
1550
1620
2005
1218
1164
1239
1916
1711
2090
1030
842
482
759
495
1482
1339
741
915
322
912
1878
680
2212
2295
1477
708
642
1025
1279
1638
1441
1767
2018
1419
283

7
200
10
12
7
6
17
11
17
17
7
8
7
9
9
7
5
10
16
11
13
12
17
16
16
10
17
19
18
7
9
12
13
10
11
16
13
13
13
14
13
7
12
10
10
16
12
17
13
17
15
9
10
13
19
15
20
11
7
15
13
10
18
11
9
12
12
6
10
11
6
16
6
16
7
8
6
7
19
12
16
20
11
8
6
9
15
5
20
19
17
7
11
15
13
9
15
10
17
7
16
19
19
6
13
10
8
17
19
17
9
11
6
14
7
14
17
15
19
8
18
16
13
14
7
6
14
17
17
9
16
6
14
20
13
6
6
18
20
12
17
8
18
18
6
12
9
11
5
16
12
13
16
6
7
15
20
8
11
16
12
18
16
13
5
11
16
7
14
15
19
8
8
11
15
8
5
18
12
6
13
7
12
14
12
7
16
14
13
13
14
20
12
19
13
17
14
16
8
15
7
9
0
697
590
1036
200
423
892
236
431
635
742
764
212
1068
881
1155
1031
400
176
944
431
887
414
649
847
1162
840
388
329
130
252
549
567
843
353
1160
288
192
974
922
774
308
648
1203
228
288
567
1113
37
431
686
95
873
1099
821
329
580
1178
467
647
213
521
288
240
496
212
239
130
25
84
985
916
964
942
1101
830
179
1019
426
31
8
315
821
355
513
1092
1108
240
20
876
924
25
396
866
375
31
597
110
344
433
914
852
217
179
190
337
356
250
1035
661
1151
1089
372
835
1007
753
99
167
1203
904
383
627
172
1232
476
207
1224
571
473
802
187
113
476
350
471
1031
459
197
1032
568
1022
1134
999
1167
907
499
1092
821
109
912
1074
252
761
993
543
60
1018
871
1113
1155
75
271
1180
190
908
950
1118
727
419
1181
222
922
570
223
739
739
500
476
343
592
748
542
726
1050
593
257
77
225
1079
1049
830
963
938
403
446
950
426
894
329
118
310
1141
1219
1990
1289
669
2089
414
1299
1539
1905
1376
938
1868
1091
2161
1948
1017
1368
1953
1130
1883
1632
951
2099
1986
1569
1100
1023
610
286
1735
1260
1091
1008
1960
1483
786
1683
1842
1124
1162
1062
1877
1159
811
1412
1281
635
1149
1428
1022
1708
1592
1465
906
1310
1234
890
1405
830
1304
1214
1061
526
803
831
1223
547
339
1163
1579
1068
1784
1668
1896
945
1597
697
980
141
988
2047
615
1493
1267
2364
873
783
1459
2047
436
456
882
456
797
1432
567
522
956
1828
1104
763
799
617
692
1424
409
1609
870
2265
1787
726
1617
1862
1790
456
432
1492
1308
915
765
271
1947
1598
1120
1982
748
1483
1024
1200
835
647
1562
744
1745
1172
466
1759
1028
1502
1827
2123
1541
2116
775
2008
1635
472
1438
2276
1220
1611
1309
795
840
1675
1675
1194
1726
136
749
1602
317
1745
1784
1508
1425
1096
1637
510
1023
845
604
1268
1552
1008
1556
1303
724
1671
845
792
1875
1002
713
212
416
1296
1389
1004
1809
1238
1157
568
1126
617
1013
1000
360

8
200
10
17
19
7
14
17
15
8
6
9
19
6
10
17
10
15
13
6
8
8
18
16
13
18
13
14
19
8
8
15
17
7
9
15
10
16
19
19
19
11
17
10
17
16
14
18
16
10
18
7
11
9
11
19
7
18
11
11
11
10
7
14
19
18
6
10
15
15
12
12
12
15
15
5
15
17
16
19
6
7
20
13
8
9
10
10
14
15
13
20
10
18
7
13
20
18
13
10
14
20
8
16
13
10
6
13
9
10
17
6
12
14
6
9
13
12
7
6
18
18
20
15
9
12
8
20
17
12
19
10
11
8
17
13
14
13
13
8
16
17
16
6
16
18
10
15
19
14
18
19
16
9
19
18
9
12
5
5
12
19
15
8
18
7
17
15
20
11
6
12
5
7
20
9
19
10
12
6
12
15
12
10
8
10
5
7
17
10
6
10
5
12
14
17
9
8
15
10
7
19
0
1084
73
438
685
80
1028
250
1157
458
103
853
379
931
542
48
725
97
173
56
176
833
546
536
144
915
385
638
88
468
642
494
173
477
896
747
940
136
472
643
962
238
496
887
457
95
1227
393
435
257
1052
732
276
1063
340
1064
1062
412
64
1169
1080
1074
924
418
959
503
494
173
1060
96
445
1265
977
514
1106
224
235
1007
473
1244
1184
1035
275
701
496
590
741
478
675
39
584
554
111
964
346
539
700
1221
274
1140
416
894
994
1023
991
959
698
350
637
1205
912
92
675
768
619
828
1099
210
945
238
1248
913
177
615
898
707
54
270
209
513
577
414
162
654
464
132
681
334
770
890
570
486
938
807
295
682
1253
114
327
442
979
580
1130
707
1072
46
71
593
759
330
177
415
673
501
700
1023
565
112
866
292
483
876
723
903
1043
957
43
1092
281
767
739
261
435
509
1082
1251
630
750
1108
638
201
212
1181
789
30
779
410
836
37
1257
994
1407
555
457
1729
526
1061
947
2232
604
1192
1461
731
1844
1556
402
1220
1034
390
298
597
1425
1312
1266
1297
1513
1251
677
819
1669
1645
599
533
700
1174
1974
1637
720
511
841
1580
361
1365
1544
661
883
1382
827
1574
1286
1163
1221
1485
2218
901
1217
1466
797
531
1428
2139
1445
960
1248
1666
698
1429
643
1701
1373
690
2223
1809
1656
1979
283
836
1585
1674
2406
2077
1672
1073
1051
1421
832
1860
1120
1112
1147
779
869
172
1129
1263
564
1826
2011
1394
1894
1523
1849
1683
1720
2240
2122
1954
1534
1731
1874
1677
538
704
1235
1062
1450
1129
787
1902
825
1334
1139
481
1604
1612
1560
696
952
776
882
1565
1068
459
921
1408
1133
711
1324
1899
1649
1050
1698
984
2084
312
1031
2445
347
1120
1242
1682
1508
1716
1377
2325
1290
237
1716
1604
1108
574
601
1572
1234
1399
1906
727
1046
1101
856
1500
2075
1334
1676
2134
1313
931
1519
590
823
1621
752
989
658
1606
1867
1800
1437
2270
1362
388
1029
1801
1390
139
1702
687
1205
869
2151

9
200
17
7
10
12
5
7
10
14
5
20
9
9
18
8
8
11
16
19
15
15
12
9
13
6
18
17
13
12
5
18
20
20
8
9
9
7
9
20
11
12
18
19
8
15
6
11
11
13
7
20
7
8
17
9
7
12
9
20
16
16
8
6
11
5
12
17
12
12
19
11
15
11
19
6
11
12
16
19
5
9
8
6
9
10
9
16
17
8
11
7
15
8
9
11
19
7
15
14
5
13
6
10
10
17
19
16
9
13
15
16
19
13
12
19
9
19
15
13
7
19
17
15
10
18
10
19
5
17
17
7
7
19
8
15
10
11
11
12
12
7
7
9
13
10
10
12
10
10
7
11
10
7
7
8
19
10
17
17
6
12
16
20
8
16
7
17
8
15
18
6
17
8
16
6
19
15
8
5
19
11
10
16
10
13
16
17
18
17
12
15
20
14
8
6
16
15
9
9
7
9
0
790
743
214
219
546
193
1071
544
248
128
918
788
295
893
771
859
1216
748
847
1131
633
252
328
876
1154
647
533
1058
325
81
1210
1021
103
621
919
1131
905
718
947
920
649
669
624
1123
341
594
504
377
138
245
57
1071
821
820
264
497
676
1094
199
48
293
190
405
100
428
512
941
1159
555
74
834
800
280
565
175
893
314
941
658
72
302
438
942
503
1148
260
852
285
630
1091
1102
526
871
268
380
860
674
349
786
305
1012
99
388
303
301
293
882
110
486
210
632
832
557
215
1062
968
946
883
321
988
295
676
1002
1002
752
889
933
561
851
407
1151
432
638
1149
62
804
541
666
603
647
406
55
623
1154
857
23
600
1004
37
1089
134
957
51
228
282
633
342
1144
230
149
854
85
489
401
719
881
1110
68
716
412
1030
159
117
654
410
787
1040
648
1147
1012
1174
226
117
1018
164
468
731
437
537
1075
880
610
465
343
1093
936
606
334
717
777
1222
1784
625
818
709
900
1656
1283
1099
924
1759
1626
607
1925
1677
1688
2022
789
1542
2004
939
723
546
1427
1739
709
1125
2037
485
381
1744
1750
487
1346
1711
2040
1263
1775
1008
1761
1726
1375
1048
2037
1518
1688
760
413
899
560
1145
1655
1125
846
276
1487
1412
1956
622
155
1180
215
909
373
1597
961
1755
1848
1539
1164
1864
1736
287
1553
1009
2090
1030
1117
1049
897
1477
1077
1596
592
1640
495
1245
915
987
2176
2115
1508
888
1277
641
1819
1489
640
1272
453
1453
1222
775
1238
1007
435
1667
1099
1694
447
1327
1348
1238
872
1784
1552
1026
923
1430
1590
322
1302
1581
1835
830
1647
1105
1303
1758
1115
1179
643
662
1162
730
1577
1731
1339
975
926
989
529
730
1268
1004
395
958
1214
52
1707
342
1801
187
1184
1393
1820
786
1379
404
193
1352
120
1533
1574
1019
2079
1493
517
1343
968
2153
1093
1033
1755
1235
1464
1429
779
1234
1250
1692
624
385
1190
1195
665
1943
983
1544
1170
1928
1148
1357
959
1581
1289
1720
893
728

10
200
19
11
11
18
12
19
15
17
16
16
12
12
6
18
20
17
17
10
11
15
11
16
13
13
9
16
8
9
12
10
17
16
12
16
11
16
18
12
10
13
12
17
9
9
19
10
17
9
18
16
13
7
16
18
17
8
19
11
14
10
10
7
9
7
19
14
13
9
7
11
13
14
17
19
15
8
11
9
17
15
9
20
19
14
17
10
15
10
18
13
12
12
10
13
16
15
13
18
9
9
19
19
11
13
16
11
5
12
13
11
18
17
9
19
7
13
13
13
17
9
15
17
19
17
10
19
19
11
11
11
10
16
10
17
7
11
8
10
5
8
7
19
14
19
19
11
6
14
9
14
15
18
17
19
7
15
16
9
12
19
14
19
17
20
7
9
11
17
10
19
15
16
11
14
11
7
12
7
18
12
6
16
13
15
18
11
18
11
14
18
13
15
11
7
20
8
13
16
20
9
0
239
141
161
702
1269
364
617
133
75
833
1305
163
572
974
454
1252
604
932
1271
860
553
575
425
815
101
720
547
1319
346
284
267
1006
1144
1077
5
402
236
605
1058
165
13
602
183
822
476
978
1238
707
260
250
722
137
267
153
801
544
1109
794
1311
1262
913
80
326
11
689
1118
131
1137
1137
1282
166
282
771
18
465
235
566
403
1143
1298
1002
169
136
903
716
590
69
515
1304
911
1123
1190
808
40
113
500
442
1222
663
199
419
44
1321
14
95
845
1200
250
970
537
644
605
1087
917
492
555
705
476
131
692
1121
103
554
1055
512
389
623
1157
682
890
765
426
575
419
943
1098
1107
715
481
254
1188
542
1255
1085
145
1267
476
702
1077
274
1262
584
1034
1279
551
1015
1214
559
1225
209
394
831
1312
863
803
1142
494
811
302
1141
775
1179
98
120
199
736
518
1195
482
491
721
990
776
575
228
551
1103
104
811
524
994
759
1274
295
886
762
1012
154
1145
1328
1135
992
1105
874
2572
1230
1708
1244
678
1403
2597
783
1154
1164
1505
1857
1210
1520
2527
1102
1145
1388
488
940
1172
1802
1667
2249
839
1576
1392
1305
1930
2163
172
1634
1288
1469
1590
756
139
1030
207
1477
1398
2233
1348
815
346
1485
1097
1002
1442
1283
1697
1029
1304
1643
2642
2272
1463
953
1308
347
1282
1445
850
1704
1515
1420
396
1443
1006
415
1349
577
684
576
2246
2065
1650
1080
1084
1202
1968
998
455
1402
1797
2043
2356
2086
1378
1212
1164
1356
1434
2133
1909
1515
1415
589
1556
316
855
2111
1632
1278
2190
653
803
1753
1392
1459
930
1633
947
1276
564
1968
2275
801
1466
1728
1130
1334
1933
2020
2019
1957
1523
496
1877
918
1254
1485
1372
1794
1410
470
2514
1334
2399
1763
1259
2248
1196
1316
1982
1253
2598
1719
1109
2090
1366
1657
1343
1398
1384
431
1462
1054
2608
1236
1232
1439
1769
1492
1646
1542
1813
2172
985
1247
1139
1700
1704
1456
509
1020
777
1165
1175
1384
756
1899
1548
1394
1439
1256
1993
1750
2211
635
2158
1377
1911
919
2097

11
200
19
19
16
17
19
17
11
7
11
20
8
16
20
11
14
20
7
11
12
16
12
8
16
8
14
10
11
14
13
11
11
15
11
6
10
10
11
18
11
11
6
17
6
19
16
12
11
15
5
13
16
6
17
13
19
15
14
11
5
11
14
13
9
17
9
10
10
9
19
17
6
12
19
19
6
6
11
11
7
15
13
11
10
16
14
6
9
5
8
13
8
18
19
11
18
18
13
18
14
14
10
5
10
8
18
7
11
6
15
19
19
6
12
14
17
13
6
7
9
19
16
12
6
6
19
7
14
9
5
17
9
16
17
14
11
6
10
8
5
19
16
11
7
16
12
15
13
12
9
13
17
18
18
19
15
7
8
8
19
11
5
7
7
12
12
5
19
14
12
16
19
6
14
13
14
12
16
10
18
17
13
13
8
7
8
16
17
15
11
15
6
9
14
8
19
14
18
11
18
17
0
199
788
45
91
715
848
860
865
23
285
1231
292
399
1119
294
948
1000
774
549
431
611
177
540
1007
578
78
433
525
508
440
907
863
1065
888
74
1142
240
879
1234
767
1153
86
51
701
331
119
72
639
672
640
279
400
599
935
1102
724
1138
1239
1215
582
1087
1211
420
1139
853
1024
869
994
53
1244
746
350
752
741
65
1199
192
1234
257
17
1055
313
999
1145
711
183
881
36
1200
306
364
646
132
1171
1185
1214
543
1059
671
261
1120
602
1239
621
1092
720
1195
1086
1150
22
795
796
1047
917
891
964
144
648
729
436
334
125
857
813
155
564
287
179
688
890
92
1150
866
764
82
1067
284
1022
756
11
836
168
895
686
363
1127
510
993
776
736
760
655
173
1091
575
285
127
295
301
586
166
457
873
1236
646
467
131
905
992
194
927
462
808
1044
269
857
783
900
293
230
947
759
344
394
675
1150
1016
1102
459
688
570
980
1164
981
905
939
764
353
1011
343
688
1361
98
408
1061
1048
1249
1839
1207
526
1808
824
847
1578
920
1282
1137
1559
1635
1120
1132
430
1490
1899
1047
1322
897
1562
993
934
1285
1359
1597
1635
113
1372
362
1676
1959
1160
2356
500
345
1008
806
318
773
1504
804
1131
1043
924
1701
1540
1646
1509
1778
1268
2125
717
1570
1554
507
2180
912
1676
1122
1044
1100
1703
764
1096
867
999
838
2071
1398
2279
502
906
1642
1128
2243
2353
1408
500
1079
922
1299
1497
1419
1606
537
1232
1235
1319
1795
1294
1834
1403
1587
1817
2485
1458
1549
1856
1964
1231
1673
1014
1433
1041
2047
2042
1925
2171
661
1783
801
1594
894
1239
1640
1154
245
987
946
683
1575
1605
712
1459
1814
1514
517
1551
934
1715
892
116
1039
1298
971
1706
794
1909
1574
1586
1472
1197
1518
1911
1009
2320
1742
727
950
717
657
1672
469
1341
973
2104
843
1633
471
1390
2134
592
1992
1069
1834
1848
1202
896
2028
1374
1184
1240
1259
830
1246
969
1202
1636
1650
1171
800
1595
1112
1385
1598
1800
1881
1252
1930
575
1476

12
200
6
13
10
14
12
7
19
19
6
10
16
19
14
19
19
16
14
6
9
20
15
8
16
13
10
11
12
14
7
14
6
15
14
7
18
18
13
6
10
10
18
13
8
5
15
7
14
10
13
14
19
19
17
6
8
12
11
12
9
12
19
16
18
14
6
20
8
9
10
14
18
7
11
13
13
9
9
15
5
16
6
15
15
16
9
10
11
16
15
8
9
7
10
9
12
20
6
6
12
7
19
6
6
19
6
18
11
20
17
10
17
11
18
15
14
19
8
20
6
19
5
5
13
10
14
7
7
6
8
7
7
17
14
17
5
14
9
14
11
10
5
10
19
9
10
12
8
14
7
18
15
10
9
19
10
17
20
11
16
12
17
10
12
13
19
10
11
13
7
16
9
11
19
15
9
15
17
17
17
6
16
8
5
13
20
13
19
18
8
11
15
9
19
16
18
11
16
11
10
14
0
808
803
976
168
1034
1083
931
532
79
1059
981
469
1181
175
742
473
497
295
672
220
178
728
1045
1191
647
1107
902
677
150
1007
586
1052
559
681
938
581
391
471
254
824
25
792
691
608
110
248
430
469
790
1221
624
1178
74
655
976
425
228
154
574
1016
696
744
135
1186
38
297
1215
225
282
1092
1023
1175
230
912
703
403
861
1173
924
353
697
524
172
579
544
1220
572
879
462
419
689
129
903
1151
1193
1114
806
230
380
1214
878
256
461
313
1105
497
376
851
750
154
1007
372
1023
1047
1008
1098
79
1071
484
910
385
149
622
195
742
147
392
95
437
632
763
584
222
426
167
1187
309
678
346
354
1161
786
117
37
1066
253
1143
331
1233
287
781
623
1
880
1029
798
531
807
1220
371
1192
1230
1015
214
426
539
1160
1051
192
920
46
917
108
662
832
604
1093
132
1107
721
714
383
952
621
282
6
124
167
938
197
385
970
101
86
1065
627
229
966
157
149
1170
1076
1181
890
1952
1147
1139
647
1184
2088
1227
1355
1734
779
1899
1261
1192
995
1811
365
684
1283
1270
1382
779
2150
1796
1675
1363
2045
1335
1510
673
1737
1250
860
1439
1113
1110
1659
836
1118
1047
1137
693
578
1357
699
1217
1955
1711
2360
657
1191
2196
956
461
199
1053
1392
1006
1017
1076
1912
1058
497
2368
238
1097
1707
2186
1720
1135
926
1597
911
1949
1609
1443
1424
1565
1691
968
1739
964
1524
1406
938
807
509
1806
278
1932
1990
1881
1359
1384
688
1479
1453
1719
1046
613
367
1681
857
428
1193
884
910
1800
1370
1695
1229
2132
1434
916
1232
1365
1949
524
163
1047
604
1780
328
950
117
1498
1011
1787
1699
1140
1424
1349
1849
1509
1915
1353
969
2309
808
941
653
1759
725
1607
402
1743
933
895
709
264
1577
2029
1887
1353
1699
1820
708
1890
1841
1584
469
1542
1767
2046
1486
381
1757
878
1557
558
1570
1171
1712
1381
744
2094
1106
1674
1579
1408
1102
1326
145
637
920
2141
958
601
1689
1280
192
1761
699
903
1378
409

13
200
10
15
13
9
14
16
6
16
9
17
19
19
19
9
8
14
17
6
15
10
10
16
8
14
19
7
18
19
10
10
7
16
17
6
11
8
5
14
13
19
12
9
19
15
16
16
7
10
18
17
19
16
15
7
7
10
19
6
11
11
17
7
18
8
11
12
17
10
18
18
16
9
14
13
8
16
12
7
17
17
11
15
9
18
8
16
20
14
8
13
16
17
7
8
8
19
7
5
20
9
7
15
11
13
7
8
8
7
16
19
10
13
16
5
14
5
11
10
15
20
8
18
15
20
19
6
17
19
13
12
15
18
18
12
13
9
6
13
7
15
7
16
8
17
11
7
15
11
16
19
8
15
11
11
16
20
15
11
15
14
13
11
10
18
18
20
9
10
17
16
16
9
6
11
18
10
15
19
16
11
12
5
17
12
6
8
18
15
17
11
19
20
11
8
8
6
17
8
16
9
0
161
1005
470
1194
1080
209
1182
431
1232
211
1010
398
998
160
976
692
646
165
1239
25
700
325
951
662
973
1251
67
585
523
498
591
172
191
496
238
860
1020
627
354
778
216
558
564
696
1001
284
711
949
867
948
496
102
221
847
715
369
1028
935
369
1080
307
162
1205
572
615
54
1168
641
79
178
1129
591
784
48
1247
644
637
640
1073
478
1091
574
261
1127
1003
640
1184
1120
17
186
51
221
971
323
1171
385
139
45
1203
613
910
191
1119
954
9
98
414
807
1087
566
524
373
923
550
183
635
514
1216
707
493
398
919
93
518
433
1141
332
404
550
552
413
893
920
1078
695
1065
609
562
104
514
851
1043
286
1125
487
818
750
44
1226
603
400
593
23
927
1033
676
334
572
11
821
311
97
987
355
1241
1043
432
808
696
1013
636
409
869
849
504
63
430
1044
727
811
368
1030
294
359
1112
283
406
722
915
777
453
1227
968
768
830
479
322
1219
1103
753
362
1762
1085
2390
1778
617
1437
762
1886
839
2033
1008
1177
1415
1614
1404
1927
242
1682
756
1731
768
1783
1292
1726
1795
1339
814
867
1038
1726
1022
994
557
980
1861
2025
1124
408
1382
458
1758
1328
1634
1202
651
1261
1587
2095
2027
842
899
864
1999
1195
1597
1986
1843
941
2232
1083
1015
1587
1022
1549
297
1193
1278
1191
1147
1773
850
941
356
2512
1475
1767
1060
1767
1607
1959
1812
434
2185
1957
1686
1450
1938
880
765
531
1207
1975
825
1430
1275
900
1072
2062
1478
1098
948
1552
1573
552
460
1212
1443
2117
1778
1124
396
1585
1367
996
1077
923
2348
1934
946
640
1423
1062
647
702
1958
1364
743
1578
1130
504
2191
2061
1535
1238
2217
1433
1455
1184
1222
1189
1437
326
2050
813
1850
944
493
2469
867
1152
1152
696
1023
1335
896
609
1428
646
1003
696
739
1491
581
1601
2038
1483
1520
1609
2187
1402
613
1565
1933
731
534
504
1323
1600
865
741
1251
590
1314
1548
1321
555
1159
934
860
1513
2455
1566
881
1440
1630
798
2345
2033

14
200
6
20
7
13
15
17
9
6
17
12
11
18
15
18
11
7
15
15
15
10
19
16
15
12
18
6
7
17
19
7
19
12
14
8
10
19
12
8
13
18
13
13
15
7
12
6
18
18
8
5
14
14
12
12
14
10
13
10
10
14
6
13
13
15
18
13
9
16
19
15
19
7
12
13
6
10
17
9
17
18
16
8
8
6
9
6
10
10
9
17
7
14
7
10
14
19
7
13
14
13
14
6
6
12
6
11
13
8
5
16
15
19
9
12
19
16
18
12
12
16
16
12
18
10
19
8
7
6
6
8
12
14
19
10
15
12
11
8
16
5
11
14
8
6
11
13
5
7
15
11
6
17
8
16
13
18
11
17
15
6
5
19
8
18
11
5
20
7
20
14
20
15
10
19
14
8
6
13
12
13
10
12
10
6
14
12
19
6
11
14
18
6
17
12
12
18
13
18
10
13
0
1080
781
762
1031
436
892
67
790
1184
1018
8
1081
415
421
1070
124
167
1057
848
274
1181
16
898
544
911
1189
181
1059
1197
390
490
1060
898
849
707
929
1033
1015
354
899
187
501
347
806
348
553
517
893
936
607
257
663
1184
508
621
715
937
131
706
839
345
1044
180
579
823
735
785
425
368
28
219
13
364
672
747
115
981
220
142
1090
1067
516
793
904
549
20
915
136
322
1056
22
1097
129
964
1010
1103
451
723
455
229
311
5
1119
209
708
1170
138
74
659
1006
416
845
486
87
1161
266
548
1184
338
982
230
778
612
840
142
449
1161
1013
35
367
133
626
310
448
1173
67
865
906
867
93
224
694
923
475
999
354
1030
51
35
369
253
699
19
303
1001
1114
16
909
394
108
479
948
1196
251
1084
743
71
821
1134
519
95
393
556
638
367
493
149
390
1028
1142
362
1207
1140
617
930
1134
673
82
651
1184
42
841
881
562
1064
1002
928
159
309
211
1108
1934
1635
1814
567
1748
327
1180
2246
2025
311
1405
892
1497
1211
1164
1349
1427
932
694
1723
1256
1466
1500
1911
1455
775
1747
1840
720
1544
2140
1230
1598
1742
1534
2128
2245
1581
1924
291
1533
475
866
879
1457
1402
2078
1760
1091
882
1296
1812
1392
904
1504
2169
503
1026
1152
1399
1295
735
892
1487
950
1406
491
1163
345
738
1063
841
1703
1113
1335
1786
503
1326
1626
1702
1316
1760
1009
1264
1100
1260
1071
503
1527
589
1650
694
1072
2136
2231
676
1689
1097
362
545
224
1839
717
1812
2042
691
582
993
2167
871
2004
1254
1239
1942
499
1187
1398
1356
1916
1003
1451
742
1227
236
1605
1643
1839
158
1577
739
789
824
972
2182
955
1202
1785
2071
512
872
1136
1812
923
1807
937
1658
784
278
590
688
1185
495
613
1019
1912
617
1789
813
659
1385
1846
2175
524
1349
1385
1007
979
2009
1186
213
895
1442
1721
521
1361
1146
1569
1901
2072
1029
1704
1908
1381
1991
1634
1598
1262
1238
1483
619
1276
918
1049
1783
1210
1590
1267
718

15
200
7
19
9
16
19
7
17
19
7
17
11
9
17
12
8
16
13
6
9
16
11
18
9
17
14
12
16
17
11
10
19
16
11
7
11
16
18
8
9
16
5
19
11
5
11
6
20
19
10
12
14
6
15
14
12
13
15
7
19
7
19
14
18
11
16
8
18
14
18
8
12
13
17
19
15
13
6
8
18
19
11
7
12
15
10
12
11
10
6
13
14
8
15
10
18
7
8
10
19
14
8
14
11
12
8
8
14
10
17
6
19
14
11
15
10
10
13
12
12
20
12
16
15
7
17
15
5
19
18
12
10
19
17
18
5
6
18
12
18
12
11
14
10
6
20
8
8
12
18
12
8
14
18
11
13
7
13
15
10
7
20
19
8
11
8
11
6
6
19
9
13
18
7
20
18
18
20
10
11
11
18
14
16
15
9
16
6
19
13
11
14
11
6
15
6
16
16
16
10
12
0
455
490
190
531
165
432
630
889
618
244
754
214
775
996
348
990
1015
332
568
289
211
149
802
625
910
134
1032
462
373
592
514
897
639
439
762
673
73
1075
1111
749
819
720
1206
800
1014
120
1245
1202
1074
393
321
528
548
1176
223
845
844
232
1058
642
518
113
1145
402
973
132
259
671
337
884
856
1075
1017
838
8
498
1054
787
1039
520
1151
754
668
867
26
78
1027
428
1065
535
1088
224
389
290
310
261
923
215
875
628
965
152
573
65
569
302
916
1092
954
595
883
894
810
492
877
1273
343
990
43
295
393
1084
43
218
1098
651
1012
692
152
740
227
369
252
489
849
96
302
763
563
269
333
1004
539
811
1087
633
736
157
214
447
344
458
392
51
1181
79
772
766
1044
998
1071
1161
270
714
1152
994
879
83
1246
733
1192
530
919
966
922
388
674
332
547
746
463
115
1065
8
278
102
639
261
922
244
625
841
1196
336
930
931
1086
810
1011
579
1278
1167
678
827
356
1194
930
998
1639
951
1895
1126
989
1434
1585
1948
1762
1104
746
1235
302
162
1945
877
1710
495
1153
483
1239
1000
731
2101
1051
883
1184
872
336
1732
1695
1543
2005
1692
1222
1540
1673
732
2247
1744
1209
1367
1067
1266
694
2198
1493
1701
1159
378
1090
1141
1362
359
2261
1082
1378
715
1244
1323
618
1914
1935
2186
1484
1891
331
596
1115
1920
1459
743
1942
1063
745
1393
62
532
1916
1271
1493
1116
1994
1014
1335
1166
1484
873
992
1241
1001
1112
1196
1130
1524
94
1456
558
1509
2206
980
621
1575
1414
1016
829
1038
2209
1135
1619
1067
355
1103
1781
947
557
1776
964
1289
1156
302
1853
359
1201
1170
1414
1362
868
1187
1893
1749
765
811
1421
896
1867
2195
1375
1751
1178
676
521
1616
1674
1332
230
2448
907
1125
1240
1727
2270
1400
2045
1509
1930
1315
1067
2126
567
1566
1242
1607
1621
1794
1386
1328
895
788
947
1141
1575
939
1316
2221
1019
1397
769
1857
1399
2056
963
1417
1472
1658
1364
1354
1879
1558
1005
1699

16
200
11
11
17
16
9
8
13
9
10
9
16
19
6
11
5
5
9
6
13
10
18
19
10
6
9
12
9
8
8
5
11
6
6
12
15
14
12
17
12
17
9
6
17
12
17
19
9
17
11
16
12
11
9
15
10
11
5
18
16
19
10
11
10
10
18
16
7
18
19
5
18
9
5
10
11
14
6
6
16
14
11
8
10
15
14
19
7
6
15
18
10
11
20
11
11
9
18
16
18
18
6
7
7
7
14
19
6
11
6
13
9
13
18
7
11
8
5
9
10
11
12
20
16
18
14
14
7
13
8
9
5
9
19
19
7
15
11
19
16
10
18
16
20
18
14
9
16
11
14
19
15
15
19
19
7
19
14
8
6
14
10
5
9
7
13
6
11
6
7
16
16
9
6
15
19
14
16
14
16
6
6
15
16
19
18
13
9
15
6
7
17
7
19
6
19
6
13
13
16
12
0
924
724
289
401
237
171
342
775
697
200
519
493
87
60
495
409
442
988
525
548
1132
1118
1158
513
186
729
931
1127
410
356
989
979
557
245
823
313
728
598
101
1115
1069
223
451
103
1167
281
426
969
978
1067
459
251
1031
945
181
994
288
1090
57
125
329
964
587
53
908
295
181
112
401
916
633
218
703
81
762
148
1068
36
465
241
1005
70
554
211
357
677
88
660
961
534
752
368
417
236
637
1193
513
734
291
360
287
746
960
106
1092
435
971
1161
909
1106
402
371
436
975
641
28
617
935
526
870
844
1030
1044
821
451
350
947
442
665
403
96
902
1155
501
145
269
440
931
31
541
334
25
63
971
735
904
1193
1000
634
716
1179
453
124
1106
811
943
1153
653
153
983
579
750
391
864
1094
179
914
85
918
192
1165
1014
1143
161
522
332
78
794
910
82
176
1018
563
544
539
690
575
680
563
77
556
1051
1020
994
195
1072
341
572
1194
37
1136
1398
1288
1367
278
1026
823
1042
1313
779
877
1262
1261
72
1354
1371
986
2108
825
1039
1232
1890
2033
1705
870
1279
1317
1561
497
1212
1156
1436
1712
379
1203
780
1437
1591
1181
1146
2255
558
1136
1102
1603
560
1086
1150
1115
1322
1022
304
1893
1763
1243
1595
1288
1305
112
872
368
1934
1253
468
1812
488
1033
207
903
1215
1704
1426
1706
446
894
527
1613
402
1455
450
1849
1091
751
1039
480
1002
1193
1487
1086
1506
878
1065
1262
708
1365
2416
1081
990
1236
1252
484
1203
1454
548
1902
1597
2134
1441
1160
1907
931
896
1388
1451
1710
1102
1506
1131
1584
1702
1033
1431
2055
1454
939
1251
1808
927
1052
1460
1138
1731
1420
871
759
537
908
1926
887
655
729
563
466
1442
1000
1608
2081
1809
1753
1623
2162
1177
150
2163
896
1176
1444
1633
536
1530
1535
1934
1370
1562
1977
1086
1200
812
1120
893
1718
1967
1509
631
1068
847
223
1130
1293
558
1036
1116
1553
1001
560
1589
796
1519
694
301
1626
2247
1804
1567
203
1714
1175
679
2074

17
200
11
12
6
18
15
11
19
17
17
18
13
17
18
19
18
20
19
16
11
6
13
15
6
19
16
19
12
10
6
17
10
6
13
5
11
6
12
16
7
10
16
8
12
17
10
9
12
13
20
6
11
8
16
10
12
20
10
20
8
10
5
14
8
13
16
18
16
17
9
6
16
9
10
6
13
15
11
6
19
14
10
8
13
13
13
12
17
15
10
11
7
18
17
11
6
8
13
10
10
9
16
6
7
12
13
15
8
5
5
14
18
11
12
14
15
14
16
18
12
12
8
6
17
13
6
9
19
11
14
20
17
10
15
7
10
8
10
14
6
7
15
16
16
8
5
18
20
10
12
13
7
6
9
7
5
10
5
6
11
10
11
15
15
7
13
11
7
14
12
15
5
19
8
9
11
9
10
7
14
11
10
19
12
8
17
6
15
17
7
12
18
10
9
13
18
15
5
18
16
17
0
795
1100
1180
739
954
927
643
1140
838
810
11
1036
267
467
793
551
9
819
827
154
402
1017
320
804
491
8
333
180
403
394
398
1207
690
910
121
146
173
627
590
630
472
1205
797
397
669
129
581
734
1142
1068
469
1060
23
517
264
902
119
996
41
676
68
293
572
567
869
1009
799
1016
347
753
240
474
647
1199
340
1176
119
1187
560
485
725
18
127
288
1116
253
33
1142
475
1166
508
362
189
1136
631
569
654
115
122
849
822
1160
337
1161
202
949
879
584
47
862
919
753
1042
778
426
1092
253
1151
766
823
345
848
1047
388
25
617
553
369
460
904
17
204
226
227
1
800
280
955
12
92
1164
940
220
111
639
766
974
127
533
256
772
487
812
709
1162
133
536
994
1109
371
589
358
184
279
91
902
352
1163
701
849
353
608
1053
530
235
791
367
149
357
723
715
381
361
716
434
552
544
826
754
639
243
1014
23
627
515
502
26
1039
888
444
1979
1706
2282
812
1163
1834
1772
1390
1816
1465
1002
1869
337
939
1447
1492
95
1345
1113
880
619
1097
647
1181
555
597
1428
1125
551
1043
1097
1677
778
1441
497
791
973
1230
772
1391
1108
1898
1398
597
1373
489
1665
1310
1613
2160
916
2173
137
1295
1117
1047
757
1627
1006
1773
1077
953
1434
1287
1423
1076
1000
1358
1009
1153
604
1536
1739
1456
1109
1666
590
2083
1310
807
1777
685
211
603
2091
564
976
2042
869
1484
1108
1484
278
1695
1455
1262
1356
307
405
1082
1392
1884
913
2294
535
1816
1711
925
144
1058
1622
1687
2175
1187
1269
2021
426
1965
1275
1633
635
1600
1667
948
191
1396
1412
1518
1494
1956
603
996
774
826
506
1767
1315
1731
353
368
1940
1909
609
857
1753
1376
1917
260
916
814
1013
995
1971
1626
1829
1003
1419
1227
1900
828
1247
1031
200
1023
1213
2056
1006
1781
1666
1831
574
807
1640
1349
281
1380
434
832
1574
1319
1905
1550
793
1382
521
768
1107
1316
1937
691
291
1667
1060
1702
623
1153
918
1911
1973

18
200
7
7
10
9
14
12
14
14
6
13
10
8
15
7
9
17
14
6
14
8
16
11
18
6
7
18
17
7
12
7
9
8
16
18
14
15
12
16
7
11
6
10
18
11
18
10
10
20
9
11
6
5
13
18
7
12
20
15
13
15
18
16
19
17
13
17
9
15
12
19
15
17
10
12
14
15
19
10
17
8
7
10
18
8
6
17
7
18
16
6
14
12
17
14
17
17
14
15
10
13
12
8
10
12
13
17
7
11
7
12
8
10
19
6
15
7
8
18
18
11
10
19
16
11
19
9
15
18
8
9
20
19
9
18
5
19
15
6
11
6
11
10
15
17
9
17
9
13
10
9
7
16
13
6
6
13
10
13
8
9
12
6
16
12
17
17
12
9
11
6
14
8
6
5
9
18
20
12
17
7
9
13
14
12
9
19
19
6
16
16
17
6
16
14
11
6
19
9
8
10
0
886
277
279
742
105
35
1085
314
1001
137
989
1153
609
733
683
843
468
258
1219
413
247
620
858
1082
314
263
113
924
880
1172
476
669
670
164
91
309
1118
314
27
643
683
630
1136
1207
1196
1033
273
156
1026
358
129
1024
670
1168
1049
76
440
317
129
820
1155
1101
211
6
997
202
224
255
646
1205
93
970
58
537
222
662
242
47
638
285
734
657
593
302
1222
703
42
679
476
1120
130
189
1047
706
432
571
621
766
1090
877
547
1115
244
1045
184
663
1037
18
227
437
213
110
814
249
747
479
410
331
948
1205
889
357
18
854
300
1065
662
418
782
889
992
218
879
174
398
195
933
471
597
1193
607
468
837
537
74
557
291
303
1068
431
492
772
956
497
43
1151
531
77
161
857
308
715
1032
185
1127
232
204
1001
991
536
1158
169
263
127
411
827
1038
444
498
1165
558
653
24
526
1221
219
796
836
337
1039
366
326
518
274
203
425
203
1191
270
733
1199
379
711
1227
1294
1169
1338
1365
1157
1254
1531
2140
1179
1887
1331
2049
1513
810
1991
1506
445
1034
2088
1605
649
983
413
1714
1002
2177
1418
1793
780
888
219
1236
2219
1078
172
1485
1907
1825
2282
1498
2178
1149
974
790
2066
1494
138
1824
1890
2391
2251
345
1554
908
1131
890
2249
1665
1270
1036
1387
381
1310
776
1484
1733
975
1627
834
947
1170
1712
1349
1191
1368
1449
1366
1004
743
602
1495
1649
958
1069
1103
1943
1228
1125
1340
728
847
709
1849
1813
1909
1790
1195
2267
741
1562
445
1511
1175
528
1139
1396
1259
1155
1335
295
1453
604
1423
1528
1676
1309
1263
1337
993
992
765
1120
1665
558
1056
1770
1860
484
1130
397
868
223
2083
1282
1089
2240
1614
976
1266
1043
306
1356
619
1280
1445
808
1253
1427
1545
1002
169
1867
643
673
1016
1964
432
1483
1669
809
2303
956
942
1819
1089
1444
1615
444
469
1299
1473
1487
1545
1059
928
1246
1445
1787
850
915
1643
1441
1620
1880
1151
1918
578
540
1482
766
1338
945
944
2393
1296

19
200
10
19
10
5
16
10
20
20
16
17
17
9
17
14
10
11
16
7
18
15
15
19
12
8
9
11
16
5
19
12
14
14
16
16
17
15
18
12
12
6
8
19
17
17
6
7
13
9
17
9
11
13
7
8
19
13
8
9
10
8
7
12
6
9
6
18
10
17
6
7
16
8
16
15
13
19
5
18
17
11
7
20
15
19
8
12
15
15
16
13
15
6
11
19
13
17
11
16
5
11
5
13
14
11
19
16
5
20
6
5
19
17
6
16
17
18
8
7
15
20
6
13
7
14
6
18
10
9
9
16
20
12
15
10
9
9
18
18
6
13
16
9
6
10
12
20
16
14
14
6
10
12
8
12
8
20
17
15
10
8
5
9
7
12
19
16
10
10
10
19
13
10
15
17
16
12
19
7
12
16
20
17
12
7
18
16
20
16
10
10
19
5
12
17
10
7
5
13
16
17
0
1105
941
203
863
924
581
21
662
927
785
1001
152
114
487
213
576
311
934
923
854
762
581
859
34
411
1045
464
539
344
1206
1113
1019
719
243
614
1144
1096
600
272
824
1037
30
451
1016
1006
422
190
1248
462
1030
582
1024
771
37
893
240
944
1151
1056
709
176
1094
783
144
256
241
65
917
302
865
165
927
933
1097
1022
268
216
927
493
1152
1025
517
195
633
769
826
625
374
827
750
428
126
334
749
190
429
268
863
355
163
183
556
1207
559
899
917
848
30
544
245
386
280
1069
1238
870
469
1232
569
1189
1150
759
588
448
1092
554
13
119
1098
872
811
634
481
52
792
359
297
785
258
471
254
1192
1086
912
882
492
18
1065
414
305
86
434
479
1006
188
334
1203
769
666
604
1096
483
91
1199
33
682
833
158
443
5
1193
317
1243
295
505
1098
1131
24
47
384
704
125
872
520
1053
131
376
454
943
1111
103
930
360
879
14
963
1129
513
612
1121
1029
1193
1723
901
2008
2180
628
526
871
2168
1558
1855
834
625
529
550
817
378
1706
1992
2020
1424
773
1761
1119
1292
1727
1720
671
1071
1953
1614
1544
1524
1407
1150
2093
1153
1194
671
1581
1212
401
1018
2268
1173
840
708
1401
1489
2004
1593
1524
1936
958
1715
345
1054
2068
1803
723
314
2307
1861
1062
548
965
1220
1677
789
2124
298
1089
988
1994
1054
1492
812
1384
1480
1276
1311
1214
511
1159
1629
1251
873
713
1148
1666
948
533
661
951
1338
596
1542
1306
1593
1231
407
1059
1982
1090
2047
1553
1764
1017
1435
789
1286
775
2039
2153
996
1081
1877
635
1717
1736
1034
1449
742
2318
1066
321
847
2062
1872
889
1268
643
954
803
478
1484
1523
718
1428
285
1614
1545
2084
924
1249
138
1281
911
691
673
1403
1173
1850
1203
1242
1463
898
1707
1004
1783
542
716
1513
499
1276
1713
443
1615
744
2453
644
1951
1530
1212
1843
2187
662
689
635
966
269
1767
677
1251
1333
776
1009
1601
1180
152
2157
604
2051
697
2095
2096
579
1687
1226

20
200
11
6
7
9
13
11
18
8
11
19
17
17
9
7
11
17
15
6
12
18
16
7
13
17
8
8
6
5
17
9
11
7
8
18
13
15
11
13
17
17
6
6
20
13
8
15
17
11
10
14
13
12
18
10
13
12
17
9
5
7
10
20
16
9
19
13
5
11
19
13
8
16
6
15
18
18
20
9
14
6
7
5
17
12
11
18
16
20
6
10
9
15
10
10
19
17
19
6
11
7
5
14
16
16
9
6
13
6
16
15
6
9
16
7
16
6
18
5
11
19
17
7
19
18
7
14
13
11
9
11
14
14
5
8
9
20
11
12
18
12
19
13
19
20
17
15
14
11
8
10
10
6
16
19
19
19
11
6
12
8
6
18
12
9
12
17
11
6
6
12
19
8
11
20
13
12
14
18
18
12
15
11
19
17
6
20
10
6
5
11
10
15
18
15
19
15
8
8
8
20
0
521
793
1017
461
151
113
852
490
342
797
1150
254
794
15
1104
872
193
1170
203
254
145
383
417
989
306
653
1145
191
416
309
471
172
746
1137
752
1147
535
196
1031
1170
807
762
378
556
1219
211
865
1179
1060
209
743
398
259
754
60
1054
581
1073
597
24
388
1220
4
378
544
48
510
931
1152
785
1046
771
521
31
605
1143
875
1198
305
30
1148
890
932
300
24
427
817
714
728
945
756
555
995
735
963
872
695
463
483
793
614
144
200
453
43
967
13
328
171
824
1218
1038
1101
348
978
883
710
872
1077
136
549
1179
443
659
955
526
1126
1173
465
1168
899
356
367
460
941
639
899
541
548
31
1105
858
1095
871
50
259
1132
467
210
24
1133
1240
814
1015
1004
336
577
1216
176
64
92
521
784
367
962
386
164
1014
619
265
472
818
1055
778
567
427
579
632
439
984
494
981
697
235
779
510
98
713
519
1140
936
558
783
178
447
214
816
14
393
535
713
2024
1591
1122
395
389
1785
1608
395
1859
1633
786
954
850
1258
933
870
1717
609
583
701
461
1116
2201
1302
787
1383
621
1605
1187
1565
1287
1079
1499
1176
2254
993
620
1445
2271
1271
1437
730
1346
1847
785
1361
1569
1520
514
1609
448
1051
1210
1147
2129
721
2252
1130
153
1579
2179
1136
632
759
408
1384
2083
1282
836
1413
1094
1670
720
1084
2023
2050
1346
1257
240
2184
1948
1455
956
483
1630
1547
1640
1824
2163
1281
1422
1259
1666
1015
1744
718
1520
832
1655
1137
824
549
908
1128
1615
52
1324
394
1774
1370
1281
1702
1494
1884
1229
1055
1049
1178
1006
805
1380
1106
973
1696
937
1640
1383
1376
1738
1938
608
1123
703
1510
1828
1187
1462
1338
56
1331
1724
2202
1318
826
1237
2257
1341
620
444
1488
1439
2026
1133
1213
1349
855
1690
1083
1061
1342
853
958
790
1288
1035
791
1248
1552
449
1215
1242
1354
1169
1816
490
997
1172
738
1203
1397
1175
1555
1465
1812
576
1034
1110
1172
2267
1205
805
1167
300
480
1319
1081
252
1246

21
200
14
20
10
11
15
18
8
19
6
12
12
6
19
19
10
9
12
8
20
17
14
8
6
14
10
19
11
10
13
14
6
16
9
9
14
12
17
20
7
17
14
16
9
16
7
17
17
13
9
10
12
16
12
8
8
8
14
18
10
19
20
19
6
19
12
16
16
10
13
14
6
5
9
13
15
15
17
11
13
13
12
9
15
7
14
16
17
17
18
19
14
16
14
16
10
7
5
8
12
14
10
8
19
16
6
5
11
10
19
20
19
19
14
16
14
13
12
12
11
16
9
17
16
16
19
8
9
14
6
12
19
16
17
12
20
14
12
9
15
6
12
9
8
16
13
9
17
13
14
7
19
19
12
18
16
18
9
11
9
10
10
18
6
12
11
9
14
15
8
6
10
12
7
6
20
15
13
9
11
17
11
18
9
16
13
8
12
6
18
6
19
16
15
15
10
10
12
19
11
15
0
725
1191
72
27
731
782
1152
1193
376
1141
431
1154
209
13
713
175
1040
1078
252
650
997
1095
17
901
790
1253
1259
51
192
1184
1159
980
234
247
59
345
558
497
1063
216
1275
1266
115
747
60
333
1279
745
257
596
103
212
172
1248
604
924
1168
640
1067
389
870
112
62
935
121
1273
243
1031
270
169
986
841
160
344
1094
701
219
706
43
91
1199
770
1036
211
1114
1010
476
1035
1024
1086
515
1080
110
637
1038
1047
963
288
39
303
390
1121
1125
210
788
266
587
689
695
137
308
182
851
691
963
812
1073
1245
1223
644
1166
486
1094
536
431
663
426
1057
6
738
990
278
33
1185
599
1
1017
73
508
428
95
563
443
1100
574
455
1207
938
1033
606
780
1127
354
309
4
1060
378
1020
1190
104
156
651
344
538
766
1122
13
4
511
1094
1047
959
757
427
299
1040
964
1158
78
838
573
678
1136
688
441
461
422
1145
945
333
71
578
986
342
47
711
182
772
173
707
1485
1722
747
834
1794
1893
2384
1364
959
2202
1023
1971
663
861
1350
973
2279
1659
1501
1268
1440
1257
464
1322
832
2393
1585
524
1094
1523
1975
1642
1371
670
1306
1409
1067
977
1951
833
2330
1938
290
1900
1320
1174
1656
1743
749
1847
998
805
1067
2377
1316
1730
1639
847
2015
1185
1126
486
614
1387
473
2530
593
1362
1348
807
2002
878
847
616
2032
1684
1159
1455
422
369
1534
1054
2257
1196
1495
1395
1290
2071
1891
1971
1752
1215
722
1160
1824
1056
1086
953
306
1401
1174
1326
2146
866
1671
1364
1304
1373
1875
1190
1184
1033
1716
991
2059
1249
1749
1789
2064
1725
1481
1560
1196
1404
801
1440
1019
2326
188
1896
1246
1041
120
1874
1036
234
2030
367
1269
1132
1016
1827
1437
1577
673
1544
1392
1157
1933
1388
1900
1471
1359
1279
1136
1286
765
1237
1655
509
900
1714
766
1121
1353
1258
349
1044
1443
2201
1640
1217
1089
462
383
1216
1435
2014
390
1176
628
1253
2008
845
931
943
1461
1823
1028
1192
1222
1277
2247
1404
485
1326
1412
1587
861

22
200
16
17
6
11
18
13
7
8
9
17
6
8
15
15
18
14
20
13
11
20
14
6
19
16
16
10
7
14
16
14
7
9
16
16
5
12
6
13
16
19
15
7
9
17
12
13
5
12
19
9
11
8
12
15
6
18
13
6
19
9
9
11
20
17
9
16
13
6
9
20
16
10
14
11
9
10
16
15
11
5
16
17
13
17
20
7
13
8
7
19
19
19
9
9
16
14
8
7
9
14
18
16
5
11
7
7
15
18
15
18
15
10
11
18
19
19
9
15
20
5
7
8
17
20
17
19
9
8
5
6
15
19
12
9
6
12
15
8
6
7
10
18
19
14
16
14
11
9
10
11
11
14
17
11
5
12
8
7
17
11
14
16
6
14
15
10
10
19
6
5
17
12
6
10
12
7
19
14
14
9
9
9
20
12
18
14
15
7
13
11
16
6
13
20
11
18
6
8
17
10
0
5
257
1065
1110
36
969
1108
539
927
971
1128
1106
213
248
407
414
718
328
1023
189
85
425
945
445
992
1124
520
666
301
431
816
592
520
1170
216
30
585
886
23
211
652
628
631
1135
261
35
267
1169
956
201
211
786
184
386
1171
550
1219
82
943
226
1091
1225
378
284
1128
932
461
252
872
601
20
169
90
662
454
828
687
570
923
357
957
689
325
237
62
795
684
894
215
545
941
1221
831
376
613
793
714
714
1086
502
59
455
391
369
933
38
281
202
509
146
353
621
558
107
515
161
144
693
192
909
1241
489
682
969
421
464
297
1132
66
948
1105
321
1074
671
775
959
561
713
765
90
24
665
616
1070
256
1003
902
508
892
244
751
218
766
880
64
89
799
230
1041
508
632
87
501
67
672
113
1161
1038
741
179
1047
898
810
187
390
1008
1207
219
91
800
324
740
40
1124
889
705
1196
17
457
779
1077
806
792
813
232
911
615
15
647
1159
197
420
2313
1247
807
1356
2304
1723
1202
1047
1280
1252
448
1136
1479
1589
1370
1034
1991
719
501
1060
1190
839
1831
1235
1512
1796
536
688
1987
1371
1245
1568
1403
1068
881
1216
1187
248
1788
1527
1016
2045
1435
491
1220
1705
1916
1061
1105
1723
672
1009
2346
820
1670
514
1621
1231
1191
1822
412
1116
2265
2077
895
538
1971
800
1263
1346
845
1707
1500
943
740
1006
1830
1228
1908
1124
1405
412
563
1104
1348
1327
1475
1529
1645
1675
1696
1029
1711
1999
1570
1367
1875
797
1228
524
686
1324
1355
662
1210
735
1760
535
379
909
931
545
551
586
524
1007
1038
1978
1761
760
1597
1156
1153
1670
1436
1855
1307
1148
2365
879
2119
1840
1997
1871
1440
936
1739
883
516
1692
826
1901
1156
2123
1895
1525
917
1390
1215
287
1958
1887
971
546
1181
669
2052
1412
1200
368
1092
251
736
962
2239
1279
1763
1166
1724
1244
1799
632
1614
1994
2351
1010
816
1610
984
1503
1106
1589
1521
943
1213
1165
1064
884
1725
1748
1031
1519
1241
1205
682
95
1614

23
200
15
10
14
10
13
18
9
14
13
9
13
13
14
18
13
15
11
12
10
17
10
16
12
9
8
18
11
13
10
10
16
19
19
12
11
10
10
8
19
10
6
17
7
14
6
20
17
15
20
17
15
8
17
17
18
15
16
16
10
6
14
13
11
16
16
17
8
12
7
12
12
19
13
18
8
13
6
6
14
20
20
5
5
18
8
9
9
11
9
12
13
12
20
8
11
5
7
16
13
10
8
13
5
9
12
13
20
18
11
6
15
19
13
6
14
13
20
19
18
14
15
10
9
15
20
18
9
17
9
20
11
12
8
19
14
14
10
9
7
17
10
9
6
9
17
12
20
11
10
13
13
14
8
8
13
10
18
9
9
10
12
18
6
7
17
14
6
12
20
9
16
12
5
17
11
18
8
11
10
16
7
19
8
7
6
10
13
19
11
6
14
9
8
7
10
10
6
10
9
14
0
273
1227
314
903
63
920
595
1223
368
493
1172
569
948
1040
723
129
1031
823
1176
877
268
1213
553
502
63
371
333
1112
1002
1123
1137
112
117
789
656
262
1004
528
980
209
989
732
955
277
503
257
484
831
79
628
1052
851
482
875
983
1214
1047
194
584
523
601
280
857
363
1002
1045
1063
406
360
96
1050
235
696
812
40
665
1032
1101
252
439
670
1007
887
841
959
50
735
499
641
206
1100
349
267
237
131
1035
893
992
1142
347
177
1210
50
160
746
977
477
829
613
1000
637
1145
250
50
543
340
1060
963
851
480
197
362
1093
789
952
912
746
787
421
285
1005
59
837
559
818
427
118
889
1113
831
604
1128
895
544
163
211
382
1040
956
939
1022
1154
27
34
279
534
714
1029
664
1095
409
469
31
482
1064
1043
1136
592
457
869
62
464
703
228
168
285
711
892
31
659
395
1045
825
399
637
488
112
475
892
583
206
75
637
41
569
1050
394
661
1139
572
1409
1898
1205
1399
266
1715
1796
2366
1530
1423
2043
930
2134
2205
1692
283
1295
2010
1267
2121
1450
2071
1370
1642
1159
1004
876
2050
1418
2296
2001
703
579
1452
882
412
1382
933
1381
698
1948
1742
1993
1271
1463
1444
1254
1044
1096
1615
1213
1560
1290
1549
1087
1840
1729
991
1389
783
1637
898
1032
379
1672
1723
1232
1299
1290
466
1350
1282
1673
871
482
1394
1692
2163
961
1161
932
1650
1741
1015
2036
185
1236
646
1648
1219
1400
467
778
1080
241
2062
1351
2192
1977
553
1255
2047
829
1054
1801
1085
1202
1969
1447
1788
1761
2093
792
422
1197
1061
1480
1624
1495
953
353
1518
1995
881
1360
2142
1117
2016
1632
1159
1389
287
1712
1316
1252
1380
1351
990
1422
1883
934
1503
1903
1067
1010
1206
1454
1653
1447
2112
1287
1351
137
581
329
1275
1288
2238
1137
2109
1188
723
1196
858
2227
1350
1296
620
960
1823
661
732
759
1377
674
904
1068
1182
428
1043
505
1723
1042
1173
1212
861
772
1585
1385
833
1323
1203
1554
602
1683
2042
1544
1658
1909

24
200
16
11
10
17
15
11
14
15
9
16
10
18
8
6
13
5
8
7
5
19
20
10
9
10
7
19
19
18
17
15
13
11
14
13
15
9
13
10
11
12
9
16
11
5
8
15
8
9
15
9
14
11
15
8
16
19
16
18
16
6
7
18
14
18
10
10
18
7
6
14
12
16
9
6
9
13
19
19
17
9
20
20
15
13
12
11
11
7
7
12
11
19
11
17
11
12
8
16
19
7
8
13
5
6
10
16
8
16
6
12
14
11
12
16
9
8
17
9
18
20
5
18
5
12
7
11
9
11
14
15
8
13
16
8
9
7
19
17
6
7
18
13
20
19
15
6
6
18
17
13
18
14
12
7
8
20
12
11
13
18
9
8
12
18
6
8
11
12
16
14
10
18
11
8
10
18
12
14
7
9
10
17
8
19
15
16
8
9
11
5
13
5
7
15
9
6
15
18
17
13
0
682
657
1138
493
727
1203
50
442
1114
298
350
730
188
131
720
1179
442
186
817
548
812
286
854
972
619
573
601
732
631
288
736
750
852
301
314
703
93
234
648
384
613
20
801
544
856
411
1081
491
353
51
988
135
1076
756
654
104
1138
239
777
257
627
1095
315
8
777
566
413
806
362
919
335
712
1108
87
17
987
302
1147
1137
1196
761
305
486
274
423
534
608
866
300
730
879
135
377
191
123
1047
189
115
852
408
581
301
941
1130
120
895
791
103
1025
43
742
370
956
930
889
204
216
739
117
455
694
701
356
1108
412
1190
645
272
387
253
475
832
756
1120
668
3
412
581
449
106
361
499
1011
1091
574
878
754
888
324
842
1073
852
360
220
529
742
994
1161
1180
94
568
26
3
227
621
804
199
478
195
1147
635
35
275
602
650
205
820
514
515
112
349
1118
508
251
128
774
921
774
894
430
1063
360
271
1118
802
915
870
29
258
706
1164
1779
2354
1158
752
1681
916
1011
1923
703
396
1792
1044
341
1112
1586
1623
556
1317
1555
1882
415
1759
1780
1243
1103
1840
1563
1348
576
1130
1873
1006
730
514
1479
1112
1247
1056
1614
1791
79
1832
602
1766
1605
1359
993
483
926
1033
592
2038
1712
762
1157
1731
530
1040
1055
921
1263
483
882
1684
986
1629
1714
1124
1193
906
1858
1607
506
1026
1054
826
1813
2118
2026
838
970
1552
1427
1424
1269
1159
1442
1065
959
905
1130
1097
505
532
1249
1306
305
2014
1290
717
1072
1132
1504
277
1068
1329
934
1697
908
1659
709
1714
1696
1665
911
316
1319
664
471
1544
1052
1134
1922
805
2141
1433
735
1089
492
519
1827
1749
2074
1307
91
1013
1224
1296
330
1222
1706
1996
1434
1637
2058
1500
1767
921
1980
1876
1948
1217
1079
1586
921
2118
1816
2178
517
1730
96
957
1024
647
847
1042
575
405
2046
815
230
572
1244
1530
983
1059
1384
1210
379
1224
1323
1424
765
1332
1676
2123
1482
1659
448
1803
1575
962
1672
1086
1314
1874
555
1250

25
200
6
7
7
18
15
10
7
9
8
8
7
18
10
8
6
11
17
7
18
18
15
12
10
18
7
8
9
5
9
5
14
6
17
14
10
11
7
18
10
10
17
18
17
10
17
9
7
9
8
19
16
17
15
10
11
11
13
18
13
8
11
10
5
16
17
6
20
19
11
13
9
16
6
11
8
11
14
18
12
8
13
16
6
17
5
15
13
6
16
6
13
13
19
7
13
20
13
10
19
8
16
18
15
11
14
9
8
20
8
17
6
18
19
17
18
9
16
5
19
17
10
9
12
7
14
14
19
8
11
13
9
9
18
7
19
7
18
9
16
12
14
16
8
6
6
18
8
6
7
11
11
13
17
12
19
17
12
16
11
14
16
5
7
19
16
11
9
6
9
11
17
19
5
19
8
16
17
5
10
18
5
18
9
9
12
17
15
15
5
9
20
15
15
10
18
12
18
12
11
5
0
219
69
884
1086
203
816
895
773
864
592
818
610
686
128
793
1124
746
1023
411
722
256
996
333
745
464
630
1083
707
169
1106
878
82
910
1011
1075
400
181
964
367
868
489
1011
939
781
424
716
403
700
421
332
35
1066
376
784
696
1172
1047
846
1111
826
1044
212
367
323
124
755
1012
1040
584
44
2
1076
408
1094
433
422
438
754
829
334
934
186
1035
437
46
1057
979
158
34
452
873
712
851
517
1061
825
329
740
345
704
92
1095
732
127
1078
991
371
288
1209
322
917
137
1038
975
109
512
633
457
684
717
873
383
312
832
927
748
988
499
220
307
134
172
319
799
631
445
404
1198
794
561
58
451
313
258
590
993
241
1179
343
1017
114
1029
801
694
784
1084
669
586
192
732
817
359
411
876
938
446
1011
837
1054
113
712
851
894
689
680
884
553
96
947
534
313
844
372
527
601
565
179
792
1185
662
739
512
586
925
178
17
897
1057
326
153
929
211
1451
1300
1020
1137
1731
1802
1426
1521
1551
1599
1652
352
1725
2263
1691
1779
659
1886
693
1130
967
835
790
1795
2154
1035
1030
2071
1154
1014
1496
1371
2002
1137
1240
1755
738
1818
617
1384
1613
1485
1184
1096
1220
1815
1588
1428
479
1418
873
1086
1758
2131
1755
1406
1140
1118
1811
835
1282
1183
676
959
1209
1391
1493
887
927
2004
1476
1603
1325
1353
1552
1822
1934
378
1399
771
1502
1286
373
2063
1398
1158
1084
619
1160
996
1889
810
1710
946
736
1388
900
732
277
1283
763
249
1333
1146
817
1433
1462
854
2150
1294
1439
1999
285
1455
1189
1055
1010
1282
1493
551
690
909
1110
1881
2112
654
1235
893
912
347
691
1486
1559
551
916
2079
1793
817
640
895
488
660
1771
1819
1103
1899
1487
1813
835
1102
1755
1790
1068
1211
1500
967
1362
1954
1506
851
1429
1507
2006
722
1342
904
1951
1040
1518
1073
1016
1648
900
2027
1002
138
1297
1513
376
1497
1543
1680
1656
705
301
1086
1206
1811
1102
1675
688
2095
553
689
1994
1374
951

26
200
11
9
6
13
5
17
14
14
12
13
8
8
14
13
7
15
13
17
17
8
19
7
6
9
9
17
6
13
7
17
13
6
12
7
18
11
12
18
13
13
17
10
16
5
14
13
8
15
8
15
8
19
6
12
18
18
8
6
19
6
17
13
15
10
17
7
12
7
14
18
7
18
15
14
13
11
6
16
9
12
12
10
18
19
7
16
8
15
7
8
6
15
13
9
8
6
17
9
14
5
10
15
13
20
19
20
15
7
17
19
15
12
16
13
15
19
9
8
14
6
12
8
10
9
17
17
9
19
19
8
9
10
18
18
17
5
13
7
15
9
6
14
14
12
13
6
16
18
18
11
15
19
12
10
15
18
16
6
19
8
17
15
16
13
5
6
17
17
10
14
7
19
16
14
18
7
12
13
11
16
6
12
12
19
16
11
12
17
17
15
18
16
18
8
12
9
7
15
7
16
0
359
891
130
521
41
1187
167
770
95
530
431
913
645
848
114
349
695
411
429
478
325
515
995
62
1010
323
444
434
163
247
211
1192
442
1075
1033
195
1178
457
1146
1013
1192
232
740
351
395
1175
352
1161
659
1157
277
166
847
835
1196
525
270
305
584
871
450
866
107
176
686
330
1059
974
1065
1032
532
324
931
194
438
1116
185
578
751
555
176
1077
349
945
317
149
634
856
933
558
239
533
981
740
1037
914
1136
84
1244
63
888
921
854
196
151
719
180
305
272
1108
483
74
1189
914
1230
120
878
1103
447
458
103
72
241
999
1090
922
157
979
625
395
474
1123
1245
1146
608
443
980
742
971
221
326
314
951
831
672
42
103
196
330
592
246
804
1178
229
519
284
780
467
612
16
529
1205
487
500
896
736
523
445
579
331
415
856
679
11
780
1004
647
221
762
120
896
1027
624
435
87
1039
104
359
717
193
263
997
1011
1087
872
992
517
476
1052
417
1522
1587
365
1672
1138
1219
1005
1627
776
1130
1532
1213
1112
1174
774
1579
1019
1568
1320
1380
1312
693
1458
273
2046
1328
775
1029
376
672
1340
1303
1645
1494
2248
431
1884
1134
1572
1208
1536
425
1333
397
461
1829
719
1999
1025
1476
385
632
1922
1842
2218
1528
1074
855
959
2116
1154
1978
760
312
1180
774
1833
2162
1665
1320
1656
1235
1475
592
788
1265
356
1524
1530
847
204
1807
678
1347
1458
1386
854
911
1566
970
672
584
1905
1836
1540
1559
1244
482
1676
1089
2154
1149
1306
924
1100
736
730
670
923
1752
628
230
1602
1560
1984
1063
1621
2358
1536
1585
932
1315
459
1618
1557
1635
217
1108
1776
1392
1282
1861
1359
2229
1267
1107
2233
961
1474
799
1113
1250
1138
1400
803
803
1024
231
471
1234
395
822
1680
1239
1628
736
1580
1257
1485
405
1559
1580
845
706
1091
943
547
531
1825
1132
1524
1805
1224
1048
1880
2259
1023
591
1484
911
1120
1793
1721
1319
134
1117
1132
1389
1087
331
807
1302
1924
1346
1267
1820
792
940
1274

27
200
10
13
8
18
11
11
13
9
8
18
19
10
9
6
17
18
19
19
19
14
8
13
12
6
15
14
17
6
10
16
8
7
7
13
11
15
17
14
20
20
7
17
17
11
16
12
20
16
10
11
14
8
20
9
15
8
19
13
11
8
13
18
16
18
18
18
19
17
14
14
17
14
12
7
5
15
20
17
12
16
7
20
6
17
17
16
18
9
8
13
20
13
17
6
13
7
16
11
8
7
11
11
6
10
16
19
15
7
8
19
19
5
10
5
8
18
13
17
18
11
7
14
15
10
20
14
12
10
11
8
14
17
7
16
5
10
19
9
17
6
15
7
13
11
13
20
18
8
5
17
15
14
7
19
10
20
17
19
18
16
10
8
12
8
18
15
13
10
16
10
8
6
17
10
18
14
19
12
17
17
12
16
18
13
9
15
18
9
10
10
12
12
14
12
18
5
16
18
17
6
0
659
242
892
91
362
31
968
25
640
1150
852
1299
60
1297
431
1084
239
1171
1235
262
1078
618
498
480
1264
1219
1209
300
150
808
605
1137
404
74
1266
270
1011
190
737
1229
922
1160
1221
565
340
761
492
902
313
1157
344
115
684
814
271
18
1024
1031
917
86
651
811
675
1281
1055
207
845
1213
309
264
91
459
1075
76
155
1289
869
3
955
300
587
1109
477
670
1252
694
1136
1080
139
156
94
87
712
205
512
461
433
964
292
1254
968
294
538
61
934
29
740
1079
1301
384
683
406
618
64
928
444
1015
649
939
1289
834
92
1111
58
91
43
1205
969
1141
93
151
402
671
1018
193
784
1192
578
708
526
190
35
376
755
824
1021
871
940
1029
457
679
598
961
1070
985
120
58
766
450
889
101
614
840
341
1230
1253
318
477
783
11
284
589
214
398
1264
595
1172
483
663
101
1246
587
576
1291
538
748
533
762
780
895
398
633
326
359
39
510
736
508
92
634
1481
834
1787
1391
708
1039
2164
227
1837
1392
1401
1473
580
2213
520
1234
699
1936
1700
496
1101
1582
1619
824
1731
2358
1754
1023
268
1115
1142
2263
1032
753
2443
683
2051
945
1889
2081
2159
1928
1846
1703
855
1420
958
1050
1422
1282
355
1181
1633
1676
864
1161
2327
1857
2010
1221
1114
1045
1259
1558
1474
1518
1855
2510
670
809
105
1409
2306
1386
1046
2020
1353
1070
1880
427
1785
1661
1442
1577
1694
1896
2389
2355
726
183
402
1075
1187
771
1491
1764
1673
1882
406
2412
1468
972
1696
1269
1618
1212
1940
2052
2498
568
1867
1632
831
1250
1942
869
1792
1314
1779
1320
1676
723
1713
1246
498
1034
1649
1600
2242
739
900
581
1917
1874
821
1535
2387
1564
716
901
1189
657
598
1122
2036
2215
1231
1577
1559
1702
918
907
1179
1756
1357
509
714
1340
1254
1830
264
927
1896
576
2489
1405
540
1507
851
89
1139
964
1312
902
1385
1331
1324
1558
1086
436
2341
995
1436
2098
864
1644
987
1002
1311
1257
885
1326
1080
1485
466
1419
1471
1442
1057

28
200
12
12
11
12
7
8
19
15
20
10
6
18
19
7
7
13
19
17
12
9
7
15
14
17
13
14
9
13
15
5
17
11
9
12
9
20
13
5
16
10
13
19
7
17
8
14
14
17
17
10
14
11
18
6
10
14
6
10
12
17
11
18
9
15
15
18
11
15
11
15
19
19
6
16
11
18
19
18
11
14
12
7
13
10
14
14
18
17
10
13
13
10
11
15
13
15
19
8
10
16
6
16
8
15
5
10
14
17
10
13
13
17
8
5
6
7
16
10
7
16
9
14
10
9
12
7
12
16
20
15
16
14
19
18
17
8
17
20
6
7
18
13
19
11
17
13
16
8
17
13
14
9
14
13
6
14
17
9
16
16
16
7
11
9
18
19
10
14
13
14
13
12
9
17
15
20
20
17
11
12
17
14
10
16
18
6
17
11
15
7
7
17
15
7
19
18
20
18
8
8
0
148
847
649
174
683
639
782
585
319
904
990
64
49
107
923
872
488
851
873
600
1118
1271
436
888
295
1019
244
430
795
1049
155
1242
274
524
905
591
37
1264
25
178
1064
930
734
1059
1202
1005
1195
288
183
319
1060
708
350
211
480
423
671
1178
1210
698
516
165
585
135
385
901
1005
853
441
893
986
1019
965
1297
832
770
364
685
680
1071
57
715
570
432
179
327
1096
259
606
1281
1283
333
360
342
61
408
798
45
567
1121
432
342
243
694
1082
446
1077
144
225
503
844
452
938
1182
995
523
1277
1235
1157
197
1019
196
277
221
598
1084
394
857
250
779
555
136
212
631
268
1221
892
277
3
4
1244
714
1240
93
766
419
65
311
775
154
228
567
1243
248
647
1122
570
799
182
807
1089
276
670
418
349
380
318
1244
886
939
85
1051
339
480
813
884
1102
577
754
305
77
1008
1165
929
328
714
989
1078
1280
699
18
111
182
464
655
464
476
1015
347
1247
1432
1693
1899
1444
1990
1119
1297
945
946
1668
1882
973
1003
236
1949
959
1443
1286
2118
1212
1330
2183
1635
1351
920
1251
549
1694
1392
1327
1160
2146
958
1054
1743
1703
520
1507
662
599
1384
1859
1630
2099
1535
1548
1322
1506
449
691
1137
827
716
636
940
562
1953
1777
1933
1735
1596
1427
1592
604
428
1019
1142
1757
1549
1756
1917
1985
1842
1886
2113
1661
1071
954
1478
1352
441
1783
676
1587
1461
1415
1586
868
1397
2138
1755
871
391
1177
1140
1095
2092
612
1069
1987
677
1337
720
1798
1206
549
2354
585
1258
661
1713
703
1456
1192
1085
1815
1475
2229
1888
1418
1090
1339
1050
595
1755
2303
433
1098
1187
1880
1258
1245
765
1477
653
1691
1712
955
157
930
1898
1964
1372
833
1670
1182
198
866
2042
1261
254
1147
2311
1401
919
2158
1305
1763
1471
1751
1417
746
1527
691
1496
1140
1476
1738
1068
1449
1236
1840
903
1351
1226
1440
1274
1766
1126
458
1253
2237
1694
1329
563
862
1231
1356
1858
793
1143
1356
773
1387
1796
1285
681
1054
398

29
200
12
9
19
16
17
14
10
8
9
12
6
16
18
15
6
18
9
8
14
13
16
8
7
10
6
19
8
10
18
7
14
8
12
14
5
10
18
11
10
8
5
7
15
15
13
10
12
7
11
16
7
10
12
18
9
14
16
7
19
8
16
20
5
10
18
8
9
6
11
11
19
10
20
13
7
9
14
7
10
12
10
10
6
15
10
14
20
11
18
8
14
16
15
7
9
19
9
7
17
15
18
12
18
7
18
16
12
16
16
16
10
13
20
12
12
15
10
20
19
6
20
8
12
7
10
10
10
5
19
8
14
16
13
17
16
13
18
14
9
10
11
20
5
16
16
10
20
11
9
17
19
10
19
16
13
16
5
13
12
8
10
20
7
19
17
18
13
8
12
16
19
11
19
20
8
18
9
18
5
7
18
8
19
13
18
12
11
17
6
7
7
13
13
18
15
19
17
10
9
7
0
723
689
454
303
747
265
1092
325
1065
962
738
19
843
654
147
795
551
827
637
849
1021
752
990
854
1025
1126
1143
573
653
405
138
146
755
379
314
257
726
428
165
1061
1239
780
442
391
353
507
895
1180
959
516
894
946
347
1033
200
956
1246
82
561
344
48
58
606
250
346
1208
1083
860
1220
476
333
38
856
904
802
359
150
1006
222
514
334
761
820
535
668
1169
124
601
304
65
521
211
276
134
1103
140
956
370
173
122
960
751
881
972
404
188
539
305
667
1165
136
638
1020
1135
757
163
660
422
774
67
198
418
785
1205
1082
455
1220
102
781
1073
855
1127
1077
693
33
699
880
985
455
647
960
356
324
284
840
934
613
417
134
923
1101
297
925
213
682
617
834
1199
742
1091
1045
1217
935
706
69
95
1243
500
19
342
922
586
1227
819
671
113
645
437
1125
663
45
126
253
391
474
761
368
814
299
377
913
957
968
944
304
763
86
360
610
1074
1830
767
1092
939
1049
388
1101
529
1616
1872
832
345
2086
1531
253
915
1681
1423
1473
1290
1155
891
1651
1592
1322
1254
2086
1315
1309
1151
868
1388
1128
793
642
301
1358
1627
1281
1077
2381
1604
1575
462
991
579
1053
2344
1597
959
983
1595
1211
1486
549
1834
1729
953
1159
415
1226
869
1206
779
1199
1342
1432
1513
2041
1551
1035
1026
1913
1773
1976
1028
259
2258
410
1367
1359
1576
1604
704
1039
1577
673
1818
1368
1279
921
1004
1179
675
1800
493
2039
572
784
706
1553
1624
1570
1098
1065
442
1037
688
814
1943
248
1610
2110
1800
831
429
891
1091
1549
1095
970
633
1783
2393
1378
679
1614
438
873
1120
1415
1594
1892
1528
735
893
1720
1362
624
674
2061
739
389
444
947
2116
1598
1398
737
1955
1849
539
1059
627
836
1462
1738
1721
1331
1787
2252
1320
1434
1722
1039
387
1769
1322
508
1487
1784
1067
1927
1732
1043
392
1052
1180
2208
1817
335
502
614
1110
629
1056
537
1466
688
1557
1978
2089
1651
1484
588
1199
509
548
788

30
200
18
8
15
8
6
9
17
8
6
17
5
5
15
11
10
16
19
18
12
10
8
6
18
11
13
9
19
12
14
16
12
18
13
5
7
14
18
20
17
12
8
8
13
14
9
18
15
9
18
6
11
18
13
19
12
11
10
5
10
10
8
10
12
19
19
8
13
9
13
15
8
15
15
13
7
15
17
10
7
8
12
15
8
14
8
18
13
5
13
6
7
16
18
10
16
18
20
12
18
10
19
7
17
16
5
10
16
18
12
13
7
7
9
6
16
5
7
13
18
17
6
6
12
6
10
17
7
7
5
5
19
16
17
7
15
16
12
12
20
14
13
5
5
16
12
9
16
8
7
15
17
9
10
5
11
14
8
18
18
15
19
10
11
18
7
8
7
19
15
7
9
18
8
9
15
18
14
11
15
19
7
17
15
10
7
13
16
7
11
11
11
11
7
11
14
17
16
20
18
13
0
885
144
988
267
917
871
150
695
60
165
1030
854
10
577
466
1031
100
492
146
140
773
298
442
377
763
650
903
386
656
1078
913
170
523
525
680
75
672
741
947
1217
509
709
371
697
887
105
1139
1106
80
1172
1061
889
937
207
974
913
1071
696
847
1088
702
290
1207
490
13
727
350
408
1129
204
310
598
1216
235
1061
380
331
1136
818
931
764
1094
185
920
811
1009
1201
124
1122
809
261
716
994
387
77
172
307
631
659
807
312
612
581
649
705
1035
190
406
794
272
253
995
992
389
1092
783
267
953
587
1134
377
478
977
172
347
350
883
407
569
613
782
395
1161
767
787
934
588
1018
676
859
1111
94
538
758
252
897
996
610
436
610
160
1166
158
910
905
1157
53
265
16
142
610
328
847
312
560
573
299
1208
685
1028
294
185
158
629
673
1088
1114
82
502
112
47
437
72
70
2
148
124
82
223
105
303
951
890
1139
716
61
304
1040
49
217
1138
1343
1205
340
1425
1463
1375
1308
783
947
2199
1889
326
1364
1299
1375
209
889
1040
395
1785
1260
491
1331
847
705
2114
1562
1680
1715
1024
664
913
1413
797
643
1777
1708
1599
1791
974
938
1001
1697
925
761
1942
2066
122
1840
1377
1781
1109
310
1281
1772
2215
1299
1266
2158
1603
413
2057
1669
450
751
966
464
2048
433
510
1800
1236
1246
2176
1313
812
1286
2009
2069
874
1595
279
1714
1153
1850
1264
519
1518
1603
1338
1180
1646
566
661
508
669
827
1538
1017
519
1028
820
1098
1576
1198
1142
470
1350
781
1329
1273
2173
1540
1561
1585
846
1205
1689
1796
1257
799
1715
977
1356
472
1274
1505
1342
1676
1785
1412
1641
1721
1053
1104
899
1057
1297
1763
1490
485
1653
1163
1434
1578
1202
710
1631
773
773
1717
357
1486
1307
1902
343
689
524
895
1135
669
1658
1160
1394
1767
420
2345
1812
2093
655
824
309
1428
1735
1154
2196
195
719
1226
131
1521
1144
394
271
1179
857
1011
740
257
539
1285
1187
2278
1806
179
722
1428
1240

