1
20
18
9
8
8
16
11
8
12
7
10
13
16
8
13
5
8
18
10
17
10
0
50
41
101
102
18
96
111
73
88
58
4
72
89
53
47
109
72
65
59
31
108
95
154
135
130
169
171
168
188
128
88
157
180
99
104
228
110
107
179

2
20
18
18
8
6
17
7
17
9
5
8
13
14
7
14
11
11
6
18
16
13
0
75
28
89
102
6
117
3
89
51
29
57
88
73
81
88
28
113
10
90
55
102
85
140
176
102
135
32
206
78
87
186
153
144
101
160
79
152
65
168

3
20
11
5
17
18
15
6
5
16
16
16
10
17
15
19
9
12
9
17
14
11
0
47
3
111
83
78
83
85
6
85
110
81
61
18
97
117
70
92
56
81
33
52
43
239
100
95
126
185
67
145
189
173
155
94
149
191
121
152
193
183

4
20
11
17
18
16
13
17
8
7
9
14
18
8
9
13
18
7
10
7
6
10
0
8
13
105
76
118
86
96
44
105
38
93
45
40
84
9
34
105
59
59
39
112
119
181
130
197
106
103
56
179
162
115
161
145
124
43
145
181
108
91

5
20
13
12
10
6
8
13
16
10
5
17
11
10
14
10
6
16
13
17
13
8
0
86
112
22
34
8
0
43
55
81
24
23
29
114
66
39
15
22
31
10
80
144
231
118
133
116
51
77
147
111
42
125
114
237
74
104
88
68
100
85

6
20
7
6
11
16
17
13
18
11
6
15
17
12
16
19
9
9
16
6
14
13
0
119
54
96
20
7
101
87
93
96
112
39
117
8
32
80
2
80
108
42
107
156
111
112
76
113
235
206
157
148
230
169
256
104
124
154
129
179
205
157

7
20
18
20
9
17
15
18
19
20
19
15
16
9
19
17
13
15
16
14
15
9
0
33
51
145
145
28
24
147
38
76
73
72
3
31
32
92
84
17
101
39
76
196
178
255
202
99
77
278
86
163
149
126
65
123
63
222
235
94
268
89

8
20
7
14
13
12
15
18
12
20
12
18
18
15
13
6
18
5
7
17
14
18
0
128
121
15
121
118
56
71
131
116
81
71
76
95
2
116
50
134
68
118
70
242
233
126
158
137
86
212
187
135
114
168
155
232
28
240
116
203
122
259

9
20
16
17
10
9
15
15
16
16
9
18
13
12
20
17
12
17
5
5
13
18
0
112
40
51
46
38
15
97
111
111
58
79
25
74
43
122
96
38
16
106
38
223
65
68
123
100
96
130
165
261
157
146
161
184
146
242
166
109
29
148

10
20
6
17
18
18
17
10
19
7
11
6
10
12
13
13
8
15
20
10
16
19
0
128
22
92
54
111
1
15
79
35
94
6
66
110
15
118
120
93
67
104
97
260
120
110
107
234
32
79
197
70
176
124
97
250
42
242
267
224
187
238

11
20
11
11
20
12
10
10
10
19
14
11
16
19
16
17
10
19
16
14
7
19
0
59
62
81
53
44
12
121
59
15
31
132
66
119
33
103
20
9
108
137
107
85
216
121
93
67
120
217
121
101
168
252
148
160
167
245
76
34
203
248

12
20
15
13
18
9
16
16
12
17
19
14
12
12
8
13
18
12
7
11
10
14
0
89
85
23
61
104
53
114
108
90
34
57
40
73
85
11
66
97
1
74
63
141
194
128
89
220
116
175
190
114
142
114
127
170
113
107
106
141
19
177

13
20
15
20
17
18
20
17
11
6
9
18
17
9
7
14
13
18
7
19
7
18
0
87
24
139
66
93
39
6
126
63
13
113
98
81
124
116
107
32
126
69
150
115
149
222
95
130
178
38
177
173
103
184
205
189
183
228
179
158
255
214

14
20
7
17
9
19
10
15
11
14
14
6
8
9
7
10
11
11
18
18
7
8
0
46
87
83
27
59
94
30
107
14
91
2
22
2
59
72
38
108
109
95
74
102
193
195
110
179
163
153
136
29
112
114
126
82
112
188
112
182
189
153

15
20
14
9
13
13
13
17
7
15
15
6
9
15
10
12
11
14
10
14
16
19
0
64
96
26
84
11
50
41
104
48
52
18
17
8
88
93
80
106
25
70
96
89
118
101
198
108
175
168
137
128
120
59
46
69
152
207
172
180
73
138

16
20
11
8
13
16
11
13
10
19
15
6
13
9
17
15
14
9
10
10
10
19
0
118
47
4
123
79
107
13
121
106
34
88
30
110
63
89
25
123
91
14
101
171
94
101
254
209
226
40
169
188
115
195
118
151
115
181
41
223
117
83

17
20
8
6
11
10
12
18
18
9
17
14
7
19
12
16
18
18
19
17
19
7
0
135
53
61
118
26
127
89
117
36
10
81
61
63
117
44
97
63
14
10
16
150
138
183
237
116
278
132
144
143
124
205
128
195
214
117
210
165
151
57

18
20
6
11
13
16
18
19
13
10
12
15
16
6
13
7
6
13
15
7
15
6
0
82
32
18
103
57
23
52
113
113
11
70
101
96
20
46
38
101
50
35
36
118
93
51
124
144
79
63
204
200
73
155
118
182
36
169
106
114
98
99

19
20
17
18
9
12
13
15
7
5
7
7
20
20
15
16
17
20
7
16
14
8
0
40
93
51
8
17
62
126
120
48
108
32
72
93
20
16
69
31
28
110
43
85
220
83
65
117
150
135
153
164
248
73
101
128
41
45
106
100
57
131

20
20
15
7
13
7
15
16
6
8
16
13
6
15
19
15
20
18
17
7
16
6
0
2
88
92
80
4
74
94
36
109
13
19
19
76
110
112
119
32
6
59
47
114
169
205
210
98
193
187
108
203
87
129
137
211
186
154
146
44
100
187

21
20
17
18
14
14
7
17
11
16
12
19
19
14
14
8
8
9
17
16
9
17
0
87
121
8
77
6
107
133
128
135
137
133
125
43
76
69
24
69
30
40
140
186
219
130
139
154
128
286
274
221
193
218
238
129
131
143
175
164
118
98

22
20
6
8
13
19
17
10
11
12
19
6
13
13
8
18
13
10
8
10
13
7
0
91
114
35
40
41
95
73
29
101
0
81
77
26
1
6
66
105
54
17
44
156
145
90
63
120
107
106
79
221
35
137
125
93
39
48
158
129
103
35

23
20
13
7
18
16
11
14
7
17
12
12
20
19
7
7
11
16
8
19
11
10
0
74
18
60
21
26
90
6
118
94
128
56
119
127
93
78
87
125
125
74
98
81
146
107
48
54
166
123
244
118
173
142
130
175
192
151
132
247
195
111

24
20
9
15
12
19
6
8
14
14
15
7
13
19
13
6
11
12
10
13
5
18
0
74
60
44
76
74
90
18
98
108
117
68
46
62
103
66
6
25
13
89
16
112
147
74
86
179
150
88
192
175
233
121
125
129
213
131
129
122
50
174

25
20
15
19
7
19
7
10
19
17
9
18
13
8
8
5
12
19
8
19
7
12
0
120
103
100
91
8
122
20
61
74
25
55
64
71
10
54
50
111
57
77
56
224
154
227
102
23
161
139
190
118
155
103
185
103
117
87
79
143
84
113

26
20
13
14
9
19
7
11
18
14
5
6
6
16
16
14
16
7
10
14
19
19
0
61
15
94
63
21
38
14
96
0
100
8
41
98
109
48
89
124
56
69
16
169
138
187
117
51
164
125
110
29
199
24
88
167
183
55
216
239
190
201

27
20
18
7
14
11
14
9
9
9
15
10
12
8
18
14
14
15
15
9
15
8
0
5
96
32
22
49
32
23
22
62
41
87
56
83
2
59
83
84
25
63
135
27
208
124
113
152
120
72
73
78
95
170
116
102
53
177
178
109
153
148

28
20
12
17
10
9
11
15
14
16
8
19
17
9
16
10
16
13
13
8
19
20
0
97
129
10
102
64
105
131
15
119
49
127
73
128
5
58
131
83
43
64
18
126
195
55
127
114
226
251
153
163
85
225
162
199
25
171
210
159
138
84

29
20
13
13
7
10
6
10
6
8
8
9
12
14
14
7
16
18
12
10
8
9
0
40
92
35
92
81
34
14
16
69
22
42
74
63
75
81
66
80
26
47
48
83
184
143
157
184
48
41
122
151
42
85
99
126
147
112
161
132
78
77

30
20
15
13
7
19
11
13
14
13
20
14
5
10
13
10
20
17
12
18
9
17
0
102
15
133
10
78
80
122
71
84
10
16
53
13
91
76
61
49
88
118
24
247
151
261
102
158
154
243
134
232
139
148
89
116
228
191
163
147
113
204

