1
25
18
18
7
9
8
15
9
12
15
9
12
16
14
6
12
20
18
13
11
9
9
13
19
9
6
0
87
22
28
20
54
6
113
72
16
56
81
51
26
9
23
25
15
68
51
35
36
64
144
114
31
201
44
120
155
219
62
131
101
92
167
190
141
106
24
188
52
52
181
179
173
63
188
205
127

2
25
11
18
19
20
6
17
8
19
20
18
8
14
12
8
19
18
13
10
14
15
11
13
9
6
16
0
55
159
123
94
133
67
148
66
133
2
145
154
14
158
79
77
144
98
34
110
97
161
26
114
144
185
217
277
130
275
194
322
171
316
93
271
168
150
258
236
214
223
122
148
171
230
212
123
261

3
25
16
15
15
20
16
13
14
19
9
9
18
19
17
13
18
15
18
12
15
19
7
19
16
18
19
0
98
140
152
145
7
54
148
99
120
173
174
34
114
120
37
109
83
130
126
72
83
93
109
77
148
271
324
286
259
166
230
203
242
319
346
290
188
176
208
166
206
198
277
219
112
211
161
228
118

4
25
12
20
12
10
6
13
6
16
12
8
10
13
19
13
12
17
6
13
16
10
13
13
11
5
19
0
92
122
35
122
53
136
49
65
86
72
59
68
20
32
147
140
31
6
90
135
49
0
109
100
18
169
145
173
211
78
146
139
207
114
216
104
239
63
155
286
288
52
155
111
219
201
58
201
261

5
25
12
10
17
5
14
18
13
10
17
10
9
9
15
17
13
13
11
11
8
8
16
15
18
13
7
0
35
135
152
10
61
127
71
120
106
53
120
10
78
81
42
87
96
76
114
152
31
83
88
123
48
168
208
255
37
216
250
233
144
162
146
177
99
111
204
114
189
221
116
245
222
106
206
182
223

6
25
17
14
12
18
19
19
19
19
11
9
16
15
9
16
6
6
10
11
7
13
18
13
20
9
16
0
52
15
156
1
43
140
20
155
144
96
15
27
68
116
52
14
16
114
115
46
119
20
44
93
65
180
36
286
149
156
323
151
244
319
163
70
136
232
146
79
159
77
245
261
179
147
72
113
188

7
25
18
6
11
16
9
14
19
8
20
11
19
19
10
8
9
12
9
10
5
8
11
17
9
9
14
0
55
49
58
89
101
48
59
94
72
147
112
123
58
18
106
131
50
51
114
137
99
138
92
94
71
99
143
123
168
221
132
86
149
139
174
259
276
152
71
246
160
142
155
184
290
147
244
231
185

8
25
11
14
6
6
13
12
11
13
19
19
20
13
10
19
10
8
13
7
18
11
9
20
10
20
13
0
40
156
135
138
56
53
18
120
145
143
65
68
1
114
101
17
95
146
97
78
113
85
136
69
156
182
255
153
268
179
157
120
168
266
280
115
159
81
285
115
178
227
286
205
207
224
255
278
187

9
25
18
12
8
8
14
9
16
15
8
7
8
7
8
8
6
6
19
12
6
9
19
15
20
18
11
0
55
76
70
97
102
138
24
10
6
128
34
71
64
22
72
137
127
53
31
141
91
98
58
76
31
151
93
175
162
147
273
138
120
41
206
121
151
191
43
197
215
227
62
138
274
166
194
85
211

10
25
18
12
20
13
5
14
13
16
14
19
6
18
15
18
18
10
7
11
13
16
12
10
18
17
18
0
36
100
88
53
122
161
37
82
131
146
9
127
169
40
123
61
22
75
116
157
142
86
162
76
68
151
197
117
158
146
289
192
238
201
219
128
291
214
97
223
119
38
97
214
293
188
186
306
168

11
25
16
19
18
13
9
11
15
14
15
10
18
13
16
12
19
9
17
19
6
17
16
11
18
17
17
0
10
177
178
63
124
15
175
139
82
56
142
64
150
171
42
65
123
177
145
56
174
76
83
134
58
152
224
338
124
304
83
228
194
267
216
300
97
219
240
84
208
174
208
167
136
355
173
116
249

12
25
16
17
15
20
19
14
15
7
9
14
19
16
14
10
5
11
8
6
5
15
18
10
10
17
10
0
28
154
59
134
145
12
89
57
3
133
91
109
58
125
2
112
85
133
101
57
112
137
4
85
125
152
249
186
236
223
98
218
118
24
210
166
240
111
136
50
228
121
279
176
207
153
150
180
160

13
25
14
6
8
17
6
9
16
11
17
17
9
14
10
7
11
19
12
5
17
11
12
19
15
5
11
0
40
43
68
106
135
17
78
78
49
83
33
119
141
107
119
105
11
93
102
117
0
30
43
115
36
172
177
109
249
158
48
132
125
95
110
189
139
159
129
177
231
101
134
261
199
71
122
182
244

14
25
10
11
10
15
9
13
14
16
18
10
16
8
18
20
8
10
11
7
10
14
19
8
16
20
17
0
15
60
160
93
0
42
117
80
131
36
106
96
118
20
149
124
104
37
131
75
99
77
73
137
34
180
97
291
250
15
159
187
252
209
85
167
216
283
143
271
165
198
195
194
234
199
250
226
287

15
25
14
8
10
16
20
13
17
9
17
8
14
7
15
14
17
5
11
14
14
15
8
17
6
11
7
0
28
80
125
84
53
149
66
64
119
151
27
109
96
38
10
107
115
96
107
61
151
69
13
64
45
106
139
276
134
123
263
164
209
188
222
182
225
213
116
49
169
276
190
124
80
261
130
33
143

16
25
6
10
8
18
19
9
9
17
19
15
19
9
16
13
10
19
7
9
20
15
18
6
8
12
18
0
54
83
45
144
85
38
121
9
128
76
109
72
9
96
118
7
122
85
71
159
10
103
8
147
10
66
137
81
195
158
112
171
37
152
226
207
127
67
194
278
94
243
239
218
254
142
118
181
232

17
25
9
11
9
15
10
14
20
8
17
14
11
19
13
20
15
6
18
11
15
15
6
13
16
19
16
0
0
52
142
1
81
148
86
153
6
91
41
53
100
109
41
69
133
44
137
50
133
163
104
56
171
147
118
200
25
257
261
238
172
151
257
103
126
270
249
146
126
149
220
154
160
180
249
130
120

18
25
18
17
19
19
16
18
9
13
6
8
9
7
18
13
11
17
13
18
9
16
8
16
15
7
15
0
77
133
167
166
162
52
104
127
55
107
57
109
156
98
50
15
94
45
47
137
21
6
92
96
70
189
186
211
188
312
72
251
271
186
233
129
131
178
191
93
46
163
130
155
273
149
130
104
147

19
25
9
18
8
11
17
12
8
8
12
8
19
6
19
11
11
13
16
10
17
15
11
16
16
10
15
0
71
30
44
11
16
94
51
15
127
68
42
6
1
74
139
6
91
130
30
37
131
146
56
65
36
192
155
179
92
139
202
77
46
196
126
148
75
12
152
186
133
253
262
77
167
272
192
93
92

20
25
8
15
9
5
10
15
9
7
11
8
18
14
17
19
5
19
20
11
13
7
5
13
5
17
9
0
80
24
67
31
48
74
139
64
82
114
129
30
10
64
119
86
109
99
105
54
108
49
9
129
53
113
110
205
181
143
93
273
139
96
135
183
175
99
94
270
113
243
189
192
158
122
121
127
149

21
25
11
8
7
17
19
8
20
13
8
15
13
14
17
5
10
6
8
12
6
18
10
10
6
6
17
0
23
140
0
104
137
44
106
95
95
78
41
62
126
31
67
91
117
35
72
47
126
26
119
58
24
59
252
17
222
190
126
160
123
197
218
79
201
132
73
103
230
184
166
117
75
216
96
237
140

22
25
18
11
15
13
6
9
13
8
17
9
10
8
8
5
8
5
6
15
15
11
11
19
8
19
7
0
82
52
97
5
99
24
26
126
27
9
79
81
98
118
42
77
100
109
54
28
61
96
67
79
27
145
118
134
22
234
142
121
262
164
21
178
144
186
233
82
132
183
141
127
89
202
121
177
184

23
25
17
13
19
10
9
11
17
7
8
11
20
19
7
16
12
13
14
7
13
13
8
7
11
15
17
0
9
54
61
70
76
136
48
72
75
137
28
108
110
5
74
124
88
91
92
116
27
85
133
143
135
131
94
129
142
137
217
134
218
241
289
141
175
192
163
189
264
208
165
254
220
34
244
251
278

24
25
15
5
20
16
12
12
7
9
10
20
16
16
14
7
5
16
7
15
16
19
7
12
6
16
7
0
42
59
65
6
138
7
70
9
26
51
15
35
60
47
107
87
138
50
90
44
145
73
78
99
133
118
160
131
38
179
18
185
27
134
161
179
61
217
175
205
222
248
93
183
75
209
191
188
186

25
25
10
12
20
9
17
14
9
19
16
14
18
15
9
9
8
18
11
17
8
15
9
14
20
17
19
0
1
60
106
148
125
122
79
37
19
149
153
119
31
158
127
140
117
25
9
44
118
64
124
5
147
108
98
215
224
175
234
189
186
112
172
212
240
53
193
290
212
227
52
134
56
205
233
158
133

26
25
6
18
6
5
19
13
18
12
13
12
8
6
8
18
7
18
5
7
16
8
5
6
9
8
8
0
79
118
73
96
101
54
48
17
117
24
97
100
31
87
3
6
7
42
84
100
125
79
92
96
124
139
202
188
165
225
189
145
85
201
151
209
222
153
220
57
78
21
64
175
169
184
168
182
188

27
25
18
11
5
10
8
6
18
19
16
19
19
11
9
16
6
6
11
18
15
12
14
16
6
11
17
0
113
71
0
59
112
47
70
101
84
134
24
48
111
36
22
81
116
98
36
58
25
50
54
16
135
155
199
79
216
194
168
150
145
114
202
54
189
221
42
35
200
186
212
166
169
54
178
222
83

28
25
10
18
11
18
15
14
20
15
13
18
8
9
7
17
12
13
12
18
13
16
14
10
11
9
13
0
139
90
158
49
94
46
104
90
28
142
101
158
85
47
66
132
144
7
60
31
118
102
105
88
29
263
147
339
195
240
131
203
224
47
312
150
272
143
98
193
151
239
83
175
74
280
156
280
200

29
25
12
7
8
16
6
17
10
9
19
12
17
8
6
16
11
8
16
7
17
13
14
11
9
8
9
0
40
72
14
90
45
46
135
26
79
59
94
117
18
113
78
11
84
122
114
113
87
55
6
93
23
118
103
131
101
186
99
240
128
109
102
237
158
166
215
119
149
159
216
241
180
105
67
18
229

30
25
9
7
12
7
14
19
18
13
8
18
18
15
5
18
8
16
12
16
7
11
5
10
19
10
15
0
150
94
142
26
112
8
141
122
49
29
137
48
80
131
61
76
67
16
89
48
55
122
34
147
92
214
234
277
132
257
111
265
264
163
171
189
135
201
185
188
194
83
65
212
93
114
259
97
311

