1
250
17
8
8
17
8
18
14
13
14
19
12
20
10
14
20
7
12
8
8
11
15
14
15
19
13
20
14
7
19
15
11
13
14
19
9
8
13
20
7
5
7
17
9
17
8
11
20
10
9
12
15
19
10
16
7
19
5
16
15
5
15
9
9
8
7
15
8
12
11
15
16
13
18
11
13
15
10
11
5
6
7
20
20
7
8
16
9
19
11
9
19
8
17
19
9
7
5
5
15
14
7
9
14
9
12
8
14
19
10
7
11
10
6
6
14
14
7
17
17
7
9
6
7
6
6
14
13
20
15
18
6
8
11
16
17
11
12
14
19
9
8
6
9
10
20
8
8
16
15
19
6
16
8
17
12
18
16
6
5
10
11
11
8
9
10
6
5
8
10
14
9
19
8
11
8
7
15
8
13
10
14
17
5
6
13
12
7
19
9
19
9
17
14
7
19
10
12
18
13
6
11
9
9
19
7
6
15
19
17
8
15
14
7
6
9
11
14
12
12
12
15
13
11
8
10
15
11
14
17
14
10
8
20
6
6
11
9
17
15
20
6
13
15
14
20
19
8
7
15
8
0
136
220
394
1472
488
192
1064
147
1052
832
896
498
95
53
399
1081
933
646
16
248
1256
685
1476
1233
1204
847
200
765
1120
889
1296
1022
972
64
1301
351
750
608
1082
1075
387
696
1003
264
1488
1381
454
301
466
495
662
641
758
997
1492
120
853
766
132
1088
754
301
296
1409
17
1303
991
1452
139
1210
385
149
854
2
243
1295
118
441
152
1169
801
125
1389
1041
989
1353
659
728
802
1318
1038
325
1124
577
934
631
274
1277
344
1009
1359
230
164
144
472
584
954
1424
1362
893
835
31
1322
259
394
1254
1411
755
845
816
680
1000
332
630
629
918
1
1219
498
1111
848
907
626
430
1468
1270
483
589
110
1147
1120
469
717
1122
155
923
961
760
971
1242
789
56
351
596
519
840
142
574
124
149
1170
1224
119
1209
1113
139
729
1168
865
450
1264
632
757
1429
861
135
138
1443
1010
205
1089
419
585
35
1404
189
226
960
22
334
800
793
18
1339
856
157
996
716
209
888
338
1394
1109
1213
1122
105
696
650
1356
442
557
1402
1179
415
188
1263
1183
655
186
667
115
1035
1389
967
978
478
395
149
926
583
540
405
843
961
1423
911
1056
343
1004
695
1140
328
226
1358
143
423
903
194
251
696
382
1035
1656
2051
1614
607
1827
1603
2228
1110
1956
1701
827
187
479
1564
1054
1063
408
326
2202
911
1536
2556
2474
2094
1055
1956
2046
2066
2206
2267
1826
477
2049
1730
1302
1356
1838
1443
600
1464
1984
1335
2592
2233
898
855
651
570
2076
868
1758
2055
1850
1533
1856
1146
1305
1557
2003
1782
1471
2503
77
2455
2388
2873
244
2290
1532
296
2012
73
1558
1550
513
1253
245
2278
1543
1533
2795
1361
1033
2372
743
1667
1197
2093
2496
930
2426
902
1769
1947
1303
2689
1330
1246
1444
1110
968
1604
1265
1343
1620
1768
1521
1105
1256
1401
2813
1378
577
2654
2701
2059
1322
1792
1693
2098
373
1586
936
1244
1400
2007
584
1819
2117
1309
1283
511
1835
2615
1467
1206
193
2633
1456
1568
760
2484
1466
1011
2425
848
1311
1766
859
494
902
1832
1261
1820
520
591
202
790
1235
2488
639
1240
1423
634
1409
1757
2063
511
1423
1524
1475
2927
1668
502
1261
1804
2018
697
1207
1166
1124
558
1660
876
1077
1071
534
1718
1169
2146
1503
1810
1813
453
1444
2136
1551
1675
368
2114
2017
1507
2061
1450
1027
2153
2337
1087
612
2216
1599
1857
1072
1482
1723
820
343
1551
1110
1851
2839
2140
1955
1815
1704
1061
1692
1599
1233
1742
2012
1831
1792
2388
1592
1316
1905
1865
1197
1158
1020
2177
1084
1423
1183
1009
1152

2
250
5
14
18
10
16
18
12
7
11
18
6
14
14
8
14
19
20
11
8
8
16
11
16
16
10
9
7
17
17
17
19
20
8
9
16
12
15
16
17
6
12
5
13
7
6
9
10
17
6
20
6
16
6
12
12
5
8
7
10
10
19
7
9
19
12
19
19
19
17
12
8
9
12
13
17
16
15
6
9
6
7
16
18
9
14
17
9
13
12
11
18
16
16
8
19
11
11
6
8
13
17
7
16
9
13
7
18
17
11
6
7
17
6
19
20
7
16
15
17
10
8
10
18
12
10
5
19
15
12
17
11
7
15
7
17
16
14
8
15
16
11
20
8
12
14
13
16
12
7
9
10
19
9
14
8
17
5
18
18
12
15
18
11
9
16
16
12
18
11
19
9
15
7
14
7
5
11
8
12
13
15
8
16
7
7
14
19
19
11
7
16
17
20
18
7
14
13
13
9
8
11
20
14
19
10
18
11
16
15
8
14
8
14
5
8
10
10
12
6
20
12
12
6
9
8
16
12
13
18
9
9
17
20
17
16
12
7
5
17
10
14
11
14
11
11
14
14
7
20
19
0
1174
1503
464
668
9
1110
1150
585
678
703
1497
1335
241
78
246
582
1338
494
1291
404
1065
1470
17
734
1439
88
1237
1311
635
1069
107
432
30
1293
607
1529
332
832
1403
220
1500
1043
202
396
47
1115
1182
723
15
540
1505
97
1489
142
958
995
132
1304
1329
1372
737
715
455
970
55
633
749
193
1323
678
1154
190
131
551
147
1072
914
19
656
656
575
538
704
51
96
1118
1314
1255
970
608
1406
1527
399
586
290
993
1515
682
927
72
956
862
151
78
1346
940
1280
775
46
882
873
417
178
12
709
1455
1531
234
1444
826
150
418
858
877
1150
1176
84
1050
30
892
53
132
1164
670
929
493
582
644
864
291
170
604
567
1066
727
1469
650
1048
322
224
1365
49
171
1446
1074
328
658
489
1526
1149
656
566
605
1145
17
21
988
1505
1147
1082
1292
650
152
1416
1259
1560
1044
1008
99
508
1212
1325
752
288
457
1123
760
1034
549
290
1273
764
675
426
810
1000
1111
1038
613
1081
140
396
706
1562
1253
1491
997
322
1564
843
630
195
390
1284
504
809
476
1432
622
1261
155
1418
332
392
547
1047
900
961
1050
218
1313
1348
966
1276
815
1418
870
1204
619
1490
1209
1476
1131
709
1133
45
1173
337
1312
1080
1432
2608
1673
1335
959
2679
1938
1887
2241
1677
1908
2303
1374
852
1089
609
1989
917
1661
1981
1693
2333
544
876
2376
1427
2546
2646
2061
1278
1096
616
1253
2142
2164
1644
616
1405
1781
1674
2234
2266
759
1418
930
1493
1286
1278
1243
1108
1877
1182
2645
1611
1016
1152
1491
1343
2453
1454
1827
1871
1102
1259
940
1717
2220
1153
2784
1651
2654
271
145
1121
767
1460
1960
710
1405
1121
1445
1539
1455
539
557
2281
1794
1290
2027
1888
1534
2803
1694
927
1821
2209
1625
1718
1385
391
1947
2010
259
380
2707
2195
1785
1982
250
999
1027
695
1682
1077
1396
2567
2660
615
2322
2068
816
791
1063
2026
2362
1741
329
2141
317
1115
504
777
2470
1119
976
887
1549
1711
1843
334
1465
1828
933
1463
1493
1846
820
1293
1044
771
1805
479
1453
2150
2061
1591
1928
1494
2754
2163
693
2058
1687
1479
1379
861
1482
1551
1291
2256
1796
978
763
2756
1663
2607
2494
1372
1675
1045
2375
2366
2228
630
1752
2367
2097
1729
2043
579
2450
1138
704
554
2046
2537
2427
1667
1292
1461
757
1829
2215
3020
1677
1888
1905
1100
2093
1976
925
722
1274
1929
658
1268
1585
2566
1590
1954
239
2611
1830
1917
1906
2107
1524
1763
2061
924
2798
2149
2417
1630
1786
1726
1910
2109
1566
2586
1311
2933
1522
1695
2259
837
1633
451
2889

3
250
18
9
5
15
17
10
9
13
5
18
20
19
19
11
10
10
18
19
11
14
6
17
7
16
8
9
7
16
12
7
5
13
6
15
17
9
12
19
13
10
14
6
20
9
15
12
8
15
9
20
12
17
16
15
15
8
7
20
7
5
13
8
13
11
9
9
17
19
11
15
18
17
20
12
13
16
8
15
10
7
19
12
12
18
5
16
18
16
11
13
9
15
14
8
18
19
13
19
12
15
6
14
13
16
20
20
6
12
17
17
7
8
13
15
8
7
9
12
11
17
17
13
17
14
7
17
9
19
6
8
15
8
13
17
13
9
13
6
11
8
9
12
14
15
18
8
14
16
9
14
16
6
11
11
7
12
10
16
17
8
11
6
14
5
12
10
16
16
14
17
16
13
6
12
19
16
6
11
7
13
15
14
9
15
9
17
9
17
6
15
13
5
6
20
19
11
9
11
7
18
13
14
15
18
12
13
19
15
6
6
15
8
14
8
11
17
17
5
12
17
16
12
9
18
17
7
15
12
5
7
12
14
16
15
9
9
8
12
14
7
11
13
13
9
20
6
9
7
12
19
0
787
882
847
1442
1463
935
717
38
631
61
525
1171
544
316
1096
838
1472
1115
1176
158
968
73
546
912
436
1487
438
1361
9
806
1329
1507
816
1325
479
1345
330
367
151
1277
1427
1173
907
657
609
205
229
545
940
1424
430
411
1129
1024
989
1090
79
404
1041
616
1023
189
1181
1462
114
428
730
253
1140
210
1418
266
784
55
1177
661
117
321
1456
1206
732
537
850
1339
754
685
8
1201
485
9
1525
606
247
582
192
476
171
334
226
1128
63
1448
400
411
1321
127
799
74
1232
784
137
17
319
425
14
1260
608
257
610
395
1480
1220
1086
1024
549
1546
69
46
1550
1293
167
756
905
833
1004
1274
67
1356
256
946
1305
597
1210
1220
1360
1167
1190
97
1311
1380
1377
207
408
1500
1495
54
1541
1526
1202
941
784
100
1219
641
1102
226
1153
137
906
261
1052
707
652
755
521
552
1480
944
886
932
227
1463
1131
1439
1467
1086
879
597
1134
957
1117
87
1257
989
400
778
1055
365
571
1327
575
794
1046
1505
1000
1135
384
797
491
711
1299
674
795
1466
498
1056
157
1430
1494
935
201
712
691
1459
763
77
420
1213
1019
873
783
666
1110
350
672
869
817
497
242
901
392
1078
982
949
86
1230
342
1515
385
548
1194
1842
1891
2007
2520
1472
1571
960
987
562
1649
1443
995
1350
1618
1501
2877
2168
2728
1312
2324
713
1265
1683
1505
1810
1703
2405
234
2242
1809
2226
1165
1933
1579
2016
786
1745
710
1791
1672
1474
2193
1232
2174
1643
770
2058
1959
2642
1788
1595
1638
1631
1019
2351
672
910
2110
663
2509
451
2100
2324
523
1828
1572
384
1624
1322
2569
430
2021
871
2545
1840
283
515
1879
2077
2195
1141
2235
1972
1761
1349
712
1799
1630
174
2371
1565
1306
1948
1502
1531
905
598
759
2687
1516
2233
1777
1257
2094
864
1814
439
1533
1873
225
973
1373
467
1081
1306
757
1758
1633
1536
2200
2343
1250
1719
1342
2712
359
1079
2421
1698
498
1013
1695
1576
1643
1358
486
1717
1575
2410
1341
1575
1271
1816
2003
1595
2475
448
1471
2928
2852
439
1816
2056
1537
1356
2735
1585
1460
1172
2240
485
1461
1899
1920
811
1696
1439
2183
1832
1168
1232
1459
1384
2013
1889
2068
2061
2043
2319
607
1482
1237
2564
1584
1497
2229
1158
2620
1723
2271
892
2267
1381
527
1504
2079
1088
748
2661
1291
870
2342
1740
2168
1225
1895
2125
1165
2270
2551
969
1190
1575
698
1556
1119
2515
1622
2334
1325
1363
1119
2971
1343
715
1654
2695
2125
1754
1618
2024
1404
1329
1497
1455
2288
734
1225
2356
580
2283
1420
1855
133
2367
1371
2407
1758

4
250
19
5
14
18
15
12
12
12
18
5
10
15
20
18
11
15
6
12
10
12
17
19
12
14
16
10
17
14
6
14
19
17
10
5
18
11
13
14
16
5
19
10
6
14
15
16
17
7
15
19
13
19
14
8
13
16
14
6
17
8
17
10
13
6
9
8
11
10
20
8
9
14
16
11
16
19
19
8
7
15
18
6
18
19
16
8
7
6
7
11
5
8
6
14
12
18
5
15
9
6
11
8
12
14
15
13
9
19
16
16
9
16
6
17
12
11
18
8
18
15
7
10
19
7
12
13
11
9
7
11
15
20
16
20
11
19
18
6
19
9
13
7
18
16
15
8
16
10
8
16
10
11
11
13
11
14
10
16
20
17
20
9
7
15
13
11
18
10
17
10
8
16
10
17
11
13
6
5
11
18
14
17
16
15
16
18
13
12
11
7
12
16
6
8
14
17
16
15
14
5
17
12
17
8
14
9
6
16
19
6
10
10
8
17
6
15
7
16
18
15
19
8
5
19
19
16
7
11
18
10
20
20
8
13
18
16
13
16
18
14
15
5
19
9
18
13
8
8
11
18
0
1599
773
1185
932
805
66
169
1019
140
730
217
637
369
1295
850
678
1236
875
904
912
1013
1510
1296
670
1054
300
31
436
1209
975
876
817
1532
164
373
914
948
398
217
571
320
304
77
534
569
1244
282
173
104
39
1444
1226
1391
637
55
1205
543
1574
710
916
144
69
817
149
1596
14
425
1181
1201
703
1035
543
657
1558
1238
1507
207
1283
1034
536
1083
1119
275
948
1513
236
1486
647
126
918
922
775
607
383
488
1318
1065
1300
406
140
344
242
443
1471
1539
533
1576
726
175
734
739
1268
1273
419
885
1208
1584
92
238
1060
415
98
569
708
916
965
1548
1349
1264
453
230
47
6
924
1111
546
601
1520
1419
809
1015
1570
281
118
1423
893
1214
589
1459
1040
604
1154
872
1128
402
458
637
311
905
318
765
549
662
610
1469
909
962
1202
730
1060
344
225
1322
414
592
1087
1132
945
52
1522
642
165
532
1095
1407
1475
425
420
589
1169
317
1350
194
119
116
584
862
1007
1165
330
462
745
377
1293
936
1336
1056
26
448
827
238
690
1489
401
1215
894
782
456
1488
38
1238
936
1591
1020
622
1140
1056
977
365
1477
1341
1066
383
814
1196
584
950
1460
1107
634
1470
1044
662
223
1206
933
702
415
1408
855
2097
1792
2306
2206
1005
632
556
2077
543
985
440
1086
1547
2905
2394
843
1375
1000
1424
1486
1258
1584
1657
1434
2126
1619
1491
837
1508
1964
2240
1658
3131
1049
1935
964
2176
1441
1648
1290
1034
1004
363
773
930
2828
878
1309
270
1008
1464
2290
2547
761
150
2163
978
2552
1033
1007
1466
604
1533
666
1795
1042
836
2216
1437
877
2448
1805
1259
2057
1343
2596
480
1747
2145
2045
1373
1163
1367
977
1777
1074
2405
1939
339
1003
1299
1484
1001
480
565
1506
1617
1609
1930
1142
1190
596
2026
2344
2674
558
2025
1770
931
1550
1393
2185
1704
1725
1111
1591
1975
632
601
1142
1495
309
1188
1587
1461
1496
1960
1776
2608
1877
671
1076
328
1520
1588
1727
1619
1890
1564
1629
1065
1794
748
1003
2695
2289
2795
1877
2687
1585
1749
1831
2258
1416
1715
669
717
1272
928
775
1306
1845
955
2200
2209
2295
1213
2060
2166
2662
1242
802
2631
1316
1226
2604
2349
1709
1003
2917
1535
651
617
1374
1725
3055
1174
1421
1119
1492
1111
2655
337
867
839
1632
1954
2439
1511
767
1651
2064
1183
2825
2204
1492
1157
69
1537
1368
392
1037
2265
1785
2033
2019
1889
1619
1581
225
1551
1584
1890
2162
2032
2334
2039
1369
728
2406
1993
1753
1926
1714
2078
1717
2532
2998
2550
899
2431
1947
1367
717
1912
1900
1743
1363
2861

5
250
19
6
10
15
11
17
19
5
19
20
5
13
19
18
15
18
12
6
15
11
9
17
19
6
15
10
8
10
20
10
13
19
16
18
15
17
8
12
14
10
18
16
20
20
18
8
16
10
10
9
14
8
20
20
6
9
13
9
17
8
11
15
12
11
10
11
8
15
17
12
6
9
12
15
15
7
8
6
15
16
8
6
18
11
7
18
10
17
13
13
10
19
6
5
10
11
15
14
15
12
7
10
15
14
12
12
10
11
16
14
13
5
13
9
12
8
13
8
19
18
10
8
5
14
8
7
11
15
19
6
10
9
19
6
7
19
15
14
18
11
5
5
14
13
9
9
8
16
18
20
18
6
8
6
13
9
20
20
20
11
15
8
9
9
19
16
7
6
11
9
18
15
15
5
9
11
16
13
9
9
17
14
14
16
13
17
9
20
10
17
14
11
20
8
8
16
15
17
15
15
13
13
13
17
6
12
7
20
14
20
17
18
19
13
14
15
10
16
9
18
7
6
18
18
9
6
11
18
16
6
16
15
6
8
16
11
15
13
19
11
7
14
11
20
16
16
12
6
20
7
0
411
116
373
1111
1044
927
475
787
1473
1460
775
642
885
980
1100
1198
74
341
1073
980
977
388
1156
1510
620
1321
785
414
96
1296
383
1426
912
1249
575
1110
1429
1519
612
110
567
437
436
327
904
1060
478
970
929
1348
432
845
256
903
623
797
1209
1155
857
1000
505
421
387
1282
376
336
210
748
1169
1316
239
136
30
379
496
16
465
672
444
1417
356
96
851
417
1261
43
727
710
222
65
67
823
583
484
921
604
1448
925
119
1063
711
953
1021
1019
1381
292
1167
1059
673
67
647
824
728
950
721
164
1396
1237
1081
1228
1283
249
135
1454
764
572
370
1462
1477
277
997
372
753
318
514
982
841
814
926
495
1296
334
1377
297
705
404
1454
1001
1482
838
353
402
1133
788
1049
157
150
611
932
830
436
454
219
602
654
145
86
1070
427
1052
1272
564
767
239
401
597
1572
1337
1145
1120
1002
790
1026
686
723
810
1064
977
1256
1372
695
86
922
400
1350
962
23
423
165
396
24
159
384
783
932
971
882
553
901
341
908
742
1272
711
1472
1023
459
1080
1456
485
509
1296
1558
263
232
692
1470
1103
298
399
238
895
557
507
1050
1112
719
1394
289
231
472
394
123
536
686
1061
708
4
201
843
599
575
1308
2374
2375
1407
1939
1179
2171
2588
2369
822
1336
1985
1941
2558
1231
730
1969
2201
2481
1343
2679
2882
1823
1357
1849
1991
1668
1940
1253
2348
2320
2764
1587
2485
3006
2555
1435
247
1092
2024
1510
986
2439
1414
1147
1383
947
2369
1293
1838
341
1368
2193
2364
1252
1950
2132
2186
1690
1238
1578
1944
1543
1890
1296
1787
2570
1674
545
805
812
647
1403
464
654
2107
1400
1616
1908
1256
1154
903
1455
1046
1493
1667
569
112
548
2143
1066
1743
1933
1644
1623
1462
280
1512
1230
2235
2402
2209
2496
504
1557
1664
734
112
1066
951
771
1899
1433
554
1682
2478
1366
2357
2172
509
1340
2511
1850
1338
1550
2930
2006
683
1653
1086
1633
1806
718
1920
1880
957
1520
1873
1956
1479
1842
1512
1396
1409
2137
1589
2561
1917
1113
962
1453
1957
2561
471
622
1567
1336
2247
1485
874
704
1140
996
1684
379
1846
1909
1832
2556
1332
1375
1653
709
1999
2218
2136
1749
1355
1699
889
1766
1635
1031
2150
2360
2377
2750
2862
739
515
1296
665
2330
2056
555
465
1677
455
108
305
1257
1488
1658
1341
1132
770
968
586
2072
1667
2407
1410
2798
1875
1214
2485
2114
1677
1853
1442
2462
1485
407
772
2006
2334
876
1977
1764
2222
1195
1978
2239
1980
1602
1750
1872
662
1008
1658
202
862
945
1230
2239
500
1644

6
250
13
20
10
15
11
5
8
9
9
14
11
8
13
11
13
10
9
16
6
5
6
8
6
8
19
6
6
17
7
18
6
9
16
19
16
11
6
9
9
13
12
16
18
5
8
8
18
20
17
19
18
14
18
20
10
13
11
15
17
8
11
9
5
8
16
17
12
12
19
15
18
15
14
8
6
13
7
16
11
13
10
6
10
11
12
6
19
19
8
18
12
7
12
13
10
10
20
9
17
17
16
12
18
12
19
15
10
18
11
10
6
6
5
18
10
20
10
19
16
7
16
18
17
18
18
14
10
7
11
9
9
14
20
11
7
11
17
17
16
12
18
15
12
11
10
8
9
10
19
16
14
14
15
6
20
8
15
6
10
20
19
16
7
13
19
19
13
20
6
14
13
7
5
10
12
12
19
9
8
17
12
8
13
17
17
19
15
6
19
11
13
7
6
18
7
15
15
6
7
14
17
8
18
10
9
12
19
5
18
10
13
7
16
16
11
7
11
8
7
6
12
12
11
18
10
6
13
12
19
16
17
15
10
16
7
14
17
17
15
15
11
15
10
14
14
12
10
18
19
14
0
345
196
1060
1384
330
446
1078
1130
68
1347
642
338
899
382
445
1058
740
219
857
1329
983
1544
135
1522
194
992
816
246
333
115
251
231
263
748
1552
1518
704
548
558
815
101
92
758
976
849
841
801
883
671
669
266
1041
1099
718
1231
1426
29
515
1176
253
311
1386
185
1544
1328
1358
757
1010
840
17
1263
402
665
1233
506
1058
1184
860
339
176
179
606
300
55
1344
710
963
579
985
81
588
853
555
419
194
627
999
651
65
787
1482
153
1258
1386
797
224
1383
1181
504
329
1348
300
269
538
1394
595
133
396
1534
599
162
946
380
25
1257
162
1219
1314
695
1018
519
1239
287
539
617
809
364
987
1412
1404
592
558
288
1296
1212
43
504
1215
632
68
885
217
195
301
1535
1474
1090
286
1510
1417
1105
791
1256
649
1229
613
1417
658
65
250
1405
1248
146
1142
329
315
979
902
511
1496
1358
1442
533
1540
1415
673
1561
534
345
313
1323
560
614
501
1070
1463
497
1231
1479
31
1431
75
267
1260
1047
1533
381
1019
1505
832
821
479
872
1384
869
657
288
527
758
1401
926
1186
1353
180
9
1318
1544
887
596
1537
632
1402
561
28
1257
1449
524
1032
1359
1050
858
1323
496
1371
922
1315
1158
165
376
544
1012
1671
1162
1964
1505
842
1992
1486
867
1646
1597
879
1619
1621
1106
1377
1782
1512
1417
1697
2479
2978
1214
2903
1588
1566
1001
1193
1454
1461
1636
668
1125
1476
2962
2200
1501
2101
1625
859
1377
609
1782
1172
1710
1761
1850
1096
1274
1959
317
1158
2119
1011
1556
2017
355
731
1639
1651
1171
2396
876
2132
1961
1525
1416
1473
1512
1154
1883
733
1063
1480
850
1851
1846
1378
643
1344
782
1983
1355
739
1917
1420
1693
1391
2566
377
1138
1367
1557
1353
1429
1074
1468
935
1579
1030
1596
1697
1808
1622
2334
1069
1417
2070
626
697
2349
916
1675
1540
2417
1400
1453
1684
2074
1985
1450
1272
1205
726
2248
1714
1718
1391
1231
2013
1934
1494
755
1270
1727
1776
1774
2497
2682
1862
1889
1604
567
2606
2590
650
1035
1838
704
973
1339
911
1682
1104
1647
2540
1811
710
3042
1640
1748
940
2260
1196
1609
679
1672
1902
1177
1158
2001
2120
516
1354
1108
679
1169
1006
782
1595
1757
1680
910
2461
2202
801
2041
1130
901
367
1638
1196
858
1802
2032
2499
967
2330
2917
487
2826
400
1133
1544
1316
2036
1670
1237
1765
1271
1737
1147
931
1591
1931
824
793
1400
1637
2634
2188
1232
1373
387
28
2527
1989
2389
897
2525
1789
1526
1680
496
1527
2800
1734
1100
2813
1883
1401
1756
617
1812
1252
1728
2160
497
509

7
250
9
8
6
14
7
19
20
8
12
7
20
18
7
18
14
8
20
7
8
12
9
6
17
16
20
7
10
18
12
15
12
8
6
14
9
17
13
19
6
17
9
16
11
14
15
8
14
8
6
9
16
19
8
7
16
10
19
10
8
12
16
17
19
19
15
8
11
16
9
16
17
12
19
14
17
19
19
6
10
9
19
15
17
7
7
11
12
16
11
9
12
15
10
15
6
8
10
13
9
5
18
11
7
17
6
11
15
15
15
9
11
18
16
8
18
11
12
17
15
10
8
12
12
12
15
12
14
17
18
19
16
14
17
14
11
9
19
15
11
19
18
8
18
7
8
18
6
9
17
16
10
13
20
14
14
20
7
18
17
10
20
6
11
14
16
12
9
18
9
6
8
6
14
19
7
20
15
16
14
13
20
7
18
8
17
11
6
17
14
20
9
7
18
11
19
14
13
16
18
13
16
9
10
17
7
18
6
8
10
18
12
10
18
12
6
8
14
12
6
17
16
14
7
10
10
13
17
8
9
14
15
19
12
6
18
20
17
19
19
8
16
10
14
5
14
17
7
7
18
14
0
982
1587
997
6
1282
1177
58
193
717
898
1550
1519
988
1049
418
321
1331
1457
557
1272
471
636
687
550
1551
462
587
1052
1226
571
1252
886
1092
1189
621
1563
170
185
191
1220
203
1485
73
2
125
1345
1017
613
233
123
606
671
452
1263
532
1587
373
139
914
117
1515
1559
178
170
220
1142
547
1352
528
1469
725
235
135
1450
1520
995
1241
887
1170
728
1001
432
1297
693
553
393
254
771
162
1043
1223
1079
205
1488
576
147
1214
1333
1518
753
219
607
878
1586
715
591
474
273
1358
985
562
409
1591
890
1091
1538
566
652
404
69
241
791
1043
942
263
1493
1052
586
348
494
1318
397
968
852
924
37
388
764
1405
888
1359
992
1534
1058
1413
456
306
1053
939
1106
979
1495
1389
660
151
775
492
751
1263
1306
171
1019
1193
159
335
289
584
37
659
1063
1005
318
1177
1515
1062
914
1333
144
1114
1145
1162
466
1423
693
1022
775
181
892
346
1299
316
573
1472
938
1033
770
1351
1471
633
1269
1279
1037
1034
110
1395
1205
384
1479
462
1420
1125
1365
1382
307
631
1383
1223
106
1413
857
1538
6
1584
1519
75
338
979
599
1274
176
1295
253
239
683
290
1054
38
1572
187
1092
969
1386
1406
511
788
244
156
915
713
1293
2155
2678
1021
1431
2762
2098
1351
1566
2148
1396
2796
2989
1639
2652
627
794
2373
3051
1168
1844
1083
2006
761
1375
1626
1915
1435
2212
2237
2087
2532
1867
1326
2438
1024
1673
802
539
834
1411
1625
1980
1469
425
1114
1652
1486
1868
1207
1131
1428
1271
1685
1984
1745
2499
671
1604
1325
460
1923
2179
1518
1292
1442
1387
2081
2852
1297
3021
2234
1707
361
3014
2493
2383
2151
1960
1347
1959
2253
1467
1935
1211
1641
1253
1578
889
848
1356
1880
2250
1669
2014
1320
1008
1841
2381
2828
1836
1670
1987
1621
2237
1321
1238
1905
612
1390
1619
2110
968
1647
1959
1819
1975
828
990
748
642
351
990
1205
1213
579
1925
1915
2040
1927
1572
2842
768
1057
896
2342
157
1141
1152
1504
1835
1986
1571
1722
2563
2095
1794
1057
1157
2428
2048
2297
1535
2276
1638
1545
1069
1074
1874
2497
2656
1196
1197
2543
717
1882
1245
677
1059
1347
2130
2340
397
2404
2431
2322
1291
1527
1505
2164
1672
1701
1800
2103
2204
1795
909
1195
1276
838
1541
1618
1650
2510
1634
1688
1640
1877
2664
1771
1491
2008
1645
1617
803
2775
1357
433
1786
1230
2871
2118
2120
2062
479
1796
1830
2219
952
2601
1747
2480
329
1926
3129
747
1304
2525
783
2062
1232
2098
1643
1640
1679
580
1646
156
1603
1596
1203
2561
2594
2023
1607
2169
1291
677
1695
2133

8
250
11
19
7
11
12
11
16
13
7
8
7
12
14
19
11
8
7
8
9
12
11
8
11
10
15
11
19
19
16
16
9
10
18
10
17
15
13
17
5
16
6
10
13
19
16
14
15
5
9
18
9
15
13
18
19
9
12
12
20
16
13
10
15
8
10
14
6
19
6
14
10
19
19
18
17
7
13
16
16
8
17
18
10
7
11
14
18
18
11
17
11
18
12
13
19
19
19
14
10
10
17
5
11
7
19
15
13
7
7
15
5
16
6
11
9
18
10
19
13
8
13
6
11
14
18
12
15
19
10
16
17
15
12
7
9
13
15
7
18
13
6
14
10
15
6
6
14
12
13
12
14
13
6
11
8
19
5
9
16
6
15
17
8
13
16
18
7
13
8
6
16
14
13
13
14
10
7
17
13
9
10
14
19
9
20
7
14
11
11
6
8
6
15
20
12
6
12
8
16
15
10
13
5
10
7
13
6
7
9
19
10
10
19
16
17
7
17
8
9
11
12
16
13
20
12
17
18
20
12
19
16
14
9
8
8
9
8
13
11
15
19
11
15
9
16
7
16
17
13
18
0
1057
1232
979
203
680
1498
1448
545
1220
1342
935
1049
676
211
1221
1475
880
1018
397
359
453
977
225
470
520
457
99
1340
748
199
900
1180
39
234
619
39
1316
548
371
1511
350
1207
1096
145
277
414
201
326
477
717
1261
639
1475
1534
703
426
1104
700
540
50
146
402
142
13
502
1146
478
125
45
974
383
753
30
795
1105
1095
1071
216
229
1188
452
360
626
1047
1151
1198
1458
503
18
486
1559
963
1451
603
995
147
546
681
1430
1353
835
643
460
169
1204
786
870
1433
1469
83
293
1235
297
297
955
838
543
302
320
1357
380
229
745
757
949
1391
518
1416
1055
1267
1275
1342
278
792
408
731
1350
1324
353
109
323
729
212
1403
726
342
70
685
1151
986
635
1149
278
1367
428
654
56
473
1289
1167
1008
103
983
690
94
1337
865
918
730
454
1122
616
50
1546
636
134
547
1336
530
1113
226
945
330
241
584
111
1420
165
627
491
465
504
606
107
15
1413
881
879
172
1409
825
369
110
48
378
607
1480
1196
1352
456
257
938
150
1246
1288
1190
266
1515
1458
220
267
1203
722
1168
1270
530
1003
691
549
1388
625
391
1214
1166
548
42
1479
920
366
1176
1265
591
344
392
615
73
1531
938
1073
726
2531
1276
1137
1266
1568
2358
2414
639
1605
1593
1521
1448
1360
1597
2361
2320
1915
1551
1243
1418
894
1411
1431
1456
902
1600
309
1897
2241
396
2200
1325
856
502
949
334
1912
1535
780
1600
1229
1308
2425
493
1414
1120
1242
1868
684
2003
2334
2013
2456
3036
859
724
2650
2231
1571
1388
967
695
571
88
1041
2504
1756
1082
365
1520
1952
2056
617
899
1535
1912
1623
1791
1277
1376
1881
739
1145
1967
1671
2501
2946
1893
417
1841
2550
2316
1511
675
1768
474
662
1246
2220
2037
2205
1315
1817
981
1963
2322
1586
1497
2881
103
1227
2190
613
722
2097
1399
564
835
687
1673
1718
512
2275
2088
1492
1965
1646
1521
1718
2467
1533
1766
1492
822
1489
2176
2501
2186
1079
1397
1114
1287
328
2686
1079
1114
655
2087
2388
1513
1691
1543
1324
2293
1857
1304
1376
837
2824
2437
1214
270
2451
2116
1350
2383
954
1710
744
1073
2119
728
1330
2025
1450
1291
937
1938
643
1204
766
1062
1498
1564
1469
1199
2855
726
1338
672
621
910
2121
629
430
1865
1458
1419
713
2019
1148
453
1065
241
426
1449
1697
1236
2202
987
1667
2300
1503
1570
2421
1822
1009
3033
2671
1154
1269
2634
1761
2563
2418
979
2377
1482
1270
2009
1743
921
1608
2705
1019
829
2826
1169
1796
2724
1930
1624
686
1167
729
1335
2571
994
1619

9
250
17
13
8
10
19
5
18
9
16
16
17
13
14
7
17
7
13
18
18
13
15
14
14
9
13
15
9
9
10
11
12
7
13
13
12
7
17
10
19
11
9
8
14
15
7
9
17
17
19
18
6
19
19
16
12
11
6
7
15
7
15
12
8
19
11
11
16
6
16
13
14
6
13
16
12
11
13
14
7
10
11
5
5
8
9
15
18
9
10
19
10
7
7
11
8
15
11
20
15
16
7
11
19
9
19
8
7
17
19
13
8
17
20
10
19
10
12
12
16
10
8
11
7
5
11
9
9
13
16
13
17
7
5
10
16
17
18
17
12
12
13
6
6
8
14
7
5
15
13
20
16
6
12
10
19
8
13
6
16
13
7
12
7
5
15
14
10
16
15
18
12
14
9
5
10
17
9
6
17
6
6
20
5
19
20
18
18
14
7
13
15
18
14
13
16
13
16
10
19
6
11
7
10
17
9
6
12
14
15
19
18
6
20
18
13
12
9
9
8
15
19
8
16
15
17
16
14
10
13
11
8
19
9
13
12
11
9
14
13
19
12
5
19
12
15
18
17
10
19
8
0
655
640
684
514
484
277
546
642
418
1108
684
449
825
497
432
492
459
111
192
1200
125
1364
563
1011
1467
1458
1200
1549
174
1542
607
672
48
434
413
30
601
940
1358
211
188
669
759
779
1498
593
416
37
833
140
567
948
810
1193
1271
946
1521
669
809
55
452
251
61
360
1232
525
883
206
977
334
1251
1195
1296
1204
23
303
323
403
122
724
1524
417
1242
1315
1292
1333
393
1386
405
812
704
874
1360
746
201
42
935
247
1371
487
553
467
794
717
337
896
1214
518
961
201
666
1142
936
1467
1034
25
1020
713
1531
1226
267
484
829
1453
82
996
1295
857
785
1312
233
1534
843
294
413
998
358
305
1486
1028
326
312
1467
320
819
1532
946
675
467
1416
380
1350
397
655
209
450
1031
574
358
1274
1102
47
1116
562
1275
367
388
33
1546
815
179
1099
1014
1106
243
830
60
1233
1056
308
1121
912
252
1526
324
19
52
841
322
651
474
201
894
1366
533
656
741
1289
851
916
1223
1531
368
1208
425
1451
782
1019
895
462
521
289
833
1384
1208
406
1374
1196
641
605
1302
896
1472
88
965
140
285
1459
706
604
240
964
59
829
1103
1494
85
263
510
1228
1144
1490
683
88
24
399
57
186
457
1441
2010
1136
1263
1559
1972
1009
1363
2039
1686
1842
1247
1029
2333
1550
959
1521
984
331
1190
2381
1509
2054
992
2224
1888
1857
1344
1792
1413
1945
1550
1000
657
1342
823
853
660
1704
1531
276
482
1182
1445
1156
2734
1489
1091
621
1296
1597
1066
1034
1325
1783
1419
1361
2270
2224
1338
178
1704
1243
288
1786
1823
880
1885
271
2211
1182
1815
2484
2395
2196
966
1129
858
1082
449
1063
1833
1675
1296
2011
2406
2381
795
2151
690
1259
715
1725
2496
1564
783
1380
1953
361
1838
666
1706
1005
1467
839
547
1344
1894
1722
1317
1241
1821
1590
1048
2981
1671
619
1050
1739
3073
1278
1566
1895
2361
1667
305
1712
2756
1462
1428
2441
1238
2624
1319
1637
1375
1208
1422
1801
1711
1869
1838
1780
1823
593
1316
2153
2041
1153
654
2920
1421
1376
946
1336
1508
1120
1839
983
1345
1840
1557
928
2349
1772
2547
942
959
1410
3006
986
1144
1793
1037
1462
331
881
1260
2625
2342
1409
2348
1681
1552
1666
382
338
1240
915
713
691
1107
535
1385
2579
1295
1181
1526
1940
1300
2080
2622
3034
991
1410
1492
2629
1922
1857
1933
2012
1098
484
1951
2079
1457
1058
2272
1726
1622
1624
2254
1109
2019
1432
2390
601
485
2110
1506
1874
510
2007
1606
1697
2144
1893
451
350
1993
2606
2105
1570
1560
219
811
832
836
1341
622

10
250
16
19
19
17
9
16
17
19
18
17
6
18
15
19
7
5
15
9
13
17
19
13
17
15
7
9
8
15
16
18
9
7
7
19
13
19
10
20
20
14
19
7
12
14
11
14
7
8
19
16
15
11
12
13
14
10
9
6
5
13
18
11
17
14
5
11
10
5
14
15
20
14
19
14
15
12
15
12
8
8
14
9
12
7
20
20
5
11
5
8
9
13
19
11
15
17
13
17
5
19
13
12
18
20
16
8
17
9
12
19
12
5
19
13
15
15
8
10
11
7
18
11
14
17
14
11
15
13
18
10
11
13
19
10
8
8
11
15
7
16
19
13
12
7
17
8
7
19
6
19
15
8
7
9
16
12
15
20
7
18
15
16
11
14
19
9
7
7
12
8
18
10
14
20
11
10
19
9
16
13
15
12
7
16
17
20
10
14
11
19
6
11
15
14
17
14
17
12
9
5
10
19
9
15
10
7
18
18
17
13
10
7
14
15
16
7
14
10
9
7
7
8
17
7
7
18
13
9
8
10
19
14
8
12
14
6
8
20
6
13
15
12
18
7
15
12
20
10
8
18
0
430
1477
944
1357
558
566
514
726
796
1442
36
567
1101
1528
146
243
339
1332
782
1138
1194
334
944
351
447
1521
1264
2
1296
1049
29
962
341
1070
1305
277
314
1371
208
1146
1165
1483
796
265
1395
899
1194
1441
659
264
1433
1066
298
782
642
758
850
1476
641
777
1183
1179
184
687
1522
85
113
907
583
1313
456
1204
305
935
136
976
395
529
1129
575
958
289
524
523
255
351
1141
1065
1041
391
147
514
1322
1134
730
1242
603
1024
1469
949
656
1324
464
486
1465
62
869
1063
204
914
471
1294
294
1431
1581
538
1579
1099
1472
1382
1091
57
1221
106
1039
132
1210
1199
670
1437
320
1558
671
1385
687
1229
1538
577
1455
744
573
1595
987
294
975
363
576
790
833
931
312
1270
1122
511
947
693
510
1245
816
180
54
322
65
935
18
527
1229
313
669
842
804
484
505
1168
893
123
559
14
334
1207
233
4
795
1337
1304
40
61
466
764
188
1591
457
341
1333
1355
735
537
33
246
478
656
670
1481
1001
1451
475
1260
1180
1456
1559
929
367
1243
727
898
43
257
1584
1352
1067
477
1335
427
554
1562
1567
486
1263
117
235
343
705
143
1325
93
57
912
1014
1202
109
1322
1221
1285
299
1378
1354
1453
100
1453
1543
501
2681
1736
1466
841
623
1133
1920
1421
2918
751
1096
1694
2565
1177
975
452
1817
1240
1281
2295
1360
2025
1835
1229
1610
1879
809
2652
1523
446
1879
1813
2446
1760
843
838
2532
1012
1325
1692
2055
1076
1177
2656
1845
1654
2873
1301
790
2285
1682
1247
1824
698
2219
1676
2125
1981
992
1879
2346
900
1312
1619
885
806
1942
778
2060
1183
2794
1391
2138
1014
1469
1121
1502
1552
1611
2186
590
1094
1639
688
1918
2023
1192
1148
1964
581
1912
2207
1162
1896
2651
1161
1539
1894
1425
1857
2863
1088
808
1832
1536
1462
1652
404
2019
1839
1523
601
1618
2105
1440
2026
1368
2878
2512
2037
1141
1636
511
2384
912
1843
1841
2133
1659
1251
1679
951
2287
1441
1959
1687
1904
3032
2343
1090
2365
1583
1399
2497
1148
1426
2339
2429
1560
1458
2775
2430
1367
2381
1049
1676
1417
2072
538
377
1770
1279
1162
247
1004
2708
933
1671
1840
1198
1815
1112
1625
1143
962
1556
1401
1277
1658
1092
789
2057
2758
2541
1254
1381
663
1422
1018
1973
1313
1797
2526
2449
852
828
1363
1815
1313
1463
1570
2392
2483
2044
582
2190
2416
1547
3036
1996
798
2575
2289
2236
863
1428
2732
1675
2207
1880
2952
676
1216
1621
3051
1729
2617
1067
1022
1813
1182
1170
1496
1483
1239
1237
1695
1264
870
1931
2072
2013
496
2295
2940
2515
1238
1928

11
250
19
16
7
19
13
19
18
18
18
20
18
12
9
5
6
9
17
14
7
13
15
20
14
5
15
7
11
9
10
6
9
9
6
15
5
6
14
6
17
18
8
17
18
15
16
15
6
18
13
17
11
16
15
18
19
15
13
13
8
6
12
19
19
19
19
15
9
14
14
5
19
5
15
9
7
18
9
7
12
9
6
20
7
7
6
8
10
9
12
19
17
8
14
6
9
13
14
7
9
16
11
9
7
10
7
19
9
13
17
19
10
12
12
7
13
15
6
12
10
6
19
6
6
10
11
13
17
18
6
18
17
10
13
11
18
9
14
17
8
16
19
10
14
18
6
19
5
7
13
9
15
15
13
9
8
7
11
6
20
18
17
8
7
5
9
5
16
12
12
14
11
15
19
20
7
6
8
12
12
6
7
8
15
18
6
13
18
20
14
17
6
18
7
5
17
9
11
15
8
19
18
10
15
19
16
9
17
19
10
10
9
19
20
18
17
17
12
8
6
6
16
15
11
11
16
16
17
10
14
19
13
17
13
17
9
8
18
15
8
16
9
17
5
15
19
19
9
16
19
8
0
271
420
544
1153
43
408
476
435
835
425
1464
998
1497
1079
32
220
1338
1181
952
1295
24
1357
1118
811
1412
579
925
161
622
721
979
1537
170
599
604
87
53
874
1327
251
1347
1282
527
589
1071
598
329
154
647
1156
1285
435
1043
175
1222
1176
656
974
106
78
308
1327
1559
937
141
1406
933
1140
577
1086
648
589
1542
911
445
1416
1166
1500
144
1476
656
75
94
1008
919
771
929
428
776
1444
337
844
1091
225
961
878
1206
170
550
1387
1394
528
374
730
837
1441
1473
1545
158
1231
1277
744
1138
571
823
895
143
506
730
608
728
821
820
549
1271
1336
327
1459
327
135
1064
1081
576
690
1119
787
854
1534
199
654
967
804
1078
37
938
241
121
1155
621
308
1362
1462
102
722
222
460
568
1200
1039
484
1362
1073
422
523
737
374
613
139
719
1073
493
34
112
107
273
700
1103
1034
356
1332
984
1542
679
438
691
859
1362
327
119
1491
34
1276
979
852
722
63
1218
385
1524
558
194
1162
996
1024
219
1035
1394
217
185
1427
231
1019
1283
1325
1469
507
226
602
266
1517
914
1194
750
174
1179
122
396
100
1212
405
508
1521
1240
1000
1377
322
642
1226
963
34
498
1119
1037
1421
1419
340
510
780
206
561
530
1175
1230
2461
672
1024
1959
1212
1324
1525
2806
1560
2221
1293
238
1244
2116
2116
1551
1635
480
2231
1426
1858
1819
1253
2082
1445
1708
1926
2187
2472
1121
1653
688
199
474
1440
1760
1427
2791
1678
1017
1997
1953
1489
647
1429
1542
2369
1976
1996
2577
1304
1296
1370
774
1033
192
1087
773
2310
2858
1061
1607
2216
2207
2187
1786
1524
1022
1578
1642
1015
990
2219
2641
2341
876
2982
2013
1197
1488
1734
2384
807
1797
808
2187
2396
1151
2371
1908
357
1700
1657
1568
179
2053
1551
2541
1967
1560
1763
1418
2284
1581
1761
332
2517
2566
1872
2368
1272
2326
1276
1040
1329
2040
2113
1011
851
1909
1131
2777
2458
792
2031
715
407
2091
1300
768
1657
1317
1066
1022
1647
981
2162
2039
1984
1940
768
1599
1798
1288
1520
1302
1572
2008
3001
167
1063
295
1526
1067
2139
1481
2020
1922
1177
1952
1784
853
684
717
570
1054
1249
1364
780
878
381
785
1310
1844
1745
804
2269
1361
3064
974
1706
1064
1109
2866
372
881
2029
1328
1879
1969
2099
2142
737
2614
447
2617
1887
638
1369
1110
1714
929
1796
1830
905
710
2858
1037
2305
2636
2368
2234
1645
515
1877
1352
2794
1669
1384
1888
878
2409
857
896
1056
1231
502
1357
2388
2135
1985
2582
1742
1759
2135
2344
585
574
1935
1428
2394
1921
426
586
2008
1718

12
250
8
12
16
12
14
8
17
7
9
20
8
5
15
13
18
19
7
10
8
13
19
6
15
9
12
9
5
17
18
20
17
10
12
10
16
18
20
18
17
17
9
15
12
16
18
5
19
6
9
8
19
9
12
7
14
11
18
7
10
14
9
18
12
14
13
10
6
7
5
15
15
11
18
18
15
5
8
16
18
5
13
19
20
15
17
17
11
12
6
13
7
9
7
15
6
19
14
10
10
19
5
8
12
8
8
8
16
19
14
18
12
16
15
19
13
9
17
8
16
6
9
17
10
12
15
15
18
19
18
8
9
6
16
7
17
10
13
20
13
16
15
19
8
17
9
10
5
7
8
19
11
13
17
11
6
20
17
16
18
19
11
15
19
13
13
16
9
10
8
14
11
18
13
19
13
10
5
10
8
7
6
18
16
17
19
13
15
16
16
19
16
6
12
8
17
12
9
16
8
13
13
9
19
16
17
8
12
7
15
6
6
15
20
10
20
14
5
11
20
19
13
18
20
19
10
13
12
6
10
7
15
19
20
6
19
8
15
12
6
17
20
12
19
20
7
7
7
8
13
7
0
1442
1172
818
928
1589
1438
395
1599
1383
1383
1119
527
967
133
1352
212
880
1540
1137
119
1538
730
1158
809
626
945
417
697
1433
720
1298
1067
1198
1054
1053
610
1305
1422
770
1524
385
676
1268
426
964
490
966
537
322
188
392
780
1003
1422
1152
1438
422
334
847
1238
1435
62
552
1489
105
435
729
148
522
909
625
1039
130
793
984
298
203
820
1151
879
927
1301
1595
1174
532
923
1312
602
1129
1043
1160
213
702
314
967
1155
1099
507
1473
1460
280
372
541
395
267
1588
1108
1227
641
459
1102
852
1057
593
398
346
193
1029
1444
876
220
1450
218
1428
1013
1335
165
1200
1167
1111
961
716
1274
1333
1153
1294
894
1564
129
143
683
1390
65
1518
1122
432
1304
1190
1305
1389
1407
1486
421
183
936
1340
598
836
616
1015
945
739
922
1134
645
1566
1544
484
961
1075
586
1028
1583
250
535
590
384
233
63
851
34
1099
1109
1507
104
922
679
256
539
775
41
1436
1519
1330
731
184
1587
1491
847
967
1467
724
1069
514
1046
1121
258
432
155
1262
1279
321
198
307
508
1464
1294
1195
862
732
1564
963
1011
1551
1226
276
616
786
541
981
1444
792
659
1365
1017
682
1228
1140
229
55
595
235
802
1245
465
211
1212
133
64
387
2002
2363
1684
1601
2942
1753
854
1625
1456
1497
2723
1501
1950
1211
1808
1119
1610
2612
1884
229
3039
2268
1883
1339
770
2068
1185
2171
1533
1676
2245
2384
2460
1712
1110
804
1839
2704
820
1579
1370
1455
1790
640
1276
1632
2522
1231
1647
449
1419
1201
1361
1785
2742
2384
459
1627
1487
2188
1873
831
1455
2152
654
879
1135
1019
1781
2415
1893
1160
1492
2044
1642
422
609
1017
1553
1615
2543
1968
3197
1970
1692
2430
2820
1138
1631
1586
2076
1633
1507
1434
1529
1312
1132
1439
2756
1811
1787
1446
1607
583
276
2237
1411
2830
1259
951
1344
2133
2277
1167
2001
1298
468
1221
2278
1125
1001
2979
690
1712
2427
1537
1156
1380
1744
2619
982
1206
2183
2867
1186
1823
2332
1903
635
297
1073
2323
1618
2745
1750
952
2756
1260
1891
2453
1807
2728
1388
1316
1960
2113
1518
1647
1136
2362
1651
1384
1016
2106
1385
2619
2344
495
2299
1821
1017
1379
2389
529
1022
1929
1580
333
1266
2452
193
1754
2558
1626
536
1041
1401
1044
1771
1607
1150
2792
2880
1957
2085
1155
2289
2379
903
1962
2569
2072
1533
1939
2434
1435
311
1462
457
2390
1844
760
541
424
1399
1600
2257
2660
1465
1609
2668
2161
1432
2874
2409
1496
751
1486
1106
1509
2783
2057
2019
2012
1661
1119
1373
2231
739
1592
1593
1542
1286
1720
1412
659
2102
181
480

13
250
12
17
15
14
15
17
15
16
16
9
18
7
13
11
9
9
14
11
8
19
14
14
16
12
10
19
8
7
14
13
9
11
13
20
12
16
15
11
10
7
6
15
11
14
16
12
5
10
11
19
7
8
16
13
5
15
14
13
17
17
11
11
9
18
6
18
9
13
6
11
5
13
16
10
6
17
9
7
7
6
6
10
9
16
18
8
7
17
12
19
11
12
7
11
15
16
15
8
6
8
6
12
6
9
9
6
15
15
12
16
17
5
9
16
10
10
15
18
12
17
6
18
8
9
6
19
11
19
8
14
12
8
16
13
20
7
12
12
13
9
13
17
12
8
6
6
17
5
15
6
13
9
19
18
19
6
9
17
11
15
19
9
16
19
7
17
11
11
16
6
18
14
13
11
16
7
7
6
17
14
10
15
7
9
7
8
19
6
17
5
16
18
14
11
17
18
7
15
6
19
15
18
9
16
14
13
8
6
8
8
6
7
7
16
7
12
5
19
10
10
16
19
17
18
11
18
10
11
15
5
5
8
10
19
8
17
14
17
18
13
16
17
6
13
8
17
12
19
11
18
0
1183
1415
1422
144
1414
806
1178
420
718
114
529
1274
454
29
552
1390
1060
1404
524
1236
961
1146
574
1327
1199
1260
1288
590
672
571
662
1129
987
81
227
672
1249
576
1037
233
293
685
1338
686
319
1319
881
627
619
421
943
1054
1150
631
472
439
81
158
163
884
524
68
1241
1352
1475
1326
136
180
309
529
706
1058
53
121
1217
724
255
1106
486
1055
1062
90
96
1084
850
1147
99
992
327
644
1503
908
1048
1001
809
784
644
929
544
858
1500
1425
1316
1397
327
848
854
1219
1142
161
463
1281
884
763
340
696
811
824
896
564
488
1376
616
1466
209
753
12
898
517
780
705
774
382
280
65
935
924
788
794
915
1066
63
1009
1096
1089
1321
860
1204
503
114
369
948
111
1058
251
756
760
547
113
1321
1080
1303
1249
1456
337
983
834
540
1131
943
1441
498
1379
161
1418
1476
643
694
695
1315
1149
275
1189
573
1255
1475
1499
436
1138
893
1473
1346
279
1451
1143
307
430
644
537
752
1228
848
21
1080
639
611
87
33
1025
893
261
165
1179
337
579
570
909
1427
759
1073
22
77
520
1452
92
225
733
1225
1483
213
1254
259
977
84
1203
1168
675
859
575
113
158
941
1347
346
771
136
928
220
88
1288
1551
2059
2309
378
1796
1089
1650
1657
946
1082
539
2731
1596
491
1693
2716
1486
2623
1061
2404
1967
1342
2098
2764
2268
1596
1639
917
1372
2087
1478
2575
1949
617
1569
1903
1445
1231
1832
742
1487
1894
1672
1536
777
2200
1304
1814
1163
995
1905
2108
1230
2036
938
1924
970
701
735
1695
981
94
2775
2198
1512
2424
917
921
1609
1083
2219
1321
560
1209
2165
966
358
1854
540
1977
2296
638
1600
1956
1033
1213
1035
1243
1017
918
2292
1732
2465
1118
982
802
1648
983
892
1148
2565
2078
2293
2566
1313
999
1441
2010
1231
619
1213
1593
1446
2113
697
950
2103
2044
1184
2064
646
2189
1248
1860
1065
1998
240
1895
1606
893
2132
1447
898
1577
147
1908
1682
2159
2052
2312
2072
117
2193
1772
2027
1912
1407
2366
1416
594
1784
2432
489
1890
1716
1110
1952
1595
210
2707
1441
2660
2338
1886
1634
1921
1550
1010
1939
1549
2109
761
2427
969
2431
1850
780
1534
1484
1602
1429
992
1835
1556
2015
2384
1843
1262
2063
2261
2188
1628
588
2725
2306
786
1537
1437
1739
1254
1742
1015
1305
2026
1196
1194
989
866
1334
1446
1767
1368
2349
1787
1930
1477
1521
1986
1386
2278
749
749
1477
2882
831
1029
1444
2224
2783
415
2093
709
1548
1404
2477
1392
1143
2370
1573
615
598
1093
1731
1048
2237
473
1245
875
641

14
250
17
18
7
8
6
12
15
18
18
10
19
13
17
20
17
5
17
10
7
13
13
14
14
13
9
18
14
16
12
18
17
16
8
8
8
20
11
13
18
5
6
7
11
13
14
19
14
14
8
13
14
12
18
17
10
8
17
15
8
14
17
8
10
16
6
20
9
12
16
6
8
13
14
15
15
18
13
19
9
9
17
14
18
5
18
11
16
8
15
14
15
9
19
18
16
13
7
7
6
16
8
6
6
20
7
18
5
6
9
8
13
7
14
20
6
10
19
5
16
13
10
15
6
20
13
13
17
8
13
13
16
9
15
18
8
15
17
20
9
7
8
12
8
9
16
9
16
7
12
6
14
7
13
6
18
11
18
10
8
15
15
13
9
17
18
18
9
20
18
10
15
11
15
10
5
12
15
7
18
12
11
14
11
15
6
10
9
13
7
20
17
17
7
9
18
16
8
17
18
7
19
9
6
12
15
18
17
15
10
13
6
17
15
9
11
18
9
19
16
18
9
6
11
11
19
9
11
14
20
9
16
7
17
14
18
15
6
19
11
13
16
12
12
19
19
12
17
9
15
13
0
796
332
1516
1000
1342
169
284
154
413
880
365
547
1000
323
1230
1518
1477
659
564
1499
1003
1109
247
194
1166
396
836
194
1330
536
1528
118
285
1294
1068
842
71
872
659
965
658
105
1144
1477
486
241
289
552
1121
1143
1577
46
723
1143
494
1416
101
601
1147
1486
1271
848
509
856
1564
550
1116
295
1454
315
645
1107
462
32
82
763
909
1364
1228
1370
240
1490
182
1540
1259
55
140
413
270
666
751
317
16
192
119
160
1011
1397
146
1111
630
728
327
719
1396
1129
955
222
408
106
859
1184
1214
1331
1064
286
961
1593
1087
1435
482
1380
862
1417
1311
486
1377
149
632
1399
1077
1307
758
1003
238
191
1097
1322
818
1119
361
701
1223
646
893
948
594
1201
1420
1387
906
1011
389
995
750
997
977
311
971
6
93
364
104
1542
265
1477
1363
162
1235
780
1159
988
602
858
27
656
165
1269
1167
683
1088
1292
805
702
490
3
930
1097
1266
1286
816
755
1501
341
1042
330
814
743
350
1520
1139
320
1520
1593
1016
1324
209
769
762
680
49
959
59
1422
844
723
540
1138
1571
21
1289
98
89
482
1434
839
982
421
933
432
672
618
986
1404
1098
965
1534
1105
374
789
482
1406
532
519
73
145
1532
1537
1138
1421
1708
645
1730
2263
1364
893
804
590
1871
1727
1169
996
2487
778
1440
2897
1820
2032
1123
2159
2183
1893
1416
1738
1962
903
2176
668
1988
1224
2085
176
1852
2057
1506
2004
737
911
830
2450
1094
133
1765
1975
1237
1274
968
1919
2047
2483
2864
316
1234
2167
1186
2831
310
2073
2031
1947
2446
1538
1569
1020
2677
1774
2314
1113
2405
762
1794
1809
822
734
755
952
1024
2432
1539
1407
1240
1925
801
1626
2764
550
1145
807
1312
960
1360
1536
220
1391
1136
842
2473
2388
387
2201
898
1777
538
871
1494
1342
2210
773
459
1214
1951
2595
2776
2191
1364
401
2342
3168
1192
1548
892
2592
1739
1931
2917
955
2607
1360
1714
1828
1171
2442
799
2178
1581
1211
2476
1515
1993
2000
1879
1031
2280
1290
934
2078
1087
1400
2410
1922
913
2273
1834
2604
1203
1766
1156
514
1139
397
1303
1262
298
3049
784
1874
2808
459
2018
872
1999
1313
1696
2234
706
2140
1702
2010
2613
736
1122
1561
1233
1070
1077
1429
2336
2119
1995
2082
1125
1455
2671
430
2612
1356
1653
893
1749
1959
2092
720
2234
2640
1641
2087
1488
1131
1972
935
294
1782
294
2157
1136
1743
815
1277
2604
242
1777
1331
295
1001
2968
2292
1534
2017
1505
923
2072
1970
1955
2517
2419
1260
2312
2692
611
1538
714
2727
939
831
688
690
2508
2586
2130

15
250
18
19
8
9
12
13
9
14
20
19
6
18
6
13
9
16
20
5
20
15
13
10
8
15
7
12
14
11
6
19
10
17
8
6
19
7
11
14
5
12
17
12
18
9
18
5
9
19
12
11
7
20
11
18
12
14
11
5
7
6
7
8
7
15
16
12
11
6
9
20
17
11
11
17
8
9
6
5
20
20
6
11
14
15
5
14
14
6
14
9
9
15
6
15
18
17
15
15
13
13
8
18
7
17
16
16
5
14
11
16
5
12
10
13
10
8
19
6
11
19
10
12
6
16
15
13
19
15
6
20
8
7
9
7
7
20
9
6
18
12
15
20
11
15
13
7
6
13
19
9
6
17
5
6
18
20
18
8
18
12
10
5
8
19
18
19
6
19
20
16
12
9
19
5
11
17
15
18
14
17
19
17
9
8
12
12
14
12
15
16
17
8
18
8
6
7
11
6
18
12
17
14
9
15
9
15
18
14
8
8
12
9
19
15
18
8
11
5
9
13
10
17
9
16
11
8
13
9
14
5
15
8
6
14
16
17
5
9
19
18
11
16
9
16
7
14
12
20
5
8
0
1173
1355
330
610
129
790
1031
912
1438
304
271
857
237
871
1450
1244
282
1169
940
1182
423
1513
295
27
523
103
38
863
1154
265
389
837
1345
521
1316
406
945
1495
1183
1441
1135
1512
191
180
442
1064
203
203
1276
276
1021
787
1323
367
55
1156
159
878
36
547
25
607
1048
837
432
176
1458
854
839
329
911
1413
323
40
816
975
812
821
75
975
1273
1331
1453
721
159
968
239
905
1181
1154
1293
236
1355
1498
828
1160
879
1041
520
1513
1520
221
1015
344
837
1510
1011
894
1104
1262
1160
592
348
1429
584
183
1254
1472
618
349
747
631
489
1058
607
54
1095
1165
386
1193
39
1220
716
697
232
869
1300
1233
1414
1474
160
101
1490
742
1498
1169
73
721
345
1238
434
610
478
974
688
353
5
728
1151
262
1110
682
260
1165
1384
948
1380
1064
188
1090
1369
462
516
857
101
90
1437
46
283
95
1470
822
1470
1326
313
1211
584
881
863
1498
1303
977
462
1520
130
283
964
1360
605
590
439
324
461
1026
729
572
109
417
1341
1057
282
1485
76
445
379
644
48
801
649
78
512
7
1335
1278
313
12
372
1394
589
452
1203
689
244
147
46
1009
1512
559
1032
485
707
1491
912
1210
1446
1526
959
1367
873
1188
1251
2163
1854
1858
640
1517
1900
1502
1870
767
769
1873
1585
1998
2183
1927
476
1794
2087
1454
758
2157
733
636
721
1129
792
1414
1514
480
1164
1951
2650
1118
2237
1039
1550
1933
1797
1821
2605
1920
1686
1081
621
1218
1518
1093
2481
1107
1056
1110
2397
1643
1301
2316
1126
1262
1468
1874
1303
671
1670
2215
1400
1016
2448
1803
2206
415
1915
1486
682
366
1294
1630
1781
1534
1369
1207
1816
1764
2216
1750
1331
2255
911
1099
1388
2305
2747
1436
2726
2313
2018
1231
1353
1770
548
1544
1974
1087
1286
1129
1136
1699
2083
1459
1407
2394
2506
712
883
1936
988
1029
2370
2632
1350
1674
1989
1990
1390
1316
1372
889
2644
1511
1885
1418
1573
2739
1865
1716
1323
1826
1440
1995
2791
1995
514
1507
1987
1582
2157
2617
1345
1631
1214
2674
604
1547
1979
2401
1197
1650
632
830
1785
1466
2437
815
734
2212
1483
1272
2781
2112
725
1604
1502
560
1756
2359
766
144
2103
1446
415
626
2853
1993
2166
1783
531
2212
661
1533
933
1671
1609
1488
1071
2039
167
306
1983
1532
1133
945
1229
644
1775
1080
1799
2051
673
867
1828
1879
800
1690
1611
1441
1194
819
1472
1391
715
545
1228
1118
2092
2441
493
762
1419
2499
1630
875
1938
867
729
468
331
1854
1926
1974
1346
1056
1075
2512
1397
1293
2686
1559
1370
2204
1101

16
250
20
20
15
11
20
9
9
16
14
8
9
18
15
15
12
14
19
12
15
14
19
19
14
12
15
7
5
19
10
12
10
16
17
20
12
8
20
13
9
7
11
18
20
15
9
9
15
12
13
13
9
10
7
11
13
12
12
9
15
13
8
18
14
18
17
13
11
20
18
7
13
10
6
12
18
6
7
11
12
6
16
13
19
19
16
11
6
18
13
17
12
15
5
7
14
16
12
14
6
10
18
16
7
13
8
6
17
19
9
7
17
16
16
7
6
11
17
15
11
10
16
18
14
17
12
18
20
16
15
12
15
16
6
20
9
20
6
10
11
14
17
13
18
5
8
9
18
10
15
16
20
18
15
11
7
7
6
11
14
14
19
17
11
6
16
12
14
10
12
6
5
6
17
12
9
13
13
13
11
8
12
8
13
13
10
12
18
14
12
7
15
19
11
16
5
5
8
15
5
6
16
16
18
6
12
17
17
6
11
14
9
18
13
11
20
13
9
14
10
15
10
11
14
14
13
19
9
20
16
19
14
7
14
6
20
19
19
8
12
15
9
16
6
20
9
16
16
10
15
17
0
1429
944
567
410
194
1277
784
305
739
1365
963
874
1259
616
828
278
1602
1216
655
457
1289
632
1496
1048
289
1518
1353
591
411
523
31
676
1118
247
446
1404
464
988
1425
1495
1417
475
329
1069
503
14
522
1125
802
230
243
984
555
919
1285
564
997
1040
1184
711
742
506
905
434
1057
1413
1358
335
609
721
1439
1431
802
958
1490
627
265
422
744
972
1259
696
685
987
105
1009
1301
481
471
1156
529
6
748
207
1561
827
762
1475
1351
242
1560
1308
338
370
127
1118
298
1143
983
926
1418
441
1510
982
859
1017
289
254
681
579
1377
696
86
1603
1095
1249
743
1197
1004
131
132
798
1480
618
95
830
279
310
692
849
334
866
113
806
1346
505
1300
1478
304
1469
1020
1290
1208
1150
606
443
1293
686
1267
1538
596
1343
673
1528
596
1592
323
1161
181
554
231
1037
1267
1437
69
782
208
1348
989
1014
1402
1294
1555
489
323
245
1280
959
1301
643
372
890
1212
491
1174
196
1191
996
1489
365
15
103
1348
1243
755
872
559
1342
398
217
559
1332
469
1438
769
1520
332
1580
1350
1003
1533
283
973
553
962
432
1492
846
1179
664
92
1311
1217
1475
95
852
1044
870
104
897
653
1305
698
776
1271
651
1212
349
889
188
1558
2452
1825
1054
614
2158
1617
580
2282
2316
1515
1968
2792
1720
893
509
2224
1937
680
642
2601
766
2474
1276
831
2275
2969
1745
1890
551
1343
805
1252
1847
607
2758
570
2236
2830
1631
2698
1506
1634
2442
1275
700
998
2083
1471
1736
1059
1953
1705
1268
2275
604
1863
1964
2491
1282
1732
1534
1428
592
1828
1720
1399
1072
1291
825
2815
2664
1495
2408
2605
1530
375
488
1982
2310
2529
1264
1307
1890
840
1324
2905
564
1382
1914
1208
26
772
1479
1904
878
2261
2778
2826
814
2026
2655
990
1382
1590
1958
1639
2061
2037
2449
2210
504
1792
2456
1113
2072
681
1327
810
1306
2927
1926
561
2474
2467
2202
1377
1857
1196
229
876
2061
1675
2141
505
1995
774
1188
1202
2145
1510
2404
501
908
1797
1799
2327
2647
1599
2547
2632
1471
1714
2675
886
1941
1856
1573
2161
2194
1822
1386
1616
1826
2066
2615
1772
2411
1324
2048
1101
1585
1738
1900
1069
1463
1548
1423
2451
2252
2055
2325
2598
1418
713
959
1452
1532
1773
1619
656
2257
2179
1654
2026
361
1539
1875
2538
615
440
977
1645
1904
2183
1814
2129
1776
1354
1208
1115
2842
1846
2169
1913
1607
957
2451
1979
1193
3126
420
1773
943
1639
549
2785
1307
1316
1882
1025
2734
1390
1694
421
1531
1973
2266
856
1582
1233
1915
1634
1637
2042
1226
2260
994
1581

17
250
12
14
15
9
16
13
16
5
18
8
14
7
16
13
15
12
11
17
18
20
14
20
10
19
7
13
5
7
5
16
7
6
10
15
16
13
15
8
6
9
18
16
7
11
9
7
17
13
18
13
14
8
14
9
8
8
12
12
5
8
13
19
11
6
9
16
19
14
12
19
17
20
16
17
20
15
17
18
10
13
6
7
9
19
7
18
17
6
6
17
10
14
10
7
6
7
6
7
10
20
6
9
5
7
19
6
14
6
18
18
19
18
11
17
6
11
18
18
12
11
12
10
18
18
11
17
13
7
15
16
5
14
18
9
12
14
19
11
12
10
14
6
18
16
7
17
7
9
18
13
12
8
18
8
15
18
19
12
6
19
16
12
8
20
15
19
13
11
7
19
9
15
13
10
6
13
12
16
16
17
14
13
11
11
17
14
6
8
15
8
10
10
5
14
9
7
13
18
11
12
16
9
17
18
13
8
9
15
12
14
11
18
19
13
16
6
10
8
10
18
15
18
19
8
6
15
18
14
6
16
16
18
18
7
20
10
19
18
14
12
9
14
16
16
8
20
14
8
14
20
0
323
716
852
498
1293
804
450
946
994
696
589
1148
1511
1123
1147
819
99
1286
647
929
274
725
1175
246
959
315
28
1555
1054
1460
1069
8
423
149
197
1514
1321
351
161
725
778
530
1170
1459
194
0
307
1201
432
1132
182
265
729
129
1081
143
1458
1150
870
819
494
442
720
1255
671
669
1223
130
613
508
1248
1056
747
646
1579
268
1499
1426
286
728
109
1501
906
465
1172
1344
1339
684
1269
321
432
515
930
700
1241
107
1107
962
328
1201
880
1307
833
1441
1200
537
557
162
1240
879
750
800
87
1502
1126
655
1453
457
1380
802
816
124
160
1464
285
912
634
1365
432
559
905
1296
107
1242
654
241
1100
541
665
202
1043
243
1216
90
1573
1086
1382
1199
873
1546
485
1461
773
523
557
968
704
1398
1518
748
772
1422
640
1399
501
447
711
1030
1245
249
347
691
393
1447
1051
890
1260
1050
1271
526
1366
798
961
901
473
740
1183
744
608
937
9
773
1322
3
1042
562
546
690
855
1471
1091
97
281
1585
1412
120
1062
1178
849
1445
1036
1483
1142
800
203
980
1087
838
655
574
1049
1535
17
1228
1529
1542
1086
662
1356
616
790
1268
345
1366
199
904
907
1469
318
965
704
1579
1563
216
1043
1017
222
829
855
149
1747
2210
1806
996
1842
1578
1541
1967
1398
764
917
1668
1591
1705
1707
2245
595
2387
2159
2164
1212
1443
2630
266
2182
783
1397
2518
2360
1491
2519
406
620
1124
467
3002
1742
404
1692
1289
1620
2047
1823
2155
1472
1568
635
1254
1004
2183
665
1786
782
1449
1818
1074
2037
2010
1140
1019
870
632
731
2273
1384
1618
2811
451
2154
746
2706
1072
876
1768
1799
1830
1996
1933
395
1771
635
2430
1890
1802
2276
2314
2624
2061
2154
1590
568
2016
1512
880
1534
789
2093
2343
937
1989
1712
2579
2113
1496
2607
1458
1681
511
2820
1378
1356
1946
1190
2046
1902
2003
2399
1897
2657
1689
1642
1337
1365
2828
482
1852
2165
1875
1728
892
1307
1697
1598
1696
793
843
1653
1620
850
916
1353
521
2382
1159
2043
2031
1696
1827
1958
1776
1198
2847
2131
1965
2143
2059
1157
2030
1560
1591
1697
1692
996
2827
680
673
1237
1860
1646
1633
1932
711
681
2080
2453
1711
1915
2299
2348
2039
2662
821
2420
1784
1362
1526
1611
1168
1501
2026
297
2067
2760
123
1888
2038
1876
1020
1316
2270
2340
1393
1304
2016
1564
1364
2237
2398
1992
1641
1835
1522
2333
1590
1040
2396
1125
1758
1787
1349
1959
2923
706
1988
1781
1615
1270
2015
2676
1577
2165
2620
1252
2851
1789
1896
926
2076
894
1735
1182
2572
3016
415
1285
2354
1433
1948
976

18
250
20
6
9
17
15
19
10
7
19
13
8
16
16
6
15
14
11
15
12
18
13
20
9
15
6
17
17
14
14
9
10
18
9
17
13
16
5
19
16
20
12
20
14
20
9
8
12
10
10
19
10
14
18
19
8
15
5
16
16
13
13
17
15
7
18
6
9
14
8
19
14
11
7
11
14
7
7
14
13
13
11
16
15
19
9
18
19
14
17
19
11
10
18
10
6
18
20
12
12
16
17
14
9
9
6
9
18
12
14
16
13
13
8
14
19
13
19
10
16
8
14
8
14
11
18
19
13
11
12
13
7
9
15
13
16
6
11
17
6
7
9
11
13
17
5
17
16
7
11
8
8
14
9
8
19
17
9
19
12
15
7
9
12
7
17
17
12
15
17
18
18
12
17
9
10
13
6
8
16
6
10
14
15
10
13
19
7
15
19
16
19
19
12
11
11
11
15
12
12
7
19
19
6
11
10
13
9
7
7
10
11
17
16
13
18
9
18
10
19
6
7
18
12
16
16
10
8
19
19
16
10
9
8
8
10
18
10
7
6
12
5
12
12
15
5
11
6
16
13
18
0
174
1321
700
97
94
454
1
33
1473
663
912
13
116
1590
1056
791
928
1316
491
910
151
1192
213
604
987
1445
1157
1001
231
795
756
1072
806
1328
883
358
596
1505
271
341
1306
919
1214
1316
480
1264
451
399
874
1
408
302
286
1089
1140
991
828
941
1151
1406
768
1140
967
926
1506
1257
916
625
820
974
1366
376
153
1563
66
1434
252
802
1217
981
183
130
597
1024
1161
540
1271
573
1478
1231
276
1481
1535
1469
788
57
475
523
1358
1213
220
900
757
134
19
177
336
146
491
609
941
603
270
1043
247
1122
1056
314
302
669
974
619
824
1131
28
120
822
246
750
1583
26
1092
693
777
360
661
1361
576
550
672
1512
144
53
1567
1007
332
591
486
697
230
767
454
597
453
748
508
975
864
1325
1128
633
359
1569
1075
195
749
140
856
1493
44
1282
99
1285
1108
228
842
719
232
120
854
62
756
66
149
81
334
49
16
375
143
606
195
68
605
1511
629
725
13
1313
668
973
501
360
549
222
1065
1196
1230
973
1227
964
1020
1570
1413
37
1024
805
1310
769
305
1460
1428
1412
772
647
1137
610
1068
338
9
1551
1090
406
525
851
1202
1182
1418
744
197
194
464
915
27
510
772
573
606
1007
1106
792
2012
1044
973
1467
1313
828
673
1561
1431
2059
1259
1494
2577
1520
943
2425
2818
1993
1948
1266
2245
274
1931
2410
1821
2170
2262
1456
1469
1344
1493
1749
2042
1209
384
1503
2581
973
1119
2890
2452
2495
1355
1430
1490
676
1231
2321
1102
1318
1311
1239
1239
1808
1641
1971
2517
1186
2532
1949
1976
1999
2427
1823
1431
1729
1766
956
2478
1756
1918
962
2193
1402
2830
346
2169
1687
1690
513
1675
644
2506
1369
1848
1872
2105
2309
1471
486
2384
2401
1626
1564
1632
1499
1260
1811
1917
627
986
872
1286
360
557
1534
1523
1953
625
1341
1553
1691
2451
602
1224
1107
1683
378
1162
1030
1827
1047
1285
431
506
2231
1186
1694
2677
345
1718
1829
1392
474
1529
2952
706
2090
2122
2491
951
930
2551
1464
1443
1554
1963
2020
1680
1745
780
1073
2025
1947
1196
2083
1936
2772
2483
661
578
2332
1379
1577
2253
835
1056
3103
1178
2021
686
1904
2550
1428
935
2304
1574
362
2202
1375
1289
477
631
1060
592
359
224
1159
1398
1619
1428
348
1099
2890
1987
2159
673
1891
771
2089
519
1533
2097
622
1740
1930
1823
2434
2649
1573
1891
1704
1617
391
1265
1679
2598
1145
493
1540
2414
1693
1183
1588
2515
1615
2354
1603
214
1735
2470
1660
654
2164
2608
2754
2911
1242
1656
539
1406
1422
254
1277
2282
1805
936
2586

19
250
13
8
17
13
18
15
7
6
14
13
18
9
6
19
19
9
7
9
15
8
20
19
19
10
17
13
8
15
7
8
18
6
8
18
18
19
19
10
6
16
13
5
10
19
19
8
15
12
13
8
9
7
16
6
15
6
15
7
14
5
14
17
10
8
16
14
13
5
16
10
16
19
16
18
16
6
19
8
8
19
19
8
6
7
5
12
7
10
9
17
17
17
6
20
18
7
9
11
10
9
6
19
15
9
13
13
9
15
6
10
15
13
18
12
17
18
10
17
10
12
5
14
11
5
17
7
13
18
5
13
9
19
8
10
9
17
10
18
9
17
5
5
7
11
9
16
17
9
19
18
7
6
12
10
16
11
15
14
9
15
13
6
17
9
6
19
19
15
17
11
15
20
20
15
14
19
8
6
12
15
12
13
10
20
9
7
8
12
11
18
5
5
9
11
14
20
11
6
18
10
14
7
16
16
18
15
17
17
16
11
19
10
13
14
16
10
8
17
18
13
7
12
14
17
7
15
19
17
11
5
8
15
15
14
6
8
10
15
14
20
8
18
12
10
8
19
17
14
10
15
0
226
1317
1252
1416
1129
251
1326
449
678
302
106
374
139
1104
94
1168
1306
677
941
118
990
1214
229
572
67
870
352
874
203
675
1236
783
1165
280
27
1044
1528
734
915
650
76
475
24
215
677
1189
49
417
785
344
829
796
695
1102
262
339
1196
812
133
488
215
1269
1297
1049
1387
382
1535
562
1409
639
823
1008
347
239
778
275
194
737
1467
387
1496
182
1082
854
822
912
91
465
443
996
1340
307
226
27
1452
97
265
775
907
917
1443
1467
64
183
1217
809
680
1319
1473
1163
499
529
788
734
466
1266
406
802
1195
25
976
120
456
339
602
925
1094
136
929
267
544
1542
594
471
1022
788
1484
1494
631
1036
904
1197
1345
1128
1325
638
333
1488
1462
1369
613
486
348
1229
1235
640
2
571
1423
1084
895
450
748
361
801
29
76
19
582
1262
994
288
975
9
639
172
162
1314
1498
1030
1171
526
313
1019
1433
777
650
1316
61
695
758
564
1440
1011
1283
28
735
1397
97
586
139
301
34
1549
905
329
1510
1164
1233
718
1114
1010
1254
1308
945
66
1493
1122
1383
961
705
346
786
150
1351
1296
1380
124
482
24
1075
1345
858
18
164
1092
1331
645
1081
629
1301
1148
486
1033
162
947
280
18
1546
1174
1125
2671
1420
2003
1459
944
1378
773
1982
599
1657
1544
281
1540
1054
2655
1452
2179
2127
1580
2414
1839
1122
2026
458
1630
1251
1113
1227
1668
1364
1798
1967
1435
1214
2356
3059
1464
1637
2064
815
657
630
1381
1530
2646
889
1158
2085
1022
1624
1336
796
1959
1402
433
2223
2260
155
898
1646
2023
2377
1500
1972
1056
1648
1898
1994
1859
1740
2353
814
1347
1170
1716
1040
1823
3018
1673
2812
1493
1447
1677
2087
1268
819
1944
1003
2280
1615
1860
1784
1128
2531
543
1062
1044
1918
2377
1603
2255
455
1392
1872
2071
1133
2081
2555
2677
569
563
1252
2179
1981
2281
1841
1346
1702
326
2215
184
1494
1467
743
2395
1666
244
2368
605
2047
2926
607
952
2157
1000
2483
1984
745
2519
2103
2226
1632
2496
1355
1333
1328
1712
1975
1882
1018
769
482
2010
1308
728
894
1180
2024
2401
1292
1784
1360
1575
1008
654
1105
364
1189
1487
1147
419
2090
381
1108
1712
915
1635
1656
2143
1381
743
1329
1109
1447
961
1825
2748
1523
1897
2073
1459
2739
1623
1686
1548
1710
2165
281
692
1351
681
1218
2989
1846
1391
2565
2294
2551
796
1262
1593
2184
1732
1322
1270
3051
2498
1598
1744
2026
877
1180
194
2309
1592
2539
291
1786
1342
1988
2151
1738
938
727
2352
2400
1427
1111
977
2693
2439
932
1650
350
2111
641
87
1734

20
250
16
12
9
7
18
12
16
8
14
19
6
9
9
19
7
7
8
7
10
10
16
11
11
6
12
8
10
9
7
8
11
7
17
18
5
17
15
18
6
19
6
19
7
12
6
11
11
14
7
7
12
8
5
11
6
12
17
11
6
16
12
7
6
11
6
12
16
18
14
7
6
15
6
14
16
11
6
17
12
15
12
12
10
18
11
19
14
19
19
8
15
12
12
11
7
5
15
8
17
17
5
11
15
6
20
16
15
18
16
7
9
16
9
6
11
9
13
8
10
17
16
17
14
12
7
17
12
15
15
20
17
19
18
7
12
10
11
7
19
6
18
19
13
16
15
15
11
12
14
6
10
7
9
13
13
18
10
14
16
16
9
14
13
19
13
10
5
11
17
11
19
8
5
6
16
13
19
7
11
14
10
15
11
16
14
12
11
6
7
11
9
9
14
15
9
12
6
10
12
17
16
6
8
17
7
18
10
10
8
20
15
5
19
12
8
19
17
12
12
13
10
7
9
18
20
19
11
13
18
18
18
17
18
15
14
10
15
7
8
9
15
18
17
8
7
12
6
18
5
14
0
368
37
291
544
1101
1335
862
1182
962
261
66
163
1514
352
1276
736
648
911
1109
1422
560
1325
921
365
945
1201
521
1493
389
160
487
957
896
378
806
1230
619
536
1017
1027
43
945
189
869
645
940
381
1220
54
713
1318
1215
611
826
549
669
503
949
440
1238
1061
152
1422
367
879
323
1032
1150
1268
1370
904
1420
1284
407
325
379
773
247
1236
1213
282
1512
280
1033
1124
361
350
1141
517
991
557
181
222
1272
103
122
883
64
770
1280
493
1266
1040
1188
1003
981
1423
772
587
1064
392
836
1353
588
473
1401
898
887
866
540
547
1509
706
709
185
1503
1441
1028
387
32
627
184
1474
162
473
534
489
694
690
196
1479
1116
509
65
686
3
630
433
1429
1322
1169
511
581
1405
15
1277
1417
1340
1299
716
809
892
497
68
994
506
1330
1033
1457
841
686
444
1475
637
1264
249
670
544
293
1402
851
67
378
1043
1031
1332
1444
955
1022
757
135
1225
966
516
1081
727
53
1194
1240
1085
1504
1435
228
895
1302
856
865
1081
1093
200
1321
621
1514
1062
691
466
1221
668
1183
946
319
722
1485
1416
97
45
853
1053
834
603
908
468
165
1214
455
28
1357
964
598
597
650
231
320
1080
888
147
1323
1
902
555
1153
82
593
729
2467
1364
1772
2051
1588
822
718
1303
2621
688
1719
1410
934
2405
1306
2587
851
2571
2422
991
1711
1532
1188
1722
417
895
745
1769
1960
1043
914
1780
981
683
1479
1047
493
1827
1200
989
1722
1112
1586
1745
996
1152
1883
2296
1917
1579
707
738
1365
2007
1122
1882
1707
700
2818
381
1496
1659
1082
2394
1890
1614
1675
2313
2510
1660
397
811
966
1086
1466
1440
1722
1737
649
2451
1666
1662
1494
1673
1659
1537
987
396
1253
1527
895
153
1267
1214
897
2421
1852
1396
2317
2222
1119
2477
1643
2178
1421
1092
672
1802
1416
871
637
2179
1863
1220
1170
1728
1995
2703
1323
986
769
2008
2883
2421
980
1399
2148
336
1733
1130
812
1750
1606
1261
1127
504
2430
2479
2018
1229
1170
655
864
731
2522
2573
2667
1961
1448
2908
106
1418
1678
1628
1957
1070
1526
1710
1024
692
2153
1283
2585
2039
2952
1885
1637
1920
2963
1363
2725
1217
1733
1020
780
1989
1837
1301
1837
2023
1883
1910
1814
1043
2107
2232
881
2220
2054
988
1765
2139
392
1670
1437
1234
2298
1497
331
2077
1804
2293
2011
1838
2128
1230
1826
861
2235
1410
1019
1632
1829
1845
2372
2364
1405
2002
2920
1445
1400
445
1527
1905
1041
1411
2227
640
1085
2680
885
1232
1901
1596
1079
1793
1015
1398
1405
1389
1352
191
1535
602
1052

21
250
11
9
8
19
18
18
9
7
18
8
17
6
13
6
18
20
11
16
17
17
18
18
6
19
8
16
19
9
6
11
17
8
18
20
6
6
19
14
15
11
18
12
19
17
16
6
15
20
14
16
11
13
9
19
6
17
7
13
10
13
7
19
10
16
8
7
10
19
5
18
12
19
15
15
16
18
9
12
20
12
11
9
15
9
11
9
15
11
19
18
7
9
18
6
13
11
19
16
12
11
18
13
6
15
19
5
17
5
9
6
12
16
19
8
11
18
5
20
18
19
13
11
14
16
18
8
7
8
17
10
14
9
6
17
7
18
14
14
8
5
17
7
18
16
15
6
6
8
16
11
20
6
7
14
17
7
14
8
5
19
7
12
13
12
10
8
13
14
9
7
17
14
17
20
8
18
14
9
17
8
6
7
9
19
13
15
11
17
12
6
8
16
13
11
15
19
6
12
6
8
17
10
7
14
6
12
11
8
8
19
10
16
12
7
8
9
16
13
16
6
16
9
17
9
7
9
8
13
16
15
17
16
12
12
9
18
11
12
19
6
6
6
7
18
10
14
14
9
9
19
0
976
362
1075
547
295
1448
475
1241
1151
560
849
291
223
1097
20
1179
127
383
629
468
30
890
774
544
410
831
1426
1551
221
1307
1518
767
1287
1084
580
443
1320
635
36
1010
1264
522
1246
907
574
194
758
143
1479
943
1072
863
506
433
35
468
744
1199
521
101
1349
326
388
748
902
1357
1268
401
652
81
839
323
708
833
913
1197
101
922
663
306
13
1392
1100
88
852
406
997
308
259
997
1061
1327
1401
376
1200
22
1277
312
1462
1175
1089
1113
850
1008
608
56
1443
1442
1472
343
1165
884
29
108
1296
1445
877
215
1164
168
596
366
1456
1061
830
486
1031
1525
222
243
896
844
1006
1217
221
1441
3
1467
1171
801
1370
1009
1212
751
624
186
544
901
632
95
227
1364
1300
1053
1524
236
333
513
702
70
1234
380
711
1034
577
262
1291
1214
506
614
1399
427
1393
81
385
1553
363
104
691
1078
413
1102
62
207
1385
184
936
225
849
1139
111
1024
1054
2
350
699
217
496
810
1134
84
872
169
356
266
208
453
1483
385
1497
327
371
758
458
69
446
885
1160
775
1282
448
762
1342
76
554
1546
664
787
587
331
827
112
839
996
47
1062
72
201
706
1508
1294
1385
1008
724
893
873
279
820
854
1214
1407
1358
1649
725
1201
1811
553
2538
1961
1702
1888
862
1138
2501
1262
2537
483
741
670
1740
1111
1591
843
2051
1460
2256
1720
2776
1586
2611
1783
1486
1973
1561
1871
1404
1877
2186
1011
1208
2599
966
2411
2163
1839
284
1488
936
1706
2054
2219
1591
1050
1325
908
988
870
1778
738
1303
2847
1799
1038
841
1506
2666
2724
1277
1847
1495
1804
1171
1809
1795
1693
1361
1267
1235
2029
1622
252
1863
2656
1541
1137
890
2164
583
1196
2473
1673
2670
2430
1012
2648
1434
2007
1132
1527
1290
2282
1624
1171
2233
972
790
2957
2024
1980
1498
1184
1223
861
750
2518
2323
1474
835
2156
1234
1920
401
1597
2483
1828
1307
1064
2032
1600
1697
1995
1999
2151
1835
592
2323
835
2794
1772
1189
2777
2420
1978
2256
1346
1368
844
1315
1410
666
1581
1537
1882
1426
2296
748
1801
1149
1722
1142
2458
1800
1686
2204
1262
310
1613
2217
1398
730
1555
1804
1768
1111
1334
2319
413
641
1494
1761
1235
1904
1314
1345
2319
1015
1051
292
887
2588
784
1671
1372
933
1369
1907
340
1924
1228
2403
484
1947
1135
1875
1006
1446
919
1804
746
2152
617
465
2089
1934
681
1753
2243
1373
1387
2093
1619
1936
2321
1514
686
2162
1895
864
952
1196
1208
1482
1423
1899
1029
2257
372
1527
977
2388
2763
2248
2225
1658
1323
1705
738
2010
1554

22
250
13
8
16
11
9
8
15
9
5
8
9
18
8
14
15
14
18
19
20
10
7
12
6
20
14
6
6
20
19
17
18
12
13
12
9
14
17
15
8
13
11
8
17
12
18
11
7
14
20
14
20
10
17
7
8
6
14
18
6
14
13
18
14
5
7
8
6
13
9
10
5
13
18
10
12
17
11
13
7
18
15
15
13
19
16
16
12
18
6
10
14
6
14
6
9
6
16
15
18
14
13
6
15
18
18
8
12
5
11
10
14
18
17
12
20
11
14
12
13
17
14
15
10
19
6
16
12
12
19
7
15
15
6
11
16
20
10
13
18
18
9
20
13
17
16
12
8
8
18
8
19
10
7
8
10
18
17
16
14
20
15
9
7
7
9
14
18
9
9
10
19
8
8
8
19
6
5
10
15
12
16
12
11
17
20
12
11
9
10
14
8
10
7
15
13
16
9
13
15
20
6
15
15
15
6
10
18
15
11
16
10
12
8
13
12
13
15
8
14
14
19
15
18
7
16
9
12
11
19
14
19
10
12
18
13
19
15
12
10
16
6
15
14
8
8
8
19
13
19
7
0
1228
94
1229
1254
190
1392
411
1555
344
1306
6
209
375
792
554
414
787
511
672
557
741
223
654
242
755
1166
282
1510
836
1570
1398
539
223
7
1212
776
963
1482
1165
18
929
1358
1485
1393
675
635
1493
772
215
751
1142
550
639
1315
89
754
905
1224
882
1571
1531
1233
1449
1510
800
499
911
1549
1536
1009
749
1052
1366
1338
1560
556
395
1551
1208
399
785
707
946
760
472
849
1542
21
1465
527
742
192
103
1252
1041
441
314
400
1060
181
1398
321
103
650
1397
832
285
1099
819
88
948
697
274
1115
1439
689
545
1474
629
497
221
1360
1328
1292
1029
1268
65
1232
125
769
466
652
87
1200
611
1392
20
70
536
1125
111
566
823
147
466
187
461
878
1212
937
1334
131
553
312
590
327
913
774
435
113
857
139
753
64
359
529
937
1348
246
1510
91
1362
1236
818
1389
647
816
1532
255
1326
1294
7
166
287
348
954
885
128
1161
699
1347
1481
802
857
34
1311
265
1376
188
424
1172
330
1132
408
873
115
478
1172
41
1479
1137
1484
1244
886
416
994
1500
1165
1053
1399
63
238
857
475
681
1159
825
405
1077
326
1085
356
1156
275
745
1071
504
747
1123
947
865
172
1489
262
1565
878
1069
944
411
1063
2411
1237
1946
1286
832
1809
890
3068
898
2049
970
369
847
2350
1545
1412
1225
1390
755
667
1214
1255
1191
1821
1696
1946
1527
1832
2405
2247
2068
1910
1219
530
2705
1331
2187
1558
2166
1460
1957
1765
2739
1720
1024
2106
2183
1932
1527
2263
2315
744
1479
2453
332
1520
1255
2071
1724
2505
1708
2158
1780
1831
2258
715
1741
2090
1936
1120
1490
2164
1933
1438
1792
673
437
2572
2359
508
1812
1692
1614
2003
757
2084
2083
1417
1668
1446
1772
1377
486
2395
2555
1995
357
743
1449
386
2588
1733
728
1976
1694
2425
1209
1395
1695
1437
1868
1705
295
2649
1660
902
970
3007
1774
1955
920
2235
2278
2230
2433
2289
879
2624
296
1207
754
1797
804
1536
1432
1761
1032
1418
672
2574
1594
1228
1803
1451
2041
227
2044
1118
1408
1855
2409
1244
602
395
1908
1858
2165
1254
857
1687
1071
1253
1439
167
1642
1967
1687
1702
1799
3111
1063
2219
2122
1428
2948
1323
1505
2365
453
2455
1852
85
370
1518
1264
1473
2240
1052
2753
1973
1529
2798
2135
1723
277
2870
1158
2961
911
1270
1615
1220
1470
808
1081
1596
1074
2234
1577
2773
2185
2445
2556
2464
1201
1080
2323
1613
1401
1564
1427
920
1684
975
1848
1931
1606
770
2249
1402
1312
845
1740
657
2208
1310
1473
1402
2692
1186
2447
1649
2749
1114
2696
1161
2272
2356
557

23
250
12
12
6
19
14
12
16
7
18
15
11
14
9
17
6
18
11
17
8
9
10
13
18
16
13
16
6
12
12
11
5
10
7
9
19
8
18
12
18
6
16
18
7
18
9
7
17
8
8
5
11
14
10
11
10
6
20
16
17
17
6
12
14
19
6
7
5
16
20
13
16
13
15
12
18
8
10
13
17
12
8
15
11
11
9
9
9
18
9
7
6
16
5
14
8
14
19
17
15
6
18
8
5
5
6
14
19
19
9
17
19
16
18
5
7
17
6
13
5
14
20
7
8
13
18
16
17
14
17
20
19
18
13
15
13
5
19
16
15
11
6
8
9
16
7
7
5
8
18
6
7
14
12
7
12
16
6
14
16
7
14
10
6
8
9
13
15
16
17
7
8
10
17
16
11
19
16
11
16
8
19
9
16
20
16
12
19
10
10
11
16
6
16
15
18
10
10
20
9
7
20
9
14
16
17
17
10
15
19
19
14
17
17
5
8
14
9
14
15
9
13
15
7
6
12
16
11
17
9
15
10
6
12
12
18
18
11
10
12
6
16
8
6
7
19
17
12
7
12
19
0
1041
162
1049
1177
573
1089
764
638
486
862
1126
1230
827
1497
1227
336
1438
364
439
1338
847
1453
1265
621
555
1149
250
1063
1203
1484
355
1472
1122
726
1422
582
814
283
557
739
612
1063
939
280
1267
362
415
31
912
1159
240
539
1250
1499
682
1504
916
652
582
172
1258
565
160
184
942
537
904
1246
1517
864
258
1298
361
959
1331
149
874
1501
1220
581
851
765
1429
559
1308
900
873
444
1318
341
992
248
1011
521
540
1523
1530
1546
236
1331
837
1009
1077
626
531
88
973
561
865
94
1424
1279
663
1350
993
1521
1039
1539
1229
1205
161
746
274
649
1219
1019
1334
156
672
1486
405
1371
657
105
588
187
228
1526
330
513
1538
292
1375
1468
1159
866
813
1270
1091
308
609
1396
354
1284
561
10
167
1384
299
100
655
77
1085
1175
389
301
484
1489
1511
1033
108
1375
720
1250
889
537
1457
801
1461
27
1193
1512
440
226
7
260
1131
887
1424
604
860
770
524
577
645
1374
78
306
376
1440
91
1004
1254
690
1516
236
799
1026
525
1529
651
385
152
1364
65
52
187
1064
1503
461
1435
429
1259
78
727
477
796
323
395
40
890
95
840
1174
307
1476
1463
379
1404
871
291
761
992
1111
505
390
1395
180
263
1331
2490
1553
1443
1908
1337
1740
788
1461
892
1173
2231
1873
1414
2164
1973
505
1706
1745
724
2719
1782
2630
2266
1927
1252
1399
1031
1402
2371
3003
1377
2117
2069
1682
2031
1590
1995
753
665
2232
706
2379
1957
1619
1803
570
1658
153
2128
1566
1657
1560
1398
2982
1831
1680
2193
1968
690
1202
1466
934
1692
809
1200
859
1369
1694
2230
1568
1266
2604
1111
2050
2472
1190
2231
1954
1824
1120
1318
1707
2607
1980
2169
2356
1595
1473
2740
1210
2356
690
1401
1335
1255
1736
2961
1562
675
2324
951
2012
2095
1665
951
1349
1023
1972
2393
210
2977
2632
802
2898
2182
2773
2287
2304
2255
1462
236
1750
582
1503
2710
1852
1813
455
1198
2790
570
2518
1838
1207
2020
581
696
2729
1856
1185
2089
1322
1852
2812
2274
928
1376
1686
1569
1009
789
2206
1400
2778
1645
1068
1370
2883
1307
803
715
173
2461
1802
874
1028
764
2483
2458
2148
852
2752
1257
1717
2269
1890
2835
2158
2098
1558
1518
2552
1232
1721
656
1657
1824
2023
2768
1471
1672
892
1800
1506
952
1737
385
1537
439
1740
727
1484
2491
1737
2975
594
1151
2063
1240
1763
906
1096
595
1401
716
1551
265
1644
2946
1234
1537
553
2599
849
1687
1805
2333
1259
1200
968
983
922
911
2303
1258
3021
2693
1531
2507
1387
972
868
1404
2590
2047
1084
1926
673
1048

24
250
18
5
13
18
10
13
11
13
17
14
15
6
17
15
14
5
15
5
17
8
7
15
8
5
10
17
13
11
18
15
6
18
9
6
10
10
8
8
18
17
19
18
11
9
11
9
13
5
12
13
19
8
17
8
20
13
9
8
20
10
10
16
13
11
9
15
18
11
12
15
7
17
9
18
12
7
10
6
18
18
17
20
18
10
6
14
13
11
15
12
19
7
16
16
10
12
16
5
8
11
5
10
16
8
11
9
11
13
16
8
10
12
5
16
20
19
11
16
6
11
16
16
18
18
9
16
11
14
11
14
5
12
18
17
13
14
11
6
12
17
13
17
20
6
5
13
10
18
8
13
7
8
12
16
18
9
18
18
19
15
9
10
17
11
19
11
15
20
18
14
17
19
19
17
7
19
7
12
17
17
20
18
11
17
7
15
18
17
16
20
9
10
20
13
17
13
8
11
13
10
19
15
7
16
20
7
10
11
9
6
6
19
8
12
19
10
15
18
15
11
19
19
9
17
17
19
7
6
16
20
17
17
9
12
8
13
18
14
13
9
17
9
14
8
11
5
7
6
14
11
0
1232
1295
1144
695
1483
153
557
1119
976
1096
760
384
760
1320
297
1122
563
488
1221
1280
1460
164
1356
653
961
267
304
1548
854
643
1363
825
745
571
361
291
837
1063
1437
527
1350
1190
968
314
1238
1320
540
492
1280
1275
1422
649
1351
1500
1283
349
153
41
215
1330
74
1481
1474
1483
1349
91
1143
1144
1054
1547
324
1275
382
492
332
1199
373
780
33
1184
812
498
783
1464
133
1293
1157
1387
1409
1061
1401
1534
1359
594
1377
1237
1216
921
700
783
313
1042
909
720
1581
128
693
1130
1078
1009
73
1319
369
1355
1357
1177
1032
1518
276
1453
829
963
104
980
617
1024
383
947
1381
358
1110
1403
457
846
1313
86
67
673
728
1264
288
354
1200
1283
810
65
428
304
1297
1187
401
490
589
47
651
1551
632
1242
265
519
920
1576
1290
231
569
900
506
1252
252
542
772
998
211
625
1597
503
1036
329
152
814
237
1171
931
701
909
1272
991
159
1429
1579
434
513
164
769
206
770
184
1395
1531
319
1377
813
1209
1186
294
671
299
669
1202
474
1128
1317
825
982
511
123
48
619
730
1601
270
1009
1156
533
701
4
88
1552
895
1167
245
471
720
403
868
925
434
1199
409
909
1113
1489
789
266
60
386
248
657
737
1567
2370
2187
2458
1068
1832
1000
1121
1934
993
2068
2298
1311
2170
2054
335
2026
802
1271
2212
2846
2536
1175
1581
1260
2418
1069
528
2572
1365
687
1911
1378
1050
1464
1437
1025
2400
1809
2053
1448
2043
1631
2356
1895
2189
2071
1259
592
2743
2408
2566
2020
1999
2905
2136
1254
780
1103
1018
2842
946
2968
2942
3062
2564
1244
2567
1374
2280
1719
1719
2012
1672
1769
511
2337
899
1640
647
1279
1112
1128
1333
1906
1742
2840
1283
1513
2151
1714
1563
2336
1548
1395
1758
1256
1650
1937
2117
1211
1701
2419
2377
864
2599
1528
2018
2178
2096
1419
461
2106
960
2342
2277
1704
1849
3107
1551
1705
1861
1616
441
2222
1997
1932
595
1268
2452
1695
1688
2992
635
1619
2003
129
836
873
1360
2651
1236
1412
1603
2858
2236
599
1610
654
2120
1903
1135
1606
1374
417
1203
2220
810
1789
588
2112
2316
2769
1776
1180
1922
1190
636
2056
1722
671
1573
1905
1493
846
2267
1768
1365
1034
893
1354
460
1533
1967
1099
1864
1844
1544
485
2634
2273
1763
1293
1549
1856
1776
1615
1716
2275
2037
935
2244
1063
1365
1375
934
1541
1089
2004
2496
1589
2185
1626
866
1993
1612
176
986
881
1202
1747
561
2429
1460
1196
1745
1401
1572
2236
2280
2121
870
808
2312
1533
1566
1004
565
1345
490
2018
1463
2788
1594
1070
638
948
1403
2109
903

25
250
19
14
8
10
7
8
8
9
12
20
5
12
16
9
8
19
19
5
6
5
11
11
14
20
10
12
6
18
13
15
11
18
18
18
16
16
20
15
18
16
13
9
9
10
16
18
7
6
6
15
19
20
14
16
11
15
18
10
20
16
15
8
15
13
7
7
7
9
16
5
8
9
20
7
9
11
18
15
14
8
6
13
16
9
20
19
16
19
15
6
10
18
15
17
13
18
14
13
5
14
20
14
12
18
16
9
8
9
17
6
16
19
20
18
13
13
13
14
16
11
8
5
11
11
19
15
13
16
10
15
6
15
18
11
17
17
12
14
13
19
13
8
11
8
14
10
16
9
13
9
9
17
13
17
16
9
7
19
18
17
5
8
8
8
16
11
18
8
19
12
16
6
11
19
19
17
17
19
16
9
13
7
18
16
19
9
19
18
11
11
8
5
12
10
11
8
14
8
19
10
16
9
13
17
12
7
14
13
7
17
8
19
15
10
15
20
11
13
17
6
11
13
6
8
9
9
19
11
14
7
7
11
8
18
18
16
17
7
7
10
9
13
17
8
12
13
12
10
17
7
0
310
361
1516
1419
857
491
31
1300
230
1575
847
770
1556
1072
1431
414
974
122
176
403
1572
222
1005
1227
991
719
1138
707
1411
968
1570
1072
478
633
795
833
717
348
179
1220
794
1029
666
312
1368
858
43
1421
76
971
803
891
405
1361
1110
1033
1024
1188
1243
573
1503
960
1224
355
539
68
1263
632
320
1466
1461
548
1091
1024
1235
62
1158
502
1301
587
761
898
684
1387
1111
761
1178
771
220
920
543
723
741
309
1238
71
1145
303
11
375
1396
648
1096
44
840
1212
803
886
324
612
593
979
615
1164
1223
1274
1156
37
1544
1424
812
1589
802
1052
1442
446
912
1119
6
628
1158
862
339
1133
943
916
4
498
1460
107
908
247
1137
1323
665
685
1279
1179
651
856
800
1234
498
926
1243
1103
587
1253
997
55
1463
1183
1495
952
974
1419
1114
33
397
230
1153
1085
1213
115
1211
796
588
824
360
1381
752
147
580
484
416
705
138
71
991
1068
494
270
533
1358
57
751
195
56
1572
1097
886
1010
78
447
586
971
543
618
315
597
218
216
472
1271
772
1507
358
354
1198
1588
132
1471
1449
815
462
1393
1312
13
727
431
535
279
590
1093
671
852
1021
430
304
863
23
1464
61
456
1465
1258
1114
697
364
168
1123
1328
2848
2324
1834
1689
1592
2089
1054
2917
2419
1979
2423
1663
1922
1612
2210
1548
948
1357
3099
694
1164
2184
2345
2057
1208
1096
2622
2261
2313
2303
1254
1770
1757
1881
1534
1710
1358
2679
1912
1627
1808
1369
1845
1539
199
2649
797
1913
1545
1130
688
1745
2465
1657
2411
1341
2836
1130
1968
1531
1622
1095
892
1541
2491
1048
1271
1554
1567
1963
1761
2298
1770
401
1472
1776
2395
1017
1060
1887
1925
2235
1601
1211
2559
2039
1543
1110
1825
1267
2136
1371
1388
1611
2234
1347
643
1185
2663
2094
2115
1121
992
1349
1083
1925
1518
938
816
1433
848
2417
1733
1852
2275
966
2933
2788
2185
2852
982
1829
2961
1411
1933
2006
347
768
1434
1715
1774
1471
1347
1063
898
2084
1836
518
1513
1283
2205
1891
2059
1744
2247
1684
1660
1801
2036
1480
1306
2129
1649
1212
2026
1771
2115
170
2378
1478
2222
1788
1995
1515
2521
803
471
314
1377
1634
1864
808
2306
1751
1153
1787
1688
1512
1187
244
1558
1742
1512
1386
468
758
2567
1454
858
1677
2035
2462
484
1839
1213
1380
2633
2215
1209
1928
433
850
653
1152
1676
1613
1818
1774
1562
829
1593
2842
1727
2115
1586
378
2124
3052
773
1601
2023
2193
1872
1613
1753
413
1409
697
1936
519
729
2158
1338
1421
1717
1297
1019
1827
692
3060
245
2009
2907
2323
1243
882
1154

26
250
13
15
19
8
17
10
12
11
17
17
12
12
5
19
16
7
8
10
6
14
18
16
8
20
6
17
15
16
15
14
15
5
15
12
18
12
16
15
14
17
17
17
16
5
14
13
5
9
17
9
17
13
12
14
15
8
11
17
8
6
18
17
9
19
6
12
8
19
11
18
16
5
6
5
9
12
11
9
18
15
20
7
20
6
6
9
17
6
10
12
13
13
12
13
16
8
5
6
10
14
15
15
5
7
7
14
12
18
9
7
18
6
19
13
8
19
15
19
16
5
18
19
12
17
16
17
9
8
15
5
19
6
14
6
18
17
12
14
17
9
7
9
7
13
15
16
19
17
12
8
11
18
17
5
18
10
13
15
16
16
17
5
11
19
14
5
11
5
10
14
14
16
12
16
7
13
19
13
17
9
5
14
7
16
17
8
18
14
16
13
12
19
8
9
11
16
10
16
8
8
16
18
10
6
17
5
5
5
9
14
9
16
8
20
17
10
8
12
9
18
15
18
11
12
10
14
13
20
18
16
12
8
10
10
14
6
7
15
12
9
7
5
6
15
5
9
17
16
7
15
0
131
716
1267
221
1387
404
601
843
549
1411
474
524
1319
314
1248
822
1166
611
864
406
1059
1490
871
1167
1264
593
1419
970
62
373
962
184
661
682
107
364
1424
1241
591
555
943
1272
391
555
843
1369
685
1118
712
1078
914
1150
521
367
775
459
303
1538
847
367
59
1202
573
1457
512
1360
787
66
1468
1357
193
1333
1514
1310
759
928
445
425
571
1228
422
693
1504
132
1055
939
978
1276
1431
981
1318
843
1207
883
1374
1291
1383
1133
815
999
1534
1098
309
867
297
64
163
86
539
1272
755
447
1247
85
1135
691
765
1543
663
267
1163
480
86
192
1233
424
722
264
382
1329
1231
435
910
1438
1498
955
22
566
717
1357
812
594
747
635
1092
1285
288
219
124
1147
221
1284
704
1450
1032
1087
237
1464
279
1515
851
40
414
528
1254
882
889
1315
369
1065
328
574
228
342
1264
24
1004
1538
1427
992
428
894
1252
1461
1306
520
733
256
686
81
1367
1465
1543
1399
272
581
404
116
1459
1136
1068
1210
435
2
116
2
1138
956
531
1037
1266
887
700
1006
378
494
1177
361
844
857
1229
718
328
641
1256
113
54
137
115
451
1209
621
352
507
1362
597
1084
1238
411
600
818
1378
43
1116
784
791
69
638
119
417
505
837
2610
946
2299
1005
996
886
1558
1953
1901
1261
2228
1316
2394
2239
1951
1083
2342
575
1407
1733
2401
2090
2810
645
2782
1165
986
914
2044
1684
932
786
1415
1491
1742
2030
1527
768
1073
1529
1911
1004
1777
2746
906
1172
2139
2146
1342
2371
802
990
1537
1432
967
2440
1636
1670
129
2563
1448
2662
932
1417
1486
596
1531
1505
456
2421
2584
2404
2313
2148
1832
829
1174
1351
708
1654
2516
361
1852
1342
2370
2410
1932
1977
2734
1510
1721
1583
2333
1386
2497
2167
2251
2261
2855
1259
802
2326
507
556
529
788
999
2036
1452
995
2231
606
2098
2075
1366
2359
769
1158
2672
1428
254
317
1527
632
2088
383
387
2535
1328
499
1200
1720
2161
2442
515
1309
1429
1610
1462
2141
1302
748
2461
1693
608
402
1225
2159
1620
2381
2133
1547
2023
1648
411
2523
868
3028
2206
558
700
1041
1832
1782
2268
2501
1063
2348
355
895
1247
1679
1485
579
2285
2984
2962
1511
773
2057
1739
2400
1362
1612
1680
679
1286
829
1622
2753
2127
2149
451
1198
1209
509
1727
1586
1086
1472
1578
426
386
1243
2497
1299
1537
1142
1425
1620
1330
1921
788
1482
1839
1008
1827
1169
1362
1635
829
1618
2536
913
434
717
886
1677
2349
1162
1532
1221
1403
1293
2550
1551
1470
1537
2060
2212
300
2426
1603
1687
1237
788
895

27
250
9
18
19
6
16
20
9
17
18
12
16
20
11
6
15
16
17
17
9
15
6
15
10
6
11
10
8
15
17
17
7
19
10
19
16
18
8
10
12
9
7
9
13
11
6
16
19
10
12
12
14
19
7
6
8
11
16
11
15
15
20
11
19
16
7
7
7
6
7
12
5
9
7
13
20
5
10
10
15
6
18
6
17
20
17
5
16
7
5
12
16
6
13
16
11
6
6
8
8
15
7
15
12
10
16
17
19
18
10
11
10
18
15
6
13
19
19
16
14
18
15
11
12
11
11
18
12
14
16
10
11
17
13
8
10
7
5
7
11
15
6
14
8
19
12
12
5
14
9
13
9
12
9
12
6
17
12
20
20
20
7
11
12
7
11
10
20
16
8
7
6
5
19
13
15
15
9
19
16
15
8
16
5
5
17
13
12
7
19
8
15
11
5
16
16
9
9
10
17
10
15
16
18
9
8
20
18
17
6
13
14
13
13
14
8
6
6
18
16
10
19
16
6
9
15
7
17
11
12
14
6
14
20
16
8
14
16
14
18
12
6
18
5
12
6
12
19
8
9
12
0
680
1138
1530
1295
1189
221
490
188
1048
1110
73
636
1187
583
1274
322
1162
1412
1418
330
900
1197
984
207
1110
533
12
1261
490
823
1024
1058
922
1180
859
1232
344
32
622
834
1380
140
817
412
73
1141
98
1314
1205
1359
24
845
12
667
487
25
1324
46
462
1533
592
383
1048
774
898
737
877
1392
1156
161
810
1351
446
250
339
872
1255
203
1068
1379
1323
1531
1220
683
1374
400
1169
1143
16
59
851
729
15
1419
1396
613
292
1145
1031
754
941
1375
674
195
194
582
64
1195
1434
368
1368
136
1508
794
1117
1147
1463
611
1234
121
216
1082
39
1123
1529
608
140
602
944
334
238
1410
1472
266
72
1241
128
1475
888
611
239
64
1492
1087
845
748
1439
517
1214
412
662
473
971
217
960
433
87
1199
198
45
715
505
1495
899
1312
1535
639
1504
373
1401
110
1464
225
1222
642
876
575
1121
314
192
1419
882
1206
392
415
370
1418
1030
1240
732
122
601
1157
450
1129
1410
413
1102
1180
351
145
27
642
10
733
63
1326
34
1027
1308
1480
85
1191
459
257
419
378
1044
222
726
1189
250
239
136
1379
162
1079
578
118
1462
739
1033
817
1293
262
225
959
914
155
1440
86
364
472
155
1034
1085
48
376
244
1412
957
1609
2128
2536
2326
633
1616
1039
2284
1814
185
1581
1326
2076
2606
1464
2006
2952
2925
1196
1031
2322
1854
301
2631
950
1334
1807
2024
1729
1060
1346
1762
2385
2379
2201
845
946
1334
1092
2302
1159
2219
1758
511
1589
1301
2582
1813
1697
1283
1341
1390
1175
1455
426
1946
966
1170
1615
1842
775
1393
1548
1573
1637
2102
1656
2113
575
1957
1828
963
1113
665
1210
2635
731
1696
1408
1698
2276
1744
1518
2628
731
1296
2003
965
286
1655
2126
662
2495
2300
1647
1406
1793
2554
1111
1650
1441
1629
351
1572
1695
802
1789
2890
948
1787
1672
1933
1577
2111
1392
1867
1189
1517
879
746
1107
67
1623
2900
2075
684
1037
2331
362
1173
2791
2744
523
894
1891
1385
2655
1046
1236
1142
325
1928
1470
1349
816
2584
1123
2428
949
1534
979
2448
735
2180
1923
804
2056
411
1083
920
712
2425
1715
2675
2233
1181
3011
861
1929
719
2394
425
1269
1836
903
1935
2473
1169
1372
1638
1192
1670
638
1177
801
2352
2255
2049
1602
1607
620
1522
1326
2459
2610
1853
1436
1670
709
531
239
1556
855
814
1273
2094
555
1161
2551
2854
191
1492
1276
1575
1678
1357
1092
453
779
2178
1156
696
475
2422
386
1319
1470
805
1954
921
1678
1005
2573
1513
444
2446
2161
1057
1491
1238
1400
1224
697
2562
1801
207
1859
1346

28
250
17
20
8
12
17
20
20
14
16
7
7
5
7
17
13
6
8
6
13
15
20
14
15
10
10
20
20
16
15
10
20
16
18
14
6
20
16
9
17
17
8
12
19
12
15
18
12
5
20
10
7
6
17
12
15
19
16
18
14
17
9
7
7
10
13
11
16
6
17
17
20
15
12
13
16
15
9
9
16
10
20
11
15
10
7
14
8
10
17
15
6
14
6
16
10
19
5
15
14
20
13
14
13
11
12
17
15
16
5
7
16
9
6
7
7
15
13
16
7
19
12
15
15
19
9
14
11
10
17
14
9
5
9
9
9
15
8
13
19
19
10
10
15
13
6
5
18
12
5
6
9
19
17
8
17
13
15
14
17
8
8
10
15
15
17
14
17
19
16
5
9
15
10
18
10
14
18
16
11
10
7
8
6
19
16
10
9
12
14
20
18
19
14
18
19
14
12
19
14
8
5
9
13
12
14
9
14
14
12
16
13
20
20
6
17
11
10
8
6
16
18
14
17
10
13
6
14
14
6
18
16
9
8
11
19
6
8
12
18
9
16
11
11
9
7
6
14
10
17
16
0
822
1231
1462
702
667
64
546
1421
803
923
103
924
439
790
576
515
1352
445
1274
1316
638
28
1088
1510
761
292
1337
16
353
794
189
1411
421
1477
916
185
608
496
1015
1548
949
1130
475
862
1395
1439
1005
1332
121
307
901
17
505
1531
587
1009
600
1597
1084
214
559
394
858
620
270
1328
498
861
237
64
1466
1556
368
371
383
1067
115
299
288
1112
1015
1550
327
302
689
1288
1317
845
142
44
1444
52
612
955
336
1531
630
398
161
72
1523
1265
1208
720
34
925
1393
446
278
1131
347
893
1319
1514
1528
1440
582
1521
210
1018
1387
1238
407
1162
818
361
569
306
612
155
707
615
1284
1247
1198
1366
1370
521
1118
155
416
745
1552
1565
369
992
931
148
827
701
650
1380
382
1431
12
1023
1132
747
352
958
1378
713
587
1132
786
1407
845
869
1450
337
1224
402
307
200
1124
664
1153
1023
614
197
116
1552
1269
31
28
327
1547
969
1159
499
130
951
1339
840
703
917
947
992
1208
1254
999
201
1025
443
983
6
1134
378
707
1299
302
1206
1591
1445
752
1320
473
1079
754
1381
153
649
401
796
956
1151
1208
1516
736
299
194
1198
1190
193
685
184
1523
123
502
1146
1316
161
574
243
47
403
1031
1449
716
708
1462
1329
1694
803
795
941
1701
2348
2313
1251
476
1606
1017
1627
1028
1163
2576
640
1945
2895
2050
97
2014
2519
2036
1739
2477
1129
1252
2080
409
2647
622
1862
2452
539
2066
1861
1087
2794
1202
1327
1800
2196
1732
1560
1852
1873
1420
358
2471
1611
1761
1988
1702
2081
2042
3141
1616
1075
1326
1876
1306
795
1223
2723
1148
1675
523
814
2590
1865
504
1767
1886
1953
848
793
399
1798
1440
1591
1014
394
1414
1993
2017
1883
1164
1218
3023
1296
1755
1989
521
1612
1071
1683
442
379
2000
1795
1384
2036
1552
1012
1468
1098
1771
1154
1554
1450
1881
2557
2016
2695
1117
2184
815
1267
2183
1264
1289
1249
1755
686
767
887
854
651
1782
938
2471
1727
2747
2700
2160
1587
1783
1540
1188
2181
2721
3077
1701
2439
2428
812
2272
719
1188
2890
1163
3027
1080
2082
1877
1959
511
2447
2575
837
830
1342
808
1630
1241
1762
1459
496
1354
471
1886
1104
1787
991
2765
1247
1315
1600
1215
3050
1963
1478
298
777
2790
1842
2364
1085
304
2293
1551
1127
1657
1243
1966
1790
1522
1984
1490
489
2421
1604
1533
874
1949
779
1798
1555
1443
2387
1944
2755
855
1472
1449
2500
904
1893
1535
2249
1159
1269
2349
1312
2482
2036
1003
1834
785
1491
2366
378
1311
727
2344
515
2096
1787
1656
400
1240
566
179
668
2496
2633
1407

29
250
8
14
8
9
13
17
15
6
16
10
6
8
20
14
13
7
13
5
20
12
20
7
6
12
16
5
8
18
11
19
8
16
7
6
8
12
16
6
13
12
11
12
14
10
20
19
11
5
11
19
11
8
5
12
19
19
18
16
8
9
18
11
20
9
18
7
18
19
10
12
13
7
17
12
17
9
8
17
20
8
9
7
5
16
13
18
16
12
19
15
11
18
18
17
17
8
20
5
11
9
18
10
13
18
5
8
8
15
18
17
12
8
18
8
18
8
12
11
11
14
18
12
16
11
12
19
12
9
14
19
15
5
19
13
13
17
14
9
20
9
7
5
9
6
13
17
15
14
17
12
20
9
17
18
15
14
16
18
5
15
7
15
10
17
17
6
16
18
12
8
20
16
18
13
20
8
18
7
17
7
12
16
16
7
11
7
9
9
15
5
14
10
12
6
11
10
18
9
10
8
20
9
15
19
7
19
11
17
19
10
10
20
8
8
6
8
15
12
13
8
7
5
11
12
17
12
19
8
10
15
19
17
18
13
9
15
15
19
9
12
8
8
18
9
15
20
13
6
6
16
0
1210
204
1375
1273
92
22
1347
276
505
277
566
315
144
1448
328
1142
687
1196
331
1134
1150
308
779
679
1333
433
684
1130
1219
1348
736
1137
315
1562
902
893
137
525
1104
296
1212
1507
1461
1572
956
783
978
781
1170
96
633
857
1508
1177
265
609
289
344
1550
213
1127
407
129
1322
938
1026
1303
1263
454
552
1279
510
158
509
1563
782
657
1520
67
334
429
783
1229
107
473
443
1381
450
895
630
1122
524
560
734
931
604
619
47
197
444
933
821
114
268
1263
131
626
659
976
440
1326
55
1263
1575
1243
327
429
821
1111
172
481
213
1451
1052
1372
318
88
642
1096
127
1372
102
135
1309
1231
155
9
108
1412
1202
733
1482
1232
1429
1188
837
1231
245
849
1130
238
976
576
1222
1277
1226
926
1150
1505
1169
404
1237
572
766
26
1253
996
411
810
227
223
1273
573
1526
65
858
338
147
22
614
1454
1025
189
558
585
1101
774
923
1571
1316
254
1574
774
238
1289
249
1237
730
1155
929
1221
323
1104
182
1388
1449
323
716
1462
1127
1033
1048
629
1003
1451
1011
948
497
1546
462
1162
1327
1523
898
735
359
549
1551
1490
654
939
1259
1412
281
58
838
1158
1390
408
1452
447
714
1218
29
168
818
415
920
1564
119
1535
819
2346
2234
196
1035
2783
431
2064
496
905
1534
375
2064
1345
1189
1529
1496
1610
1899
2101
325
1327
1325
1877
1662
1233
2205
1669
1460
962
1835
1859
2557
1815
1696
982
764
1421
1633
2245
1645
2185
1814
2057
1771
1661
1938
1916
834
831
2193
1558
2086
1555
1698
696
1187
2404
248
1892
1625
575
2795
1012
1138
2476
1984
1882
1891
1862
1508
453
1401
2671
1944
2202
2434
612
834
460
893
2630
1184
1667
801
1462
1166
1352
904
1624
2069
1857
922
1454
716
695
85
771
1885
1041
1212
313
1221
1780
1060
835
1046
1187
551
1500
1382
1728
3116
1911
618
1027
1426
1249
1571
704
1572
2111
1874
2356
874
1425
1312
1948
308
2760
1431
692
2339
2498
1715
1162
871
1533
2607
1833
2643
1416
2015
1650
1488
1633
413
2325
1518
1174
1298
1242
1276
2498
1478
1932
1912
1582
2112
1910
1584
1955
1959
768
1479
1650
1982
2303
1512
295
2005
1578
3074
717
920
1766
1604
58
1738
2788
2238
1623
1587
1568
1767
1477
2374
1588
1810
1519
1933
1813
1060
1397
1351
2124
1641
2126
2353
1911
1035
2175
556
1856
2976
1433
2267
2982
1617
1923
2334
2103
2123
1488
1828
1231
558
2604
1030
1665
1957
2538
2427
2206
1102
1126
1918
1742
1619
2111
2823
2316
1142
1289
942
1845
2457
931
2036
723
1793
2513
1225
892
1793
1334
1072
2197

30
250
7
17
14
13
6
16
12
19
17
17
12
8
15
16
14
14
13
10
9
8
18
10
11
7
11
19
11
5
17
18
16
13
10
12
8
20
13
20
14
16
12
14
6
5
19
9
6
16
7
11
17
8
5
10
11
12
7
8
7
16
10
19
17
15
13
9
11
12
15
17
19
10
18
7
7
11
11
14
17
6
9
10
6
12
12
16
13
13
17
6
19
5
7
9
16
18
16
7
18
8
8
11
10
14
14
18
11
12
18
16
8
14
10
13
19
9
10
12
7
15
14
6
8
16
17
8
19
6
11
20
17
16
13
14
15
11
10
13
6
18
18
7
16
7
16
14
5
12
11
7
13
8
6
5
19
8
18
14
18
7
9
6
19
6
5
17
15
10
11
19
20
12
15
8
18
14
12
8
9
9
12
7
7
8
5
17
15
5
12
8
6
17
9
15
14
15
14
8
10
7
8
6
10
16
13
17
7
15
13
10
9
8
17
10
9
17
12
12
13
9
15
6
20
17
15
9
14
8
8
14
13
8
10
6
20
10
8
11
6
19
10
5
5
11
16
10
11
18
16
10
0
34
804
323
375
343
974
3
822
396
73
591
439
290
1473
1213
349
421
915
636
601
351
1339
893
727
316
302
282
711
1
583
692
921
433
952
1023
300
605
1227
172
352
688
1086
803
740
439
1265
1427
27
169
100
978
851
381
52
400
114
1427
672
1474
931
810
141
867
1441
1466
1329
629
234
175
1055
138
449
905
431
1217
1376
1260
3
417
56
1338
1091
176
700
1140
1008
874
493
1382
557
996
542
814
1014
386
50
408
1496
830
1473
33
889
472
1270
956
253
256
1454
1310
894
921
89
849
10
1253
436
634
75
100
1385
487
913
856
1392
841
1097
1447
1009
1323
127
1491
306
1203
1024
670
207
46
315
514
1067
689
1012
104
10
918
1075
914
1334
1409
472
781
1052
1342
304
1234
317
266
1140
678
1327
81
995
651
1493
266
112
649
882
1174
984
1256
1287
1045
289
51
1440
60
126
30
1156
68
783
49
982
1351
904
484
1130
10
253
1122
1241
839
993
514
291
1336
1163
748
1154
643
243
1422
1177
1074
10
266
237
581
1103
642
144
751
950
1449
1401
211
997
1127
1136
1039
402
249
1223
1058
620
1460
431
1085
1052
227
618
47
1175
1124
779
1017
1325
681
1485
1092
1061
1467
1023
152
775
1456
1272
1411
983
912
941
1709
799
805
1464
516
1820
957
720
1326
1462
574
2087
1503
1843
573
2046
1808
1364
506
1363
1897
1400
1229
323
1292
2144
1482
1885
954
1276
502
1320
1617
802
652
2687
1387
1160
1188
1700
832
1381
1423
2432
1466
1003
1108
1338
1337
1491
1320
1437
909
1299
2916
977
1591
1837
1116
1034
1190
2166
1725
1941
1889
910
913
1880
172
1357
1595
1476
1510
2230
2650
1119
694
120
2460
2169
648
935
2386
1885
1476
1999
2349
647
1269
642
984
2232
1876
1366
1568
2102
893
2323
233
2363
1099
2483
1177
864
1625
2452
2245
1847
2240
1359
1851
188
1682
541
1809
92
183
2488
1729
2411
2257
2652
1594
1781
2880
1461
1996
1187
2701
1116
2220
1606
2091
987
841
771
688
1288
1669
2490
1316
252
1463
1523
1634
2040
2681
1054
815
1134
2228
535
1622
784
903
2052
835
1409
889
1691
2074
1650
448
1617
817
1648
2028
2233
2388
1838
1384
959
414
2144
944
514
387
1999
1073
831
907
1644
2511
1283
713
2305
313
1016
2551
2493
1183
1688
1052
1695
2438
1522
2143
2580
2091
319
2690
2058
2295
1262
1687
1265
1930
2013
2058
827
1004
1611
2194
2566
1663
2077
2070
1858
1731
1278
1056
2352
1700
866
2819
1297
1234
2052
1674
1264
413
2264
1726
2233
1260
1545
1053
1653
2004
1993
1488
1263
962
1156
1616
1781
2287

