1
30
18
12
13
7
15
15
5
16
16
16
11
16
5
7
18
8
11
20
18
20
6
10
14
20
14
9
10
8
14
10
0
148
171
166
73
133
39
159
98
34
68
183
44
38
71
159
67
25
42
151
115
0
128
99
102
175
115
31
137
113
43
201
334
236
126
287
112
256
123
72
140
266
101
60
205
291
221
225
229
352
169
192
189
305
306
323
213
41
328
231

2
30
16
15
5
15
14
11
10
6
18
14
8
8
10
6
9
7
5
15
11
6
16
12
7
14
20
19
15
16
8
18
0
25
92
93
41
18
104
23
15
24
135
94
130
118
99
78
146
161
73
124
138
42
143
113
148
120
146
167
111
158
91
130
209
166
230
101
204
199
95
109
252
145
314
140
236
209
221
213
125
273
253
71
305
227
233
298
209
266
271
266

3
30
9
7
11
16
9
12
8
19
9
15
8
6
8
9
8
12
6
6
16
18
18
11
12
17
13
7
18
13
5
6
0
53
27
92
64
164
160
1
90
126
110
117
90
1
90
14
128
8
124
145
161
61
43
62
7
45
84
115
5
28
46
108
200
117
164
321
331
96
242
291
165
190
181
126
184
128
254
103
158
267
202
176
206
222
176
119
102
204
34
37

4
30
17
19
9
11
13
9
12
5
16
16
17
8
12
9
11
14
17
13
10
18
14
8
6
12
18
14
6
15
12
16
0
142
111
84
99
122
141
187
52
173
70
132
116
153
3
121
127
86
35
7
15
109
85
100
61
186
184
46
122
103
175
249
149
196
117
177
192
378
180
295
254
325
279
266
120
236
271
176
107
211
205
168
155
206
195
383
351
188
201
265

5
30
20
17
16
6
20
18
13
20
19
14
11
10
6
19
16
9
19
10
11
8
7
11
16
20
8
15
17
20
19
19
0
60
145
67
9
20
11
173
52
158
173
116
82
105
59
17
54
30
37
164
29
120
70
79
76
25
216
70
92
85
133
285
347
281
138
54
32
357
137
272
258
323
147
231
285
110
137
144
150
277
60
338
220
187
96
140
347
306
242
134

6
30
14
19
11
15
13
7
9
13
9
14
13
7
5
17
11
7
14
13
8
7
10
17
9
7
6
10
13
8
18
19
0
84
151
151
140
80
161
51
27
70
136
151
73
43
33
38
125
85
113
38
91
123
16
140
106
43
140
79
132
150
137
175
329
290
246
159
282
114
57
194
280
276
181
167
80
57
204
118
203
115
251
202
166
222
250
206
158
99
172
232

7
30
7
20
9
11
16
17
19
7
20
12
16
8
10
10
14
19
18
11
15
5
11
10
12
9
5
19
19
17
15
7
0
18
13
155
148
105
48
51
119
109
123
76
99
111
146
140
190
32
184
81
99
61
65
84
154
183
156
142
104
89
187
156
79
260
257
189
259
136
221
174
227
245
120
218
308
305
258
111
322
176
179
228
211
262
298
382
342
253
220
211

8
30
15
14
17
14
16
18
8
9
10
6
15
19
6
18
10
20
13
15
17
7
16
12
14
7
6
8
19
18
19
7
0
120
54
109
172
11
155
32
113
80
27
88
189
149
185
97
102
174
94
1
188
136
123
29
167
141
72
137
61
173
152
295
208
303
281
94
182
153
308
196
185
115
295
319
366
266
223
250
218
201
349
204
250
93
317
166
125
241
215
280

9
30
15
15
12
16
16
19
19
6
10
10
10
11
9
15
5
16
17
17
13
12
11
12
13
11
16
8
5
8
16
7
0
39
71
179
93
126
63
118
163
73
130
4
93
135
98
143
70
52
120
21
43
37
36
57
135
104
41
0
25
104
127
155
237
211
123
165
230
204
291
180
235
139
124
285
171
248
126
217
159
33
188
113
139
139
211
174
47
138
153
128

10
30
20
19
16
13
8
13
9
10
7
10
6
10
10
14
6
11
11
12
7
14
12
18
7
11
8
12
20
9
6
17
0
48
19
137
49
67
50
112
124
91
32
22
83
89
133
79
170
51
50
38
4
59
20
73
113
139
72
29
52
121
152
136
149
297
125
210
102
283
173
118
201
90
167
226
238
123
235
181
188
107
160
181
48
141
161
313
109
170
204
193

11
30
11
12
7
6
9
18
14
8
5
5
14
9
12
6
7
18
17
17
9
12
18
15
18
12
8
20
13
12
5
18
0
71
134
109
103
102
162
88
144
106
127
61
136
60
66
119
19
129
148
155
61
108
156
29
125
60
166
44
109
58
34
123
276
128
240
214
331
96
202
171
316
179
306
143
185
174
118
293
255
304
233
135
237
81
257
207
314
177
152
214

12
30
18
17
16
14
8
7
15
7
13
7
10
17
15
7
14
7
13
16
7
10
14
8
12
8
15
16
10
13
6
12
0
129
148
165
167
132
11
128
37
10
1
10
95
135
156
5
155
130
114
139
56
122
114
27
47
57
90
112
87
149
123
265
276
183
177
184
97
180
138
156
22
151
147
231
245
185
286
168
282
241
230
147
299
41
89
113
171
158
256
317

13
30
16
19
6
15
10
17
11
17
15
5
18
17
18
12
11
9
18
6
9
19
13
8
9
14
15
17
10
14
11
5
0
155
103
62
14
185
186
1
187
128
157
15
94
42
186
191
68
123
24
149
124
140
69
77
55
127
153
185
31
145
33
228
293
90
41
215
236
112
278
213
275
217
132
175
333
296
191
158
143
302
193
284
110
143
103
207
222
293
165
226

14
30
6
18
9
11
9
7
12
12
6
17
16
14
15
5
17
8
11
17
14
10
12
16
11
7
14
6
6
13
6
16
0
81
29
21
52
112
58
55
10
165
144
166
12
91
141
117
3
67
62
3
32
27
120
94
95
71
25
118
55
112
70
174
191
38
110
201
176
196
17
310
205
235
69
261
252
199
134
105
207
162
141
135
265
117
258
155
95
270
199
249

15
30
9
12
15
13
5
12
13
6
12
19
14
9
18
15
13
15
13
18
6
14
14
14
20
16
16
9
14
5
5
11
0
160
126
47
156
73
109
120
68
101
60
97
78
91
151
61
100
75
91
44
46
28
186
46
61
105
158
43
57
13
47
326
228
210
201
180
151
279
257
285
196
217
192
188
238
165
182
252
257
99
116
51
352
116
110
141
212
59
247
109

16
30
19
13
7
15
14
20
15
11
15
13
8
10
16
18
12
20
19
13
8
6
20
8
17
10
15
9
10
8
18
5
0
157
130
120
148
20
181
168
94
182
62
81
77
191
44
68
48
130
168
16
9
116
9
134
73
40
81
6
190
132
164
208
273
255
184
201
313
283
215
335
104
222
219
311
156
125
101
282
264
75
203
252
122
170
202
69
182
115
357
297

17
30
16
15
17
15
8
11
7
18
10
6
20
5
16
7
17
19
10
18
11
11
20
7
18
12
17
12
18
17
6
10
0
162
186
36
186
173
4
93
163
3
15
74
71
50
13
117
58
63
82
96
15
145
83
9
121
139
49
3
87
134
170
260
377
64
236
193
47
295
268
24
65
110
191
173
110
305
167
273
227
231
194
155
146
95
171
294
250
61
207
272

18
30
5
9
11
16
7
5
10
12
10
13
15
12
10
19
10
5
9
18
11
18
13
9
16
7
17
8
12
18
18
10
0
175
67
66
91
79
154
98
36
166
158
68
141
96
158
3
143
69
172
20
148
58
18
145
148
146
76
65
81
86
179
320
252
240
129
220
290
129
134
259
210
174
317
223
218
108
206
161
218
152
181
130
197
168
198
157
245
170
219
232

19
30
7
18
13
17
8
15
10
15
17
20
6
15
15
13
14
11
7
13
13
12
14
18
10
13
16
5
13
11
6
7
0
185
177
103
132
132
137
163
81
64
136
23
17
158
149
27
63
20
34
15
137
8
146
105
134
151
60
99
156
32
142
388
200
261
140
279
213
252
268
111
223
54
155
299
316
192
251
103
70
209
285
75
294
166
252
269
224
115
267
215

20
30
15
6
14
11
12
15
8
6
15
10
11
6
15
15
11
19
5
17
6
6
6
6
18
12
14
9
15
10
15
16
0
48
43
163
168
38
164
67
98
158
100
158
16
169
118
25
73
11
159
148
67
100
151
38
59
90
154
143
170
120
74
161
217
278
217
171
219
137
187
325
246
296
173
310
282
209
108
141
179
298
98
108
325
166
183
191
217
311
254
172

21
30
6
17
9
6
19
18
7
8
9
13
14
19
17
12
18
8
18
11
15
5
14
7
15
13
13
8
7
18
12
10
0
55
6
6
166
158
32
76
101
163
40
171
170
54
48
69
169
51
134
143
173
77
157
25
97
29
142
32
102
29
17
237
61
94
361
188
124
220
126
204
100
337
349
92
118
136
301
173
174
184
232
149
352
145
253
89
276
175
236
138

22
30
19
14
16
16
9
9
6
8
15
15
18
10
17
17
16
12
6
14
15
18
10
9
5
20
12
12
9
17
13
19
0
87
25
26
64
90
91
34
119
168
61
69
94
71
83
12
57
155
63
90
189
179
139
170
142
140
170
28
56
143
176
292
60
191
111
208
149
191
306
357
273
112
290
280
274
121
81
207
127
174
360
217
220
349
175
195
223
128
259
206

23
30
11
11
14
9
19
15
17
10
11
5
5
12
11
10
11
15
17
20
11
11
8
8
19
14
18
16
9
6
6
15
0
10
131
36
104
155
134
116
123
138
32
113
104
39
47
50
9
167
55
179
94
95
33
14
90
61
165
59
161
111
62
201
200
169
166
171
204
214
289
152
152
251
213
53
167
83
129
324
139
265
147
179
165
50
110
172
329
170
311
281

24
30
12
19
17
10
15
7
6
9
14
16
9
12
18
5
12
14
8
14
20
11
19
14
15
5
17
5
15
14
9
19
0
127
93
111
53
138
183
96
115
30
71
75
186
146
151
185
165
139
97
92
152
41
52
99
182
46
138
71
59
180
187
164
199
229
131
175
368
181
171
216
249
101
365
251
179
259
240
180
160
228
319
110
113
128
211
149
300
175
169
326

25
30
11
19
15
8
5
8
12
7
13
9
5
11
15
6
8
16
6
5
6
18
17
10
14
12
15
16
19
15
7
11
0
79
147
6
149
74
116
40
166
23
32
162
152
140
150
77
13
156
107
42
29
74
3
31
63
8
140
8
48
99
20
232
297
111
163
103
134
135
221
118
184
247
187
204
170
190
147
230
219
163
180
124
44
107
237
125
192
93
215
233

26
30
6
9
9
12
5
19
9
19
19
15
18
5
14
14
12
7
16
17
16
14
19
18
15
19
14
11
10
7
17
19
0
81
57
106
141
52
100
18
138
65
200
52
13
9
157
84
187
168
21
180
97
201
146
183
64
121
101
37
126
77
151
256
224
249
262
148
154
109
175
231
408
79
49
182
290
197
303
264
165
301
159
386
208
216
167
139
235
218
220
264

27
30
13
13
19
14
10
6
16
11
15
10
8
10
18
10
11
13
14
14
16
7
6
19
16
19
7
19
6
13
12
15
0
63
114
48
159
38
20
171
176
48
118
71
70
114
167
143
117
37
106
171
162
150
189
102
44
61
129
155
183
149
54
186
321
128
298
125
140
325
374
215
203
227
103
170
182
304
137
194
213
213
207
344
278
268
218
164
246
308
353
244

28
30
19
12
14
16
19
16
12
8
12
14
12
13
14
10
6
16
9
6
7
8
11
9
18
14
15
13
11
8
5
7
0
40
116
3
145
150
120
53
12
70
59
130
76
99
61
83
25
10
124
94
97
27
54
112
133
39
68
90
143
160
50
142
303
173
292
310
189
193
69
249
107
182
264
273
220
247
176
183
275
207
235
135
87
257
233
142
87
264
197
205

29
30
19
9
19
18
19
19
11
10
9
17
10
13
9
16
19
5
8
13
11
17
8
12
17
14
10
8
6
8
19
19
0
157
92
45
3
171
174
177
142
183
184
124
14
144
137
144
187
94
74
118
126
107
161
64
97
87
37
146
88
95
148
274
176
64
87
313
278
302
190
247
338
168
116
217
233
231
381
155
279
220
291
296
304
250
213
226
201
304
185
213

30
30
7
7
19
8
9
12
10
19
13
14
11
12
14
11
7
18
8
10
16
17
7
7
12
17
17
19
13
18
14
11
0
119
118
93
87
179
83
41
68
51
137
130
107
180
67
19
113
109
125
101
76
57
132
172
100
2
142
185
68
34
183
172
213
233
261
277
278
134
130
185
199
244
185
229
81
82
130
156
157
267
256
101
272
371
200
183
336
276
270
182

