1
40
18
7
18
5
8
14
17
6
16
9
11
17
11
7
9
12
19
12
9
16
18
7
9
15
8
19
13
8
5
10
13
6
9
15
5
18
10
18
9
13
0
178
85
224
97
101
109
199
119
197
26
88
56
116
55
201
211
67
81
175
145
193
19
41
89
121
154
162
102
106
189
143
202
192
41
205
142
220
187
201
187
343
234
456
135
173
204
331
291
259
187
289
236
305
190
304
277
278
244
306
194
314
248
187
265
340
203
171
113
160
356
154
264
283
157
328
277
456
248
250

2
40
16
6
18
17
11
13
5
11
6
17
11
13
17
7
11
20
17
6
19
16
16
8
8
6
6
19
15
16
5
7
10
14
15
9
10
11
20
12
13
11
0
132
34
159
139
187
225
229
199
174
238
60
1
61
195
74
201
39
239
240
48
126
57
213
173
22
68
53
212
18
191
186
179
228
237
128
172
149
19
8
243
364
131
192
210
301
365
336
211
279
281
222
227
168
301
220
336
142
291
293
270
333
185
454
350
180
238
108
387
130
362
388
266
446
291
253
303
293
238
174

3
40
13
11
11
17
8
12
13
16
18
19
5
17
14
15
10
7
15
15
17
18
17
15
13
19
18
17
18
15
7
10
17
17
8
20
6
18
8
18
11
14
0
240
8
103
250
260
169
243
245
268
84
93
57
231
81
66
241
203
270
8
43
106
246
118
111
263
182
208
139
138
44
149
233
137
213
272
142
39
241
113
151
263
162
255
464
293
320
323
457
524
223
259
180
445
289
171
388
404
523
84
155
152
362
179
372
507
268
463
353
168
112
179
495
253
282
491
233
170
253
313

4
40
7
10
10
14
7
9
16
7
17
10
20
14
9
15
18
10
16
19
12
10
18
7
15
15
16
10
9
17
18
8
19
13
14
9
13
14
9
16
9
20
0
219
250
75
88
99
96
130
247
46
247
65
13
102
39
233
255
46
135
92
208
120
99
188
126
5
223
221
97
190
42
22
3
165
140
1
26
208
218
111
166
363
269
203
310
332
278
331
365
101
379
117
25
232
157
335
302
114
198
112
458
334
207
272
153
253
264
289
336
430
141
106
207
380
249
202
258
238
369
283

5
40
7
9
15
8
6
8
8
7
16
11
13
16
12
17
13
11
15
6
17
18
18
7
13
6
13
15
8
15
14
18
11
7
9
16
16
19
17
10
10
16
0
84
183
10
133
175
41
113
93
93
45
170
234
154
67
187
56
220
129
166
210
179
106
38
149
118
82
98
177
122
139
197
82
215
195
9
214
112
151
104
157
158
420
247
194
424
55
320
254
267
132
228
401
244
304
308
193
333
314
240
434
311
311
95
273
366
311
309
218
351
376
267
298
310
363
202
335
127
260
128

6
40
11
10
15
20
10
14
16
10
17
12
19
19
12
14
6
15
6
20
6
15
13
10
6
10
9
9
10
8
8
7
13
9
9
9
19
11
8
7
11
12
0
204
165
226
60
152
185
127
173
99
51
194
222
73
151
33
120
88
167
168
167
232
213
161
224
70
109
5
199
85
199
150
6
118
17
56
217
95
88
153
166
301
320
380
91
292
371
240
248
166
276
237
342
166
240
122
126
320
380
319
347
440
411
242
381
283
179
227
383
234
427
366
43
139
249
117
337
152
304
258

7
40
12
8
18
12
16
13
15
5
18
20
8
18
12
14
12
11
13
14
16
17
13
6
10
19
10
5
16
10
14
8
15
14
16
6
14
12
19
18
10
13
0
140
203
199
220
123
133
132
22
138
158
208
104
39
123
170
154
11
66
87
59
225
99
226
205
244
12
183
92
97
116
40
204
144
254
227
15
84
76
230
190
365
315
330
441
252
262
238
266
304
199
453
314
274
236
352
391
211
270
255
102
348
202
290
428
500
199
324
302
239
292
280
397
226
438
382
234
192
211
299

8
40
19
16
11
9
13
6
18
11
18
7
7
12
10
14
14
16
18
10
10
12
18
14
6
5
16
9
15
15
17
17
5
7
5
17
10
6
16
7
10
17
0
14
188
159
87
81
68
233
117
77
209
203
65
207
49
30
26
136
137
28
53
216
186
95
88
150
194
118
216
75
146
61
200
183
196
37
9
234
238
75
92
195
227
296
174
92
305
280
200
128
377
440
159
432
127
245
162
232
161
244
286
409
226
321
269
282
426
335
244
294
205
140
298
361
278
66
194
289
341
201

9
40
18
15
12
14
5
7
10
12
10
20
13
18
6
9
11
14
19
5
9
10
16
8
13
13
8
7
7
15
10
19
10
8
14
10
12
19
19
16
5
10
0
237
103
170
67
73
154
29
98
75
15
143
178
55
206
136
117
119
4
201
172
228
80
100
131
96
116
163
40
157
80
106
103
208
184
144
93
26
115
236
124
484
278
233
181
180
273
249
251
168
157
214
237
298
290
254
245
235
200
353
423
340
183
286
277
253
182
354
241
380
304
302
271
280
203
372
194
279
156
273

10
40
8
19
5
14
12
15
10
7
18
10
19
9
12
10
18
5
13
8
9
8
13
16
16
10
18
17
11
19
15
11
17
20
11
20
18
16
9
6
13
11
0
147
197
213
97
1
73
131
141
11
230
85
149
20
149
108
100
242
152
66
66
29
240
243
37
121
87
200
15
179
9
177
245
82
218
127
248
136
215
159
137
321
238
275
113
75
127
170
381
143
447
150
216
218
312
297
210
340
194
201
197
127
281
332
245
327
337
253
212
266
138
248
294
289
434
321
303
209
480
332

11
40
14
6
18
6
16
5
7
19
12
5
17
20
11
7
15
12
15
10
15
7
17
20
9
19
17
17
18
18
9
17
9
11
14
9
14
16
9
18
8
7
0
38
69
20
77
191
107
226
2
161
165
230
233
251
185
95
18
180
35
195
218
254
2
25
118
194
111
26
72
212
133
42
115
82
231
245
188
20
5
181
86
203
326
255
149
317
360
357
176
235
418
280
246
418
268
181
196
200
270
370
488
504
200
86
295
421
271
226
255
331
165
272
233
255
370
287
417
56
172
198

12
40
8
18
9
18
17
19
12
12
10
12
17
18
9
13
14
7
7
13
17
19
16
9
8
17
7
16
12
9
17
6
5
13
7
18
8
8
19
10
19
20
0
152
34
73
184
155
86
161
204
27
112
23
103
136
192
95
234
206
228
245
122
50
96
215
235
72
208
165
141
32
135
87
20
40
14
108
76
200
100
188
170
241
153
298
278
181
222
420
258
174
197
276
367
229
282
162
287
288
264
368
331
154
104
429
412
192
312
203
182
202
229
161
264
79
158
178
99
271
277
412

13
40
12
20
20
9
12
14
17
16
19
10
8
9
18
17
15
16
12
11
8
8
18
8
11
18
16
14
16
14
9
10
17
6
11
14
7
16
16
15
8
9
0
183
108
189
204
32
162
239
41
20
199
184
109
158
180
51
208
236
143
40
235
242
185
86
104
102
76
260
6
249
85
168
32
165
8
54
150
56
80
202
100
391
364
227
324
211
280
260
195
40
292
404
182
262
406
291
429
414
363
234
458
409
303
238
150
316
201
339
34
261
213
365
44
311
229
238
362
212
301
377

14
40
5
13
20
18
11
20
10
15
16
7
12
13
12
11
5
18
11
18
12
12
15
15
16
18
9
9
8
13
18
8
14
10
14
14
8
11
10
16
6
15
0
239
141
69
204
148
94
105
74
116
149
165
146
137
168
16
167
185
183
68
39
47
181
155
235
27
57
93
159
179
150
244
13
191
131
216
195
90
195
238
222
336
213
141
269
407
283
252
165
189
218
201
349
382
315
223
381
365
217
200
250
91
197
224
439
234
141
236
375
198
210
293
77
298
363
473
235
342
411
329

15
40
11
9
5
9
16
9
12
7
18
17
16
8
6
7
14
6
8
6
5
8
8
17
12
16
12
10
13
11
6
12
10
16
6
11
6
6
11
10
10
7
0
94
116
104
177
157
29
63
190
62
21
107
120
103
125
147
121
75
88
178
151
161
103
153
82
25
191
27
104
64
24
104
5
126
67
95
94
39
109
74
103
205
266
214
373
174
137
150
346
100
86
187
272
143
297
354
317
220
171
348
181
343
212
278
196
199
381
136
236
210
145
172
85
302
110
177
113
113
164
115

16
40
8
12
16
9
17
5
5
8
7
13
16
11
7
11
9
9
9
6
11
8
15
13
10
17
14
16
8
11
15
17
14
5
11
15
11
14
8
8
17
16
0
11
2
80
223
124
143
26
169
66
194
116
21
106
54
217
219
34
83
184
113
208
16
72
48
199
120
210
58
129
157
157
77
177
199
9
116
198
2
163
107
148
96
141
314
291
186
123
218
148
269
249
149
293
208
428
290
83
197
329
304
319
112
107
63
361
244
440
217
224
197
293
90
258
236
241
333
353
199
294

17
40
6
11
13
9
6
17
7
17
5
7
9
6
14
18
9
10
20
6
17
16
17
18
13
7
11
18
10
13
15
8
14
6
12
6
18
9
11
7
7
13
0
131
156
103
61
185
134
73
138
191
168
34
91
66
210
227
157
203
192
136
47
17
206
28
189
148
192
96
77
156
148
77
47
68
209
196
161
100
7
140
31
227
246
228
135
217
312
105
260
417
371
82
236
202
226
440
246
213
361
357
177
226
429
126
230
362
226
336
138
204
219
128
258
236
416
287
237
324
58
264

18
40
16
12
16
17
15
7
12
13
5
10
13
13
10
13
7
6
11
8
15
18
5
13
19
8
18
9
9
16
14
13
16
20
12
11
13
16
5
17
16
14
0
103
169
147
43
168
69
5
9
243
141
42
247
191
210
136
171
225
156
239
24
200
42
150
85
147
53
96
191
105
39
15
186
189
75
36
10
236
71
44
48
315
293
249
166
309
111
21
232
449
359
109
405
452
466
276
262
236
302
396
83
245
246
230
275
226
266
282
206
331
205
211
233
375
240
69
215
451
150
74

19
40
19
8
6
14
17
14
19
6
16
13
9
13
19
17
17
19
7
7
7
17
11
13
6
11
19
11
7
11
8
11
18
6
7
15
18
18
18
12
16
9
0
134
191
166
241
99
153
68
45
198
77
78
89
56
147
56
197
83
132
111
132
82
161
100
238
162
180
6
216
109
210
209
248
126
84
42
143
107
232
12
229
252
390
403
309
318
400
200
285
280
241
108
309
155
210
78
307
295
322
285
283
274
261
239
414
323
373
165
302
250
395
391
352
366
188
193
283
156
469
29

20
40
13
15
7
20
16
19
7
16
16
19
20
5
7
11
7
17
9
16
10
19
9
15
7
14
20
20
17
9
12
16
9
17
7
13
11
10
20
11
20
9
0
260
101
195
221
266
222
176
160
205
266
140
168
190
94
8
227
105
147
208
88
126
160
74
116
201
226
181
174
101
144
173
49
176
135
11
267
149
194
200
135
392
186
328
291
288
405
314
295
251
425
373
264
242
179
148
377
165
317
268
272
384
332
198
354
247
440
441
381
246
267
380
267
291
336
71
444
358
256
457

21
40
6
8
17
12
6
8
19
17
10
16
18
18
11
16
13
5
9
9
13
10
12
14
17
9
17
10
10
17
19
14
19
10
9
12
11
6
16
13
6
16
0
228
145
194
216
50
11
141
136
100
162
76
24
18
195
49
112
89
161
55
72
193
120
174
20
54
71
52
215
174
23
220
9
30
86
103
238
164
97
178
146
462
311
360
450
182
84
297
351
185
274
234
133
228
303
192
323
112
364
147
99
361
172
203
262
208
184
303
471
350
126
327
264
99
342
357
367
202
142
276

22
40
9
6
8
13
18
20
13
8
16
14
15
17
16
12
5
18
19
16
17
13
13
10
15
13
7
14
11
5
9
12
5
12
7
5
13
9
11
16
8
19
0
70
116
67
164
233
137
47
233
55
165
51
106
86
48
59
178
203
3
236
56
187
137
92
131
25
48
72
10
138
135
218
125
127
18
179
22
137
88
86
167
106
240
311
393
464
372
101
474
106
247
227
198
184
169
315
322
297
139
295
100
380
236
181
182
222
201
251
66
244
309
304
314
251
240
192
61
277
220
279

23
40
16
15
19
19
19
9
15
16
5
10
13
13
17
11
9
9
17
16
20
14
7
7
15
5
14
13
10
6
12
14
9
8
8
11
11
6
16
16
19
14
0
24
16
186
74
102
170
178
157
185
171
245
82
47
121
160
157
8
248
68
98
86
92
196
54
249
156
198
205
118
191
61
233
108
220
83
28
71
218
104
167
257
64
236
254
242
411
262
262
316
387
438
338
65
365
387
279
87
313
329
283
320
199
424
312
304
294
276
283
338
204
159
351
275
240
272
256
197
452
245

24
40
17
18
12
14
11
19
10
15
15
15
9
16
19
17
12
12
9
5
7
11
16
12
7
17
14
19
18
18
19
8
15
13
11
15
18
12
19
14
13
14
0
6
134
114
122
57
5
217
223
150
53
90
44
6
166
24
101
164
100
83
123
139
67
180
257
260
236
79
248
142
91
115
111
165
117
184
121
23
100
24
36
180
272
137
397
208
228
428
461
229
295
281
82
269
408
283
218
269
372
190
148
357
276
382
542
479
468
211
472
332
307
396
311
275
162
377
384
310
242
231

25
40
9
11
19
12
8
6
11
12
5
16
6
7
19
18
9
20
14
18
10
12
8
16
5
19
10
5
19
20
17
7
9
15
7
7
17
16
6
13
10
11
0
32
56
162
51
69
179
144
227
205
174
120
7
86
163
49
104
5
216
83
40
114
21
157
41
34
171
219
219
140
164
41
115
92
67
239
95
180
231
54
13
166
81
198
235
232
347
210
415
460
284
172
229
169
360
147
262
67
330
218
247
277
114
257
181
197
283
394
239
299
344
246
262
265
260
389
247
252
333
90

26
40
8
17
9
18
5
12
16
18
10
13
18
9
16
15
8
11
9
7
9
17
17
6
18
19
19
17
19
17
6
6
9
18
17
9
6
11
6
6
8
5
0
132
170
155
79
43
36
85
203
61
83
175
47
191
238
231
99
67
102
232
80
0
212
94
148
170
135
207
36
209
215
217
99
109
121
155
115
70
25
186
81
388
411
364
94
194
61
136
421
241
240
220
91
352
283
346
204
271
348
413
147
147
349
218
358
204
155
429
275
332
336
471
209
331
137
316
154
92
208
253

27
40
6
8
12
7
16
13
8
17
11
5
9
17
6
18
9
19
19
11
14
11
14
14
19
8
16
9
19
13
17
14
9
17
17
16
14
13
7
18
7
12
0
179
11
73
140
225
191
81
65
158
63
232
164
177
246
232
59
6
80
35
250
203
226
195
237
211
15
196
94
13
23
178
53
145
152
91
136
44
173
153
217
362
133
305
157
269
246
276
240
408
120
405
325
340
279
498
187
31
336
55
418
353
252
364
329
271
96
454
222
51
159
402
274
412
326
287
171
130
269
246

28
40
14
9
19
12
8
5
17
13
16
10
6
16
12
9
20
10
16
18
12
19
7
10
12
12
20
11
11
19
16
6
19
13
19
17
11
8
15
13
18
16
0
14
151
224
150
76
113
168
256
63
219
180
69
165
12
63
205
203
232
77
65
220
255
229
8
18
62
154
126
42
18
207
224
16
182
218
96
157
196
17
155
34
278
273
259
102
395
416
491
148
310
368
282
294
280
173
243
276
372
123
150
464
309
300
226
88
246
257
236
58
155
427
455
73
451
246
354
397
328
265

29
40
12
9
16
17
17
18
13
8
18
7
11
15
19
9
17
11
8
14
12
14
5
12
10
15
9
8
18
14
17
11
7
6
9
8
7
19
19
12
16
12
0
87
68
212
207
1
212
148
227
158
248
41
205
24
204
182
19
88
102
141
177
41
102
110
201
155
19
147
49
37
203
47
153
52
189
199
16
74
96
144
190
198
268
428
239
179
290
271
415
183
452
168
309
176
380
241
209
288
274
187
330
192
266
370
365
400
122
206
251
285
393
149
216
200
423
334
108
328
132
383

30
40
14
10
18
5
10
17
6
17
19
14
9
18
6
15
16
16
17
18
12
5
7
11
19
8
8
19
8
9
11
15
16
20
11
17
19
17
11
17
17
7
0
259
225
9
261
119
38
62
181
234
258
40
71
123
69
48
160
249
47
7
106
46
175
208
35
264
259
238
69
45
254
18
171
191
23
157
161
126
21
67
139
533
283
63
281
344
194
292
440
505
445
152
80
219
103
72
259
456
66
91
121
116
432
307
135
413
421
326
331
272
470
77
275
391
43
422
277
175
182
159

