1
60
18
16
9
19
16
13
13
10
17
16
10
17
17
8
16
15
12
20
16
12
15
19
19
11
16
15
16
9
12
9
9
8
15
19
10
13
18
8
11
16
13
12
16
12
5
14
13
17
18
14
16
17
12
19
17
8
11
20
18
7
0
180
154
7
235
125
400
401
342
330
120
364
188
232
310
42
194
391
295
320
81
167
366
404
110
323
85
28
169
374
226
381
176
368
200
167
21
265
185
151
17
321
230
26
78
244
125
133
273
117
235
246
127
13
411
399
160
45
99
172
139
478
273
174
557
323
803
695
379
690
215
546
618
548
467
128
499
719
369
627
204
438
717
558
312
368
238
375
238
732
328
607
201
588
291
322
449
501
491
244
377
458
333
212
429
444
418
317
548
293
416
318
526
126
722
563
526
105
308
245

2
60
18
6
5
7
15
10
13
12
13
11
11
9
14
17
14
10
7
11
8
20
12
8
10
20
16
9
9
6
15
19
6
7
12
17
6
19
9
13
15
20
6
20
11
10
11
8
14
13
18
19
9
8
15
6
11
8
6
13
6
17
0
309
271
2
177
334
226
209
295
226
219
15
180
307
24
189
270
73
334
228
353
171
57
314
134
212
106
89
102
295
261
132
347
169
339
102
143
2
37
130
195
217
174
144
104
145
73
162
15
348
167
131
73
249
318
227
285
173
111
196
78
427
390
61
241
455
317
249
525
456
391
330
536
640
136
398
311
328
600
395
592
357
297
509
213
486
403
396
423
489
591
227
502
249
522
460
415
63
239
398
350
303
445
229
454
182
228
351
108
399
442
255
114
425
538
561
454
268
239
378

3
60
19
15
8
11
6
13
9
6
10
14
7
15
15
13
16
8
12
16
13
10
12
11
7
16
18
13
15
16
7
7
16
6
13
5
11
8
15
17
11
10
12
10
14
13
14
17
7
8
10
8
16
12
8
17
15
19
15
8
15
6
0
286
338
320
1
342
142
100
41
147
319
189
107
246
253
255
46
71
266
97
148
238
295
72
71
102
319
227
259
345
308
140
129
218
152
245
37
293
205
239
210
325
56
329
80
244
68
212
153
296
101
108
181
140
317
177
89
60
245
141
262
473
669
396
51
439
444
332
400
377
414
477
243
383
365
525
397
115
293
326
343
404
617
156
413
316
514
403
391
630
534
477
497
532
360
446
65
624
492
278
529
644
73
356
171
418
200
534
163
504
281
279
420
331
470
433
347
156
519
208

4
60
12
14
11
6
13
17
19
9
19
9
10
7
15
8
10
9
8
11
19
6
13
18
13
5
9
20
6
9
13
13
13
6
14
15
11
10
16
6
8
12
17
15
19
16
18
8
16
11
13
6
18
16
12
15
10
14
18
12
12
8
0
314
216
254
279
11
158
52
41
310
139
57
167
303
343
159
194
262
183
136
307
145
266
227
40
54
315
247
234
103
361
294
229
241
195
22
91
60
19
260
210
234
200
286
341
99
117
38
363
26
297
205
47
129
63
303
108
306
61
163
363
448
276
420
425
261
387
164
336
517
188
257
411
531
496
467
495
500
464
365
451
325
581
377
106
76
616
496
275
222
540
428
470
281
226
129
128
112
370
615
515
564
486
466
716
422
418
395
478
212
502
228
304
509
176
655
155
370
262
415

5
60
6
20
14
5
20
15
11
14
7
7
18
13
7
20
14
16
7
8
14
16
18
15
14
17
16
13
19
6
10
16
16
17
14
5
12
5
15
14
10
5
16
10
15
11
19
19
18
5
9
6
16
16
10
6
13
19
7
14
15
15
0
241
298
169
176
336
74
30
296
222
76
240
284
362
372
249
329
163
339
111
152
224
222
73
103
264
292
72
213
85
116
72
197
373
238
42
143
317
348
124
241
359
93
186
74
167
28
60
54
134
62
52
126
311
178
352
264
125
12
50
187
330
471
344
279
598
330
339
583
293
192
338
617
458
588
537
447
471
448
346
301
467
333
162
386
500
367
436
297
425
233
243
504
735
406
165
295
409
512
505
302
525
484
506
325
236
59
299
195
256
374
185
319
457
500
665
573
252
295
174

6
60
19
7
5
14
19
8
11
16
11
12
14
17
13
17
12
7
19
17
18
5
6
7
14
17
12
7
14
16
9
7
18
6
18
11
20
17
19
12
7
14
16
15
8
19
10
12
17
9
18
11
11
10
14
6
9
13
7
16
15
12
0
115
11
362
122
353
19
31
242
18
373
3
379
236
20
51
164
137
96
246
154
111
273
2
183
159
334
31
7
87
28
372
319
125
282
28
96
6
330
110
125
8
323
57
338
98
156
243
8
305
280
152
240
357
195
116
324
193
366
351
312
264
241
723
278
467
327
388
255
347
716
327
604
630
372
161
311
435
373
270
505
224
419
46
252
367
720
71
182
165
259
513
479
185
632
374
490
197
509
418
438
37
464
445
562
302
452
541
188
341
337
495
571
670
312
259
400
464
594
437

7
60
16
8
15
14
11
19
17
11
8
14
18
16
17
8
19
9
7
13
17
15
9
7
9
17
6
17
13
13
20
18
20
17
17
16
7
13
13
8
13
9
7
18
17
11
11
16
11
11
12
10
8
15
5
17
19
13
12
7
17
15
0
313
211
101
11
59
111
173
259
156
34
212
160
88
300
377
26
287
13
375
27
214
320
371
65
333
276
57
73
104
392
255
147
380
391
261
134
361
338
2
75
267
337
216
310
260
84
303
306
92
151
13
128
245
18
311
55
377
209
143
332
483
248
273
392
402
313
490
368
453
376
602
554
142
541
613
288
322
258
559
89
311
705
518
174
594
535
169
198
356
725
355
434
509
540
334
283
661
389
188
267
564
730
303
505
457
170
676
457
330
404
391
300
304
365
656
128
763
438
409

8
60
18
5
19
14
9
17
11
17
8
7
19
17
18
14
12
12
18
13
14
7
11
19
12
5
14
9
5
18
12
14
8
6
19
14
10
17
8
12
19
19
17
11
18
9
11
13
18
7
20
6
15
7
13
10
17
9
9
8
11
18
0
267
12
120
122
53
205
55
122
46
91
134
20
378
20
310
206
88
144
79
228
93
370
10
4
183
201
162
7
234
150
297
307
259
99
63
51
276
114
233
334
11
245
103
143
167
214
190
219
285
126
344
315
309
45
115
75
110
316
315
154
514
147
467
401
176
534
199
480
302
207
442
249
762
313
622
565
237
331
312
482
259
469
296
267
361
367
184
169
283
176
593
397
604
304
193
442
501
451
570
687
228
581
331
422
237
274
341
387
538
255
607
430
622
223
482
346
343
641
555

9
60
14
8
13
11
8
13
14
14
10
16
18
6
5
15
12
19
19
19
18
19
12
18
15
8
9
16
17
7
10
10
9
10
6
6
8
11
17
13
7
7
16
7
6
18
7
19
16
14
8
19
16
17
11
8
9
14
17
8
16
10
0
259
158
308
192
114
89
157
274
106
141
291
125
154
140
60
187
266
325
4
92
229
278
283
236
126
202
224
30
66
111
61
351
294
101
178
95
77
212
63
298
240
103
81
145
322
23
109
207
63
297
357
190
260
97
281
212
87
149
175
351
301
261
540
521
247
449
285
508
438
512
635
287
423
181
129
375
625
363
103
139
467
501
340
569
211
393
578
85
355
475
277
418
480
284
194
229
389
264
224
506
480
281
343
459
707
144
221
434
322
443
448
409
599
370
347
503
135
363
212

10
60
8
10
6
14
18
14
13
19
19
13
8
19
18
8
10
19
15
19
6
11
16
11
6
6
17
16
12
15
11
17
17
12
8
10
7
11
18
18
8
12
17
13
9
5
11
13
20
18
18
14
8
9
17
19
14
6
7
14
14
9
0
54
303
248
380
302
257
162
289
41
78
142
62
159
296
345
327
292
340
363
385
17
381
95
275
210
0
126
56
54
289
295
312
8
3
303
372
52
81
257
190
82
224
9
60
222
300
194
260
224
277
350
187
356
297
101
244
240
360
344
263
431
377
275
760
351
499
559
429
360
295
292
273
493
452
512
385
540
350
402
686
153
717
391
674
531
182
164
411
317
381
336
529
32
280
413
563
184
471
334
387
374
253
230
333
448
410
523
361
297
540
458
331
523
456
297
527
374
476
385

11
60
11
6
13
17
9
9
19
19
7
12
19
12
11
9
18
6
19
17
6
17
8
10
16
11
17
6
15
10
11
13
9
11
7
10
6
8
16
20
8
7
18
11
10
6
13
9
5
11
10
18
5
6
9
15
19
11
11
13
9
13
0
90
338
127
299
22
265
24
149
195
289
234
266
150
231
209
145
4
277
41
172
260
25
225
120
98
2
298
309
208
333
71
210
43
161
27
271
66
177
61
334
261
326
104
68
275
310
73
31
106
173
253
61
94
200
228
239
171
240
279
79
368
457
366
385
136
391
334
245
402
557
344
391
466
531
486
358
316
468
68
457
452
161
276
424
434
167
340
390
487
490
388
300
189
347
55
346
312
254
351
360
361
477
309
168
310
445
298
255
321
512
321
213
207
476
362
421
488
467
391

12
60
8
12
10
20
14
19
11
8
11
13
9
19
12
11
13
13
14
20
19
6
17
19
12
6
20
16
12
9
18
8
6
17
6
13
19
16
13
17
16
8
5
19
19
5
14
6
18
17
11
16
9
8
7
20
8
11
15
14
17
13
0
148
388
182
237
194
145
76
264
373
267
57
113
124
78
60
202
52
198
87
210
313
30
183
354
172
288
127
36
330
384
87
209
386
204
232
306
74
376
164
374
157
21
60
44
270
145
105
289
163
342
84
378
73
90
36
285
16
118
306
180
550
681
539
425
364
537
94
587
415
592
218
363
175
298
162
434
358
585
475
529
510
203
346
644
200
677
169
92
338
698
300
591
710
252
292
418
449
626
278
529
266
408
137
226
641
455
407
611
247
725
254
573
449
248
144
525
416
361
635

13
60
8
5
10
9
12
6
18
17
16
13
15
16
13
18
19
12
20
11
10
19
9
19
20
7
13
7
6
7
17
18
18
5
20
12
7
18
6
16
10
8
10
20
13
17
14
11
18
6
15
16
6
20
16
5
7
5
9
5
17
9
0
264
233
106
336
88
121
142
323
33
359
173
332
184
172
170
215
10
136
136
194
200
284
226
368
76
238
5
176
374
90
371
353
32
143
236
1
164
109
117
301
87
10
224
362
85
362
324
105
287
163
223
183
213
357
263
341
357
69
307
94
513
284
468
406
433
295
293
459
389
631
267
393
358
329
437
565
183
190
213
554
564
484
325
451
251
424
71
439
605
168
463
543
50
356
297
354
344
180
284
401
391
207
379
444
420
599
395
306
593
239
526
381
557
555
468
429
608
146
612

14
60
5
19
9
12
16
15
7
19
7
9
8
10
13
18
10
7
8
6
11
6
6
15
6
7
17
11
15
8
13
12
12
12
15
7
9
10
20
18
8
19
15
7
9
6
12
17
13
18
11
17
17
18
10
11
12
17
14
11
10
13
0
220
314
174
3
109
220
69
29
222
266
209
208
39
91
111
55
203
28
16
326
267
65
276
247
92
325
156
90
196
68
335
143
74
270
13
138
128
37
69
189
157
87
312
155
57
353
119
263
316
318
158
275
100
173
201
23
152
2
3
32
329
412
230
43
317
474
280
223
329
475
417
236
277
105
224
86
324
45
225
472
579
154
286
573
408
467
360
147
458
168
594
463
142
430
268
315
233
71
119
344
303
189
581
345
344
545
399
304
344
442
313
382
194
499
455
285
253
263
110

15
60
13
11
20
16
8
15
17
14
19
10
6
11
5
19
16
10
10
18
19
16
7
14
6
10
6
10
11
20
17
7
16
11
12
8
10
19
17
6
17
18
12
9
14
20
11
6
18
7
12
10
11
12
18
10
18
5
19
16
7
8
0
252
68
326
303
223
90
94
314
114
222
20
340
203
323
172
292
230
294
249
32
139
2
232
301
1
117
191
136
231
188
51
76
355
303
335
176
79
10
139
241
165
98
192
2
47
134
36
207
292
29
221
81
29
33
73
86
99
233
13
134
417
118
490
512
318
270
417
543
154
414
100
410
581
385
330
602
539
473
578
293
154
313
352
604
56
207
399
503
393
282
379
107
402
440
564
342
136
174
526
400
365
479
572
363
288
188
124
592
504
84
507
165
217
329
355
174
331
395
274

16
60
16
9
19
13
18
5
13
6
15
11
18
19
11
10
8
16
6
9
20
16
12
5
19
15
16
10
13
7
19
6
7
15
6
14
14
7
8
6
10
9
17
15
6
14
10
18
10
9
10
16
13
7
9
10
15
8
16
19
17
5
0
299
230
80
38
25
106
328
282
263
188
278
12
14
257
336
42
294
49
315
71
81
301
143
217
226
58
227
313
37
125
339
73
232
19
336
202
206
92
139
351
65
149
140
100
61
111
159
326
317
167
302
330
314
197
24
315
308
241
194
301
503
602
250
318
181
289
668
395
631
346
494
200
204
322
368
249
549
158
486
333
303
624
362
438
247
351
236
634
214
343
519
427
373
77
541
559
334
327
245
473
236
388
440
250
358
390
182
427
592
312
545
514
408
490
330
367
374
436
405

17
60
15
7
7
18
7
13
7
12
14
16
17
12
12
15
5
12
5
9
15
6
13
6
13
17
13
8
9
17
8
9
15
5
19
16
8
16
18
14
10
10
12
6
15
10
10
6
12
15
19
10
6
9
9
8
14
10
12
5
18
6
0
154
49
138
176
82
49
325
99
177
327
82
59
268
3
249
52
140
244
46
214
41
195
133
20
74
67
202
280
22
155
250
210
21
67
234
45
250
192
111
99
42
165
73
292
34
118
245
232
266
122
5
112
238
233
282
154
299
284
131
220
320
182
294
469
136
213
551
397
433
435
324
358
486
273
517
140
196
272
69
563
192
332
231
271
132
258
220
539
208
351
590
556
67
348
271
247
426
424
243
288
304
422
392
467
247
160
383
272
599
195
230
316
276
508
614
363
374
355
168

18
60
15
8
11
11
6
14
19
11
19
16
7
5
20
16
12
12
7
14
10
14
19
18
6
19
10
9
9
10
16
18
16
17
10
16
6
16
6
5
7
14
14
11
19
17
18
18
11
10
7
17
6
20
12
12
7
18
15
10
8
13
0
281
198
220
134
118
309
14
15
347
194
328
145
233
195
267
356
325
228
100
363
107
98
169
49
22
265
347
21
56
92
227
307
86
254
82
200
207
292
115
157
200
254
309
34
136
58
306
248
154
227
92
162
251
271
163
263
30
261
65
183
297
571
269
310
370
406
133
268
513
507
550
172
520
317
577
549
596
253
200
470
480
444
392
167
356
563
552
159
377
449
544
557
400
294
111
482
330
404
353
343
445
611
404
64
230
244
603
608
480
503
341
547
558
576
384
516
356
556
414

19
60
16
11
6
17
16
11
6
11
20
13
10
7
11
11
17
8
15
14
13
18
9
11
12
9
9
7
18
17
6
20
18
11
14
19
8
12
10
8
6
16
13
13
5
19
10
9
20
9
7
12
9
10
19
13
12
7
11
8
18
19
0
296
10
335
192
248
155
224
49
257
333
61
164
304
121
148
133
259
87
289
259
275
85
168
259
298
218
184
300
315
344
35
341
179
74
253
160
294
267
316
101
160
269
15
151
88
347
264
301
164
256
119
180
287
82
148
182
145
183
103
248
318
139
665
467
386
191
470
414
550
584
366
391
608
219
256
237
357
200
501
596
303
256
341
367
516
494
415
482
580
547
133
532
343
168
580
335
350
516
344
300
326
608
257
494
299
495
344
380
280
310
373
320
493
330
451
318
334
504
410

20
60
14
7
9
14
19
12
11
6
12
7
10
19
9
15
7
15
8
20
12
19
8
19
8
9
5
12
19
18
15
19
15
6
17
19
19
10
9
16
12
17
10
7
19
6
20
10
16
15
15
19
12
10
17
15
7
15
6
18
10
16
0
317
125
61
301
184
209
359
110
153
304
26
214
201
213
259
68
31
182
103
261
212
267
152
48
82
39
165
240
232
146
89
213
33
45
81
204
344
52
60
379
313
78
243
50
362
72
53
217
266
385
384
335
121
77
360
288
134
329
204
30
341
197
256
708
348
533
595
210
391
452
408
518
501
458
482
328
240
379
271
425
435
630
216
369
318
394
204
417
533
366
390
304
412
407
195
471
479
418
465
416
435
247
622
370
392
349
103
424
399
536
721
608
139
190
717
431
195
582
296

21
60
8
13
17
11
14
19
16
9
18
6
20
5
13
17
19
10
19
9
6
12
10
14
10
10
6
8
7
9
14
18
19
7
17
15
11
13
5
18
12
13
17
13
14
7
10
8
9
14
18
14
12
17
6
18
10
7
7
17
14
8
0
337
307
326
62
342
211
21
89
224
266
119
179
88
116
145
291
194
211
38
263
60
305
264
45
5
215
338
333
36
78
301
203
367
125
342
314
318
163
185
189
254
254
45
365
355
205
367
100
155
93
294
347
363
175
189
102
221
202
67
253
389
487
676
124
652
502
92
198
513
319
324
264
443
155
224
424
354
266
81
570
298
577
337
70
157
472
602
390
290
326
566
551
747
203
396
535
530
398
275
499
477
633
54
399
445
319
520
159
473
311
448
543
735
399
416
178
311
307
109

22
60
11
8
18
14
12
11
17
14
12
16
14
8
10
20
9
16
17
17
20
6
12
9
5
14
12
15
15
20
19
5
15
14
15
15
11
13
15
15
8
15
10
8
15
16
7
12
16
15
20
8
19
9
18
12
9
13
13
6
18
16
0
59
75
379
34
220
231
280
278
72
56
65
244
209
380
285
48
343
125
318
263
47
47
49
113
77
20
362
383
221
390
103
326
116
359
392
204
186
374
79
322
33
271
367
283
133
173
394
4
224
227
233
277
234
258
221
84
291
164
0
307
207
240
456
345
272
287
355
623
391
433
300
302
576
426
488
197
745
241
645
543
341
80
398
424
374
84
585
614
302
679
255
633
347
574
781
435
501
577
309
358
319
675
640
453
328
549
577
362
449
365
500
659
329
434
624
431
571
244
171

23
60
10
15
17
11
17
15
20
8
16
18
14
18
8
12
18
11
20
7
12
6
15
6
17
7
6
10
5
6
5
15
15
16
7
15
12
9
19
9
14
14
12
10
15
14
10
6
15
20
16
15
18
10
9
12
9
7
19
16
6
18
0
122
228
288
113
13
62
90
288
23
250
193
30
113
241
300
267
212
198
260
249
361
43
354
298
34
229
159
206
355
213
161
253
338
185
370
343
280
155
116
90
56
51
42
238
152
209
311
355
365
274
186
338
234
12
163
274
241
63
124
192
512
360
651
353
354
136
111
534
193
327
500
337
212
589
345
459
392
318
409
513
642
231
732
414
98
366
451
221
543
531
293
345
558
524
409
475
440
284
485
320
337
281
229
311
296
596
487
712
636
461
524
681
257
172
294
521
444
224
201

24
60
9
7
6
20
8
13
14
7
7
16
14
5
7
19
7
5
16
15
12
10
12
17
6
12
9
6
8
20
16
8
19
14
14
8
11
8
20
13
7
9
7
5
15
18
18
17
18
17
14
7
8
11
17
7
13
8
8
7
9
14
0
282
83
52
336
6
130
77
73
100
199
242
75
327
195
298
97
91
213
41
6
118
22
20
126
268
145
260
269
231
160
38
110
2
77
186
262
330
92
250
138
15
62
272
244
301
235
210
165
87
76
207
221
147
188
243
131
100
15
311
262
379
220
77
455
268
223
114
198
331
412
282
261
444
367
421
162
416
458
109
318
399
364
206
275
560
430
548
560
410
477
272
258
118
167
267
355
515
405
320
442
319
88
443
464
392
288
473
431
320
397
467
292
471
463
391
430
184
51
606

25
60
9
15
9
5
18
17
11
17
18
6
10
14
8
8
11
16
18
8
8
15
12
11
16
10
10
20
5
9
9
19
15
9
16
9
8
13
20
9
9
19
10
8
10
12
7
16
11
18
5
16
13
10
6
8
15
6
15
11
15
13
0
263
340
288
154
158
321
47
339
159
37
82
147
41
342
353
165
34
110
348
209
300
199
91
109
70
169
20
266
271
273
85
338
56
324
317
217
302
99
13
224
247
53
297
60
310
187
47
189
120
142
312
238
168
154
55
196
29
212
153
81
414
636
550
426
233
366
156
690
431
165
254
233
383
356
560
518
247
189
372
251
634
255
102
366
212
304
214
433
601
446
196
406
306
484
568
396
379
276
145
403
327
106
455
352
391
529
377
336
312
322
495
577
402
254
161
274
96
407
228

26
60
17
12
14
8
8
6
15
7
7
12
15
12
8
13
18
13
18
8
17
11
7
7
19
18
9
7
8
15
13
18
7
12
16
13
9
15
18
7
17
17
9
19
18
8
20
12
19
19
10
14
8
16
13
11
12
5
17
16
7
6
0
45
312
282
108
342
189
132
150
231
364
51
283
218
172
30
8
223
281
344
77
156
257
108
164
40
111
357
131
163
266
264
208
53
189
347
18
122
246
140
364
280
277
83
252
133
198
315
149
278
253
163
225
343
224
363
80
25
93
187
326
311
671
433
171
629
481
301
416
383
751
263
315
425
557
317
312
311
486
501
424
166
533
259
474
388
211
655
420
414
616
416
562
198
245
441
376
500
506
234
636
630
412
345
414
173
402
526
445
368
450
409
287
691
434
625
119
387
220
502

27
60
16
18
9
20
14
16
18
19
19
17
14
10
6
6
8
10
15
12
11
13
19
17
11
6
15
17
9
14
7
18
9
5
19
18
12
19
11
11
10
18
11
6
10
5
11
13
5
14
15
15
20
5
6
17
20
19
8
6
7
10
0
136
42
161
305
30
165
19
348
155
180
270
18
136
217
275
258
251
154
342
143
53
206
364
69
210
183
220
30
153
337
293
185
206
135
281
132
19
178
316
316
82
154
307
79
38
357
15
329
202
11
298
34
371
326
93
204
67
209
193
25
513
198
206
545
71
471
59
538
421
448
606
298
499
250
386
525
573
457
655
268
116
326
511
419
230
303
251
301
306
369
595
558
448
377
361
320
344
519
703
543
380
420
498
386
144
639
218
503
509
238
596
335
425
510
169
418
119
383
525

28
60
11
5
12
8
14
7
12
12
6
9
15
18
17
9
5
10
10
10
6
16
7
9
15
6
11
15
7
11
13
9
17
12
15
14
16
11
14
9
18
17
11
10
12
18
20
8
7
10
20
18
8
18
6
13
11
5
9
13
12
7
0
310
105
257
296
180
45
23
233
344
345
162
3
288
176
27
3
159
126
151
246
103
56
216
262
98
12
346
102
266
339
288
78
153
104
206
152
71
29
71
77
203
21
343
166
246
292
230
319
124
300
38
303
48
338
72
311
113
31
185
285
439
388
332
403
383
142
231
519
398
540
266
355
587
317
376
270
381
438
448
298
254
314
342
485
279
234
453
328
448
397
311
342
406
213
497
394
197
109
355
386
511
40
607
403
551
618
553
561
232
556
230
631
67
675
151
652
284
370
383

29
60
5
16
14
11
13
13
9
10
14
12
8
9
17
6
15
13
15
11
14
7
10
13
19
7
11
8
15
15
9
10
10
7
5
15
19
13
6
19
8
19
19
11
10
18
5
16
8
20
12
19
11
20
7
12
16
13
10
16
5
15
0
18
236
242
216
83
166
240
23
123
327
2
40
209
25
307
206
111
274
248
301
343
161
148
214
302
81
296
309
152
355
42
337
101
332
147
301
50
26
121
257
233
269
22
261
335
87
293
2
251
135
313
74
3
266
220
26
121
66
112
274
45
572
316
283
124
506
438
100
488
358
196
414
435
360
457
252
228
377
417
627
523
514
507
464
412
156
345
476
495
670
49
418
254
412
305
658
399
238
322
421
508
515
327
390
393
421
480
364
557
178
698
333
89
605
513
82
194
362
127

30
60
14
6
18
8
15
11
8
6
18
12
19
11
15
8
15
17
7
10
13
10
12
9
12
16
19
17
19
13
20
17
10
12
10
15
5
14
5
19
18
10
9
17
9
16
12
20
16
8
15
17
15
14
7
10
14
19
5
10
18
8
0
372
88
39
256
142
306
120
259
165
159
364
270
185
66
371
255
329
152
363
263
39
36
137
143
333
193
220
355
52
138
234
385
100
52
58
311
138
300
341
82
216
78
253
146
289
59
202
296
57
233
68
377
187
132
313
92
26
346
372
37
577
290
175
611
321
338
177
327
492
293
375
530
372
232
767
559
416
395
630
361
101
246
511
484
665
524
382
524
253
355
272
682
207
334
186
419
340
441
498
441
304
200
309
495
543
407
418
420
411
494
176
659
200
465
468
114
419
392
614

