1
7
18
16
14
10
12
14
6
0
23
25
29
28
32
29
58
58
39
40
57
68
72

2
7
11
12
10
20
19
6
5
0
4
32
8
39
33
1
28
56
79
36
98
51
38

3
7
5
13
8
11
15
16
11
0
8
12
27
1
37
16
38
40
22
69
32
64
59

4
7
17
5
11
9
7
13
5
0
10
20
2
8
23
24
30
47
48
18
18
59
55

5
7
7
7
9
13
20
15
9
0
23
23
11
11
35
26
43
53
57
32
41
73
53

6
7
20
7
7
13
6
9
6
0
21
21
8
26
26
23
47
30
36
48
45
45
50

7
7
9
6
17
19
12
19
17
0
18
18
32
31
28
11
56
32
45
73
44
94
55

8
7
16
18
16
19
19
17
15
0
45
59
1
11
0
42
29
120
129
71
51
17
85

9
7
15
15
13
18
15
14
8
0
16
19
28
22
13
43
17
61
61
94
37
48
95

10
7
7
17
7
7
19
20
8
0
35
41
4
6
28
9
16
88
83
19
54
82
22

11
7
11
14
14
18
5
10
7
0
34
1
11
9
30
15
32
58
15
30
37
48
55

12
7
12
10
17
10
8
6
13
0
2
12
2
21
20
38
38
37
51
35
50
55
65

13
7
8
10
20
12
13
10
10
0
20
40
3
40
15
23
33
48
79
48
92
52
45

14
7
19
6
14
6
16
12
10
0
39
26
5
36
21
30
54
46
56
40
81
35
75

15
7
18
12
15
18
5
6
8
0
32
9
17
30
19
25
38
84
64
45
51
42
49

16
7
13
16
12
9
17
11
20
0
2
38
33
38
11
41
46
62
96
47
103
25
90

17
7
16
5
12
15
10
12
13
0
6
7
33
7
33
18
34
30
31
76
31
73
31

18
7
20
13
15
9
5
13
12
0
22
28
14
34
38
24
26
71
46
53
64
83
39

19
7
7
19
20
19
18
18
12
0
53
41
9
15
9
11
9
114
79
61
72
51
50

20
7
19
9
19
10
6
7
7
0
5
29
29
1
38
30
19
37
85
75
42
82
43

21
7
8
6
8
12
16
11
16
0
18
29
33
7
0
34
26
52
43
65
30
11
62

22
7
8
11
12
15
19
6
6
0
1
11
38
4
23
19
17
16
59
72
29
33
36

23
7
17
13
11
10
18
20
10
0
21
20
24
11
20
5
28
37
64
49
34
73
38

24
7
6
16
18
13
20
17
6
0
47
45
16
11
9
43
10
108
109
66
43
58
81

25
7
6
5
19
8
8
13
12
0
5
25
1
35
30
34
21
13
74
12
69
55
80

26
7
19
9
8
6
11
20
7
0
19
7
7
14
9
36
48
51
43
41
55
34
77

27
7
19
14
18
17
9
13
9
0
13
12
46
23
24
5
58
68
63
97
50
56
41

28
7
19
20
17
20
12
13
17
0
7
24
2
21
18
46
52
50
53
59
41
73
119

29
7
19
8
9
9
10
6
17
0
8
3
19
21
7
28
32
25
32
33
34
38
73

30
7
13
15
7
14
8
13
6
0
1
17
20
23
33
28
20
49
34
43
59
69
59

