1
10
20
17
19
7
9
6
9
7
10
11
0
48
83
30
11
33
4
41
17
57
46
69
109
62
43
66
33
55
51
86

2
10
19
17
16
17
11
9
5
8
16
13
0
28
87
57
5
48
46
52
21
48
28
62
104
74
29
63
76
77
41
90

3
10
15
17
14
19
13
9
9
8
7
12
0
53
33
31
8
16
20
56
14
18
17
89
75
79
49
35
57
72
51
51

4
10
7
12
20
19
17
10
6
6
16
17
0
8
81
41
37
5
78
61
24
58
31
40
126
69
68
18
93
71
56
80

5
10
13
17
13
11
19
13
16
13
10
12
0
45
15
57
71
90
99
100
0
51
26
92
48
69
105
128
142
113
21
94

6
10
15
12
7
6
19
14
13
6
18
15
0
48
20
20
30
91
54
27
65
86
15
78
43
34
69
130
70
37
112
112

7
10
8
7
8
12
8
8
9
17
16
8
0
35
53
15
14
71
57
64
0
47
27
61
63
35
31
93
80
103
26
67

8
10
6
12
19
11
15
10
12
16
14
13
0
8
39
26
26
66
6
82
74
57
27
35
66
61
62
80
24
98
114
101

9
10
16
9
19
12
15
15
14
8
9
20
0
7
45
80
50
57
25
55
102
94
42
23
78
92
66
100
55
93
135
116

10
10
10
19
15
6
19
6
15
9
16
8
0
66
64
4
26
71
9
88
61
84
11
99
92
13
47
79
42
119
90
116

11
10
6
9
15
11
8
6
14
13
15
14
0
11
53
22
32
13
34
39
46
74
21
39
81
44
56
30
73
65
75
107

12
10
20
5
9
16
8
20
10
11
7
17
0
85
33
37
50
83
27
80
87
42
43
110
66
70
66
122
67
108
110
62

13
10
16
19
6
15
8
6
15
17
11
12
0
75
27
89
57
3
88
93
24
33
23
97
39
114
91
34
114
122
46
73

14
10
8
15
14
13
15
7
5
13
6
11
0
31
40
17
20
13
4
59
37
2
15
62
55
55
49
28
19
92
46
25

15
10
16
7
6
19
13
8
16
7
15
16
0
14
78
64
0
11
24
12
87
85
18
35
96
97
43
33
67
44
107
104

16
10
5
9
14
10
16
9
20
6
12
15
0
80
12
79
14
42
28
62
39
33
14
94
31
93
58
71
73
85
60
57

17
10
12
16
16
6
6
14
19
13
18
5
0
18
10
65
79
37
92
33
80
4
25
62
41
79
110
56
111
72
112
15

18
10
17
17
19
13
16
15
10
13
13
15
0
7
26
65
84
61
75
94
103
95
28
39
68
78
107
103
120
115
119
127

19
10
5
7
9
6
14
18
7
10
6
7
0
8
38
21
31
25
48
49
15
43
27
30
65
35
52
64
60
67
28
68

20
10
8
18
19
12
6
11
6
19
13
19
0
65
43
62
39
1
13
20
12
21
11
96
92
91
53
31
44
51
52
63

