1
100
18
11
16
14
13
7
8
7
12
13
14
19
10
15
15
16
10
20
7
14
13
8
11
16
10
13
6
5
8
12
18
12
9
18
13
6
5
9
20
9
8
14
8
16
10
12
19
14
5
10
15
7
11
16
11
6
7
17
13
13
9
18
9
5
10
10
10
8
14
12
12
14
12
9
5
5
17
16
18
14
19
14
15
15
18
11
6
6
10
14
13
8
19
18
6
8
11
17
10
12
0
190
134
629
111
492
805
364
325
114
242
44
68
414
662
460
65
162
684
15
473
764
720
79
523
305
5
621
585
842
247
83
442
330
85
516
473
753
677
741
450
278
374
850
852
109
572
802
503
98
711
386
804
418
52
243
549
303
239
527
507
446
438
450
874
69
446
655
76
610
887
61
319
788
739
715
729
350
33
719
407
821
817
335
281
65
873
461
219
167
29
742
782
493
152
587
746
788
866
543
238
339
348
697
417
766
986
548
604
365
431
209
146
556
953
675
238
353
716
185
669
981
756
189
577
510
287
908
629
1111
419
218
481
531
321
675
661
1042
746
787
488
562
642
1014
1015
411
608
1090
521
383
964
476
825
507
245
462
736
426
340
558
530
653
615
498
1014
256
491
870
274
663
1041
358
621
889
853
911
779
498
323
886
690
863
967
363
580
282
944
613
269
267
250
1032
1094
612
435
767
955
1070
1040
740

2
100
13
7
17
11
16
14
12
5
19
9
13
14
17
6
9
11
20
12
19
18
9
6
12
18
12
15
18
9
10
5
16
12
6
7
18
15
9
13
11
5
8
9
10
8
9
19
11
6
18
13
6
18
8
11
18
10
7
16
19
14
16
13
9
16
5
17
17
14
5
15
12
10
20
6
8
19
9
16
19
9
14
9
14
10
17
19
5
7
19
11
9
14
16
6
15
8
11
11
7
18
0
205
675
612
762
781
558
301
345
531
484
662
342
139
765
545
726
494
443
898
309
643
805
293
209
801
126
273
725
376
622
643
27
660
506
62
736
292
368
359
747
480
451
644
16
780
618
708
569
551
666
667
334
644
873
803
157
307
419
460
820
310
4
840
246
906
788
520
674
110
482
409
291
140
709
571
153
57
808
134
887
733
449
112
767
196
883
214
810
907
629
451
81
602
167
456
587
161
433
903
140
255
868
915
1003
840
742
352
382
641
515
723
590
331
956
841
955
718
698
933
504
756
980
431
295
1119
321
461
1028
406
707
670
314
796
731
321
963
567
407
630
818
601
565
851
237
849
906
973
622
798
907
813
458
836
1117
885
322
363
468
699
1088
374
13
977
432
974
955
609
882
210
680
499
435
155
837
860
244
149
921
280
1092
805
733
369
1088
380
911
515
936
921
690
742
284
776
394
635
619
393
503
1221

3
100
17
6
11
16
16
10
11
13
16
10
16
8
20
19
13
7
6
15
10
11
12
16
16
12
12
5
9
20
9
14
13
7
6
13
17
13
13
12
7
14
8
12
6
14
9
6
17
14
19
7
11
10
18
13
10
7
11
19
14
6
10
12
16
6
9
14
7
19
12
16
17
15
11
11
11
17
16
17
6
5
16
16
6
11
16
18
20
8
5
12
17
19
18
7
14
18
18
20
17
20
0
468
619
193
492
21
585
622
144
93
582
493
395
436
835
209
135
770
195
179
132
856
298
794
870
458
592
390
692
276
854
149
687
702
799
644
454
413
127
869
659
194
938
605
328
744
681
812
52
775
337
73
930
305
830
739
935
280
20
39
373
557
277
683
80
685
103
68
223
773
653
237
447
229
632
534
675
200
949
855
480
857
157
245
108
322
194
682
132
579
601
815
931
617
719
885
839
193
388
727
296
511
838
450
638
243
758
931
425
108
644
610
660
606
1059
495
249
1038
209
436
227
880
602
1050
888
510
772
505
972
363
1136
370
987
741
842
845
578
498
311
1178
813
287
1018
685
354
822
716
1025
346
889
558
118
994
453
984
815
1087
467
209
159
588
610
517
769
179
772
318
376
246
1089
981
334
684
485
958
724
828
255
1168
1086
596
986
221
542
276
648
223
743
326
600
729
1050
1203
787
860
1051
940
484
635
1039

4
100
7
7
7
7
7
8
17
12
19
11
5
18
15
6
9
11
18
7
13
7
8
15
7
18
17
9
13
18
14
6
10
18
7
10
12
10
15
19
16
5
11
14
16
11
12
11
8
16
17
14
6
7
12
8
18
13
19
14
17
11
11
15
6
19
14
12
15
8
16
6
13
11
16
13
16
6
11
7
20
10
16
10
18
16
19
8
19
10
13
18
6
16
8
10
9
13
17
15
14
13
0
902
676
378
690
520
299
766
233
681
730
299
419
918
694
255
915
444
81
548
12
662
820
447
831
896
474
883
860
25
329
79
579
603
519
463
296
534
272
237
731
169
655
431
375
696
307
792
557
537
866
650
221
568
607
175
541
40
358
679
443
470
217
323
422
289
101
410
306
270
114
248
94
693
897
358
537
160
871
289
640
903
638
690
727
176
432
511
863
154
874
823
529
285
280
591
386
861
625
521
23
951
911
479
729
806
458
993
370
780
957
467
726
1188
715
536
1070
553
368
586
218
832
1123
579
1042
1032
743
1021
1017
309
450
356
828
755
647
769
393
710
543
451
819
197
696
564
571
956
458
1086
583
809
1117
810
523
769
928
424
594
277
492
748
481
492
232
626
703
460
277
418
500
532
289
337
308
798
1132
427
666
422
961
391
775
1041
754
885
928
339
557
628
1024
187
1119
1077
628
443
392
635
606
1016
934
631

5
100
14
13
17
5
6
17
14
9
14
10
11
8
11
15
18
10
18
13
7
5
9
6
7
6
15
18
16
10
13
10
16
20
9
16
13
8
6
9
20
20
6
6
16
10
20
7
8
19
14
12
10
10
5
12
18
6
8
9
10
8
20
7
9
8
10
19
15
15
7
7
11
6
6
10
18
8
6
8
8
14
8
12
12
13
9
16
15
6
14
5
9
20
11
16
6
11
17
19
16
20
0
802
25
626
203
475
641
188
727
559
172
178
731
380
221
113
463
600
239
382
350
838
845
251
539
285
798
72
49
337
87
848
370
34
223
856
437
776
224
805
22
610
337
652
232
699
629
426
705
759
388
407
507
841
310
776
576
204
301
462
770
194
128
535
690
122
105
516
827
33
311
820
145
246
781
569
560
196
273
505
507
434
426
229
260
709
711
386
306
607
551
748
633
35
153
471
541
791
713
186
256
948
296
920
300
624
879
205
999
622
428
244
945
473
399
307
595
684
359
406
526
929
931
494
724
326
1019
209
88
362
233
1097
545
95
251
1039
498
878
525
902
53
816
510
933
447
973
838
637
968
923
551
610
768
1040
525
908
764
248
503
698
801
297
144
702
915
332
280
546
882
42
422
835
289
337
807
618
756
264
533
726
761
577
462
510
405
839
771
400
362
747
670
1009
921
201
291
771
576
819
851
327

6
100
9
15
15
9
12
5
10
20
12
19
19
12
15
10
10
9
8
8
19
8
14
19
14
14
20
11
13
19
11
18
7
13
8
13
14
9
13
13
19
10
14
19
16
16
17
6
19
6
14
17
7
17
16
19
12
19
19
18
6
11
18
10
13
6
9
16
16
12
12
19
15
19
7
5
17
19
17
6
19
8
17
19
16
20
7
10
13
11
9
17
14
16
14
20
20
12
12
15
14
15
0
111
908
729
333
968
108
900
349
508
196
862
520
655
380
810
207
929
617
722
423
51
1016
775
661
975
98
56
868
544
499
467
27
464
618
840
706
417
131
387
875
840
939
568
647
644
906
60
183
80
669
436
101
124
502
930
1005
468
378
920
248
708
594
732
844
704
820
33
119
649
26
725
514
873
247
361
938
910
340
310
922
920
5
439
415
900
228
446
980
785
56
11
405
960
288
562
748
149
759
828
154
258
1186
800
553
1258
346
1237
536
602
409
938
759
935
618
1122
236
1079
699
932
453
312
1345
884
972
1292
440
97
1105
666
579
494
116
505
766
851
992
489
238
535
1010
882
1124
677
666
759
999
202
389
257
815
639
119
234
619
955
1345
774
402
1026
546
995
792
741
1174
985
1151
145
462
811
238
839
574
1062
277
391
1223
985
606
636
1008
1086
345
585
718
1103
255
778
1249
1048
402
65
656
1140
504
711
1005
235
924
870

7
100
10
9
16
12
11
11
7
18
7
10
17
19
6
10
19
6
20
19
12
8
8
7
8
11
6
9
16
10
13
16
6
9
9
15
11
10
11
6
18
20
12
15
15
6
19
19
11
11
18
16
14
9
19
9
9
18
19
8
18
9
6
12
19
16
13
13
16
13
8
15
6
14
11
13
18
16
12
14
14
10
13
15
16
6
11
7
15
7
15
15
11
8
19
20
7
8
9
6
11
9
0
524
753
917
802
893
137
685
364
126
287
587
423
28
369
883
25
766
160
34
745
757
29
399
293
334
652
2
304
573
651
650
43
200
6
566
678
382
74
898
126
52
694
716
363
788
851
653
761
218
631
828
271
325
813
357
412
419
586
630
598
247
782
335
770
474
227
62
109
239
896
782
343
206
249
235
599
669
263
33
584
378
477
843
886
370
881
296
631
67
392
427
584
49
160
632
910
594
224
459
264
629
965
982
1099
1023
405
809
568
335
522
759
431
322
450
1117
70
915
217
289
927
1028
158
604
498
380
817
167
397
764
764
685
231
421
33
663
707
416
135
1029
350
346
890
784
662
849
1146
689
1031
280
800
1127
301
408
981
534
730
705
835
695
858
271
980
363
788
705
348
90
238
451
1038
994
361
244
408
485
832
738
439
242
677
577
564
963
1032
507
1028
449
887
117
430
621
683
245
356
823
1119
625
476
734

8
100
20
7
16
13
17
5
5
10
8
20
13
8
11
6
15
9
13
11
11
18
8
16
17
8
13
12
17
5
19
16
17
15
10
12
14
13
20
18
7
15
13
8
5
13
6
7
11
9
12
19
11
8
7
6
9
19
6
18
5
15
8
18
6
19
8
9
10
19
14
20
17
18
11
11
18
12
8
15
6
15
17
13
6
17
13
14
6
9
14
14
6
16
15
20
9
14
19
5
17
10
0
409
91
148
686
580
689
501
736
296
687
392
224
528
592
491
248
199
228
9
206
329
263
76
698
543
793
253
257
206
826
662
151
289
189
535
553
683
311
130
434
146
798
511
200
77
247
748
32
811
70
890
335
880
375
109
20
865
531
207
885
98
856
200
878
793
503
480
211
473
906
419
345
183
646
523
404
136
314
409
619
127
460
911
699
364
150
695
910
656
429
289
228
80
826
208
246
601
605
569
320
466
194
442
841
850
766
745
824
610
863
601
466
693
665
589
266
239
407
103
246
586
326
366
792
573
921
349
491
273
953
880
383
397
398
737
779
848
545
329
622
186
895
624
477
222
293
833
132
1102
186
1061
609
1175
550
304
228
983
745
418
1163
358
1093
403
1154
1105
573
593
239
579
1153
647
596
379
935
840
628
234
477
541
709
445
496
980
958
644
408
1001
1110
852
733
341
381
347
902
386
376
797
905
699

9
100
14
11
7
17
18
18
9
18
18
8
19
11
6
6
7
11
12
7
12
19
17
20
7
9
6
11
11
16
15
6
13
19
11
19
18
17
8
15
10
16
7
12
6
6
13
7
15
7
11
10
8
13
13
20
19
9
13
16
10
14
17
13
13
15
14
16
13
18
19
10
14
8
7
5
8
12
18
14
12
18
9
16
6
17
14
14
16
18
13
16
7
16
9
16
9
18
9
17
15
8
0
500
342
427
342
698
820
477
639
865
406
254
779
659
693
393
187
188
37
763
659
805
308
303
774
111
626
703
688
535
718
267
186
59
828
8
43
632
837
693
43
910
760
529
828
342
508
748
96
231
133
227
770
276
356
696
732
944
780
798
773
671
340
551
354
140
270
203
697
730
792
745
29
838
385
536
495
925
253
72
156
84
15
786
37
671
559
398
597
951
72
187
480
867
157
82
433
870
426
733
189
796
476
721
438
739
929
594
955
959
728
403
838
865
769
455
464
501
237
1012
861
1076
537
385
1032
259
846
908
799
550
926
338
291
379
900
183
200
791
852
904
352
931
938
632
858
446
746
952
209
549
438
333
1098
475
497
748
853
1138
865
873
1088
903
495
778
496
422
484
355
917
893
930
772
51
857
669
676
805
962
531
207
249
311
40
811
168
696
643
701
754
1161
139
275
658
1081
171
205
752
1050
502
964

10
100
17
7
16
5
10
7
15
16
5
11
11
10
6
5
10
7
11
12
15
9
7
19
16
10
11
6
17
20
17
19
7
15
9
19
16
15
15
8
15
13
16
11
13
9
18
20
19
6
17
14
16
17
19
19
19
12
6
18
15
9
8
8
16
19
11
19
13
18
12
7
10
12
15
13
18
15
11
15
7
14
16
17
14
17
7
19
18
17
7
10
18
12
10
9
5
12
17
16
14
11
0
808
813
175
258
532
873
337
729
21
57
962
746
172
849
8
410
729
465
423
784
446
224
145
889
862
188
43
302
89
387
854
691
510
263
571
107
202
145
380
642
778
275
403
866
476
213
132
478
312
969
436
264
905
34
576
449
241
152
746
24
204
574
660
119
948
422
806
386
686
412
775
212
433
444
317
553
103
718
469
681
102
970
636
230
668
619
679
852
444
258
2
317
160
471
719
658
248
335
90
280
887
958
429
285
644
1125
518
955
237
350
1289
912
178
864
238
430
1063
635
554
1008
530
463
316
976
913
458
125
386
140
411
1023
804
566
373
884
308
360
254
609
787
1057
476
725
918
684
435
171
578
417
1160
760
332
1196
257
880
473
411
401
946
142
504
800
995
187
1252
707
912
713
867
537
914
279
642
584
394
741
135
862
597
959
159
1091
694
365
806
740
944
981
666
298
296
480
396
554
892
969
320
452
183

11
100
8
18
8
8
15
6
9
17
14
9
6
17
18
9
18
6
9
12
5
13
6
10
7
11
17
8
20
18
10
17
13
15
6
12
5
12
5
11
18
11
18
17
7
15
18
14
17
9
11
11
5
15
9
10
16
19
9
16
6
17
13
17
17
17
6
20
8
14
11
19
9
18
15
18
11
8
13
7
7
15
9
8
15
9
11
14
8
15
14
11
14
18
18
8
6
10
12
15
6
17
0
361
337
4
565
130
173
497
412
837
132
505
603
911
481
249
609
168
239
423
86
355
688
890
619
39
274
595
165
429
533
887
92
817
262
297
409
208
324
321
347
263
865
198
885
576
540
245
809
562
537
863
255
817
175
336
581
871
543
464
825
805
229
311
588
13
518
816
478
560
456
543
815
211
65
748
693
843
336
52
847
880
13
540
530
199
622
94
81
758
596
92
310
346
889
548
317
152
204
847
140
616
476
39
819
319
239
692
607
975
276
549
831
1157
537
525
858
249
505
591
179
417
763
1029
867
170
501
678
193
459
673
956
153
1128
455
519
646
384
382
418
504
421
906
471
1202
864
761
513
853
748
549
1169
380
1057
258
355
845
941
839
689
1003
1012
390
611
644
116
582
913
621
724
734
620
1048
277
152
1014
861
985
510
77
900
1100
66
805
676
410
845
379
296
983
621
273
468
404
1161
861
387
309
487
1092

12
100
10
7
14
7
7
11
12
14
18
17
17
13
19
17
17
14
12
8
19
15
16
16
17
10
11
8
9
16
12
8
8
6
17
11
13
12
20
18
19
17
15
15
15
18
17
18
8
15
9
5
8
12
18
19
18
15
17
13
11
20
15
17
9
8
10
15
8
6
17
5
13
18
8
20
13
10
15
16
11
13
14
5
6
19
13
13
11
7
6
10
9
8
16
12
15
7
20
11
8
11
0
539
59
801
566
914
962
836
450
739
870
861
702
289
350
283
249
231
710
217
415
448
880
897
259
143
118
919
889
939
411
286
329
700
50
26
549
51
228
371
521
655
693
883
785
809
539
636
127
217
399
891
208
222
918
661
678
725
525
127
612
348
864
373
382
95
749
926
505
669
483
888
264
455
300
353
352
722
326
176
779
944
260
632
203
431
386
904
472
756
212
893
352
80
173
550
553
869
789
130
68
843
354
958
873
1116
1160
1102
788
896
1122
881
740
442
615
378
313
278
884
314
482
752
1038
1135
348
151
431
961
1034
1191
591
521
445
939
297
95
672
359
314
510
649
739
724
1059
864
1115
605
717
409
276
634
1022
477
290
1026
841
835
1021
585
248
945
595
898
547
616
403
984
1046
766
885
708
907
308
572
598
383
383
780
505
402
820
1081
542
705
519
448
587
919
519
893
230
1164
658
158
305
563
629
980
1035
292

13
100
7
13
8
8
20
17
7
10
20
9
14
11
16
14
5
15
17
10
5
14
13
7
6
10
9
6
7
10
14
14
6
7
17
14
17
6
16
17
18
8
19
18
6
19
14
9
13
7
19
12
20
8
19
13
7
14
17
14
17
9
18
10
6
7
15
10
10
12
6
8
15
12
9
19
9
11
14
6
5
18
14
20
15
12
14
6
9
17
15
11
15
10
18
20
15
11
9
14
10
19
0
750
783
121
238
7
647
279
404
705
406
353
313
488
33
24
742
811
880
700
921
542
528
770
435
511
27
777
899
460
696
196
498
770
450
279
805
566
49
176
539
892
623
788
265
857
111
806
90
65
403
311
519
762
538
72
512
868
663
854
153
861
412
96
100
902
721
421
642
110
120
581
826
212
54
822
469
552
122
674
915
532
571
825
897
161
287
23
893
23
253
501
322
557
732
870
79
127
270
143
96
787
949
166
292
203
885
366
725
975
537
646
564
750
196
233
1027
1114
897
735
1172
809
784
962
469
544
129
923
1091
547
852
277
632
963
528
576
1015
608
322
483
816
1073
807
974
389
930
138
824
127
83
565
437
755
925
656
163
552
1034
960
894
279
946
648
361
374
987
907
488
804
371
217
708
950
236
325
984
593
636
139
959
1080
785
794
1123
954
182
556
343
970
179
552
570
595
620
855
991
306
208
416
365

14
100
12
19
19
6
6
8
16
11
5
12
9
8
9
6
8
12
7
15
7
13
12
8
6
17
6
19
12
12
8
8
5
5
17
13
15
19
11
13
7
17
9
10
9
9
15
11
19
12
10
13
18
19
7
10
13
15
18
16
9
8
14
10
18
15
15
18
7
6
10
5
11
18
14
12
15
17
7
17
7
8
7
17
17
11
11
8
16
13
13
13
14
15
11
12
7
17
14
7
18
5
0
525
109
280
507
229
380
839
569
206
587
556
770
443
662
430
595
786
422
698
684
101
467
480
492
326
711
73
327
8
451
421
420
316
767
876
679
135
787
363
833
604
88
432
221
120
545
291
449
165
450
832
466
323
723
709
520
204
149
573
131
777
314
296
375
731
735
883
8
697
435
297
149
344
587
229
0
302
622
636
73
100
102
869
690
548
525
111
775
867
793
40
587
753
842
676
148
344
96
268
202
647
401
551
528
355
531
1109
735
245
694
839
1021
635
863
465
683
1063
447
751
930
328
725
767
567
412
912
378
415
187
551
507
679
531
1054
948
869
420
830
587
871
620
352
485
366
385
570
541
620
428
604
959
474
570
869
816
819
505
394
627
319
818
519
515
522
834
811
936
58
796
687
456
353
478
804
379
281
343
817
688
343
359
138
956
829
734
720
329
995
1082
1050
140
673
1005
1065
912
229
443
304
488

15
100
8
7
9
11
19
8
8
18
13
16
12
12
11
17
8
7
10
16
17
19
7
15
7
10
15
16
18
5
15
14
20
15
15
19
14
19
13
5
19
8
18
11
20
14
20
11
7
9
7
19
20
9
16
17
9
7
13
20
15
12
19
13
6
16
16
16
16
7
17
6
8
10
16
16
8
16
8
19
9
18
15
7
16
11
14
16
14
13
18
19
14
14
8
10
17
13
16
10
17
11
0
829
342
706
991
249
811
656
470
582
344
23
862
966
433
87
415
882
628
789
40
845
37
346
132
173
701
113
470
380
984
735
495
492
336
883
751
795
574
464
800
292
251
791
330
415
977
615
788
294
444
315
336
69
934
296
305
527
133
908
85
695
961
840
580
475
299
338
152
77
260
216
165
332
905
57
112
608
190
454
425
404
710
780
868
327
431
320
741
632
687
190
660
928
719
17
277
240
114
666
211
848
429
735
1135
417
899
769
810
751
550
117
1078
1171
654
366
436
1141
797
1081
204
1077
87
669
295
399
1007
337
678
401
1108
921
668
815
360
1117
986
899
866
477
1033
355
556
863
376
726
1018
652
829
534
506
573
660
265
1225
375
507
754
206
1164
406
985
1000
1038
923
575
422
414
396
124
563
486
409
401
1199
388
424
738
401
556
532
673
956
979
1197
350
749
358
789
657
887
440
695
1100
840
186
390
528
447
832

16
100
12
6
10
8
14
8
14
17
15
13
10
6
15
6
14
9
17
14
6
14
19
8
7
14
10
13
12
5
12
17
19
15
12
6
15
18
17
11
8
13
8
5
7
8
9
15
10
11
6
14
14
20
5
18
6
19
9
11
16
19
11
11
10
15
13
16
7
11
14
19
5
12
19
20
12
13
20
7
16
5
19
6
15
9
6
19
17
17
18
8
18
5
6
11
14
17
19
14
14
12
0
220
453
481
345
526
432
503
740
624
279
575
671
663
756
762
728
670
559
819
742
645
740
420
121
133
590
84
745
268
827
497
789
739
843
286
614
215
299
89
809
34
159
51
589
359
515
461
622
574
436
16
53
491
902
502
81
339
362
417
178
692
582
126
229
313
333
168
217
449
121
561
577
652
110
209
383
182
624
613
189
205
275
50
219
586
182
872
729
284
118
425
780
705
572
202
393
726
250
71
169
315
544
549
650
604
684
671
830
890
403
880
891
951
818
776
910
889
788
864
809
794
937
449
199
213
741
172
815
589
956
539
942
747
1131
498
872
240
323
213
1079
151
357
286
715
376
652
496
840
803
640
71
101
576
1190
615
185
475
532
568
304
919
785
286
417
454
630
285
261
625
171
728
745
768
181
508
616
401
856
794
501
273
506
285
446
878
310
1035
938
300
417
582
1046
893
695
414
678
945
310
212

17
100
18
18
13
16
19
14
14
8
20
6
19
20
7
6
14
11
19
15
14
19
8
8
14
19
12
8
7
7
19
11
5
14
8
10
20
6
12
12
9
16
15
8
10
19
13
13
15
7
16
16
12
10
15
11
10
17
9
20
16
16
17
13
17
9
5
19
12
13
5
15
7
13
8
19
11
9
19
10
7
15
10
5
7
9
6
14
14
18
6
10
10
8
7
12
14
12
13
14
11
14
0
834
307
198
219
1
163
787
861
813
546
870
407
691
496
126
586
58
50
569
605
897
505
299
664
32
35
247
909
769
281
341
490
21
912
122
16
589
567
697
924
151
700
741
399
119
61
162
461
792
514
442
116
857
739
372
341
221
420
372
81
40
735
183
30
780
510
314
749
572
828
403
703
253
703
227
325
611
346
256
19
115
197
20
51
6
167
490
494
869
290
393
784
347
711
76
789
292
347
61
68
1010
495
370
434
70
460
974
1051
983
596
1120
582
732
688
406
861
167
280
883
832
1173
717
480
962
50
298
397
1203
1074
348
455
591
317
959
392
93
722
871
985
949
462
961
809
584
315
260
300
629
1095
604
516
303
963
1014
599
556
325
585
410
168
294
809
472
66
948
776
529
823
882
1144
419
855
354
1010
358
565
885
545
538
260
126
409
60
333
41
429
706
517
993
346
682
820
472
999
206
829
568
365
185

18
100
13
11
14
14
7
15
19
14
17
16
11
7
19
16
15
16
15
12
16
19
16
15
7
9
18
17
9
7
12
16
18
15
9
19
15
7
7
13
19
8
18
14
7
6
7
10
17
12
6
11
8
18
5
11
15
16
7
16
15
8
5
17
12
15
14
6
14
16
19
9
9
18
18
9
11
6
19
6
16
20
10
9
11
14
18
6
19
7
12
9
19
15
10
18
16
14
17
6
6
12
0
851
149
839
656
248
278
154
472
640
121
762
162
823
938
657
893
861
947
874
537
835
148
214
65
449
657
588
71
495
536
288
12
923
646
818
813
345
513
757
435
351
823
361
276
302
4
915
534
351
615
536
484
261
552
94
932
292
92
855
876
339
764
818
949
711
254
68
896
756
489
92
772
618
570
686
789
409
321
454
873
198
460
702
603
818
282
548
596
276
897
260
267
149
518
665
685
459
394
315
261
955
236
941
727
518
520
478
667
689
291
1062
251
841
1271
734
1198
1172
1151
908
571
1022
183
337
269
756
691
659
177
539
753
411
179
1186
738
1123
842
607
712
831
629
495
1006
485
436
313
253
1118
732
363
711
660
521
540
714
324
1111
549
181
913
1079
399
918
1063
1118
803
469
112
1115
828
696
235
837
806
607
793
962
446
410
641
962
427
695
921
736
1023
301
757
647
285
1028
517
397
438
680
679
839
471
400
375

19
100
18
10
10
11
20
19
8
15
17
18
6
12
15
17
16
14
8
20
15
14
14
6
10
14
5
7
9
14
9
11
12
19
14
6
7
5
19
6
14
15
16
12
19
16
19
8
17
9
18
15
13
16
13
15
14
15
16
12
12
18
9
18
17
16
9
20
15
19
8
15
10
7
12
16
11
16
12
7
17
20
8
6
13
8
16
11
5
11
15
6
18
5
20
8
6
6
11
10
11
16
0
256
544
281
62
882
315
211
533
908
731
255
640
932
286
725
109
259
346
170
613
466
785
932
238
120
167
117
90
897
6
842
850
830
723
577
39
700
306
60
343
256
504
138
530
687
13
339
347
575
505
27
526
798
192
616
548
813
769
156
194
839
519
758
823
33
383
65
934
378
543
660
128
646
955
942
273
680
582
411
787
354
158
115
748
60
360
584
924
482
226
7
250
841
136
725
897
76
780
950
82
318
733
572
336
1116
611
497
844
934
773
312
738
1117
513
906
236
380
413
396
720
707
1043
1260
413
256
387
275
207
1098
168
930
1009
858
874
723
112
725
363
183
656
432
591
373
659
794
213
618
609
756
531
246
644
965
491
935
782
1050
978
361
264
1004
536
807
1115
351
410
155
1254
679
785
851
199
924
1047
1049
496
761
791
500
1052
482
215
244
1005
369
429
693
1192
745
300
300
438
1112
199
910
921
198
1040
995

20
100
18
13
18
8
19
10
8
8
15
6
14
10
16
11
9
17
7
14
12
20
10
13
8
7
9
7
19
5
18
16
17
19
10
14
19
12
19
10
17
16
17
19
14
10
9
17
17
16
5
9
15
11
8
11
6
8
10
6
11
11
16
7
18
16
18
6
12
5
8
15
9
7
10
8
17
19
11
15
19
9
16
19
17
14
15
18
6
17
10
16
17
9
12
14
11
11
17
5
5
7
0
252
218
565
752
456
419
426
447
602
807
301
282
625
930
203
14
464
69
792
776
35
244
534
596
145
777
443
907
407
928
495
550
23
455
406
120
314
590
108
657
812
883
425
795
896
34
232
720
673
853
893
208
912
291
222
11
394
288
802
420
815
705
860
667
732
725
32
476
855
887
379
878
336
305
350
903
698
904
438
388
820
106
439
831
572
658
504
476
233
305
873
849
192
309
314
321
239
189
320
138
309
511
611
782
718
484
685
688
625
1120
495
317
912
993
268
265
579
255
921
1017
58
548
776
739
281
808
470
1192
600
1149
810
632
302
536
489
258
423
754
165
747
1087
1045
587
915
934
168
383
1005
806
957
1125
486
1103
305
239
67
519
451
991
486
898
973
908
859
979
1032
295
762
991
1187
508
1085
618
402
426
1060
763
1163
565
482
845
301
704
1020
617
721
561
551
529
493
1020
1077
275
348
547
617
416
334
386

21
100
5
19
6
9
6
19
10
18
7
9
8
16
18
9
11
20
5
8
18
6
17
15
11
12
11
18
16
10
17
16
10
16
16
9
8
7
17
16
20
18
12
5
9
18
19
8
20
16
5
18
7
13
7
9
12
12
18
18
17
8
19
17
12
6
13
7
11
20
5
16
18
15
11
9
11
18
12
14
18
16
17
14
7
18
12
8
12
15
5
11
5
7
17
5
20
18
12
14
13
12
0
918
416
687
881
144
414
754
324
556
419
827
759
223
144
512
10
56
895
436
160
459
28
927
689
177
718
400
101
88
228
259
846
922
193
760
443
517
230
354
705
519
313
84
840
553
779
827
631
226
716
649
393
318
697
40
124
688
135
438
737
520
14
939
255
328
291
474
227
902
829
855
47
503
876
848
118
703
215
435
107
321
837
686
885
193
827
331
187
141
248
122
91
424
242
865
203
429
881
502
120
1018
706
981
1183
407
661
1068
585
599
561
969
876
464
298
667
148
142
982
698
310
542
69
1166
836
497
960
418
122
317
286
553
899
1215
297
984
690
706
329
421
830
719
598
282
1140
822
962
1137
868
293
1028
702
704
552
879
308
235
949
327
479
950
673
334
1207
563
593
452
602
360
967
1091
1114
181
744
1024
1066
161
732
235
655
403
381
1064
950
1094
344
960
428
307
189
361
351
301
485
353
1175
339
602
957
748

22
100
14
19
13
9
15
12
11
5
18
18
17
9
5
20
11
5
18
9
10
8
12
16
6
7
9
11
19
5
9
20
15
13
14
9
17
12
6
9
11
20
17
17
14
17
13
19
13
19
18
7
5
6
14
20
6
13
12
14
13
8
11
17
13
7
11
12
12
11
14
9
13
12
7
10
7
11
17
17
17
9
10
17
19
14
18
14
7
17
18
10
17
18
18
20
16
17
14
6
14
11
0
611
60
280
318
743
62
905
713
476
904
473
636
679
315
455
647
627
3
485
538
530
121
194
694
923
229
745
485
410
437
101
81
426
694
564
81
229
546
481
539
419
233
212
503
116
632
16
619
317
32
714
305
487
630
186
690
918
618
393
11
780
149
676
381
559
879
679
88
727
451
189
942
532
100
6
3
295
765
749
29
518
116
826
283
232
509
100
87
392
851
858
856
324
652
97
484
712
789
344
168
691
207
391
453
1059
221
1000
747
708
1170
770
853
713
393
544
828
939
146
549
667
546
180
476
855
1009
432
1036
774
675
500
324
147
457
745
596
221
522
811
786
682
520
462
365
724
384
895
282
882
476
43
898
430
690
709
313
988
1059
768
587
105
1008
210
720
656
752
970
860
117
986
493
225
1124
803
292
117
141
572
1052
952
244
642
158
936
339
284
623
384
118
519
1142
1058
1094
529
859
329
800
882
991
590

23
100
12
8
18
12
17
15
14
11
13
11
19
11
13
15
10
11
6
17
9
7
14
10
13
8
12
18
17
15
16
11
19
14
9
18
9
8
8
19
20
13
5
18
7
8
12
10
14
15
17
18
11
13
6
8
6
14
8
19
14
17
10
11
5
18
7
16
17
15
15
8
17
9
7
18
5
11
13
17
15
18
9
18
13
16
14
11
8
5
16
12
10
9
12
9
16
11
8
16
14
16
0
757
798
361
229
347
53
726
853
301
128
443
704
628
361
125
682
311
173
630
363
277
162
854
513
690
452
923
691
724
91
335
688
6
833
867
892
476
264
13
888
340
184
776
809
486
167
54
48
5
315
253
655
228
70
741
627
511
162
584
408
484
205
233
288
460
902
677
719
595
538
902
167
863
377
633
655
540
180
737
550
214
326
737
733
305
221
862
909
41
96
565
889
315
550
933
525
217
357
90
321
798
848
476
457
373
334
1039
1072
592
308
546
910
758
482
150
807
496
466
883
444
342
394
1139
719
841
739
1201
1015
1046
145
474
955
202
906
997
1184
668
379
239
907
612
313
819
1086
676
230
358
116
74
482
398
845
445
91
903
859
612
449
781
570
595
456
253
414
770
1033
983
970
626
609
1172
198
1176
450
732
788
804
259
851
774
472
519
871
956
319
508
990
1049
241
293
734
1017
491
777
1049
744
364
441
189

24
100
13
5
13
12
18
8
13
11
16
16
14
7
11
8
18
16
12
13
14
16
16
12
8
12
10
16
16
17
14
12
14
9
18
13
6
15
12
16
7
13
17
18
7
10
16
13
8
7
10
8
9
12
16
8
18
18
13
17
13
19
6
19
11
9
18
13
8
13
16
5
17
10
20
12
8
19
19
9
16
16
6
19
14
18
8
11
8
14
13
12
9
8
16
17
17
9
6
18
5
8
0
516
743
525
38
861
626
805
897
153
948
462
140
879
360
902
47
935
921
627
123
150
62
910
151
243
327
945
605
404
902
92
780
628
71
596
271
731
207
818
383
521
705
878
617
468
860
308
141
739
20
91
349
778
862
88
328
182
247
444
369
166
130
818
595
682
177
324
312
97
745
578
382
80
701
489
917
754
677
395
387
165
24
379
803
237
935
858
355
942
387
740
23
66
471
286
794
254
667
179
309
791
995
580
73
1082
802
1106
1030
248
1207
645
173
1102
601
1120
246
1138
962
726
416
166
373
1132
346
333
624
986
844
660
1070
360
926
762
178
657
444
789
495
1131
611
760
980
1122
766
706
890
330
207
884
278
324
527
952
994
112
545
266
563
625
549
374
360
839
792
837
323
652
625
158
1061
770
465
211
854
700
1178
949
823
414
612
409
178
524
1119
469
1055
1153
463
1251
437
931
252
89
723
552
1046
341
942
407

25
100
13
12
6
19
17
19
19
12
12
13
9
6
16
17
8
8
20
14
19
12
8
16
14
19
12
8
10
9
19
9
6
19
14
12
19
9
19
11
10
9
18
15
13
19
13
12
19
14
10
9
12
7
12
12
11
17
9
9
13
15
12
14
12
20
10
14
11
7
13
9
14
15
10
6
10
11
16
19
11
17
16
13
11
12
18
7
9
7
12
8
12
12
10
13
6
19
6
10
16
19
0
931
343
351
819
362
654
97
523
519
761
49
505
44
157
699
947
551
380
659
599
606
821
808
171
906
895
731
268
120
773
462
577
303
930
51
795
419
305
450
492
694
0
137
293
122
899
495
624
353
210
93
425
160
84
396
608
407
933
198
405
842
217
350
915
66
747
851
152
9
717
431
599
542
922
691
233
809
427
193
390
508
927
535
500
566
555
296
676
261
254
785
274
699
607
441
82
274
825
850
36
1138
555
464
951
660
835
305
573
570
831
208
647
343
305
1017
1105
711
705
965
750
803
1092
1091
333
946
908
776
350
306
1004
745
741
576
1134
234
926
431
584
595
628
990
204
266
598
386
1178
516
761
470
461
402
462
467
104
486
696
557
1017
513
634
857
295
460
1214
149
767
865
290
278
920
619
638
585
933
721
387
869
662
258
501
788
1061
655
822
729
802
554
858
349
284
1071
305
798
825
647
277
418
958
1129

26
100
12
16
17
7
5
17
14
8
13
10
7
14
15
14
8
10
14
19
8
6
19
6
8
6
6
13
17
18
11
6
18
10
14
15
18
7
14
6
14
12
6
9
11
11
16
9
11
12
16
12
5
11
14
11
9
20
12
13
15
6
18
19
17
8
6
7
14
9
17
17
5
7
17
13
12
10
9
14
8
13
7
17
9
19
12
18
15
11
10
12
18
17
6
14
8
11
10
7
10
6
0
399
256
712
469
851
47
430
869
767
264
560
513
765
188
308
491
133
29
836
305
666
129
279
573
868
805
53
110
853
113
629
763
758
494
713
265
640
350
80
638
564
92
561
31
18
455
140
822
667
536
286
103
101
761
262
687
17
534
300
798
589
215
648
577
56
702
709
364
432
558
283
609
365
731
76
462
818
25
836
473
152
212
37
278
758
400
506
222
300
442
746
458
291
51
789
285
669
167
408
41
652
378
900
712
1064
147
662
1167
790
451
686
709
1048
384
384
743
331
122
926
584
892
266
373
590
1174
1027
88
270
940
415
746
1036
884
722
963
511
802
470
193
817
866
297
730
105
71
627
419
1062
725
620
589
196
319
856
382
939
284
790
457
1000
792
344
949
745
84
823
778
415
683
832
412
882
542
771
349
497
1041
248
856
658
298
464
247
523
870
699
665
373
397
641
1038
722
439
272
1020
349
941
326
536

27
100
6
19
18
12
14
15
11
10
18
6
20
11
6
13
19
14
14
11
11
9
19
17
17
11
9
6
10
19
7
6
18
13
15
19
8
19
17
11
12
8
19
11
8
18
7
16
6
15
15
9
13
18
11
20
15
12
12
12
12
16
6
17
15
20
17
15
18
5
17
20
19
6
11
12
7
19
6
11
8
20
15
7
11
16
10
17
18
19
7
8
14
8
18
16
17
16
20
13
18
6
0
287
868
749
182
260
669
748
316
471
157
14
114
125
696
10
896
510
82
887
219
509
649
152
473
764
412
486
961
710
569
274
89
95
578
557
976
164
208
973
393
169
666
501
87
332
331
422
490
940
57
471
963
739
673
503
400
234
661
617
443
112
504
155
165
419
829
446
394
628
803
759
563
284
830
308
283
349
101
730
471
960
986
16
318
699
887
157
820
37
437
573
246
146
722
611
210
720
496
59
256
617
1180
792
232
349
907
951
501
484
414
45
361
195
825
165
1176
540
273
1099
396
599
948
253
772
953
510
766
988
963
787
474
364
161
760
906
1065
398
356
981
729
505
854
706
110
497
563
484
621
1035
249
625
974
797
743
567
492
528
945
914
601
297
628
398
389
462
998
622
736
847
941
1024
658
505
1036
467
330
679
375
796
587
1144
1142
70
640
824
1173
244
1046
158
697
911
282
267
743
832
501
860
536
311

28
100
11
9
6
15
11
8
14
18
13
7
14
19
11
18
12
10
16
16
10
19
18
7
6
12
11
16
7
7
10
12
11
17
11
8
6
19
18
13
17
7
18
16
8
12
17
7
12
15
17
13
13
11
19
5
10
13
19
15
11
14
12
12
7
17
16
7
10
11
12
13
9
12
12
16
16
12
6
17
5
17
10
8
10
6
13
15
6
11
6
9
13
17
6
10
16
19
8
10
16
10
0
346
644
525
198
596
413
604
801
183
289
236
421
498
343
568
184
397
508
39
501
83
847
519
56
184
822
53
401
336
904
436
628
295
284
89
661
617
388
460
366
457
687
53
288
459
140
674
306
87
773
6
209
107
337
537
286
479
580
793
480
722
794
704
758
295
432
694
327
606
472
873
162
712
47
824
128
176
735
11
599
218
490
195
777
239
533
800
885
904
780
437
431
825
803
80
633
764
64
171
167
553
911
806
480
671
701
912
1032
343
580
544
694
524
474
763
455
570
775
321
819
390
1050
793
243
216
901
64
635
570
1145
648
831
482
554
190
913
755
646
474
649
544
796
139
360
475
445
931
518
339
1002
61
487
207
617
752
360
640
725
901
783
817
1100
740
828
402
515
798
510
726
779
1059
311
755
125
1051
247
259
918
37
834
490
505
340
966
302
608
866
1086
1020
876
721
704
877
1112
106
838
964
366
274

29
100
13
12
13
16
10
15
19
10
16
20
11
8
15
12
18
16
16
7
6
10
10
16
17
17
13
11
16
17
14
7
9
16
13
12
8
9
11
13
9
9
6
6
8
19
19
9
15
19
10
9
16
17
16
14
10
9
14
14
20
8
13
12
15
9
19
16
15
14
15
5
7
17
16
16
17
11
7
15
7
11
6
19
6
17
9
16
13
15
6
13
11
18
6
6
6
15
12
16
9
19
0
64
503
812
389
588
468
496
473
789
176
146
376
48
927
872
216
441
76
317
521
614
548
234
916
764
258
453
825
663
544
217
791
557
258
883
645
138
397
662
726
695
134
16
483
889
615
814
660
743
204
811
560
503
400
649
361
426
424
324
945
469
637
416
790
266
367
195
371
240
850
299
376
452
734
221
383
896
542
199
407
763
721
564
606
397
168
586
594
621
722
286
290
319
821
615
909
203
877
744
160
208
751
883
474
844
560
698
778
1064
435
183
490
95
1013
982
452
622
196
559
809
675
664
346
995
846
401
587
1132
823
817
252
1114
775
325
1162
909
253
586
743
745
951
378
165
785
999
942
833
961
976
506
989
885
724
446
838
464
659
740
614
993
552
963
647
866
439
651
438
463
537
1093
461
687
689
848
500
510
934
672
214
612
844
771
643
744
721
205
794
681
889
899
398
468
514
869
841
1064
226
1131
1055

30
100
11
10
15
19
18
18
16
18
14
6
15
19
9
18
17
17
10
19
5
8
5
7
15
11
19
17
19
8
10
17
11
11
16
12
5
14
11
7
15
16
7
19
18
14
13
5
6
8
13
10
15
12
14
18
7
19
13
6
5
17
14
6
14
17
10
6
13
15
6
18
9
11
6
13
6
9
7
15
11
20
12
5
15
15
8
14
10
8
12
14
18
8
20
10
13
15
6
6
17
15
0
574
82
811
715
280
514
249
205
44
123
768
417
230
913
511
474
156
526
764
451
272
662
715
568
556
876
901
220
278
353
321
265
56
151
451
355
251
758
211
273
330
409
659
768
622
101
701
810
28
417
730
666
341
698
122
284
556
499
866
543
176
907
472
579
415
95
337
570
121
147
671
421
294
65
749
41
143
339
593
890
411
477
640
626
599
45
110
870
289
368
832
495
438
770
571
15
29
394
191
202
791
232
958
1035
402
543
358
470
290
370
929
502
319
1098
662
761
407
832
1031
590
347
773
955
800
746
1188
1180
252
359
418
368
382
176
328
731
499
561
1055
460
479
437
520
791
931
742
370
810
1042
336
726
840
986
659
891
373
438
723
620
1011
771
347
1211
677
730
505
244
517
778
440
395
736
681
328
92
905
271
159
437
640
969
485
621
799
665
724
93
309
882
328
445
917
534
672
1037
772
176
97
425
455

