1
150
11
11
14
17
9
12
16
8
9
13
11
9
11
12
12
7
16
10
17
12
8
7
12
6
10
6
6
15
17
20
11
17
18
14
7
6
19
5
19
9
8
17
18
11
17
13
9
13
6
9
10
15
14
15
8
15
18
18
12
11
12
9
13
7
10
16
17
16
8
16
13
6
8
10
6
6
13
8
12
16
5
10
9
10
9
13
10
20
8
7
14
18
14
17
17
9
9
20
14
18
12
14
7
7
19
14
14
17
9
13
9
11
14
17
20
16
11
9
19
7
18
7
16
10
9
15
10
20
6
18
6
6
19
12
8
9
5
17
12
16
12
15
15
15
20
13
7
6
6
8
0
1315
959
1042
1066
752
3
283
1283
184
708
699
636
209
1244
405
375
108
811
478
564
4
125
252
762
1041
1070
605
1232
1232
254
975
1163
300
527
1052
567
271
1192
1064
964
181
463
684
661
224
865
16
114
99
767
1346
953
83
855
117
554
463
558
562
1101
1068
993
928
1017
597
340
37
1309
215
911
52
154
232
240
53
98
1134
410
195
1200
494
1142
154
415
1136
1355
759
475
291
546
682
941
972
225
1157
547
357
842
1081
1179
460
1226
909
443
1348
69
416
1266
403
1021
579
984
60
532
93
600
1276
822
846
775
109
1255
638
712
46
981
1063
527
324
139
681
147
77
1185
31
743
328
364
872
405
130
821
337
938
158
635
485
1160
531
302
1759
1102
1304
1264
869
383
512
1477
511
855
1079
915
549
1344
428
690
167
830
706
758
255
562
340
891
1343
1482
839
1520
1540
633
1271
1220
720
870
1105
865
667
1468
1178
982
405
831
861
794
328
950
213
180
374
1216
1433
1126
392
932
545
985
638
791
1010
1383
1405
1064
1139
1337
808
457
137
1552
500
1095
432
222
516
457
124
360
1517
693
529
1626
856
1481
462
528
1503
1714
799
714
607
851
823
1207
1255
304
1226
998
470
870
1146
1381
839
1382
1020
506
1507
116
580
1368
711
1297
982
1215
373
829
219
829
1690
909
1193
1160
422
1529
663
1106
223
1312
1220
656
581
377
727
568
107
1214
410
770
548
519
1336
524
542
1188
463
1404
555
1082
534
1535
589

2
150
8
14
10
20
13
17
7
10
9
5
15
10
6
9
17
20
15
11
19
12
19
7
19
18
10
14
12
15
8
10
8
16
9
14
11
20
16
19
10
19
15
16
6
9
5
15
8
13
19
6
11
14
16
14
19
7
19
6
14
20
16
18
20
7
12
6
6
14
13
18
15
16
12
10
6
15
18
9
14
15
6
12
19
13
14
9
19
10
17
9
5
12
19
15
14
19
7
18
9
12
9
18
15
12
13
5
8
9
6
19
15
13
16
15
17
18
8
16
9
11
16
6
6
11
12
13
5
18
10
8
13
19
9
20
7
7
13
13
14
18
7
10
10
12
9
19
6
15
14
16
0
380
216
3
1403
1114
862
905
167
335
1218
827
883
626
1308
1310
496
45
1119
682
1324
430
791
778
343
1285
1340
687
283
830
963
895
942
890
1210
597
1015
162
1008
159
152
1022
1347
32
241
171
44
997
1313
1098
819
1305
1017
154
427
1289
218
1285
884
1043
852
1266
542
319
23
483
1086
491
663
1029
1311
625
1422
182
499
337
374
835
765
60
822
1373
1298
1407
1101
813
908
1124
811
213
397
1259
1108
565
1220
530
149
961
490
942
1200
91
177
317
317
606
622
521
1030
877
510
621
135
735
469
487
578
53
1110
1169
1243
1061
1230
492
1089
390
1215
113
230
252
295
1119
1206
534
1220
147
165
1214
1043
117
1114
1089
98
572
232
875
737
227
458
905
287
704
393
56
1642
1157
1340
1137
543
520
1388
1157
945
949
1747
1650
658
410
1574
1135
1778
717
846
973
781
1532
1530
1046
443
912
1271
1041
1230
1365
1318
992
1212
410
1161
514
490
1201
1661
171
248
552
425
1373
1492
1511
1201
1539
1427
465
754
1563
593
1428
1008
1348
1221
1553
970
633
489
723
1344
907
1146
1346
1772
882
1572
224
543
527
839
901
1140
181
1038
1462
1678
1676
1337
1039
1378
1244
901
417
469
1399
1575
662
1674
655
406
1436
660
1177
1626
124
456
404
793
935
859
828
1117
1015
735
832
525
954
872
753
1050
486
1516
1212
1409
1303
1432
523
1213
536
1300
252
615
337
565
1215
1583
908
1328
501
542
1393
1350
137
1159
1209
519
815
333
1107
1128
270
789
1027

3
150
14
13
6
8
9
13
6
16
10
17
18
18
19
16
13
11
11
6
10
9
7
16
8
15
12
10
7
6
13
6
5
10
17
18
5
10
18
13
7
18
13
14
15
5
10
8
9
6
19
18
6
15
15
10
10
15
7
16
16
6
15
17
14
15
15
7
8
12
7
10
7
14
10
10
12
11
9
19
7
11
6
12
19
16
15
14
8
20
6
7
17
12
16
15
9
6
13
6
13
13
7
9
6
11
16
11
13
19
10
14
12
15
14
6
13
18
13
13
18
16
19
16
16
6
9
13
18
5
11
9
12
9
14
6
5
8
6
17
14
13
19
7
17
12
14
16
9
10
14
15
0
755
825
1068
946
933
1131
994
579
678
656
693
278
259
606
526
1071
304
663
88
899
103
237
639
865
1078
238
608
168
101
580
1271
645
764
1290
227
1080
534
1093
489
873
634
43
770
1255
578
30
128
893
132
393
1274
829
66
1198
242
884
380
686
210
1135
746
819
1073
1294
515
722
1212
890
354
1308
506
1119
194
905
920
564
890
1138
386
347
273
220
397
233
352
931
294
1240
301
1068
1330
278
10
348
188
420
869
889
392
904
486
496
1202
1181
102
3
490
496
3
1157
590
560
354
260
116
831
154
853
889
649
1020
1177
912
413
481
1094
1189
7
219
256
29
18
562
96
1271
1297
1313
161
709
377
274
31
1242
361
211
3
958
35
881
375
987
1122
1160
1014
1097
1153
1101
928
1084
1033
1104
522
359
901
900
1165
516
921
422
1205
342
437
963
1017
1102
342
1022
509
547
689
1549
813
1043
1309
661
1305
768
1126
861
1151
1018
397
1183
1496
721
162
396
1292
272
571
1443
1214
82
1599
501
1230
815
1126
542
1186
810
1224
1227
1477
850
955
1516
1037
402
1683
534
1510
383
1006
1169
877
1029
1349
588
461
340
454
418
382
457
1143
535
1430
641
1279
1764
403
332
518
556
480
1159
1007
431
1201
695
753
1426
1245
172
341
581
939
199
1382
913
821
655
338
164
986
440
1225
1320
827
1238
1604
948
855
829
1503
1540
350
625
566
72
468
715
229
1434
1729
1543
283
890
794
478
236
1423
384
425
442
971
339
981

4
150
9
18
16
19
19
16
13
16
11
13
13
5
13
17
10
18
17
13
5
17
19
19
12
12
7
7
19
19
17
12
14
9
7
6
14
6
10
17
16
12
15
6
17
11
17
11
9
15
15
13
20
10
8
15
10
7
10
10
12
12
17
9
20
15
9
18
8
13
7
8
19
7
9
6
16
11
18
10
18
15
8
13
13
10
17
16
13
8
10
19
7
11
11
11
8
13
12
9
17
20
16
7
20
12
11
17
17
8
7
7
17
8
14
11
10
17
16
8
16
8
11
12
7
17
10
19
6
11
8
19
13
19
17
16
9
11
10
9
10
19
14
11
8
6
16
14
9
16
10
13
0
58
1074
692
508
1353
1234
766
263
64
426
1227
259
985
1079
382
825
1070
781
1116
1417
1004
1005
460
188
1017
711
480
497
1370
10
286
307
303
122
589
680
1359
734
458
786
162
830
691
35
880
1261
525
305
1235
945
706
472
547
577
1049
349
889
55
1250
569
507
661
180
1313
652
1055
1003
631
869
947
329
909
1050
87
1351
126
890
769
840
560
884
66
1265
257
1171
1273
763
1320
937
980
880
338
366
1121
394
696
763
998
988
723
567
178
144
272
1333
1315
1296
948
112
1245
1014
42
761
523
271
182
746
1331
987
722
142
1220
849
1398
777
837
108
1275
1047
490
702
832
1181
855
69
150
370
1120
1138
1015
528
1358
1136
260
946
1012
566
588
20
100
297
1307
1070
695
1671
1447
847
453
182
577
1649
486
1472
1204
614
1180
1305
994
1503
1747
1417
1413
913
550
1115
767
783
783
1523
467
697
424
496
334
1060
875
1539
1215
929
1077
500
1305
855
156
1304
1604
937
788
1270
1158
771
932
562
729
1160
422
1142
109
1478
980
732
798
491
1575
811
1146
1323
917
928
1327
346
1168
1425
286
1809
259
1178
1192
1138
972
1245
258
1466
511
1227
1296
1112
1749
1273
1343
1310
730
482
1393
863
936
902
1337
1086
1202
616
439
295
495
1351
1406
1381
1204
295
1371
1196
361
1142
949
438
449
1056
1621
1449
1063
556
1585
898
1499
1136
1189
364
1455
1401
519
942
1319
1310
1159
470
391
471
1151
1594
1257
656
1377
1527
561
1294
1300
612
918
35

5
150
8
12
7
13
19
16
7
18
9
20
11
9
12
5
12
9
8
15
15
12
20
16
19
5
6
15
18
10
10
11
20
10
17
18
17
11
10
6
6
10
11
6
14
18
12
18
15
16
18
19
5
8
5
13
6
9
19
14
13
15
7
13
19
12
18
17
19
14
6
19
5
14
19
12
7
17
14
12
8
19
6
17
10
6
12
18
14
10
15
11
13
8
7
9
9
6
15
17
5
11
12
13
9
19
10
6
16
12
12
19
8
18
18
10
10
6
14
19
12
11
8
18
15
12
15
6
11
16
5
14
7
10
20
17
13
11
17
14
10
17
7
18
6
11
18
17
17
11
6
8
0
174
465
1342
1176
1198
679
151
834
1282
781
625
1345
693
421
352
56
31
1020
98
1253
931
1031
716
454
929
338
609
583
351
731
791
1159
662
1254
102
228
937
569
212
515
1257
926
169
786
135
689
109
256
339
805
907
1232
438
967
1186
67
445
1059
832
561
248
429
1276
722
1037
780
466
1012
1012
1036
776
388
1166
1156
1212
265
1236
456
543
910
224
429
895
607
1167
398
683
271
969
216
1379
84
1361
1128
205
620
823
818
260
618
715
362
347
1088
849
894
234
905
978
726
388
568
196
113
1141
687
944
600
1321
674
1226
578
1285
995
1307
531
618
472
114
40
1020
374
602
23
449
1194
717
660
226
1073
412
99
1396
1318
1332
1173
845
25
261
157
597
547
1525
1332
1382
1014
292
1154
1361
1005
957
1692
1033
517
727
226
53
1045
226
1494
1247
1243
873
582
1391
488
978
734
403
756
1093
1378
737
1280
143
396
1379
769
257
801
1585
1218
328
923
419
796
493
679
701
965
1346
1508
483
1198
1360
391
796
1532
930
1022
265
681
1363
985
1356
969
611
1425
1461
1163
967
570
1540
1197
1320
313
1411
633
823
1140
258
609
923
855
1437
833
1091
328
987
293
1464
157
1727
1391
612
932
1115
845
611
631
848
689
413
1299
939
1256
275
1060
1362
1083
461
753
500
229
1399
1048
1347
906
1422
1006
1574
759
1356
1414
1503
652
960
516
240
252
1278
677
867
107
492
1490
1132
1129
244
1511
546
321
1592
1785
1529
1452
1193
298
428

6
150
15
15
18
18
17
18
5
15
15
13
12
6
12
8
10
20
8
5
18
19
16
13
15
17
15
8
6
10
13
10
6
7
5
12
10
14
7
14
8
18
6
9
15
14
13
16
16
13
9
14
15
15
11
13
6
6
12
10
14
15
18
12
5
5
16
14
20
10
13
18
17
5
14
11
18
16
14
11
18
16
6
10
12
12
20
10
11
13
7
12
19
15
17
17
6
10
18
8
7
13
18
17
5
18
11
16
12
8
9
19
18
18
6
15
9
19
20
15
16
6
18
5
16
19
6
6
15
6
14
7
9
18
9
17
18
16
16
15
9
9
11
13
13
15
5
5
8
16
12
15
0
1341
529
1253
789
984
1399
1400
1155
1319
67
104
199
370
201
905
874
118
759
1406
822
264
51
1023
1086
505
1084
678
851
967
1267
1373
1195
1003
1131
797
606
115
1037
557
1013
1216
748
587
20
213
484
378
805
266
1405
545
1246
803
1314
354
809
1058
459
265
857
701
530
877
230
600
429
271
1277
409
145
902
1349
267
791
1210
504
462
831
48
391
709
548
391
1078
1368
691
880
460
1176
260
1214
154
902
560
60
1357
424
727
178
229
46
302
869
150
628
1143
899
990
631
230
479
1117
174
955
56
506
337
579
1410
1139
742
1190
356
131
575
454
567
1403
457
1019
1068
410
424
486
1057
212
1323
853
36
685
630
714
161
805
1311
671
111
996
721
271
1386
640
1518
1020
1073
1615
1593
1484
1518
277
233
619
613
343
1097
1317
589
1000
1779
1273
430
90
1295
1201
899
1314
960
890
1366
1626
1472
1626
1035
1183
958
1005
305
1504
770
1071
1343
1145
916
292
609
514
760
1071
671
1830
919
1451
1226
1626
472
838
1281
840
521
1037
1067
697
1349
556
936
675
351
1498
789
338
1213
1589
620
873
1637
532
550
1012
248
844
852
816
696
1268
1390
909
1039
884
1440
354
1677
609
1085
683
482
1434
560
1097
226
439
166
428
1127
520
699
1521
1373
1101
686
691
638
1140
610
1008
433
867
439
822
1802
1545
805
1533
800
160
654
527
620
1787
754
1391
1517
658
739
569
1401
276
1450
1105
473
1016
688
929
605
1217
1668
930
311
1059
1102

7
150
16
7
6
17
18
7
14
16
13
8
9
6
15
9
8
19
12
8
17
12
13
10
15
17
10
19
15
12
9
13
17
9
7
17
5
15
14
9
7
15
20
5
11
12
7
13
13
7
12
9
9
14
12
15
20
17
6
9
16
7
8
18
15
7
10
17
8
12
7
14
18
13
17
14
6
10
8
18
9
9
13
12
8
8
9
7
9
15
5
7
16
13
11
7
10
18
7
10
9
9
9
8
15
6
10
11
11
12
9
8
17
9
15
14
10
6
11
18
15
8
11
8
8
16
15
12
20
6
7
17
6
17
5
7
5
18
17
6
15
11
7
10
9
9
5
17
14
17
15
13
0
1264
1261
432
132
65
752
1237
179
703
451
962
22
852
444
1268
1209
193
987
245
618
383
183
184
914
364
453
623
555
1282
396
283
1055
1018
1025
1170
32
348
377
961
1267
728
323
564
1241
211
858
49
218
1125
528
773
1195
1083
272
1135
813
358
854
1196
243
1091
242
999
24
295
514
86
399
2
870
1137
889
298
577
657
1242
1164
78
691
82
871
789
1187
1156
33
871
540
228
348
453
152
21
673
645
432
389
154
757
889
776
718
69
810
940
525
797
231
793
440
483
270
844
916
229
1254
229
967
162
294
267
1221
794
950
193
736
1090
446
761
1210
233
699
1072
508
382
845
444
779
604
741
1024
144
1255
266
974
1003
1231
623
1089
56
314
1347
1419
725
440
223
808
1552
344
992
713
1315
53
992
540
1344
1561
215
1247
683
949
704
478
630
1247
415
881
779
911
1331
516
339
1075
1270
1045
1341
385
553
670
1304
1588
954
672
800
1269
469
966
295
427
1242
621
956
1293
1341
563
1555
881
702
1151
1420
527
1247
258
1137
177
320
716
425
509
203
1285
1488
936
564
777
892
1307
1538
366
952
421
964
1154
1323
1448
447
1071
564
282
645
895
187
202
953
674
507
531
458
1016
960
934
980
183
1220
1036
939
1080
636
904
651
732
415
1148
991
597
1623
646
1248
217
523
345
1459
1195
1141
222
909
1350
565
866
1243
318
924
1275
567
486
1101
610
801
689
942
1179
503
1364
702
1289
1368
1398
994
1499
164

8
150
18
17
9
13
7
15
13
17
5
13
18
20
17
11
19
7
18
7
9
17
15
13
12
6
10
5
19
9
10
15
12
10
10
12
6
9
8
13
20
6
8
18
13
17
16
8
9
15
9
9
11
11
13
9
15
10
17
19
19
7
12
13
13
11
9
9
14
15
10
12
11
9
7
12
6
9
7
16
17
14
20
17
12
15
18
9
20
15
15
12
17
8
10
7
7
18
18
5
12
9
14
11
18
11
6
14
17
12
19
15
6
17
17
16
18
15
16
6
13
19
13
12
7
17
6
19
7
19
13
16
18
15
19
8
12
9
16
16
16
19
14
9
12
20
15
6
13
17
18
15
0
700
58
185
7
311
1132
1184
1442
875
1226
1348
1017
630
354
1252
221
658
1042
1318
556
435
883
1173
596
1040
1169
1440
182
1436
150
971
947
1414
1015
600
321
954
254
598
42
914
951
49
279
586
773
1232
391
1379
636
1171
591
580
1171
963
921
378
1156
535
501
183
1205
791
695
321
821
1046
678
1055
802
676
633
400
551
132
1051
748
827
106
353
274
40
1248
997
823
424
299
256
1048
607
982
428
684
1044
791
178
649
278
925
346
276
1256
552
385
946
1339
916
1394
67
1131
729
591
592
1435
1152
432
1210
309
329
1312
1069
42
136
1029
105
1302
771
353
1331
54
42
265
496
685
491
314
1315
150
683
1039
1154
1444
1295
1091
1292
1081
893
676
1110
80
861
238
664
444
358
1378
1440
1881
960
1322
1816
1260
660
425
1265
302
811
1363
1440
876
785
1358
1231
827
1422
1635
1906
487
1746
440
1201
961
1802
1362
656
417
1127
595
1013
373
1328
1376
454
663
643
1254
1519
404
1398
922
1564
672
923
1581
1382
1328
628
1286
985
907
367
1301
1057
809
718
1225
1476
1160
1503
1035
1053
906
777
1014
575
1106
1210
1283
548
703
300
370
1681
1092
883
722
514
318
1101
925
1074
676
1025
1509
879
456
793
364
937
488
325
1384
758
536
1414
1710
1220
1684
323
1226
942
673
899
1567
1513
508
1638
647
705
1704
1311
399
212
1363
491
1677
1268
440
1797
505
212
733
713
933
726
368
1400
240
866
1123
1211
1566
1350
1467
1714
1233
1220
877
1230

9
150
16
9
16
10
17
8
10
20
14
9
15
8
18
14
17
17
19
8
12
19
17
13
16
9
14
11
10
15
12
20
8
15
11
6
8
6
17
18
9
5
15
17
5
11
12
17
13
11
10
10
11
14
19
16
8
18
7
10
6
15
5
6
15
19
16
13
18
18
9
14
9
18
10
17
15
13
19
14
16
14
16
7
9
9
13
11
7
20
15
12
13
10
19
10
19
6
16
18
18
17
12
20
6
17
19
6
12
11
19
7
19
6
9
12
19
18
5
6
9
6
8
19
17
17
18
9
19
13
14
13
14
15
9
13
6
10
8
20
13
15
19
8
14
17
9
16
12
5
16
9
0
51
1021
102
353
360
175
1405
233
723
1266
990
1022
74
1394
433
1200
1317
423
1297
619
725
1005
139
1134
2
180
118
1007
749
344
765
1092
1350
1349
814
869
1042
88
350
917
687
1438
852
46
652
102
1010
765
1296
1132
1433
1159
645
919
129
1359
583
775
600
1235
158
1045
1356
67
386
1398
320
956
630
256
351
242
757
122
1414
1004
766
170
505
393
475
258
830
50
1131
647
498
983
1358
1259
6
186
928
720
216
1232
415
477
1063
911
49
1170
293
462
346
904
999
572
581
15
1127
1078
592
217
1316
882
498
1249
1334
104
940
339
1132
6
1339
531
31
1245
203
1205
1354
350
815
102
14
973
178
513
1062
556
852
639
229
957
342
928
593
750
557
203
317
1143
350
381
764
421
1512
687
760
1670
1424
1307
483
1782
675
1640
1427
839
1597
784
865
1230
154
1573
172
561
529
1441
1083
494
1047
1257
1626
1479
980
1325
1233
154
376
1170
908
1663
1091
474
928
115
1312
1206
1309
1366
1896
1563
950
1339
152
1646
969
1189
649
1412
338
1063
1815
436
411
1575
787
1370
1027
734
635
376
1225
427
1804
1218
971
319
631
696
605
375
1023
263
1241
883
673
1276
1686
1612
410
630
1143
857
666
1477
733
806
1543
946
393
1487
376
543
381
948
1289
645
1004
251
1145
1195
831
639
1366
903
849
1581
1381
443
1325
443
1524
271
1774
617
262
1349
547
1421
1850
385
1164
239
341
1373
653
871
1341
668
1125
1095
272
1358
755
952
604
1158
1005

10
150
10
18
13
13
7
14
14
19
10
17
9
8
19
13
15
16
13
10
17
10
11
9
7
9
14
17
7
7
14
7
8
16
19
14
11
7
13
17
17
19
6
14
20
18
11
19
19
17
14
19
10
16
7
9
16
18
19
7
18
18
9
10
18
9
10
15
13
10
8
17
20
11
20
5
8
19
8
13
8
6
8
10
13
9
16
18
5
12
19
11
9
9
20
10
18
17
7
17
18
12
8
6
10
19
11
12
17
12
16
13
8
18
14
8
7
13
10
12
10
11
7
9
14
19
13
17
12
15
10
9
7
16
13
16
11
12
5
19
9
19
9
20
16
15
15
10
17
7
17
8
0
366
1386
740
1156
993
742
1201
345
289
716
625
774
1155
1196
192
1414
1323
1315
349
914
1254
1106
328
1413
79
197
822
1392
1397
37
352
279
1071
1081
1017
819
456
12
1175
255
1356
1438
834
964
229
206
193
1349
1274
596
1258
515
1153
1180
180
578
962
104
391
1242
1072
1382
1081
745
1373
682
1164
673
1381
294
625
1401
1159
63
531
59
400
1054
877
789
924
380
424
289
1315
1011
574
118
461
609
181
140
154
459
595
108
496
1
665
1186
1289
752
976
1310
282
959
1372
650
8
443
981
1006
1136
1311
592
994
1259
955
799
1092
83
434
70
250
1145
202
534
1013
946
513
1209
530
262
58
818
251
1151
79
20
158
1398
339
726
258
302
1380
955
1096
193
301
446
1433
852
1630
1240
757
1377
411
686
795
1071
1140
1477
1325
524
1661
1408
1744
639
1191
1628
1414
616
1684
221
531
861
1486
1413
406
810
344
1416
1364
1206
1247
673
462
1196
549
1791
1482
1053
1186
303
693
664
1487
1546
1070
1659
844
1613
1208
213
1024
1051
512
795
1468
1554
1598
1208
921
1790
1031
1395
948
1566
599
1071
1706
1576
536
914
68
421
1317
1096
987
1315
587
903
334
1729
1366
726
439
701
655
262
587
445
905
1045
226
609
418
977
1570
1451
862
1426
1687
294
1153
1768
693
332
577
1162
1307
1194
1789
1052
1261
1377
1240
864
1456
314
875
142
601
1349
574
771
1158
1165
627
1382
755
717
203
1128
460
1455
383
369
366
1820
800
1025
382
615
1598
1322
1148
425

11
150
17
6
18
12
14
20
9
12
19
9
15
9
6
9
14
8
16
13
13
20
20
18
6
19
15
19
9
14
10
17
17
11
6
10
10
16
10
10
7
13
18
12
9
10
11
13
11
18
19
16
17
12
15
5
6
18
7
19
12
8
9
17
20
13
10
8
7
16
10
19
6
14
9
5
13
12
8
11
9
6
15
10
11
13
15
7
16
5
9
18
6
17
15
13
6
15
8
12
16
18
15
6
17
13
11
13
15
12
12
11
15
12
6
6
10
12
7
13
12
10
11
17
7
14
18
11
15
9
12
16
14
12
7
6
11
11
16
14
12
7
18
11
10
9
15
12
8
18
17
16
0
1243
522
553
932
279
1304
162
1085
767
575
473
660
692
182
937
827
52
1346
475
510
504
352
234
731
99
397
653
1148
381
122
834
745
1050
118
596
108
886
352
782
699
806
808
809
1315
154
389
79
939
43
837
866
1302
711
1069
1338
366
1180
1108
1187
459
598
990
249
173
1306
43
148
641
531
1240
390
856
1164
1158
345
193
892
638
1275
770
1186
103
532
183
954
809
1081
386
1150
867
845
1160
355
382
231
1196
707
408
606
66
55
416
327
647
765
1054
1139
1138
4
322
1172
1061
214
1001
1151
753
453
874
46
768
424
163
1271
43
1344
475
121
608
930
674
1168
1136
1200
1274
419
936
128
658
283
791
1015
257
427
184
982
599
818
780
716
426
1271
706
901
1017
475
1479
386
1345
947
961
849
1012
770
456
1310
959
186
1428
952
819
840
694
276
1179
434
752
885
1437
715
304
849
916
1089
237
943
190
899
389
914
927
981
914
1009
1675
437
785
277
1331
429
890
1313
1502
1171
1271
1732
445
1325
1124
1447
554
872
1414
357
220
1414
58
181
682
641
1323
662
1238
1298
1250
448
530
1266
1095
1692
853
1437
539
912
432
1060
1087
1341
631
1290
1132
951
1470
387
779
325
1259
977
795
904
249
418
647
439
790
915
1297
1609
1313
383
381
1270
1459
642
1213
1415
847
875
1278
259
1113
791
337
1665
508
1531
852
416
885
966
1146
1417
1171
1650
1532
766
1235
354
793
656
1244
1059
316
814
444
1175
909
1000
899
1163

12
150
16
10
13
17
15
5
16
9
20
19
14
13
9
20
15
11
16
9
13
16
18
16
9
12
15
20
18
9
18
13
19
15
13
15
16
8
18
13
19
15
13
7
9
17
13
12
10
6
9
15
19
20
18
8
16
8
10
14
12
16
16
13
6
18
7
14
7
18
18
7
8
7
8
18
19
12
6
11
14
13
19
10
13
20
10
13
6
5
8
6
6
20
5
6
7
15
13
5
14
13
16
5
15
12
16
14
15
8
11
13
14
12
14
12
8
11
11
11
16
19
11
14
11
20
20
17
19
14
8
9
19
17
17
10
20
6
13
7
17
11
9
17
20
9
14
18
18
17
12
14
0
1008
721
1061
129
455
996
1458
1118
1377
892
837
819
114
335
931
525
512
665
1044
472
817
712
1158
244
7
804
411
1323
607
1127
724
82
490
746
1092
1400
758
1374
1174
1466
128
125
1153
880
1435
345
320
1003
688
1219
484
530
480
1138
462
1160
522
533
1016
1069
1214
902
595
1254
992
447
1232
507
1289
727
578
1140
1305
1168
1158
1232
860
273
1071
1396
879
970
184
359
633
671
713
19
438
288
963
128
101
986
838
343
333
856
233
93
377
20
84
743
528
1338
442
529
1329
499
942
1443
766
1246
943
878
365
943
324
480
920
1362
1151
579
231
219
892
881
54
654
939
821
812
81
518
1104
88
18
1219
1332
1412
1265
1048
1113
811
1032
294
1027
280
184
1372
916
1400
554
689
1362
1532
1219
1597
1154
1186
1027
619
809
1280
584
580
791
1097
535
1154
1147
1569
660
508
1023
681
1800
1064
1382
1082
334
738
1226
1222
1722
1206
1772
1225
1845
213
461
1308
1080
1795
827
633
1250
942
1643
517
814
902
1304
742
1263
912
660
1445
1415
1544
1174
736
1702
1126
458
1634
710
1785
1202
627
1549
1479
1655
1400
1581
907
315
1258
1677
1310
1262
233
451
766
1131
869
448
772
626
1173
349
150
1056
1023
511
375
1197
332
407
644
178
246
867
849
1544
655
583
1411
658
1392
1661
1229
1572
1375
972
614
1004
454
793
1215
1539
1468
683
580
307
1165
1073
208
767
1384
948
830
336
968
1457
146
112
1640
1677
1797
1487
1201
1239
1142
1252
622
1121
771

13
150
17
12
7
15
20
12
8
15
7
10
14
13
5
18
13
16
18
6
18
6
14
19
6
13
17
15
20
9
10
7
8
19
17
10
6
10
13
12
9
5
10
12
13
14
15
14
9
17
12
6
10
6
8
13
6
18
12
6
13
10
7
14
14
9
11
20
18
10
6
15
14
13
15
11
11
17
20
8
14
6
19
7
13
5
14
19
8
19
8
15
17
15
14
19
10
16
13
16
5
15
16
14
14
18
13
18
14
12
17
8
20
7
14
13
18
5
15
18
7
16
9
15
11
10
15
10
14
19
18
18
16
15
6
10
11
9
9
14
8
11
7
16
11
12
11
15
13
13
9
17
0
33
1376
1034
349
1358
963
727
1100
1363
225
1050
1025
513
1162
654
826
403
1287
808
453
488
801
278
544
283
385
27
1198
1111
395
852
776
699
289
350
941
107
608
550
878
786
687
143
1017
1343
69
996
611
52
1031
56
1022
1391
430
568
480
190
747
1006
643
947
308
1286
831
718
1023
203
264
214
690
1050
1130
1145
1133
782
328
800
643
881
832
1196
581
1126
883
30
248
341
418
512
11
608
1297
269
895
890
1207
637
882
570
157
755
106
245
1099
836
1084
530
985
216
645
323
388
435
614
926
1191
355
55
547
680
638
363
1093
973
345
116
494
1178
164
1092
940
1091
670
970
608
775
239
1161
695
820
794
1056
969
339
585
86
117
320
533
32
360
1691
1224
655
1839
1087
1041
1294
1755
494
1393
1418
636
1427
729
894
608
1604
917
555
737
986
551
704
447
766
303
1364
1212
711
875
1066
745
346
599
1037
126
668
592
1215
1231
950
540
1130
1372
452
1274
809
160
1086
449
1439
1689
730
958
672
480
1076
1289
683
1332
341
1608
1023
1091
1352
515
672
415
1087
1153
1322
1500
1556
1019
415
1136
1118
1230
1273
1218
838
1352
1202
398
667
757
671
611
168
936
1727
421
1058
1265
1421
1119
1201
1039
321
939
563
495
1166
1069
1186
578
1294
452
922
577
513
564
640
957
1250
583
400
652
943
1046
619
1312
1062
721
357
812
1654
300
1113
990
1105
1054
1027
813
1196
473
1456
927
1024
956
1530
1320
498
786
214
544
587
989

14
150
17
8
13
13
16
19
6
5
13
13
14
7
7
20
8
9
19
9
19
9
17
18
6
16
17
5
10
7
11
15
7
6
16
8
19
10
19
14
13
11
12
13
6
12
19
6
18
18
6
11
16
14
5
19
20
6
14
20
16
11
7
12
17
10
8
10
9
13
13
9
10
5
11
17
13
6
18
8
18
13
9
17
7
9
19
15
8
6
18
7
9
7
16
18
8
5
20
16
15
13
13
7
19
13
11
7
10
6
5
14
16
17
8
15
8
8
17
13
15
11
10
18
5
12
5
17
17
17
16
12
8
19
12
19
14
11
15
13
8
16
19
17
17
16
16
18
9
15
13
12
0
117
277
808
726
314
1016
330
785
1170
438
469
444
664
629
578
941
698
777
346
945
156
624
828
1332
378
363
740
387
113
1221
469
839
1209
480
387
401
731
587
317
1247
555
868
734
268
319
1325
1370
1163
588
1038
577
385
320
1020
941
618
80
1071
688
1000
694
475
172
944
383
482
209
423
1085
215
515
1318
381
763
227
1119
762
669
384
389
19
402
512
1261
131
419
401
178
1205
577
645
1172
1033
941
393
1053
480
521
1311
835
194
1001
784
369
85
768
170
1082
1082
339
1347
410
977
268
510
49
705
29
141
369
232
1386
453
324
417
903
1024
437
1230
356
568
149
70
54
326
1144
195
1046
429
910
763
831
317
782
938
152
971
97
749
442
270
528
934
1180
333
1204
778
886
1616
565
694
671
852
953
693
1064
870
1245
666
1386
478
1040
1206
1367
751
450
1171
561
441
1369
729
921
1518
935
464
587
951
933
676
1442
968
1265
972
363
621
1370
1701
1412
787
1273
864
607
395
1417
1255
749
521
1371
781
1418
1007
928
264
973
562
494
548
440
1387
460
530
1563
415
1147
269
1196
813
1111
704
557
231
650
809
1514
480
754
720
217
1374
956
659
1340
1517
985
561
1124
614
821
1566
988
468
1475
982
808
332
881
260
1466
1390
722
1716
533
1437
595
640
418
933
378
417
568
455
1403
815
780
498
1269
1165
908
1540
377
1054
302
239
181
694
1248
613
1347
682
1081
861
924
707
1246
998
610
1363
400
956

15
150
19
11
12
5
5
12
16
13
18
11
12
11
19
10
16
19
10
10
6
8
19
13
12
15
11
19
10
12
16
10
7
15
10
12
13
12
19
7
8
14
9
13
12
18
12
11
20
13
8
12
10
8
12
14
13
7
17
13
12
8
17
15
6
10
16
10
20
15
8
9
15
18
15
16
7
19
7
6
6
9
14
6
7
19
19
15
16
14
14
9
12
20
11
11
16
14
5
5
13
7
18
12
5
19
16
9
17
7
17
16
16
10
10
20
13
9
13
15
17
6
16
8
16
5
7
5
7
15
18
13
18
16
8
18
17
9
20
17
16
11
16
17
9
18
6
15
19
9
16
8
0
62
872
553
683
1124
127
40
959
14
931
1162
547
1282
76
1323
693
287
743
1259
226
977
402
1144
327
1049
114
480
810
1167
1116
733
866
771
585
511
970
336
619
669
489
920
1261
617
434
1052
106
399
237
209
469
1148
814
414
1077
61
1391
1069
439
844
939
1206
180
352
182
5
823
691
869
1288
1237
454
1102
79
890
162
416
850
534
1096
641
209
485
15
677
657
608
2
947
925
1163
304
79
1164
145
964
1003
1102
420
695
513
1105
1044
1149
725
1241
257
252
901
1220
76
532
992
549
355
936
854
360
556
884
1014
579
1330
663
252
987
107
1391
135
1250
1086
1410
431
1386
1270
835
1220
586
1261
1209
1280
96
1038
649
65
1007
1106
1189
1365
1230
153
195
1039
867
697
1389
492
334
1419
368
1328
1638
675
1543
137
1713
1057
630
1185
1562
305
1119
861
1591
607
1445
315
782
1150
1427
1527
1063
1004
1094
832
842
1202
581
974
1059
550
1356
1357
831
900
1317
444
716
354
513
751
1218
966
653
1514
192
1529
1357
678
971
1313
1517
592
442
220
481
1309
904
1186
1470
1457
816
1377
510
1025
254
546
1026
660
1174
1032
305
719
128
1090
865
705
70
966
1122
1528
531
470
1611
554
1001
1406
1489
599
929
569
1127
1234
1631
1092
1470
731
656
1136
1352
253
565
1214
896
403
1303
963
811
790
1192
1306
702
1569
969
582
1051
545
1471
349
1308
1538
1483
537
1533
1497
984
1574
1008
1709
1584
1734
280
1382
788
404
1399
1400
1383
1807
1605

16
150
16
7
9
13
15
20
9
18
13
11
6
8
17
9
13
18
16
14
20
15
13
18
6
16
11
18
14
14
5
10
12
15
9
7
18
6
8
8
12
14
11
6
14
20
19
12
15
10
14
18
15
18
6
17
9
11
17
5
17
13
7
13
12
6
14
9
16
5
15
17
9
17
11
9
10
14
18
19
6
9
16
11
10
19
13
17
5
7
13
7
10
14
13
12
11
13
13
9
15
6
12
18
13
16
19
15
9
14
8
13
12
6
7
14
8
15
14
17
17
18
12
17
18
5
13
10
6
12
7
7
8
8
16
7
11
16
13
15
15
5
7
18
11
6
5
18
17
9
19
10
0
253
171
1137
867
872
704
377
117
1316
149
1195
1278
324
1247
565
1317
1175
1260
1316
291
866
399
849
123
882
808
1288
1287
704
627
1174
921
893
821
50
692
404
267
924
264
1143
922
468
1301
278
1343
340
617
1283
365
462
174
718
286
712
80
1100
938
898
923
1315
256
606
948
1108
1045
1206
573
148
815
562
1158
536
341
705
809
168
919
1038
435
1038
1070
96
714
536
0
546
384
878
599
371
68
583
1302
856
1291
363
22
500
730
1177
864
1324
1186
530
1183
836
594
731
879
298
1288
621
415
1146
855
1066
411
854
1258
1270
1122
212
313
994
800
101
848
935
950
1129
214
1146
871
795
1028
817
563
179
281
672
1303
986
450
256
841
780
1141
1024
77
410
536
1352
1195
1331
946
474
295
1449
422
1534
1750
714
1613
987
1491
1324
1575
1709
636
1286
769
1136
156
945
905
1371
1462
948
955
1603
1368
1105
996
67
1073
686
440
1234
712
1352
1097
533
1339
415
1814
519
1052
1728
542
900
423
1152
403
1166
479
1108
1344
1172
1005
1410
685
788
1236
1431
1405
1455
996
300
999
819
1365
833
393
975
1235
327
1205
1137
859
1084
1235
456
937
819
342
674
655
1280
752
705
300
765
1472
1262
1453
614
395
895
968
1441
1047
1677
1328
835
1483
1247
810
910
1149
671
1397
689
750
1257
891
1323
720
1187
1695
1678
1247
593
646
1077
816
347
1222
1053
1362
1546
285
1196
998
1146
1208
850
787
560
558
763
1750
1051
586
370
971
904
1505
1332

17
150
12
19
5
19
19
9
7
19
7
6
6
18
7
14
8
5
7
12
5
8
15
9
6
16
5
15
18
9
11
17
19
7
18
9
10
19
10
10
19
9
19
17
15
9
10
20
19
15
8
13
18
10
7
6
12
9
8
12
6
6
8
19
17
13
15
13
16
10
7
12
10
7
5
13
11
6
18
6
15
14
19
19
7
10
9
6
12
11
20
7
13
7
11
15
13
12
18
19
14
13
14
6
8
15
19
13
13
13
17
17
11
17
17
9
9
18
8
9
11
20
8
14
9
14
11
19
9
7
14
10
14
13
14
13
13
12
13
15
18
5
18
11
9
11
14
14
7
12
14
14
0
1044
148
859
882
877
962
388
1330
1246
972
134
243
1231
377
1012
566
218
312
1076
383
553
518
582
1136
162
1145
214
818
148
644
22
58
1069
260
495
449
603
273
1014
1147
503
1198
1203
451
1331
583
441
196
1101
1364
1037
493
951
497
747
448
1116
1207
687
607
1279
1161
614
858
890
1253
786
486
1214
1011
186
953
585
676
715
319
1060
587
307
387
150
148
1006
443
872
679
1243
42
136
755
1123
1144
1006
644
887
550
637
345
835
1282
810
998
671
1002
1075
997
1078
1176
885
703
10
550
851
233
195
201
749
108
1180
192
847
205
615
12
72
1312
7
618
309
616
1330
1117
787
495
661
221
58
32
808
971
458
947
1214
134
1087
101
766
464
203
99
1252
558
1301
1020
1288
1302
788
1662
1509
1383
534
267
1389
507
1137
850
434
422
1406
446
564
895
1050
1485
513
1163
673
1280
495
1092
288
394
1181
515
737
802
965
428
1225
1584
531
1606
1264
840
1561
648
679
305
1284
1482
1135
947
1074
846
835
583
1167
1566
905
783
1539
1417
784
983
1184
1443
1101
845
1647
1268
481
1201
939
935
1074
756
1237
898
544
743
584
355
1391
880
1213
955
1642
342
199
817
1313
1586
1031
744
1090
680
912
700
1186
1637
952
1381
948
1162
1428
1077
1294
1502
987
1070
442
782
1023
346
588
459
1204
557
1378
611
1174
545
1028
359
277
1584
77
1051
634
1082
1748
1309
809
522
1058
586
386
465
1111
1337
550
1365
1591
385
1410
546
925
779
529

18
150
6
14
6
9
11
18
6
6
18
9
9
9
12
8
15
10
14
11
8
19
7
18
7
17
19
14
16
12
6
10
11
16
13
14
17
6
18
9
11
12
15
19
5
10
15
15
19
16
12
15
17
11
5
10
19
14
10
9
18
6
18
18
8
6
14
5
13
17
5
18
16
10
10
16
16
10
5
7
15
17
7
12
9
16
5
12
16
11
7
19
9
10
5
16
16
19
5
18
14
5
14
11
8
12
14
15
16
15
19
13
15
8
14
18
10
9
11
9
10
6
17
10
7
17
18
16
20
13
6
12
5
18
14
12
6
18
15
5
8
7
6
12
7
19
11
15
12
20
15
18
0
971
962
575
772
761
1176
1339
633
311
711
837
1035
842
1374
1251
761
314
957
559
920
1352
514
1084
755
640
1331
898
936
1200
558
235
297
361
654
800
143
375
409
1278
715
1334
550
1285
1185
1346
1321
579
139
759
298
268
1059
1011
813
1080
504
396
787
1313
616
694
1173
519
297
836
1089
554
1169
1182
962
425
535
67
7
1287
592
699
1116
183
600
459
1235
1235
1271
1281
919
879
441
803
140
612
1048
220
320
1077
871
892
249
729
139
910
375
1009
618
770
381
29
668
505
413
71
1093
162
487
1282
188
1112
194
1357
1028
818
111
1095
1175
546
164
1252
215
786
457
200
775
1109
1210
1181
1363
1221
442
175
635
693
1142
293
437
1008
483
335
1121
531
98
1213
1375
970
871
876
1348
1598
992
462
893
1232
1089
1289
1550
1354
796
493
1061
897
1109
1702
612
1398
986
967
1370
1041
1314
1351
926
463
632
774
1082
867
287
581
570
1634
731
1612
920
1393
1412
1460
1791
844
585
1222
409
704
1486
1395
1264
1237
934
664
1239
1397
1009
775
1296
810
380
1226
1479
823
1322
1528
1071
844
743
217
401
1625
873
1022
1309
337
798
670
1697
1622
1490
1720
1094
1251
706
1274
548
647
1332
361
729
1199
1199
988
552
946
376
1318
768
1322
742
847
750
346
1066
833
838
410
1541
418
714
1680
549
1184
420
1431
1243
878
384
1520
1456
920
476
1455
306
1095
547
453
822
1219
1446
1434
1506
1580
841
473
919
727
1262
700
762
1041
715
736
1453
562

19
150
17
9
8
7
16
19
9
9
5
7
6
7
9
15
13
14
18
16
6
19
8
13
14
7
14
12
12
18
16
17
9
16
7
16
9
9
20
15
11
18
18
6
12
11
13
6
13
12
20
9
17
9
18
12
12
18
12
9
15
17
18
8
17
18
18
20
13
16
16
18
17
9
12
15
8
11
14
8
17
15
10
20
8
15
16
19
10
14
17
13
12
17
11
13
12
16
13
9
15
19
10
15
13
14
11
9
16
6
19
19
9
16
18
12
19
18
15
14
7
11
6
11
14
17
18
18
19
19
11
12
6
6
8
11
16
15
17
19
6
10
20
9
5
14
17
6
19
16
12
12
0
369
1096
1351
1346
814
1061
728
319
1148
1116
1170
655
991
791
764
1028
1067
993
146
575
85
214
1460
736
496
1149
1298
1413
217
149
1030
1288
1479
878
848
1071
532
903
900
262
1256
1471
1062
1004
73
1046
482
729
49
647
294
509
102
820
279
440
883
497
263
81
1426
1291
1480
469
1442
801
918
526
1153
716
540
707
184
1417
679
758
761
1474
1003
1463
427
409
561
239
268
880
1044
807
534
1261
334
124
737
1447
1210
989
1328
996
63
134
300
587
1234
229
1098
723
1081
70
1479
1249
730
982
423
61
489
27
175
504
824
620
504
639
1389
794
766
554
777
69
953
896
348
1474
1015
652
1464
783
1465
1431
966
254
140
1074
889
421
1451
172
224
1288
388
461
710
1291
1558
1717
1148
1409
954
350
1354
1546
1299
905
1499
1255
1240
1410
1435
1097
320
728
469
500
1492
821
871
1603
1553
1634
405
381
1366
1497
1936
970
1143
1529
576
1207
1087
297
1578
1873
1518
1018
345
1294
652
966
453
688
462
979
590
1145
678
768
1157
921
309
290
1841
1449
1978
507
1935
1213
958
859
1337
782
1023
903
363
1826
1159
951
1003
1537
1442
1836
912
537
958
649
598
1212
1462
1208
820
1612
419
139
1197
1789
1514
1492
1591
1309
155
251
322
1005
1583
313
1342
822
1528
242
1902
1729
860
1414
801
191
794
261
433
814
1036
703
633
833
1553
1200
937
912
1037
324
1024
971
538
1668
1046
747
1748
1035
1968
1632
1168
332
149
1093
1283
930
1806
546
646
1737
750

20
150
10
11
11
19
5
9
16
8
8
10
17
9
9
11
11
17
10
9
13
15
10
9
14
18
6
12
12
9
16
16
15
18
10
10
8
19
7
19
13
5
18
12
9
8
8
19
8
20
8
8
11
8
20
12
6
14
14
20
14
15
13
15
19
18
5
12
8
12
11
11
7
17
6
18
7
11
9
6
5
17
14
10
11
10
17
7
11
19
20
14
16
9
16
8
9
6
12
13
7
12
18
17
9
18
6
7
16
18
8
18
17
18
6
10
15
12
11
13
6
18
9
9
8
7
8
5
18
10
15
5
17
20
18
13
6
19
17
13
14
16
6
14
5
6
18
14
14
6
17
8
0
1215
1124
477
831
613
318
1331
1306
454
1133
385
246
1326
1307
1173
185
313
278
69
133
38
44
145
978
765
1210
146
65
541
696
168
788
535
995
1197
1254
1197
830
742
82
1326
153
1075
1046
597
198
1094
319
1352
328
534
475
692
867
1133
1071
1267
99
875
453
578
57
1228
707
751
1131
416
160
1321
116
790
641
700
250
623
358
82
338
1098
925
159
14
195
773
709
485
148
764
204
1118
188
1022
64
1097
1252
1233
1217
1090
1151
1055
303
563
85
706
319
616
441
1065
975
1197
400
629
1200
1209
562
906
786
1222
63
1279
1035
1019
28
349
892
1186
325
1096
651
987
690
195
217
357
332
927
1286
989
291
152
441
760
1310
981
160
906
133
290
303
410
1246
1580
880
1227
851
539
1648
1408
553
1348
797
296
1369
1369
1345
286
623
560
535
244
378
366
535
1303
1141
1565
233
321
951
906
200
1175
899
1411
1225
1525
1483
1117
1011
410
1529
243
1195
1413
663
314
1278
646
1427
361
661
749
823
1138
1231
1378
1322
124
1311
503
678
168
1521
792
863
1168
618
504
1354
411
1191
687
1088
512
724
426
520
673
1497
1011
527
473
273
1138
1158
755
357
1065
368
1196
563
1184
203
1137
1527
1359
1502
1097
1488
1320
519
626
103
759
585
760
879
1442
1332
1418
617
1021
1652
1462
845
1045
1170
1249
335
1634
1221
1416
376
658
984
1302
632
1247
858
1179
765
510
277
494
616
1092
1369
1084
372
591
635
1184
1693
1443
341
1333
175
731
547

21
150
6
15
7
11
7
9
19
15
13
12
12
13
6
10
7
7
5
8
9
10
9
6
6
14
10
16
15
19
14
14
20
14
10
18
15
15
20
9
10
11
11
18
17
5
5
16
10
13
18
12
10
6
15
13
7
17
13
19
18
17
6
15
6
10
9
9
9
19
16
11
12
14
7
12
10
8
11
20
9
18
6
19
17
16
16
17
10
9
19
7
13
15
7
11
9
17
18
5
14
6
15
16
12
13
13
7
17
16
14
12
6
14
12
12
18
19
19
16
14
6
16
8
12
7
15
10
5
18
17
10
12
12
12
17
15
6
19
16
6
14
19
6
11
6
13
14
17
13
18
15
0
1325
1345
1103
1305
589
453
935
805
299
223
659
603
442
669
1011
1047
1
1297
865
98
1112
1357
130
164
599
324
586
187
645
896
528
733
1360
815
682
352
20
883
533
1201
174
132
1131
790
1022
1370
491
398
925
829
430
50
800
459
1210
835
816
1283
41
1199
1243
1029
474
1015
876
417
1347
50
1094
929
196
475
606
1215
695
33
101
53
500
814
467
469
635
777
1238
635
245
1316
1059
1003
1129
787
1260
738
1216
336
380
374
1388
308
250
470
637
1026
326
658
1178
169
882
4
1279
520
115
286
225
815
193
567
145
195
342
1392
1257
112
349
22
319
779
945
602
6
1078
766
1171
1389
416
27
913
1141
290
860
721
503
1271
526
45
253
140
879
246
1757
1677
1459
1734
644
597
1222
1039
690
562
681
847
487
997
1089
1354
279
1682
1196
555
1137
1671
206
407
695
799
651
400
1090
970
809
931
1823
1145
863
551
426
908
766
1432
285
258
1546
801
1480
1382
576
661
1026
1110
697
400
1182
884
1321
923
1298
1734
307
1573
1476
1349
525
1473
1275
727
1645
131
1233
1077
391
878
666
1336
820
145
135
420
809
1055
934
702
812
809
1260
813
598
1789
1361
1290
1319
930
1518
1146
1325
532
506
724
1576
633
324
487
975
1381
520
829
1438
273
1062
48
1545
955
213
691
320
1199
342
823
421
544
368
1564
1598
541
590
383
723
848
994
868
43
1205
1166
1267
1716
680
103
1228
1388
674
1170
760
875
1441
682
336
517
458
1297

22
150
18
12
11
10
7
6
10
11
13
17
18
10
9
10
19
12
17
13
19
12
19
11
14
9
18
7
15
19
8
11
6
15
20
5
11
16
10
10
7
19
10
19
16
8
15
10
14
16
19
10
18
17
10
17
7
9
15
10
6
17
14
7
9
8
11
17
10
16
5
18
13
12
11
16
20
5
18
14
17
6
16
7
15
13
14
16
12
9
15
19
20
18
9
11
9
17
16
8
5
19
14
9
16
19
19
19
8
9
16
7
19
12
8
17
16
12
20
15
14
14
8
12
7
8
9
12
18
8
13
16
15
19
8
18
12
7
7
18
9
15
13
9
9
16
13
7
5
9
10
11
0
480
481
612
412
787
1420
296
1080
846
1401
851
711
1116
1094
563
2
695
352
575
1273
394
1315
53
990
1035
108
1252
1204
774
68
35
270
238
77
1041
1143
699
935
175
473
1224
512
758
1082
22
593
312
1041
226
454
18
504
1013
72
975
954
43
872
705
847
976
1193
1219
923
597
106
610
279
761
1031
938
766
1105
220
112
813
594
141
484
523
1001
1378
470
576
375
238
475
1049
1036
1400
855
1285
148
1348
349
1201
266
509
1280
871
760
1276
1382
211
372
1239
1422
1310
398
255
1316
956
146
676
1056
183
1326
777
590
1249
166
732
659
285
1058
1161
183
326
501
737
770
115
884
30
1062
500
22
931
95
990
259
247
944
1138
188
1127
946
743
1396
310
909
717
761
508
975
1828
693
1111
1324
1740
1132
1112
1502
1377
673
75
805
720
834
1443
458
1659
529
1368
1416
273
1432
1454
1045
301
509
749
343
244
1117
1462
1042
972
582
660
1603
741
901
1197
88
1028
799
1225
284
612
50
672
1495
374
1375
1329
79
973
747
1286
1401
1585
1572
1096
818
417
753
373
1147
1060
1203
1122
1129
347
458
953
616
551
939
555
1349
1600
767
981
650
291
540
1141
1417
1814
1059
1699
238
1458
544
1524
313
989
1370
1246
769
1678
1412
305
776
1289
1846
1424
413
295
1483
1276
575
1151
1085
470
1686
1080
879
1313
522
1209
783
748
1526
1332
340
782
636
958
1258
582
1286
216
1371
933
381
1191
362
1457
592
308
1282
1554
620
1178
1410
1224
1627

23
150
14
8
19
9
18
9
11
17
15
8
11
13
10
17
6
15
14
20
10
18
12
9
6
14
13
17
11
15
12
16
8
16
11
8
5
10
6
20
7
11
15
6
12
6
14
9
5
5
8
20
19
18
7
11
16
11
14
18
9
14
6
13
19
13
9
8
6
10
14
13
15
9
14
6
14
14
11
6
10
12
20
17
12
20
9
7
17
15
15
7
13
15
10
10
14
18
9
19
16
7
18
5
7
7
17
16
13
9
10
13
9
12
12
20
16
18
5
9
18
8
20
10
12
9
8
18
9
19
12
14
6
10
15
8
12
15
11
19
6
16
13
15
17
15
7
7
17
16
18
13
0
1378
944
782
638
721
620
1086
833
884
911
1280
703
51
1137
305
939
138
906
578
955
231
584
527
663
447
957
615
601
1025
590
1054
636
160
1128
621
923
302
1016
1117
1175
131
378
536
543
1317
284
277
1095
346
1138
1153
556
73
43
1065
856
187
198
955
143
1260
297
32
338
952
556
760
669
424
258
434
946
921
1271
909
252
250
753
855
961
993
1342
707
979
2
1266
1313
761
99
991
121
1053
1073
1304
544
1295
1185
350
951
967
927
556
1066
1331
47
1085
558
155
380
608
1265
433
1351
1277
313
742
660
1290
813
719
895
164
1059
386
1332
1352
21
480
589
290
814
528
483
700
65
438
754
132
284
964
1301
34
1298
490
218
745
913
136
135
232
1736
1218
804
697
1076
1007
1221
948
1095
957
1687
779
477
1550
570
1024
352
993
685
1016
493
927
556
1122
898
1108
652
938
1223
1006
1365
861
604
1345
652
1114
777
1394
1402
1234
426
622
661
1000
1381
674
560
1352
633
1486
1465
612
463
194
1343
1082
476
407
1013
306
1701
625
60
513
976
944
854
1078
580
719
478
1225
1360
1647
1111
536
596
833
886
1155
1291
1785
813
1177
159
1625
1673
884
541
1369
318
1246
1384
1551
733
1370
1350
379
1223
1116
1153
702
1512
1415
128
1496
906
167
433
630
1519
871
1375
1565
703
916
789
1639
1222
991
1126
272
1393
789
1756
1697
452
645
831
393
831
798
558
752
371
834
965
351
447
1068
1514
485
1716
939
538
864
985
319
488

24
150
7
11
8
6
9
12
16
17
19
5
20
15
10
19
13
18
18
15
8
10
6
19
8
19
15
6
17
19
7
11
17
17
8
6
12
5
12
15
6
14
6
9
15
10
6
13
8
7
13
17
10
19
5
18
6
15
8
9
9
12
12
14
7
9
11
14
9
20
18
6
19
8
9
10
12
12
18
12
13
9
8
19
17
13
10
10
18
14
18
15
17
12
7
10
17
7
13
20
20
7
12
7
12
14
6
8
6
10
7
8
11
15
8
5
18
19
17
19
17
14
9
18
8
10
16
17
10
20
14
9
12
18
20
17
16
14
6
17
15
16
18
17
19
11
9
9
7
12
8
5
0
1324
671
497
480
33
175
987
1226
435
718
1252
1137
269
237
1340
1116
1332
1369
548
419
1211
966
1243
1353
207
785
607
155
1070
807
1110
935
718
1312
304
1274
235
177
476
289
332
409
144
1377
221
474
976
665
476
513
464
127
1387
1170
1157
230
176
316
1203
1347
834
555
1201
770
995
803
446
677
216
130
867
1344
1021
1051
107
534
1198
141
382
1164
148
441
650
900
1097
143
127
551
1370
369
159
724
1211
446
484
1381
1110
1242
542
179
20
246
479
45
597
362
1381
1022
473
807
759
754
715
404
918
862
757
1161
1189
510
1210
683
1386
810
539
247
6
1364
59
422
600
99
432
1301
110
1298
1371
104
421
1304
232
435
221
1268
1196
913
85
1134
128
377
1375
879
947
778
325
248
1230
1341
610
813
1618
1207
628
573
1422
1289
1431
1774
602
596
1573
992
1468
1479
462
1228
843
480
1126
915
1495
1019
970
1607
521
1420
395
310
508
322
689
815
286
1660
637
738
1040
1024
859
821
706
237
1553
1290
1546
568
597
418
1537
1621
1071
972
1460
1015
1342
1076
748
704
582
295
1080
1714
1149
1518
581
943
1528
307
588
1612
546
825
1081
1200
1264
587
336
792
1479
404
602
905
1315
535
841
1765
1571
1556
865
307
459
577
784
433
956
458
1529
1448
629
1229
1113
819
1168
634
1003
1093
949
1446
1658
848
1341
866
1671
877
804
460
208
1582
218
801
1072
270
912
1775
151
1333
1812
466
726
1658
332
561
353
1677
1537
1129
105
1387
265

25
150
18
16
19
13
17
7
15
5
10
19
8
16
15
18
13
12
20
16
16
8
14
12
7
19
13
16
7
10
9
11
13
8
16
11
8
12
14
5
18
13
13
11
10
16
14
14
19
7
13
7
14
16
9
9
19
15
7
13
11
18
19
7
6
14
20
9
18
7
15
17
11
7
5
10
11
18
12
16
15
6
16
11
15
15
6
13
17
12
12
10
12
6
10
7
15
6
18
8
14
11
14
20
18
9
17
18
11
10
19
13
15
14
18
6
11
15
17
19
9
5
7
14
12
15
18
10
17
15
15
13
17
20
13
8
17
14
7
13
16
6
9
14
18
10
8
9
17
10
7
20
0
1114
63
84
230
154
1348
931
1084
998
1005
1276
251
1244
435
688
1357
1007
95
416
696
484
1243
484
456
1434
236
454
848
53
25
319
489
1103
1004
130
581
532
159
550
533
930
920
89
707
1317
863
1259
1374
1180
1343
1270
617
484
457
1096
379
1079
479
1316
426
1311
1237
1326
900
739
502
510
414
1010
167
712
319
1130
491
1420
651
478
1299
1362
1256
619
1036
821
800
575
1072
1100
1401
1044
404
1201
99
735
1094
1101
774
304
947
162
403
1358
983
68
541
231
1310
848
770
1340
17
784
571
975
328
274
865
819
387
335
49
610
1090
111
219
510
588
1339
1141
1380
823
1120
550
493
469
1085
1340
1038
1065
1363
1078
1348
726
251
372
889
779
1058
1196
426
396
1470
109
217
627
543
1516
1111
1226
1137
1079
1660
417
1706
509
963
1536
1497
120
582
949
639
1554
971
827
1927
348
565
871
235
59
535
979
1306
1341
392
931
688
597
985
841
1045
1098
369
910
1468
1159
1564
1761
1564
1740
1647
694
510
602
1153
808
1490
526
1491
606
1491
1516
1458
1080
825
809
733
464
1074
496
1024
546
1608
619
1500
951
849
1473
1381
1522
1026
1274
1153
1237
927
1202
1453
1812
1127
728
1560
298
844
1238
1299
825
553
1207
254
793
1748
1023
449
862
408
1635
968
789
1512
277
1103
681
1198
455
592
1020
848
726
672
204
669
1487
185
434
775
861
1820
1261
1680
915
1477
1036
561
929
1507
1694
1407
1300
1601
1540
1486
1117
610
481
1216
979
1141
1253
846

26
150
9
9
17
12
11
6
18
6
9
12
14
9
10
20
7
6
16
17
7
10
13
12
6
18
10
20
17
7
8
14
11
8
8
7
13
15
11
6
14
17
20
15
17
5
16
18
19
17
11
6
19
18
18
13
9
15
18
12
18
7
19
10
14
8
9
11
15
17
16
13
13
17
14
5
7
19
10
7
10
11
13
10
8
16
11
7
17
10
14
16
9
15
5
12
9
9
14
11
19
14
11
16
7
10
15
7
18
18
19
11
15
12
20
16
14
6
7
11
6
16
12
15
12
9
17
7
11
17
5
7
19
14
11
19
19
16
8
7
18
9
12
8
13
11
11
5
13
14
6
15
0
1141
1044
807
768
1122
514
938
526
200
732
1286
1138
213
1043
1031
241
1226
831
1196
704
1095
312
1061
54
1016
10
1285
25
625
1059
406
1253
219
807
1268
154
588
1116
156
161
1376
272
160
262
967
1132
756
758
182
897
939
285
309
675
1210
423
517
217
126
280
442
751
1233
128
513
697
1123
649
253
259
798
235
992
1071
1361
452
748
240
1252
1331
202
1027
439
749
569
677
1046
369
1216
1213
102
492
9
934
1359
173
82
1336
241
210
1042
1061
788
378
498
510
609
1019
580
1192
1321
343
926
1257
1323
337
568
425
597
152
1291
488
771
950
199
728
997
1098
149
785
621
132
802
615
872
93
349
347
1298
452
1183
789
1200
213
999
451
407
626
83
320
1591
1490
1051
1210
1474
904
1007
589
347
1109
1608
1181
510
1346
1450
619
1392
884
1206
1107
1314
510
1144
364
1424
177
1572
188
902
1397
867
1713
414
1155
1671
221
777
1469
256
240
1814
618
264
462
1045
1397
1100
770
304
1297
1187
640
547
1021
1395
492
579
383
556
498
707
1209
1507
260
943
899
1360
931
623
688
928
661
1383
1114
1586
747
789
677
1640
1794
232
1312
878
1057
618
876
1238
667
1665
1498
352
620
268
1206
1379
297
368
1716
357
272
1375
1130
835
578
657
665
801
1479
1050
1380
1697
467
1109
1591
1653
565
964
868
1012
384
1591
743
1027
1264
368
873
1150
1220
457
1068
713
464
1038
946
992
239
685
683
1444
833
1646
1195
1664
660
1419
591
694
763
474

27
150
10
8
15
12
11
11
13
10
9
7
10
9
11
15
12
20
8
20
18
10
12
17
15
15
16
13
20
11
11
14
9
15
18
14
18
18
10
18
6
12
7
6
7
16
17
12
15
15
15
12
7
13
17
15
10
8
16
10
17
13
7
5
17
13
11
6
9
8
12
19
12
6
18
11
20
9
8
11
17
11
14
14
15
16
16
6
13
10
7
7
14
8
9
12
10
8
19
11
18
17
17
17
8
7
17
8
18
8
20
15
12
15
18
19
16
11
7
12
11
7
13
11
8
7
15
16
15
17
8
6
9
9
8
6
18
7
16
11
11
17
10
18
10
12
17
19
8
19
19
12
0
26
721
1116
483
1389
381
1393
1375
725
156
67
670
1047
1389
718
739
276
145
1279
793
1334
789
680
1064
478
442
1286
1311
1117
1238
1173
212
1031
947
600
76
225
574
1228
915
1297
623
1299
984
242
688
566
495
136
830
1265
271
559
1086
613
492
836
381
571
1156
927
1068
764
967
30
624
301
483
670
684
1160
617
22
856
835
901
189
452
717
1294
874
941
1020
676
529
1253
253
21
410
1298
1040
591
1003
177
866
904
734
239
522
1148
521
630
375
457
138
1353
351
1372
1205
83
499
1275
1383
1337
1134
593
207
529
832
531
1140
542
1136
411
716
808
744
1180
32
1026
730
1206
1317
376
745
810
877
543
691
224
305
436
519
383
773
809
1358
1115
888
347
245
895
1448
640
1827
762
1523
1723
1043
341
298
927
1383
1698
1169
1192
693
507
1384
944
1501
1006
1049
1413
907
584
1695
1423
1334
1317
1377
435
1255
1007
899
499
598
593
1625
1029
1449
926
1774
1236
396
747
921
759
316
1133
1562
588
644
1475
932
944
917
581
847
1200
1330
1476
1104
1018
117
678
499
874
904
1132
1505
999
347
1005
1218
967
300
924
923
1345
940
1131
1389
1112
908
1310
635
342
563
1533
1294
1023
1133
640
1062
1038
806
308
587
1321
791
722
449
511
538
1488
520
1579
1530
457
847
1618
1431
1518
1487
633
443
946
1143
854
1349
824
1488
870
777
1032
790
1438
379
1109
1139
1322
1755
512
1181
1242
1272
920
799
634
465
817
989
636
823
927
1737
1466
1289

28
150
12
11
15
12
6
10
5
9
19
18
14
9
13
20
17
19
11
13
20
13
11
6
13
8
6
9
15
18
20
9
18
18
7
18
12
9
15
15
12
19
20
16
7
20
18
19
19
10
15
7
7
17
17
18
6
17
13
8
11
8
17
16
8
6
15
12
19
14
8
7
6
18
16
6
17
20
6
10
18
9
17
13
9
10
8
14
14
20
17
8
18
14
9
20
16
9
17
11
18
8
19
11
10
6
8
7
10
10
7
20
15
8
13
7
8
17
17
13
16
6
8
8
11
13
7
16
9
16
6
12
8
14
10
8
6
6
10
16
14
19
15
18
14
8
7
7
17
16
11
19
0
961
922
87
1320
328
631
617
184
1263
86
1034
110
1140
449
237
777
1145
1049
827
447
385
887
495
1374
1123
866
1126
441
149
763
1034
544
218
1265
386
898
991
828
855
378
545
540
1156
449
948
1057
742
639
734
521
531
79
394
264
182
897
883
231
642
30
1406
848
143
713
589
379
881
423
209
240
355
706
1412
210
233
1357
1082
267
1020
255
1010
929
1210
1048
641
371
443
340
212
73
1182
540
687
234
1364
183
344
965
922
779
1360
443
424
439
729
342
553
580
141
1217
525
192
622
1004
1349
1157
978
587
657
504
1317
1218
622
185
871
572
94
343
1348
622
969
944
769
40
1349
490
372
1342
1254
1054
1027
1235
533
1242
391
54
543
557
1302
64
1172
1267
120
1596
599
951
833
384
1496
561
1224
244
1549
741
417
901
1483
1260
883
908
780
1223
839
1498
1564
934
1302
727
462
892
1096
896
386
1347
452
1189
1120
860
898
437
771
840
1609
589
1421
1498
1145
1020
872
736
731
266
488
558
278
1348
1102
580
772
335
1426
1217
248
989
862
747
1038
762
383
704
644
904
1721
522
470
1821
1450
684
1272
445
1385
1206
1250
1375
957
651
572
706
556
427
1299
978
961
275
1507
561
740
1293
1059
858
1614
836
505
484
1171
632
776
740
476
1394
973
516
856
1036
1635
1554
1357
713
696
713
1673
1361
1070
472
920
976
284
566
1392
748
1099
1179
841
323
1824
906
601
1491
1679
1382
1477
1697
846
1342
410
221
975
598
1730

29
150
20
18
15
17
16
14
8
8
13
13
15
14
5
19
17
11
20
9
10
15
14
8
16
13
18
9
12
9
19
13
8
20
17
19
19
13
15
5
16
11
6
19
8
18
14
15
11
9
10
9
20
10
15
12
15
9
5
11
16
12
15
12
9
5
10
11
16
17
14
12
12
17
10
15
20
15
18
9
9
14
14
9
9
11
15
9
6
16
18
16
10
20
11
11
19
14
19
15
12
16
11
17
8
10
13
19
15
9
16
20
14
16
12
14
12
8
19
15
18
9
14
19
12
14
7
10
20
7
14
5
11
15
6
11
6
17
16
20
19
17
11
16
20
7
8
13
18
9
7
10
0
669
1464
205
1117
247
386
223
1374
1297
1291
1301
1227
1042
725
921
109
1044
1105
948
1434
385
191
69
1329
740
1294
1208
707
745
661
1303
495
865
1261
1351
1380
625
508
1130
524
486
1121
182
689
642
109
630
459
93
615
776
313
152
110
263
644
909
1183
1303
1251
728
1361
58
666
674
796
133
377
187
583
739
453
750
850
386
529
896
1072
1311
69
788
1372
575
10
1198
1311
556
1179
271
864
1005
90
1122
102
934
1286
972
780
722
806
118
404
49
16
1444
1295
1322
1415
168
1468
866
1143
1337
216
1294
1022
924
81
583
1442
711
990
207
884
221
886
1208
501
269
117
845
959
1461
177
293
338
1045
1464
399
1096
1139
1053
402
738
552
1083
402
921
1049
203
755
1720
309
1269
681
861
443
1622
1762
1377
1530
1349
1288
961
1154
304
1537
1237
1001
1461
545
317
218
1841
1166
1689
1489
779
1023
766
1382
952
1219
1479
1542
1596
653
839
1269
1006
709
1179
312
1112
1121
538
1130
806
358
1075
1220
766
448
595
399
775
1099
1537
1536
1511
876
1789
476
1150
798
960
404
812
510
710
859
757
1231
1143
783
770
1123
1474
1342
125
854
1632
734
144
1354
1564
688
1275
305
1287
1263
540
1505
135
1306
1403
1073
940
1004
901
208
572
434
125
1608
1496
1672
1675
217
1613
1329
1564
1463
717
1765
1312
1114
333
908
1786
848
1184
456
922
669
1019
1497
770
295
153
1221
1317
1875
445
452
780
1270
1966
420
1169
1423
1204
822
971
793
1469
805
949
1199

30
150
13
17
5
12
19
15
14
9
20
6
7
13
16
17
14
12
13
6
20
11
9
7
9
9
17
20
17
14
16
9
16
9
9
20
16
12
17
15
17
6
17
17
11
12
6
18
16
16
19
10
8
13
17
20
16
11
5
10
19
13
11
8
12
8
12
9
15
6
15
14
16
9
10
9
8
18
9
11
18
14
13
8
12
8
12
16
19
13
19
19
10
11
17
18
16
13
18
17
17
8
17
17
12
11
7
18
13
18
7
11
11
7
6
14
6
5
19
6
8
6
16
14
14
10
11
16
5
12
7
13
14
5
19
8
13
14
18
19
15
18
5
8
14
14
9
12
11
15
7
5
0
908
64
748
104
984
1218
540
1
511
1085
265
388
946
1251
713
1
632
1035
304
968
298
326
941
663
710
426
1419
1004
500
81
973
110
83
251
772
77
1217
619
372
38
1034
1367
1076
1169
1322
336
448
1330
651
509
1262
326
75
897
698
558
1332
1387
100
1354
1329
315
1093
144
158
1115
1418
162
860
1128
285
963
1169
242
1042
1226
864
992
1096
79
840
898
887
867
487
1208
560
739
709
142
512
1237
736
514
24
529
304
1234
208
1049
1043
1130
1225
297
188
248
4
1392
271
61
1128
1189
926
536
274
1083
734
1173
1139
1146
798
1112
1100
1418
1038
1180
874
815
804
118
388
451
455
650
630
398
1314
594
686
946
639
286
1189
240
324
108
562
753
416
323
1245
361
894
501
1116
1601
779
86
652
1468
347
753
1292
1335
1067
465
956
1508
433
978
364
486
1158
804
1149
605
1760
1429
540
410
1298
397
345
607
1072
367
1584
905
843
505
1183
1631
1427
1553
1702
557
739
1639
1043
855
1720
665
527
1030
944
785
1558
1434
203
1622
1368
714
1540
172
324
1267
1545
271
998
1439
622
1016
1357
578
1447
1657
1283
1145
1497
530
1150
1114
1183
1290
909
1538
685
864
1012
353
837
1519
894
793
335
812
649
1682
561
1258
1453
1193
1413
558
631
536
389
1539
468
412
1434
1447
1171
727
585
1401
741
1498
1408
1201
1235
1576
1498
1440
1376
1350
1178
1240
1140
402
541
752
704
707
675
616
1655
1041
1033
1399
1029
609
1445
358
435
255
686
1091
622

