1
15
18
8
8
6
16
8
13
18
15
6
7
12
10
13
7
0
71
100
90
67
62
64
109
104
54
114
16
68
72
80
30
95
134
125
102
85
97
132
128
78
141
53
99
112
97

2
15
18
9
8
11
19
19
14
6
8
7
14
17
16
16
11
0
58
122
100
63
73
59
110
110
58
103
8
117
136
80
48
87
132
121
122
109
97
158
133
66
152
58
163
157
99

3
15
13
9
5
19
12
11
17
8
19
12
12
17
15
9
7
0
128
77
61
60
15
125
30
33
75
12
129
1
49
111
54
146
99
88
77
67
172
42
88
128
67
149
26
90
124

4
15
16
10
14
8
14
10
17
9
16
6
20
7
18
6
17
0
27
128
20
54
23
100
93
112
98
119
123
104
114
96
17
79
170
64
79
77
146
125
171
145
174
175
158
143
113

5
15
11
9
19
6
16
11
17
10
18
16
14
14
8
13
20
0
3
58
14
89
111
54
2
113
145
11
25
14
84
45
45
25
118
61
130
124
92
35
158
171
61
62
41
113
93

6
15
19
11
5
17
16
19
12
15
9
10
6
6
20
9
6
0
134
105
105
65
45
28
117
117
14
82
16
15
31
9
19
153
117
142
119
99
58
145
142
41
93
59
66
74
54

7
15
18
16
14
5
19
18
19
10
12
17
10
13
7
13
14
0
114
35
28
87
97
57
22
153
22
63
67
62
34
97
35
142
62
38
121
147
78
60
193
46
101
101
71
78
146

8
15
11
18
12
8
11
18
19
15
17
8
19
9
11
13
15
0
112
117
55
89
31
29
9
33
15
4
28
37
136
132
40
175
132
74
109
57
75
70
61
72
51
45
93
177
158

9
15
11
9
12
19
16
13
13
15
11
10
14
15
5
19
5
0
27
59
96
83
95
100
16
103
113
7
103
70
7
66
40
59
85
141
125
126
138
46
139
149
52
162
108
35
110

10
15
15
16
18
10
15
19
9
6
12
8
19
5
20
8
13
0
68
140
119
8
141
134
96
145
138
136
106
103
37
137
21
111
166
147
35
161
158
104
165
179
174
136
157
51
159

11
15
16
13
7
15
11
13
7
15
11
5
7
20
8
9
15
0
65
55
99
55
98
25
5
19
1
128
65
89
26
28
47
95
81
128
75
137
74
56
58
21
169
119
113
64
44

12
15
8
7
18
13
10
6
14
9
11
10
15
12
16
10
10
0
84
48
11
60
118
83
96
58
50
112
110
119
121
109
42
126
66
45
73
138
115
123
100
68
162
150
146
162
145

13
15
12
11
16
12
8
11
15
17
12
6
9
9
11
14
17
0
86
32
87
113
50
131
81
103
57
73
119
47
29
30
38
97
76
112
148
76
181
112
120
66
88
149
70
76
75

14
15
17
7
13
11
12
12
6
6
19
20
12
15
9
16
11
0
86
78
135
126
73
33
33
84
60
102
57
43
41
40
56
133
135
181
156
98
79
39
113
89
143
76
68
80
72

15
15
8
19
17
17
15
17
12
11
8
17
8
14
18
8
16
0
68
61
82
108
42
73
37
151
104
34
4
137
16
92
34
112
128
140
137
72
88
89
170
139
65
64
162
69
118

16
15
14
10
10
18
8
10
12
7
12
8
7
12
10
10
6
0
6
115
19
91
68
47
113
67
31
96
32
1
97
22
26
43
143
39
110
106
94
124
97
58
129
73
37
143
63

17
15
14
19
16
13
8
15
10
14
9
11
16
16
18
15
11
0
115
95
114
116
50
3
63
40
136
38
90
64
78
104
54
146
150
129
163
73
27
106
65
186
70
139
100
132
134

18
15
13
18
7
12
16
5
10
7
12
16
18
7
17
13
18
0
108
0
64
75
112
93
25
95
56
125
6
58
25
83
48
127
36
112
106
148
110
78
113
111
185
53
85
47
108

19
15
17
11
16
7
19
10
19
16
10
16
17
14
9
14
7
0
90
8
133
140
61
148
151
137
38
107
42
139
0
9
40
124
39
147
188
71
212
169
195
70
148
98
161
23
18

20
15
10
14
15
5
20
9
6
8
19
17
12
5
7
19
9
0
62
46
123
86
7
99
112
114
96
45
76
17
107
121
51
107
86
169
118
20
145
126
169
119
60
119
41
157
166

21
15
12
19
18
17
11
18
10
19
10
7
14
19
8
8
12
0
97
27
31
50
70
94
130
70
124
42
93
19
84
54
23
143
49
84
76
126
110
164
90
166
77
143
62
130
84

22
15
13
15
7
18
7
16
8
13
6
7
9
9
20
6
5
0
83
51
56
70
25
106
48
15
114
64
97
84
16
13
16
134
71
90
102
62
131
67
39
144
76
125
138
53
50

23
15
17
17
6
7
12
7
6
15
18
18
10
12
20
8
18
0
91
44
16
124
101
78
61
118
48
93
107
143
10
70
39
149
54
31
173
137
131
94
137
113
147
135
187
18
98

24
15
20
16
12
13
14
18
14
19
19
8
15
13
17
6
5
0
138
12
26
10
116
64
52
31
150
50
103
137
84
19
53
193
48
49
52
146
105
85
89
165
110
116
204
119
30

25
15
17
9
11
12
15
20
13
11
16
19
13
8
19
11
19
0
6
118
105
73
148
122
86
130
40
82
67
134
12
101
38
41
135
149
114
172
149
98
186
69
138
94
171
42
149

26
15
10
10
7
5
16
10
7
17
8
11
10
12
12
17
6
0
60
4
6
25
78
29
11
18
42
52
4
57
81
34
37
100
17
44
58
123
38
44
53
86
97
33
93
122
74

27
15
6
7
11
16
18
8
6
18
13
16
18
8
13
8
14
0
105
67
48
121
122
57
43
74
116
28
8
2
69
107
24
120
90
75
182
155
96
69
126
138
84
29
32
101
164

28
15
9
10
10
18
18
19
5
6
9
12
18
6
9
5
6
0
57
2
103
22
57
105
5
53
25
56
119
7
104
20
20
99
19
128
57
84
143
15
79
61
95
130
21
125
41

29
15
16
11
15
7
9
16
11
10
15
11
6
8
14
7
8
0
14
89
116
40
0
10
24
39
61
121
122
37
87
3
30
38
126
151
67
37
40
36
81
83
155
138
70
122
29

30
15
17
17
13
18
12
7
20
6
8
6
12
16
6
7
18
0
66
59
125
63
51
137
73
88
113
50
4
132
68
10
54
111
75
179
80
92
173
112
140
154
91
30
155
77
50

