1
20
18
12
5
8
19
6
8
9
8
16
7
12
6
6
19
9
13
15
19
13
0
164
33
8
160
6
84
18
18
133
113
5
28
118
165
26
38
96
24
74
42
200
46
34
231
61
140
73
47
168
163
41
72
157
197
73
53
167
57
133

2
20
12
16
10
11
15
18
11
12
10
14
14
15
8
19
12
11
19
18
15
11
0
84
104
72
134
200
130
55
117
117
170
144
52
57
57
74
91
172
45
79
43
138
152
105
178
232
145
71
174
158
216
168
118
83
73
127
131
230
124
91

3
20
17
15
14
8
15
8
17
17
9
11
20
16
6
7
14
18
10
5
11
9
0
52
127
13
124
64
21
61
168
121
10
27
165
85
40
79
35
133
38
80
40
77
198
56
155
119
93
123
208
191
32
95
212
129
83
141
60
144
110
142

4
20
15
11
10
14
19
15
8
19
11
16
16
8
10
10
19
16
7
14
19
17
0
9
190
137
119
7
154
191
55
115
87
41
111
133
193
145
116
161
102
99
78
59
239
197
198
73
165
270
93
168
115
106
141
145
273
172
125
191
138
154

5
20
11
18
14
7
13
13
5
5
19
18
8
15
12
16
12
8
20
8
15
5
0
172
163
101
100
117
121
105
126
173
61
43
58
82
42
158
178
38
74
4
36
218
188
166
143
187
126
132
203
238
70
84
107
152
96
187
225
103
136
50

6
20
10
10
13
10
13
16
8
15
5
10
9
18
12
16
11
6
11
5
15
15
0
5
74
28
141
134
24
117
128
57
26
148
165
15
89
31
118
1
27
19
34
30
137
67
205
158
87
180
171
118
70
173
189
79
145
51
140
38
85
73

7
20
11
10
19
6
8
17
6
17
5
18
13
18
12
16
7
12
8
18
10
12
0
33
51
179
4
102
54
94
99
180
169
39
130
105
24
139
48
46
63
142
16
76
109
209
19
138
82
149
152
204
205
96
202
175
80
185
61
104
111
156

8
20
20
15
16
7
19
20
15
19
18
19
10
18
18
6
11
6
6
11
19
8
0
43
159
194
126
132
38
137
41
48
10
113
128
29
154
137
126
144
197
63
51
125
182
234
195
157
107
184
109
115
38
139
146
76
210
148
173
179
246
130

9
20
19
13
17
6
8
9
16
12
17
11
8
19
7
11
16
8
6
19
14
13
0
31
92
82
109
75
6
161
163
160
146
14
74
8
31
81
144
115
46
29
58
58
158
100
159
124
57
216
240
223
195
83
139
26
92
120
201
138
105
42

10
20
16
11
8
14
7
9
13
7
12
11
15
15
16
17
14
16
9
10
14
5
0
18
64
141
62
42
6
50
11
52
175
9
43
79
169
81
73
164
70
42
48
61
128
194
121
55
51
102
39
99
211
36
100
145
191
149
118
198
92
87

11
20
16
9
10
13
8
9
7
8
7
10
15
18
17
14
10
8
11
20
18
11
0
126
42
122
146
133
56
3
128
94
158
84
21
46
19
135
151
29
149
36
53
147
55
171
173
183
115
39
176
162
212
129
85
90
85
144
190
63
201
52

12
20
8
14
12
17
12
9
18
19
17
17
8
10
15
10
13
18
14
11
17
6
0
81
58
36
46
63
142
198
179
182
59
116
154
93
162
77
149
37
99
118
10
127
95
104
89
123
162
232
233
253
113
146
211
112
181
133
190
85
171
126

13
20
14
12
5
8
16
16
16
9
15
12
16
9
11
19
16
12
8
9
5
11
0
171
62
168
136
65
69
28
133
95
50
166
21
38
47
108
31
158
57
74
23
221
75
221
201
119
118
46
178
111
120
230
49
95
100
174
91
185
79
102

14
20
13
10
10
14
16
14
18
8
8
12
18
12
12
15
15
11
19
16
16
13
0
114
58
54
96
5
101
60
2
164
58
133
72
123
193
152
195
140
65
143
18
179
73
70
113
25
148
80
46
200
134
154
100
186
266
196
241
198
127
164

15
20
7
7
18
19
8
15
15
16
15
10
18
16
12
14
11
16
16
9
11
12
0
5
126
108
104
44
89
128
84
98
8
127
15
138
145
102
55
149
43
36
52
76
164
156
152
101
157
184
157
163
67
203
91
204
173
153
125
218
96
60

16
20
13
13
7
6
8
15
6
9
11
19
16
10
6
13
16
20
15
19
17
20
0
146
2
49
180
154
155
127
170
23
60
116
170
186
70
113
1
161
108
156
25
210
53
87
213
203
197
141
200
97
121
180
189
239
121
173
36
224
125
182

17
20
19
15
19
5
18
12
18
7
15
9
11
8
19
12
6
18
17
19
19
9
0
183
165
64
200
40
4
45
131
143
12
95
171
59
179
164
203
15
124
179
37
246
197
115
274
119
38
53
209
171
40
165
231
77
238
194
234
43
180
212

18
20
13
12
20
8
19
18
9
13
5
8
11
11
13
18
9
13
14
15
12
15
0
149
178
117
66
150
3
140
142
96
101
5
156
10
145
38
46
91
160
113
25
165
250
162
104
182
35
173
186
106
113
28
176
53
155
70
99
166
206
143

19
20
12
15
7
11
19
9
14
6
16
10
15
16
12
11
7
15
15
15
13
12
0
5
161
173
27
82
125
36
145
119
115
63
109
169
78
186
148
138
125
120
51
73
192
188
85
124
190
55
202
158
136
85
174
208
102
261
205
203
161
150

20
20
14
17
16
18
14
13
11
12
12
14
8
12
14
16
11
7
13
6
11
19
0
66
149
104
5
162
23
178
116
159
79
43
100
123
35
119
61
186
185
43
18
136
193
131
42
192
70
249
131
224
105
102
168
143
87
126
108
251
245
113

21
20
20
9
12
17
9
15
8
6
16
17
16
9
17
12
18
9
11
16
14
14
0
102
175
1
145
80
178
43
81
39
153
131
68
19
61
41
123
67
178
173
28
172
251
55
214
145
196
106
138
87
206
144
141
53
108
82
184
134
226
228

22
20
13
17
8
14
11
15
20
19
6
15
12
17
12
11
6
6
12
12
16
6
0
154
34
25
54
13
129
53
109
108
174
58
9
34
80
27
180
31
58
165
70
205
78
86
70
28
186
87
171
123
221
92
50
93
146
58
228
75
135
194

23
20
15
10
14
9
15
19
12
17
14
10
9
11
13
8
15
11
10
7
14
10
0
155
128
27
1
148
155
9
4
60
67
173
154
104
126
65
14
148
45
108
36
217
197
75
38
178
180
67
75
113
111
205
219
150
171
104
39
167
105
142

24
20
9
18
16
13
19
17
13
12
6
15
15
16
10
16
11
10
13
8
14
18
0
76
185
119
105
197
12
60
26
110
73
145
159
10
138
111
18
28
41
56
9
106
237
163
127
234
69
115
32
128
93
181
207
70
159
169
71
67
117
133

25
20
20
13
13
9
17
5
8
17
6
20
10
16
18
6
17
19
7
5
15
18
0
14
179
48
35
102
184
33
188
167
161
18
189
29
25
76
67
131
75
160
31
54
207
73
56
153
198
100
209
232
194
47
262
85
88
108
138
180
127
195

26
20
16
10
7
12
8
6
8
10
11
14
6
7
12
8
17
12
19
19
7
19
0
70
142
75
66
102
20
116
86
68
54
5
41
146
143
43
150
169
75
3
21
87
176
127
115
126
70
168
152
97
106
59
85
178
209
80
214
222
131
61

27
20
15
20
19
19
12
13
20
13
10
18
9
17
6
17
19
12
7
8
17
9
0
106
121
62
91
56
34
93
161
112
164
129
65
72
41
86
17
159
72
36
23
183
146
133
171
81
123
140
184
192
211
172
120
98
104
109
84
199
117
76

28
20
19
9
11
15
16
7
12
17
11
14
11
13
16
9
19
12
8
17
15
10
0
95
143
140
125
125
112
133
192
137
133
163
17
126
30
45
44
172
120
2
50
107
209
156
146
183
178
185
223
169
198
197
64
168
67
117
60
236
199
34

29
20
6
8
12
6
17
16
19
10
7
8
13
6
7
9
6
7
12
10
12
19
0
51
14
130
112
118
20
39
52
101
128
24
109
94
27
69
87
60
31
130
18
64
74
171
170
172
60
57
59
122
146
47
120
150
70
115
101
107
86
168

30
20
20
9
18
10
7
11
9
8
16
17
8
14
18
14
18
15
6
12
7
16
0
44
139
90
103
160
137
72
33
0
142
152
76
167
77
18
48
111
44
113
40
112
185
105
148
206
201
111
72
77
202
171
146
236
155
62
70
184
97
160

