1
200
11
14
10
10
18
7
16
6
14
9
18
16
13
8
7
9
13
20
8
10
12
13
19
13
11
12
11
15
19
12
9
9
17
16
12
20
17
9
13
7
11
15
17
14
19
12
10
5
14
20
14
20
7
7
20
13
14
7
6
7
11
10
8
5
12
8
10
18
10
8
9
13
9
11
18
17
16
17
19
8
11
19
13
14
19
18
9
20
6
16
12
7
5
7
15
16
17
6
10
9
7
6
13
6
8
18
8
19
8
12
9
13
15
17
9
14
7
9
14
7
13
9
8
6
7
17
17
7
18
8
14
14
6
16
7
9
16
11
19
20
17
9
9
17
18
15
7
12
8
12
6
18
12
14
18
12
11
20
8
16
11
16
12
15
6
13
12
11
10
11
6
6
9
12
8
9
6
13
8
7
14
20
6
18
6
15
19
6
12
16
18
17
17
15
18
12
9
9
8
14
0
1392
642
1002
1336
637
51
1514
245
1672
908
763
1499
279
1681
1234
1249
1763
598
1362
218
360
1135
260
707
280
163
1597
651
47
517
744
1403
1274
1308
378
1284
1808
471
338
698
1583
1157
1468
1782
1158
1749
239
1053
1215
1237
1118
1769
1256
1547
1601
716
272
276
562
1659
1288
1003
1275
1054
673
1816
1398
78
578
161
1440
1346
1710
177
307
613
187
460
328
1097
404
1289
1301
575
188
149
486
758
280
1814
1779
32
1722
880
1782
849
1238
1321
1585
136
1083
1760
1009
1312
1494
100
458
1679
1346
921
1751
1089
664
848
259
226
1433
974
1681
1581
342
1467
1046
1537
910
95
1063
1207
346
858
112
747
449
1579
1446
1142
1574
1292
1281
65
1603
1738
28
337
883
66
1639
1176
437
1729
1575
1709
1696
1453
1284
1515
525
1383
479
325
216
1519
1453
1709
1557
548
422
985
137
527
140
484
37
664
537
1396
1143
976
1623
746
225
1094
945
1091
1303
400
1596
1289
697
1159
307
1470
615
807
793
1510
281
563
1819
207
1477
688
1519
1644
1137
88
1613
576
1980
991
1343
1650
439
1867
1679
1628
2106
818
1676
520
379
1303
795
791
521
757
1759
995
83
806
1134
1797
1477
1511
608
1798
1855
967
560
963
1865
1739
1928
1919
1530
1983
669
1362
1252
1554
1686
2039
1603
1983
1796
1018
535
329
805
2151
1637
1535
1317
1586
1060
2057
1952
523
1031
174
1493
1477
2014
323
890
1043
373
900
403
1450
731
1306
1500
680
552
509
1030
766
488
2141
2367
409
2286
983
2192
1010
1666
1703
1973
680
1662
2113
1539
1560
1688
223
509
1898
1716
1334
1764
1670
1245
1007
786
509
1890
1039
1885
1975
689
1500
1615
1723
1217
401
1157
1680
844
1114
525
943
1055
2120
1895
1347
1700
1395
1625
160
2198
1877
548
640
1449
451
1989
1489
1007
2277
2121
1747
1891
1731
1413
1778
1004
1725
923
435
782
1627
2060
1880
1719
1118
455
1016
247
750
584
639
50
1162
822
1909
1589
1328
1867
1185
319
1234
1016
1541
1531
722
1936
1806
973
1539
872
1504
988
1033
1093
1713
506
669
2195

2
200
12
18
8
18
8
12
12
7
12
9
13
8
16
13
17
20
19
8
7
16
15
10
11
16
15
7
11
19
9
6
14
14
8
13
20
7
16
8
14
14
14
8
6
16
14
11
20
19
16
19
7
9
11
11
8
12
8
11
19
7
9
8
18
15
15
8
7
13
20
11
11
18
8
15
15
15
13
10
13
17
19
10
12
16
15
18
17
6
13
5
11
15
16
19
19
17
7
11
6
7
8
7
11
12
7
14
18
13
6
17
16
16
7
18
6
13
12
20
15
14
10
7
11
20
9
11
12
11
14
12
9
16
7
19
16
9
18
14
9
18
6
16
14
10
16
14
19
6
7
8
13
15
6
16
14
14
19
20
15
9
17
9
8
6
13
8
6
13
17
18
12
6
14
6
11
16
18
10
5
12
6
7
20
10
19
9
13
17
18
8
6
16
10
11
11
20
16
15
12
6
0
89
390
429
611
102
1535
284
641
957
706
716
1678
465
1062
1530
1762
1847
1848
1699
1669
1251
1402
1817
613
868
217
776
1751
143
352
1500
1785
995
334
258
1705
147
582
595
1758
735
1618
200
813
1312
747
1096
673
23
1316
842
1790
188
878
163
292
723
489
1531
894
743
1455
408
1254
1749
1788
1753
1696
1176
1772
1669
1498
36
919
524
37
1561
1351
527
1485
1118
1750
1643
134
488
654
1286
1218
1832
750
431
16
1307
1086
967
308
1364
693
694
600
1740
556
756
1084
1282
1182
58
959
596
1445
835
1631
191
1581
1782
377
967
1013
1060
1248
1727
1380
559
1576
546
1709
4
1445
313
1717
413
129
915
174
1723
626
863
589
979
1268
201
1764
281
1177
1257
470
875
396
964
656
103
872
1277
237
1309
364
1446
459
961
427
534
1386
554
1821
177
410
63
995
380
425
1774
350
814
1464
1867
950
430
1178
468
1641
345
450
25
1341
942
158
262
361
23
385
780
1272
1682
1205
820
1416
1532
1341
1634
37
448
841
776
1006
622
2168
365
875
1267
787
821
2240
937
1598
2070
2088
2112
2342
1940
2226
1366
1773
2215
1049
1251
281
1118
1793
154
854
1571
1881
1576
830
589
2008
182
874
724
2038
1317
1924
262
1323
1735
1327
1389
861
177
1348
934
1900
621
1072
507
409
1219
622
1813
1156
937
1953
975
1592
2064
1818
1897
1778
1311
1876
1929
1745
556
1049
1115
129
2027
1596
721
2099
1444
1978
1820
716
665
962
1378
1569
2199
1202
533
191
1700
1223
1587
475
1543
1229
1272
1129
2146
743
1053
1271
1421
1402
478
1134
613
1675
1071
2148
616
2112
2150
931
1552
1236
1651
1597
2330
1444
943
2182
625
2164
383
1994
329
1826
1044
678
936
298
2139
1030
1454
1004
1150
1606
721
1811
393
1547
1773
685
1462
835
1536
861
688
1101
1680
502
1801
862
1655
567
1305
582
696
1767
1060
2028
319
609
551
1168
769
799
2225
438
1297
2040
2360
1161
999
1321
629
2237
861
1065
448
1713
1001
420
727
910
615
697
872
1692
1885
1490
1321
1544
1843
1561
1708

3
200
12
14
8
7
7
17
12
16
13
15
15
11
6
12
20
9
7
14
12
12
9
6
18
8
18
9
14
10
11
9
6
13
20
7
8
12
15
5
11
8
8
13
11
12
13
5
10
10
13
10
15
8
5
19
14
7
5
7
16
20
17
10
11
12
18
7
19
20
13
19
15
16
15
18
18
9
12
18
19
20
12
20
16
19
20
9
6
17
14
11
5
8
6
17
13
16
14
10
13
15
15
9
8
14
13
15
8
19
8
15
5
20
8
9
19
18
19
18
18
16
13
14
11
13
19
18
14
18
7
9
14
17
17
6
9
12
6
17
20
13
17
11
19
12
10
14
11
8
13
18
18
17
8
20
12
13
18
9
8
18
17
8
14
14
13
15
7
14
16
18
16
6
7
10
9
8
18
7
17
7
12
17
19
13
9
13
10
18
11
17
17
7
10
9
11
7
12
13
9
15
0
912
530
793
1343
561
1886
1023
834
569
1715
778
1677
378
676
192
8
1894
105
1809
103
1504
1367
322
1421
1456
622
1402
1634
57
1271
840
164
1361
421
1498
1107
1877
322
1214
50
716
1114
468
1451
251
983
1197
1411
1670
203
1599
1591
712
762
356
595
1357
1872
1754
1804
1151
254
708
1175
327
1253
342
1663
1807
1863
995
545
702
1430
1829
141
1144
1117
1705
1606
1700
93
340
1674
586
1163
1737
1751
183
1286
1761
1446
875
737
82
1211
45
626
1175
1498
1544
1490
609
156
1761
1356
1619
309
1578
257
838
1789
782
37
1553
1734
1277
687
1034
367
512
1172
717
1242
1485
255
1101
63
1612
1460
1455
1070
194
456
597
1559
166
1076
1671
756
1807
29
1843
349
404
1788
458
1304
843
1812
849
581
1872
1504
1084
23
1234
703
469
454
1169
519
1805
895
504
551
1802
798
615
357
1250
340
1907
686
616
516
916
946
1171
1888
987
1818
261
1814
748
1842
841
500
106
691
922
383
1366
1797
282
1552
1222
280
1537
234
1238
691
1091
1952
1169
2266
1372
1113
1095
1842
1262
2091
830
840
387
241
1952
558
2199
653
2087
1810
888
1698
2067
1043
1417
2233
370
1476
1266
570
1916
534
1646
1225
2256
567
1688
297
843
1280
542
1776
682
1577
1679
1602
2310
413
1788
1760
732
854
471
1158
1685
1901
2299
1928
1757
627
966
1645
403
1389
684
1883
2294
2327
1185
833
726
1917
2347
417
1200
1416
2025
1627
2055
693
630
2330
630
1706
1922
1863
829
1621
2116
2051
940
1370
150
1683
258
828
1556
2129
1575
2036
1021
417
1842
1670
2038
527
1835
581
1255
2040
1089
321
1944
2145
1729
848
1188
584
803
1403
1226
1687
2055
825
1727
210
2244
1659
1674
1496
237
673
877
1948
615
1146
1697
884
1849
100
2172
826
422
2107
1095
1754
1120
2435
1020
1217
2043
1834
1600
558
1361
1278
730
681
1803
998
2002
1510
697
1176
2104
1415
857
957
1299
935
2171
981
975
1140
1393
1327
1505
2419
1424
2458
724
2009
905
2332
1176
1056
640
1300
1501
838
1777
2422
730
1881
1288
847
1978

4
200
17
7
7
13
14
15
7
11
12
15
19
16
15
17
13
7
19
15
15
12
10
11
8
8
13
14
7
11
19
16
11
8
8
13
17
17
8
20
5
17
8
8
13
16
18
20
8
8
6
6
14
19
17
15
7
7
12
6
7
19
20
13
9
8
12
9
12
19
17
11
7
15
14
8
9
12
6
12
15
17
12
15
14
18
17
19
12
15
17
13
14
12
10
11
11
9
16
15
16
14
13
18
19
7
17
17
14
12
7
9
7
17
10
17
15
15
19
16
9
20
10
19
7
17
16
13
20
17
12
11
19
9
13
9
5
10
8
15
20
17
17
10
19
13
14
9
11
15
19
10
18
11
11
13
18
13
19
15
13
14
16
12
6
19
18
10
11
17
19
18
13
10
16
13
15
7
12
12
10
14
12
20
17
11
15
7
18
15
17
17
19
14
7
11
5
9
18
16
10
19
0
1229
1637
370
991
1780
1243
638
279
1715
1959
1339
144
283
1536
1949
1222
1363
1657
1974
237
354
1018
183
1459
1521
1914
836
1236
1302
200
493
1094
716
762
1238
971
184
652
156
354
314
1811
894
460
1554
1485
1106
1577
539
464
1608
582
1738
1027
942
565
703
1055
1391
1956
1046
1720
18
934
1650
1581
690
129
419
414
861
26
542
1445
939
1784
284
1676
1904
1776
1719
530
1383
629
1650
662
1358
1140
101
1496
105
42
1507
877
1331
1415
461
1444
1238
1324
346
1504
325
1138
1322
637
661
1114
36
1802
1806
29
871
594
1615
1908
1940
806
1257
237
1141
1438
894
67
1333
240
1182
904
569
482
1001
795
1847
752
632
1887
645
1945
792
705
480
1367
810
793
949
201
208
1306
562
175
1025
1152
363
1862
1307
1965
1217
209
838
54
506
1611
1625
38
928
741
468
778
1512
818
1632
149
1350
1672
1450
920
24
1677
569
969
1468
1259
1604
1555
1293
596
439
1035
1908
1003
144
1807
1838
632
364
1848
1572
1888
1052
210
1256
2117
739
1118
1948
1866
942
799
2121
2058
1926
287
552
1690
2134
1709
1576
1749
2288
842
453
1250
683
1971
1949
1951
1498
1396
1947
367
568
1242
1195
1049
1428
1477
744
940
429
388
527
2424
993
590
1750
2083
1730
1906
1184
545
1941
643
2126
1382
1561
813
844
1513
1679
2362
1074
1891
110
1515
2253
1861
1028
533
695
886
1330
138
1066
1856
1038
2099
616
2122
2003
2062
1758
794
1506
1047
2154
1267
1627
1600
144
1730
381
335
1589
1489
1385
1506
644
1482
1571
1396
1004
1551
827
1242
1443
665
1156
1650
150
2055
2112
656
1158
922
1747
2439
2052
939
1383
780
1203
1772
1374
598
1575
307
1638
1570
1202
515
1220
1030
2216
1173
813
2013
738
2197
1175
1075
782
1943
1325
1238
1305
426
867
1638
792
216
1421
1188
843
1936
1870
2206
1831
529
1473
516
960
1950
2190
98
1055
1122
607
1215
2108
973
1648
619
1707
2189
1625
1149
273
1863
1103
1156
2061
1927
1788
2087
1929
888
516
1345
2581
1512
291
2150
2291
656
790
2300
2215
2449
1584

5
200
5
8
14
9
19
14
16
10
18
11
6
14
10
10
12
6
14
10
8
13
7
18
12
5
20
16
13
7
7
20
10
13
19
9
5
10
14
19
9
17
11
16
17
9
15
11
19
8
10
17
14
7
20
15
6
9
16
6
11
13
9
11
19
10
9
5
8
20
16
18
16
14
6
17
7
10
14
15
13
7
16
6
7
11
11
18
19
7
14
15
11
16
11
11
10
9
19
16
12
15
19
14
13
6
9
17
20
6
13
19
13
13
18
7
16
17
11
15
11
20
13
16
14
13
12
8
6
14
7
9
11
16
12
12
17
15
14
11
16
16
7
17
19
12
5
14
16
13
12
12
13
14
15
8
16
12
8
6
17
7
5
20
7
10
10
20
17
11
16
14
7
8
5
6
16
8
13
17
18
14
20
15
12
18
8
13
14
17
19
7
19
15
7
18
5
10
8
11
11
9
0
995
426
651
311
495
996
1648
680
1658
449
747
1490
1635
1241
450
261
1218
1286
1452
1291
1113
1641
1354
1037
185
767
1820
572
425
461
1298
1442
1835
830
52
176
1351
31
231
1402
1453
479
1517
1198
1399
1693
1295
1789
1080
202
1739
1750
1649
987
952
362
1102
1021
500
1443
796
1777
858
1046
483
20
267
482
1588
677
331
982
57
1085
177
879
1597
1648
1211
276
1356
1551
549
402
125
888
788
745
1013
1532
1072
1741
664
26
877
1160
1287
394
177
1308
1438
837
1219
208
1188
942
1180
743
196
193
1528
1554
1859
745
886
1800
192
214
979
430
39
533
1820
1473
481
1812
728
396
1399
1603
1298
453
487
347
115
395
1370
1585
382
593
130
219
1530
753
825
1675
902
730
1117
1634
1469
58
466
995
1787
235
53
697
1478
1631
136
551
289
920
1423
969
1554
1512
1165
1805
11
1690
1820
931
326
1015
523
1741
1380
926
1523
394
151
799
1127
1268
774
958
414
1531
276
784
851
749
183
1559
675
784
536
108
1477
900
1055
712
942
1542
1855
829
2217
857
800
1532
2064
1636
576
476
1611
1526
1870
1480
1159
2230
1886
1653
725
1142
2170
849
950
1028
1724
1980
2316
1200
120
616
1853
548
610
1817
1946
941
1957
1600
1877
2090
1806
2363
1705
712
1978
2141
1892
1212
1069
916
1317
1516
1105
1603
1126
2406
932
1450
725
310
782
581
1858
730
475
1224
460
1304
347
1230
1785
2121
1542
691
1693
1970
992
619
582
1392
998
1261
1151
1826
1170
2369
1003
498
1292
1603
1650
914
537
1804
1722
1028
1443
345
1380
1124
1688
1336
307
576
2059
1747
2042
893
986
1928
356
801
1252
895
581
933
2048
1601
846
1993
906
627
1634
2041
1684
562
730
503
166
542
1844
2062
887
1031
710
729
1633
1291
1083
1830
1300
1142
1631
1979
1746
603
1002
1510
1950
319
74
1167
1982
1851
179
932
637
1348
1677
1383
1749
2008
1276
2172
50
2012
2290
1548
819
1450
645
2382
1693
1533
2094
647
347
1236
1723
1321
1340
1521
987
1700
303
1157
1476
1149
466
1849
853
994
1125

6
200
13
17
7
18
18
13
17
19
10
6
11
12
7
15
9
17
5
20
5
16
9
19
5
14
10
16
11
16
11
13
6
16
11
8
8
18
19
17
5
17
16
17
16
15
5
18
6
16
19
6
16
15
5
11
9
7
6
20
20
9
10
9
17
11
14
19
8
8
18
15
10
9
19
5
19
16
8
5
15
16
16
10
19
19
12
10
9
6
14
14
7
9
13
10
11
12
15
17
6
10
10
20
13
12
12
16
12
13
5
8
19
9
7
8
17
9
18
10
9
17
5
15
20
11
12
6
16
12
9
16
9
6
5
9
11
6
6
6
9
13
16
9
16
17
20
7
5
16
7
17
15
15
15
9
9
17
6
14
16
18
14
16
16
17
9
14
17
19
15
8
17
10
7
13
7
15
12
16
18
17
6
15
16
18
8
16
9
17
9
17
12
17
18
7
6
7
8
17
13
15
0
1050
1148
241
531
210
189
264
435
248
1823
186
728
315
998
1611
919
1037
1185
1376
857
1036
1748
1722
1196
1376
677
472
489
1456
626
1092
1566
609
1550
1478
1627
112
1423
1345
1039
1246
1372
108
1557
1548
1310
900
1011
1667
1024
74
1756
752
278
195
790
231
1679
1648
1211
1358
567
1546
1734
1487
1083
1643
206
540
1663
1786
1381
254
317
1075
1552
232
188
53
1779
1338
543
16
1808
1806
273
203
355
356
915
137
420
984
871
434
576
190
1381
27
728
1617
1008
1759
1418
1593
1063
63
941
1745
599
1815
1039
1474
1520
55
1194
390
579
80
1624
744
3
861
584
851
458
1463
480
1200
644
634
961
1195
779
1489
931
793
718
624
706
1740
1143
1538
160
300
437
33
856
1603
1266
85
565
914
855
416
1201
1066
1333
946
1795
207
1087
1006
1290
443
1657
1264
1392
1362
407
1714
725
1052
1642
222
336
288
1519
781
624
824
1763
531
425
909
84
115
662
1330
1134
842
970
877
1492
1539
995
126
1820
1428
136
1646
1670
729
1092
259
631
545
685
490
2444
330
1098
488
1293
2225
1106
1488
1250
1524
1480
1366
1948
2171
1783
1995
998
1072
537
1668
854
1281
1860
913
1641
1714
2007
394
1578
1570
1155
1715
1584
685
2141
1801
1459
1108
1065
2105
1109
364
2069
972
833
432
856
342
1910
1757
1654
1968
812
1845
1765
1562
1219
2105
636
842
1938
2096
1936
488
679
1427
1874
657
771
435
2402
1570
1019
67
1963
2066
284
585
887
870
1006
326
606
1469
1500
818
794
690
1558
324
1160
2096
1498
2104
1899
2078
1439
503
1468
2246
1137
1883
1309
1998
2022
602
1806
813
616
459
2165
784
554
1286
622
1009
1026
2092
908
1731
1102
1037
1335
1583
1070
1607
945
1185
1015
916
1269
1844
1759
1650
595
642
570
204
1385
2158
1292
418
1080
1065
1255
533
1599
1530
1567
1580
1995
728
1161
1575
1783
588
1871
1370
1849
1980
668
2010
1335
1663
2231
311
902
427
1620
855
915
1171
2146
940
555
939
553
237
732
1532
1358
1457
1194
1244
1550
1774
1010
429
2371
1550

7
200
18
7
16
18
18
8
6
11
8
17
18
17
17
20
6
8
12
10
14
14
19
18
12
10
17
9
13
16
12
6
9
6
9
15
5
11
16
15
8
10
13
14
16
11
8
9
13
13
20
12
18
20
19
5
5
12
15
9
12
10
16
12
9
14
18
11
18
9
7
18
6
13
17
8
12
9
13
10
12
20
19
17
9
9
11
9
19
19
17
10
6
16
18
20
12
16
8
13
8
9
5
7
17
10
18
10
16
12
19
16
9
18
14
8
15
19
20
18
16
7
19
10
15
10
8
14
17
8
5
11
19
15
17
15
12
9
11
9
11
14
6
5
18
15
18
16
8
7
17
15
16
15
16
15
15
19
13
8
8
5
17
17
8
8
9
9
12
19
6
9
14
15
19
9
18
15
18
15
6
10
11
14
16
5
16
16
17
17
7
11
6
6
19
15
10
10
14
14
7
18
0
565
142
952
632
1669
1121
1052
900
750
1368
1084
1517
1037
384
822
1651
945
826
1460
1792
1153
899
941
766
1367
499
1604
1756
675
361
529
1310
1105
1215
922
1347
1501
1334
1549
925
458
1370
621
120
1181
1491
1765
1488
643
1624
1088
1284
1835
1292
363
1801
873
280
462
688
1133
446
951
73
458
368
140
901
1686
329
447
476
188
1684
4
670
594
922
205
811
1082
697
580
1833
1230
1800
1120
1447
513
274
654
1166
1350
1451
1843
1119
1001
514
1823
1595
1529
666
104
608
1076
1292
850
706
1407
418
967
928
723
1225
432
514
945
1904
1417
1747
377
691
122
278
975
1082
1006
52
1105
1278
1836
1013
1114
662
308
525
253
1628
1250
692
788
1299
566
1297
1674
1189
1440
1154
1451
670
712
977
376
363
933
1867
435
450
1319
183
875
909
168
1576
1299
131
187
1402
409
837
1508
198
508
642
596
1435
126
1021
874
946
171
569
1631
1299
242
573
1625
1228
933
249
1181
1059
237
109
933
986
1809
376
129
234
649
634
1074
1223
2078
1408
1090
1214
1317
1950
1143
1538
1404
970
965
2032
1434
1250
1820
1948
1379
1162
1032
907
1659
551
1917
2363
1091
494
1125
1809
1165
1456
1091
1737
1669
1362
1966
1369
528
1680
930
595
1566
1532
1865
1765
1131
1932
1182
1492
1957
1903
818
2355
1005
557
782
1302
1427
653
1085
558
590
504
578
1249
1860
922
1033
609
494
1909
459
1194
666
1147
842
1071
1537
865
764
1859
1819
2143
1427
1694
554
492
777
1772
1635
1825
1875
1744
1340
742
1972
2010
1660
1133
296
1180
1490
1853
1475
1279
1642
554
1434
1424
768
1764
1012
572
1447
2273
1542
2169
769
899
315
801
1016
1594
1181
214
1734
1481
2378
1248
1157
1163
899
944
344
2057
1652
778
801
1850
581
1840
1851
1357
2054
1553
1714
913
942
1359
605
441
1446
1913
579
793
1568
436
1154
1383
554
1964
1409
309
559
1682
670
1264
1617
401
641
804
717
2026
502
1597
1306
1195
739
1201
1642
1405
677
1083
2101
1640
1083
372
1522
1188
624
548
1432
1569
2020
466
551

8
200
8
17
5
9
14
11
7
8
10
8
11
10
15
15
8
19
10
18
15
10
6
16
19
12
13
7
11
16
9
15
6
9
19
13
9
16
18
12
6
15
13
9
15
12
8
15
16
14
7
8
11
7
11
19
14
16
10
15
12
7
9
17
15
7
16
18
7
14
11
17
11
18
17
17
19
16
10
7
18
20
13
16
18
13
9
9
6
10
12
14
16
14
20
16
7
15
14
17
15
19
5
6
9
16
16
15
15
18
19
17
17
18
16
12
8
10
16
15
15
6
19
10
9
6
5
18
13
18
14
10
7
5
7
11
12
18
15
16
14
17
11
17
13
14
17
12
19
10
11
12
17
10
16
7
13
13
13
19
16
13
18
10
8
11
14
9
15
13
9
17
17
17
14
12
17
8
17
11
16
14
12
11
11
10
17
8
8
8
8
8
10
5
14
14
16
14
18
16
11
14
0
1708
702
1154
1843
43
1739
160
875
1840
181
1385
660
1261
1132
851
1182
646
1238
492
884
559
574
1504
558
1793
1658
1775
741
1893
1901
1533
1329
408
151
1197
1534
1176
628
1338
1205
918
382
242
1663
402
1120
892
1313
600
841
1761
1424
909
360
508
100
232
1274
299
1338
720
1678
1827
1842
1550
703
1430
1680
1714
916
1391
1437
1114
495
1058
1289
1688
639
1699
1068
1673
955
1399
1409
96
613
1423
1221
754
1027
347
1143
173
990
1197
575
587
1127
262
1774
1733
935
55
925
1016
1406
1659
784
1856
372
1705
1790
310
1219
962
483
1582
1013
1860
67
57
1713
14
595
1333
909
743
463
707
18
480
1613
413
1710
483
280
1188
1900
411
1696
578
1779
841
332
686
1096
628
510
261
98
925
1715
654
110
1771
432
547
1368
1145
1860
1319
1540
1572
1289
1786
1212
1572
1370
336
586
53
119
463
1348
537
554
1282
1784
1116
1732
1635
1024
1141
992
1281
489
957
1693
932
1161
747
629
1894
90
1650
1197
1314
109
1800
531
2079
1254
1173
1896
488
1805
768
1493
2061
347
1982
961
1514
1157
1128
1743
908
1648
876
1516
866
1186
1951
1091
1814
2133
2217
787
2318
2494
1923
1825
512
627
1321
1652
1213
686
1816
1529
1325
1003
431
1887
819
1767
1410
1670
1176
972
1968
1672
1492
926
633
481
618
1753
829
1661
1056
1936
2192
2141
1799
1298
1932
2191
1907
960
1873
2015
1668
763
1633
1408
1747
835
1980
1619
2086
1554
1474
1459
735
622
1650
1516
1073
1592
472
1547
499
1002
1457
912
1027
1349
504
2114
2297
1455
591
1429
1234
1944
1811
1250
2337
498
2173
2237
351
1632
1376
645
1928
1250
2151
638
428
2242
577
736
1579
1416
1013
599
1051
502
973
1702
967
2057
909
575
1473
2163
468
2238
650
2010
1428
751
1120
1191
1208
639
760
302
1276
2350
1121
254
1996
648
826
1419
1610
2142
1623
2122
1661
1619
2275
1757
1990
1925
701
709
387
536
614
1921
1178
1176
1927
1820
1217
2008
1985
1450
1424
1352
1835
847
1131
1736
1231
1581
889
1115
1918
360
2190
1650
1752
586
1822

9
200
14
7
7
18
10
16
9
17
13
14
19
19
13
8
15
16
5
19
9
15
16
18
16
14
11
16
17
13
18
8
15
17
20
14
7
16
9
15
11
17
19
6
10
5
11
13
18
17
12
18
15
16
17
12
18
9
9
10
12
9
13
12
11
15
19
12
19
7
5
17
13
11
10
6
13
13
18
6
11
18
15
16
6
6
18
17
7
13
18
10
16
8
6
8
8
10
19
9
10
7
9
8
12
17
14
8
19
19
6
16
14
18
20
13
12
13
15
15
19
11
11
11
19
18
8
13
16
5
9
13
17
8
18
14
8
16
10
7
15
17
10
19
10
12
13
10
6
8
8
14
6
15
17
10
7
6
17
9
20
18
18
17
18
8
17
9
11
6
14
14
17
6
20
15
19
9
5
8
15
11
12
15
15
18
11
16
12
19
18
14
12
17
9
17
19
5
8
5
18
8
0
662
756
845
60
1204
1001
1826
856
1485
710
477
1700
1507
630
975
720
984
1001
1555
1512
965
789
1883
926
1165
145
733
134
776
130
1885
676
1873
479
807
281
10
1021
904
326
1649
1746
1016
1113
930
1330
1037
710
1715
712
122
558
68
1873
1558
757
1516
674
700
1755
1749
607
914
1153
1267
1903
1127
412
1925
567
1860
516
1833
58
351
1383
256
676
429
1465
38
274
12
721
1800
304
1200
1491
611
617
44
801
615
214
958
1439
393
861
1278
587
1240
1813
585
721
766
1869
1529
1574
850
858
787
485
68
1342
608
474
1567
701
952
1248
709
1403
755
1435
817
688
1150
756
137
968
551
1483
264
237
1476
1747
376
1881
1624
1292
511
1229
672
643
1393
1769
1111
766
865
984
1743
1588
1474
658
784
638
308
930
1408
1765
724
107
1919
459
1612
65
61
117
1926
646
1390
688
1206
238
1358
527
1010
1398
541
1160
1493
100
1423
1719
1907
1862
1758
1726
1205
868
503
911
1712
82
448
1209
477
755
375
541
743
999
1329
220
1666
1416
2190
947
1846
773
1028
2298
2078
1272
1177
866
1118
1286
1992
1807
1027
1289
2514
941
1202
437
973
234
809
432
2384
1303
2219
756
862
897
541
1304
1134
801
1993
2356
1357
1549
943
1860
1221
1340
1819
1114
329
723
659
2158
1567
919
2106
822
1103
1909
1782
1250
1314
1799
1809
2484
1673
677
2224
763
2487
943
2416
283
735
1703
614
1049
932
1512
248
523
275
1283
2259
951
1836
1941
768
903
166
1230
757
423
1001
1610
606
960
1330
1124
1404
2172
1054
950
1236
2082
1617
1731
912
1422
987
632
590
1793
897
567
1676
1091
1510
1639
986
1494
849
1752
1281
885
1685
1301
749
1410
996
1936
287
271
1658
2363
844
2492
1730
1388
717
1743
1176
1236
1638
2081
1610
892
980
1492
1785
1645
1811
911
1054
660
832
1122
1448
2202
908
710
2246
948
2078
187
532
405
2116
862
1782
1112
1266
893
1705
814
1305
1893
992
1452
1993
601
1662
2329
2067
2099
2380
2285
1833
992
658
1150
2082
354
616
1243
766
1319
769

10
200
13
11
14
10
12
12
15
9
18
7
13
11
14
7
8
19
17
19
8
12
18
17
12
9
11
16
15
14
19
12
13
17
16
18
19
6
15
14
12
8
5
6
17
19
13
14
9
13
7
14
5
16
8
20
6
14
5
9
9
6
20
9
7
15
11
19
13
12
12
17
15
17
13
17
17
10
14
16
17
5
7
5
7
10
11
13
12
19
8
13
17
7
7
10
9
18
14
15
15
6
14
15
5
6
17
8
12
13
10
7
19
18
15
11
16
17
6
13
17
11
16
9
18
7
13
11
19
13
7
15
13
10
17
16
18
9
20
6
6
10
12
14
14
20
14
18
7
12
10
7
13
13
9
6
8
10
14
12
15
9
16
10
12
15
9
19
19
9
6
16
16
12
7
8
7
13
11
19
14
15
10
17
16
10
6
6
11
18
7
12
13
19
17
14
16
9
12
6
15
8
0
1466
507
1276
873
1276
1710
579
246
694
1782
963
1280
1394
1818
303
354
534
326
596
1715
213
1345
561
1793
831
188
1462
788
41
781
1808
1141
1282
509
275
1777
1520
274
1105
1675
1243
1693
421
1179
751
804
1623
1586
1620
1576
1133
750
1539
932
76
82
1424
202
1769
248
1828
295
405
944
128
173
741
636
828
543
1676
503
261
737
261
1010
795
2
1078
954
939
460
158
406
1604
650
873
662
918
1075
1228
774
1134
1388
703
499
27
1327
1377
1808
1466
1766
1293
192
835
1278
1291
672
434
1289
935
1413
1243
345
1049
306
142
1751
1515
866
335
206
676
317
848
1436
1747
1280
740
1439
942
181
644
1622
1802
1247
64
1325
660
1749
959
1256
732
1098
1157
241
1666
1756
1134
204
1554
644
293
1788
1010
374
663
1821
1707
1798
1618
1059
115
1623
1671
1801
461
1204
221
102
1151
72
467
503
994
757
760
375
1787
314
1644
1559
1531
702
999
80
1324
410
796
500
1602
1322
1607
95
1491
673
944
564
1092
85
1914
1113
1295
1083
1719
2317
1046
275
1228
1908
1389
1512
1773
1994
692
584
685
906
864
2256
272
1789
1097
2381
1215
715
1571
1137
372
854
2180
1507
1658
720
345
2012
1775
514
1331
2076
1592
2024
1038
1761
1226
1251
1954
1864
2168
2095
1288
1128
2152
1235
396
116
1467
310
2131
431
2177
752
622
1507
335
603
1048
1033
938
743
1848
1069
839
920
781
1144
1170
392
1364
1120
1525
863
633
981
1650
1271
1472
1216
946
1695
1579
986
1460
1847
1028
756
183
1499
1849
2132
1530
2201
1820
707
886
1422
1456
939
846
1660
1470
1927
1675
915
1456
384
526
2222
2052
1295
381
744
1065
594
1224
1942
1922
1769
1052
2020
1317
374
1007
2048
1850
1768
688
1794
838
2208
1463
1500
1124
1417
1241
733
2007
2052
1213
473
1837
676
608
2412
1212
477
831
2302
1924
1913
2227
1185
544
1734
1847
2100
709
1672
495
695
1761
178
539
1090
1150
853
789
488
1898
381
1915
2109
1809
733
1293
292
1478
1025
961
900
2217
1376
1858
255
1939
838
1015
883
1603

11
200
18
18
12
11
15
20
10
16
19
20
13
9
6
13
6
7
7
18
11
19
10
14
13
19
11
8
18
12
13
10
10
18
17
13
17
17
7
6
17
15
14
11
6
13
10
19
8
9
7
10
10
8
13
15
18
13
13
15
15
15
19
12
16
14
15
15
18
8
10
11
17
6
6
11
13
18
17
8
13
8
10
12
7
13
17
19
6
13
7
17
15
8
10
9
14
15
18
19
10
18
19
7
17
13
17
18
12
20
8
9
13
17
12
10
7
17
9
11
16
12
12
12
17
18
10
18
18
7
9
7
15
6
12
16
12
9
16
13
5
17
8
10
18
13
12
6
15
14
19
7
14
6
19
9
11
13
15
12
18
16
8
14
17
19
11
7
17
18
5
18
19
9
11
19
9
7
18
12
12
17
16
14
16
18
14
12
14
7
18
18
18
13
10
13
10
17
8
10
15
13
0
660
432
1185
334
638
1541
1368
499
1256
196
107
329
1122
1088
290
1598
1574
663
477
1124
580
1789
785
628
1369
1722
1270
137
342
1364
671
63
1526
1090
427
1062
684
1920
416
1495
1938
682
1064
1068
278
1842
219
737
596
1538
1382
1606
775
1547
269
703
1697
935
1365
1935
901
1696
259
1162
1589
1438
966
687
1519
1653
129
421
1257
711
1452
1556
223
131
68
1139
546
1049
174
1719
772
1919
1745
816
1397
1625
197
1913
384
1499
1009
43
614
722
1659
1180
1609
1939
1288
1265
1367
151
202
1589
104
940
936
1941
609
176
244
1519
889
487
1276
1578
1071
528
257
871
770
1169
278
1226
1102
1657
690
681
1181
633
1083
1261
1317
393
1419
1026
835
71
333
1364
764
1421
415
1122
1266
1219
1074
740
163
1741
1420
1618
1907
1647
1568
530
508
688
1419
1284
281
29
903
625
949
454
749
1732
1199
1659
1914
614
1780
1016
793
707
1855
843
1704
982
857
1149
946
1183
1513
528
900
650
968
1625
694
1248
721
1025
493
219
975
734
1514
929
1239
1768
2000
1160
1716
412
385
505
1296
1270
345
1663
1687
690
917
1317
934
2400
949
1112
1882
1760
1460
431
430
1763
1305
592
1747
1693
525
1432
986
2049
600
1772
2528
1164
1469
1355
508
1865
716
1118
695
1969
1470
1872
1348
1647
515
1304
1723
1251
1494
2087
1001
1880
751
1478
1742
1742
986
1307
1785
1887
306
930
1379
848
2115
1600
802
698
510
1755
1047
1505
493
2061
1007
2245
1947
1369
1756
1920
472
2024
437
2037
1641
429
1072
1173
2041
1276
2073
1999
1598
1828
1731
732
394
1808
447
1086
1434
2384
1099
289
851
1666
1157
1094
1678
1619
1105
555
916
1218
1093
1726
341
1799
1538
1685
1214
828
1390
1230
1419
1848
1592
893
1922
1373
1323
611
373
1894
931
1992
629
1242
1539
1591
1096
1120
604
1803
1801
1995
2440
1792
2100
969
861
1124
1717
1526
927
467
1062
1081
1367
864
1042
2335
1841
2095
2439
1216
2337
1252
940
1366
2283
1423
2018
1611
1490
1335
1255
1567
1812
577
1487
1169
995
1973
1241
1735
1046
1303
873

12
200
14
11
19
20
17
13
6
11
6
12
20
17
11
9
14
19
10
18
5
15
18
15
17
10
14
10
11
20
13
11
13
15
13
11
6
15
13
14
13
11
19
13
19
18
7
10
16
15
10
15
12
17
17
14
8
8
20
5
17
13
6
10
16
18
17
16
6
12
12
11
6
12
14
17
5
20
19
18
14
6
6
9
16
7
17
11
9
18
10
6
5
19
13
15
18
12
12
16
18
5
6
18
14
12
18
11
6
9
14
16
17
14
10
15
12
14
9
5
7
15
15
18
7
5
9
16
8
8
17
11
7
13
15
6
15
11
18
5
12
13
18
16
7
19
9
12
9
18
14
11
13
8
12
8
6
12
13
17
9
17
20
18
9
5
18
16
19
11
10
14
13
8
16
14
16
18
16
16
12
7
10
9
7
9
15
9
12
15
17
5
16
6
11
19
12
5
5
15
11
19
0
1203
1004
479
988
1775
1746
118
904
1668
1458
285
611
24
748
328
1370
1753
1374
1305
870
795
896
1458
415
422
1057
1566
1398
1348
1112
606
579
996
1223
938
313
891
375
1549
1619
1199
697
466
19
209
745
6
1224
466
979
39
939
1519
218
1290
697
1809
626
86
231
1001
3
362
469
691
293
1610
1133
483
1632
1851
583
598
1374
785
787
437
1474
582
460
492
163
821
69
793
1556
177
1748
1410
211
1356
1341
82
763
1620
998
53
1282
1333
1727
499
465
1524
546
1535
837
215
800
1856
1857
88
1667
209
487
1338
1891
1436
713
1723
795
452
381
358
1339
1658
335
788
176
1744
458
423
1622
951
1099
1603
775
1013
985
1095
1075
1889
637
873
164
890
494
752
1822
650
882
608
1033
1169
582
1117
1863
1292
1157
481
89
1866
534
676
1581
15
19
1761
831
824
702
1571
85
1803
165
142
1026
1030
1390
1597
301
1369
1294
1499
280
1126
1029
1570
116
279
1708
61
1231
1307
1207
1579
1720
1602
1096
312
204
1837
1534
920
1448
2131
1992
564
964
1722
1933
407
922
338
1096
393
1523
2032
1650
1697
960
1431
1008
1906
630
455
1418
1691
1912
1433
1278
1212
640
1135
1268
1377
356
1222
561
1809
2086
1405
1139
654
316
368
1021
144
1829
1016
1553
287
1574
2128
457
1593
1112
2165
1076
507
782
1612
561
962
486
1099
775
1752
1299
869
2097
2211
956
653
1655
1330
1003
853
1894
884
851
630
344
1074
180
1311
1857
738
1947
1614
275
1594
1449
420
905
1677
1303
266
1883
1600
1802
903
863
2048
1174
1961
1023
426
1376
2087
2153
410
2118
426
675
1795
2383
1676
884
2153
952
1040
538
440
1561
2297
926
1186
207
2311
473
576
1711
1197
1550
1679
1025
1623
1553
1726
1540
1953
1232
972
702
1257
558
844
2236
972
1201
1204
1325
1462
1213
1513
2360
1691
1559
546
346
2175
1089
891
1851
508
451
2173
1088
1063
905
2107
692
2181
274
502
1553
1571
1552
1752
447
1400
1788
1529
392
1525
1440
1727
409
674
2214
220
1487
1778
1686
1734
2194
2014
1162
899

13
200
17
17
5
16
11
14
5
8
13
13
15
11
14
19
15
14
16
14
18
8
5
10
17
8
6
18
9
8
14
19
12
15
13
15
19
7
14
20
11
16
8
16
17
18
14
6
14
13
14
6
16
11
17
5
19
9
14
14
14
9
6
14
8
5
16
5
10
14
14
13
6
8
19
17
10
12
15
11
19
5
13
10
16
16
16
6
11
8
10
7
7
10
18
14
15
8
13
10
19
7
10
7
14
19
7
17
13
20
17
20
19
13
10
8
18
15
12
17
10
16
16
11
16
18
12
19
19
19
12
15
17
16
7
14
14
11
13
9
18
19
17
17
16
19
19
18
10
13
9
16
16
9
11
14
16
11
18
15
8
7
20
15
12
6
7
20
14
12
15
10
11
13
6
19
11
6
12
10
18
11
7
9
14
7
8
15
18
6
18
19
13
18
17
10
18
15
7
7
18
9
0
1072
1200
939
1729
1127
1005
1893
818
499
1596
1175
484
1069
1538
1164
359
160
1724
182
1508
1631
1499
1445
1194
1685
655
538
1560
970
297
1505
460
271
470
1867
1660
257
1160
560
1002
1458
653
174
1292
1627
1763
1138
835
244
491
58
626
1504
635
1489
354
280
1729
941
1049
689
1879
882
62
1248
1743
42
95
116
695
277
487
1056
564
468
233
1713
235
329
398
1190
365
1080
398
754
1508
609
1093
1614
1313
1171
1377
807
1282
32
1217
789
1544
541
1716
748
1910
451
1534
770
1271
776
1642
473
2
1745
230
1878
1303
1917
1408
60
620
65
114
516
1808
341
1808
136
610
897
523
1813
1317
1461
1061
1525
1339
308
1121
436
1806
606
1654
272
283
436
117
1493
409
90
1870
1378
365
935
497
1832
818
296
1178
708
86
1354
953
1713
1597
1686
22
1155
1406
836
657
196
287
252
1807
865
361
988
391
1466
1647
1678
1517
166
1254
229
40
997
866
1727
1785
1943
1936
1037
199
129
62
889
61
1563
709
897
69
1253
1770
1222
2164
1586
1516
1911
1475
1041
1709
1816
1031
1397
2191
1379
699
681
2281
285
2052
1856
1741
1901
1328
1999
1082
1038
1664
1028
906
1891
532
330
619
1955
1921
311
1577
1171
1122
1479
818
398
1639
2190
2122
1367
929
713
1119
130
703
1754
851
2013
466
413
2087
1223
1479
1134
2365
1529
689
1309
2243
470
267
377
989
476
994
1416
1035
639
288
2285
673
572
801
1479
816
1294
561
1283
1590
862
1503
1964
1377
1499
1829
1197
1416
590
1544
803
2015
1022
1831
871
2565
554
1560
1269
1779
1126
1953
999
483
2081
840
2018
1605
2427
1770
689
650
649
477
1130
1985
636
1863
426
1059
1037
1084
2268
1797
1858
1608
1922
1386
523
1509
555
1878
801
1967
645
397
919
376
1814
547
655
1960
1895
622
1355
586
2485
1140
367
1521
1017
490
1975
1262
1804
1625
2208
507
1456
1707
1267
842
517
881
327
2216
1383
640
1592
718
2000
1947
1927
2075
779
1570
821
614
1302
1374
2224
2073
2359
2269
1694
848
454
327
1133
155
1681
738
1442

14
200
8
13
20
19
9
16
20
19
7
20
8
13
11
16
15
18
14
8
14
6
6
12
17
6
11
7
6
15
6
19
15
12
18
9
14
9
13
9
10
11
10
18
19
18
7
6
11
13
9
11
7
8
10
9
6
18
5
12
18
13
10
12
9
6
19
17
13
16
10
20
7
6
14
13
18
12
9
14
6
18
10
7
18
13
8
19
18
18
10
8
8
8
14
9
17
6
10
13
9
14
9
7
17
10
14
8
12
16
19
14
7
17
11
18
19
5
6
5
17
15
7
6
18
8
8
11
8
18
11
18
13
12
17
14
5
15
8
8
20
13
16
20
6
6
10
7
20
19
10
15
11
14
14
6
10
15
10
14
12
13
15
11
18
10
9
18
11
11
16
7
6
20
10
9
11
11
10
13
9
6
7
17
12
19
5
9
12
5
19
9
16
10
19
18
7
14
14
8
15
17
0
1316
1096
1562
1486
63
1433
1363
710
1522
68
679
682
638
1756
1000
1581
228
1649
1502
70
1316
864
1756
526
643
520
1618
101
1096
722
876
42
1659
894
286
69
1760
622
1110
904
1187
1045
1153
906
1313
497
794
974
1546
830
622
14
391
1721
536
620
502
1233
119
1795
1612
1766
1040
160
753
1424
385
191
52
926
1145
265
1430
578
1455
599
1265
1072
1562
1685
747
844
1040
1045
1284
84
1550
644
703
526
425
1802
1456
160
1287
1768
1088
1141
1492
1589
1645
890
823
1186
998
1060
320
367
954
733
1081
1738
575
1200
1051
1450
488
1470
1451
172
1159
933
847
187
891
1039
1243
981
200
603
564
1099
100
255
1376
423
970
1529
1093
1555
442
1566
825
806
645
1686
1739
255
1380
1666
589
426
475
1634
660
1397
1601
1624
590
1031
1602
654
990
1759
1328
1778
452
24
1116
1305
804
783
1216
1393
506
212
1084
558
1512
868
1476
1293
1193
641
1409
272
109
1512
1230
333
887
1333
213
600
1663
61
1734
306
1220
23
1902
1720
1944
1787
318
1803
1952
1086
1778
681
1214
743
1165
1887
1046
2160
826
1741
1642
408
1550
1021
1798
915
840
536
1839
281
1438
1065
1367
186
2254
1283
600
668
2256
881
1328
1192
1429
1278
1314
1304
1352
516
1283
1204
2123
1356
658
374
533
2018
1138
1069
660
1467
302
2178
1659
2126
1296
424
1008
1850
471
350
103
955
1405
348
1714
1132
1877
759
1536
1374
1693
2271
762
1167
1211
1652
1476
120
1655
931
1291
796
869
2004
2011
431
1517
1999
1238
1412
2072
1653
1701
1445
916
1760
1503
1227
597
626
1401
1093
1463
2287
1112
1462
1130
1608
733
1873
1822
242
1645
1249
959
237
1029
1567
1579
1444
670
788
1168
1528
486
285
1692
520
1560
1725
1277
2168
744
2128
1079
990
882
1727
2015
414
1494
2109
788
976
702
2211
1093
1408
2173
1846
1073
1111
1924
1158
1487
2127
1438
1936
779
615
1503
1898
1155
990
1225
1873
530
324
1576
597
1813
1032
2088
1503
1418
1199
1765
476
629
1906
1691
951
926
1912
456
1032
1981
571
2337
859
1403

15
200
11
18
11
6
7
11
6
18
12
13
9
7
20
5
8
17
8
14
10
16
18
8
13
10
14
12
18
15
16
7
5
18
12
20
19
8
13
14
12
12
19
12
14
17
13
9
16
16
16
18
19
6
20
13
12
13
10
7
10
13
8
13
11
10
6
14
20
19
6
9
7
9
12
13
7
11
10
11
19
9
9
8
5
19
17
17
17
16
10
7
9
15
10
17
9
19
19
13
7
14
14
17
20
18
13
7
9
10
11
20
12
15
14
13
18
6
11
17
9
20
17
11
6
10
17
8
17
18
17
6
8
8
13
12
14
16
16
18
9
15
5
10
17
5
10
9
16
16
10
9
9
11
15
8
7
9
15
7
14
8
9
13
5
9
15
9
8
13
14
14
17
17
18
12
17
15
6
18
8
15
13
13
18
20
16
6
9
17
9
11
19
10
18
15
16
17
5
20
15
19
0
751
902
1140
1477
252
500
480
1478
543
538
1724
344
738
1489
1477
1887
1889
1526
302
1203
937
1643
1787
929
1782
1073
975
806
464
352
969
1057
820
1886
1038
474
591
782
736
1334
552
1214
1159
166
1242
1871
591
1072
121
931
1598
348
1057
18
315
1825
1644
841
1508
315
534
476
1747
150
1651
1664
1309
531
679
594
398
1421
729
699
563
1432
937
1683
949
1716
1105
969
821
554
213
298
1766
208
1629
1680
193
1275
954
578
1411
448
1502
262
448
957
1174
324
662
523
1412
337
161
152
910
27
36
488
170
988
401
686
394
774
386
567
95
1414
243
202
1300
503
902
1488
342
134
1031
171
1612
1842
177
1265
873
112
475
911
1126
1271
360
1684
36
869
1169
613
573
1215
1125
1773
902
295
1380
289
30
1571
514
973
1752
481
255
1384
403
927
731
657
990
540
430
1732
423
1799
1890
200
1355
1023
469
1210
492
976
713
864
163
996
1732
62
152
906
1780
451
1560
1034
1287
1243
513
510
1565
491
1292
1172
1525
2030
364
961
550
1640
827
715
2269
554
963
1794
1795
2099
2363
1884
855
1534
1497
1954
2396
1452
2160
1146
996
1216
1100
763
1411
1318
958
2075
1120
709
986
1195
1213
1763
765
1490
1392
706
1406
2348
911
1112
243
1084
2148
891
1579
568
596
1899
2158
1040
1593
907
1035
945
2283
635
1858
2303
1756
1118
789
681
984
1900
1022
739
1068
1629
970
1889
1356
1805
1149
1454
1108
1102
659
596
1873
238
1643
2246
291
1526
1213
845
1986
719
2021
862
676
1382
1723
602
820
1126
1908
673
418
336
1057
641
569
596
800
1471
517
1252
861
1322
749
925
500
1940
483
437
1320
753
945
2067
476
663
1237
282
1667
2157
776
1717
1010
397
836
1473
1542
1457
746
2134
298
1491
1755
1141
913
1516
1588
2169
1522
546
1557
747
213
1624
641
1511
2354
865
877
1760
830
1003
1337
986
1297
1009
943
2240
851
2186
2026
454
1823
1367
836
1268
597
1273
990
1022
349
1078
2033
617
268
1382
2337
1026
1786
1368
1832
1613
1072
1067
2118

16
200
18
9
13
17
7
19
6
12
18
8
18
9
14
5
16
5
12
16
18
15
17
6
11
9
15
15
6
14
11
9
6
18
11
9
11
11
15
15
13
18
18
6
13
8
17
19
6
14
10
9
15
18
19
18
17
9
19
5
6
6
16
20
18
19
14
18
20
15
14
9
16
16
6
11
14
18
16
8
20
19
19
20
20
7
10
16
14
9
12
13
14
9
17
11
7
13
7
13
11
15
17
16
8
16
8
8
7
18
19
12
16
10
12
15
12
15
12
9
8
14
18
6
6
10
13
12
14
18
14
14
18
17
11
10
6
11
6
11
18
17
11
16
11
17
6
5
6
19
13
14
14
19
6
14
6
14
8
10
15
18
17
8
6
12
11
18
12
20
12
18
10
15
18
13
18
6
18
18
5
11
20
6
17
17
17
17
14
13
14
15
14
19
9
13
18
10
6
12
7
8
0
458
436
1594
921
558
1399
1418
951
369
1204
1644
1535
97
1195
1068
711
30
798
1526
1355
336
1261
800
699
1695
1106
679
341
740
1303
1382
898
516
337
1085
773
843
1053
836
65
408
1703
634
1921
717
824
537
716
1046
25
320
1755
1671
1331
1863
1732
640
599
30
1799
1381
852
1131
1888
875
463
405
1565
901
1362
312
704
467
1933
1058
10
271
349
520
518
594
175
973
156
195
1315
1562
67
876
1103
1094
1335
80
263
1736
916
1407
1678
1326
408
189
558
1748
1531
1163
529
1671
22
171
1839
1113
314
518
80
1651
612
1703
1784
617
1794
139
194
1930
1377
1672
1030
1143
753
107
785
346
534
1135
1547
800
542
1232
1767
1774
657
921
391
49
1568
782
333
1062
1655
1375
212
1262
696
107
1086
1141
778
386
1554
753
1563
850
225
327
1598
1376
257
459
887
1412
39
1215
918
173
1592
456
1201
1412
1343
404
183
1245
688
1426
1528
578
990
1759
634
1181
1024
1542
902
1751
315
799
1619
1520
1169
1353
407
653
847
1739
965
740
1463
1815
1397
560
1687
2125
1934
268
1318
1258
929
515
1088
2053
1506
456
1724
869
1207
2038
1510
1304
638
1171
1905
1982
1328
1017
750
1171
1364
1387
1519
1038
513
510
1896
832
1984
1165
1128
1067
1190
1247
471
577
2370
2027
1809
2098
2237
868
897
94
2422
1850
1007
1621
2025
1293
1043
512
2181
1020
1865
495
713
755
2141
1307
277
605
735
894
797
616
536
1009
490
727
1566
1836
170
1237
1475
1392
1851
619
271
2301
1231
1656
1741
1551
609
350
1050
1926
2006
1339
936
2119
413
799
1992
1509
617
1092
218
1992
712
2152
2354
1215
2004
300
659
2520
1743
1978
1189
1627
1031
470
1391
1004
690
1421
1940
1318
878
1769
2416
1943
1194
1397
747
570
1959
1389
830
1544
1780
1637
765
1435
857
530
1492
1545
798
772
1711
1134
1935
1315
812
823
1720
1882
670
581
1363
1617
64
1473
1220
198
1659
926
1364
1616
1492
1015
276
1672
886
1836
1965
1200
1573
1780
718
1647
1513
1811
986
2067
657
1124
2083
1996
1523
1654

17
200
10
19
10
15
19
15
17
17
11
6
12
15
14
16
15
20
18
11
5
18
18
18
19
20
20
12
6
11
14
10
12
13
6
19
10
20
20
18
5
9
17
10
11
16
12
13
16
7
18
9
11
7
14
13
10
19
15
10
18
18
15
9
20
6
8
16
11
12
11
13
13
20
16
11
14
9
16
9
17
13
9
19
11
7
14
19
19
14
11
17
7
16
20
12
20
11
16
13
17
13
6
5
13
17
10
11
17
14
11
17
13
14
12
15
8
11
11
15
7
6
19
13
17
19
17
15
17
17
9
16
16
19
8
8
13
7
8
13
12
11
18
15
18
10
10
18
20
17
17
18
15
10
18
10
5
16
12
6
9
9
6
15
9
14
20
12
13
11
15
7
6
15
13
15
11
14
13
18
16
13
14
8
16
6
9
19
14
17
12
9
12
13
7
18
11
18
19
18
20
14
0
1378
905
1934
928
4
648
1755
378
651
452
906
1848
1546
1747
1754
1388
70
541
590
1923
1000
1117
35
399
68
1325
182
553
1155
1512
1179
1383
1898
1750
751
825
4
1234
1280
872
1241
662
1908
1396
1054
1391
317
1068
1140
168
1759
672
770
1352
1729
1084
88
1227
114
1248
1397
484
1177
503
1447
1481
938
522
918
134
686
1175
20
1393
2005
1665
348
1851
1929
1228
21
578
1875
721
224
1834
773
1385
133
416
84
90
361
1710
1167
1489
1935
892
612
145
867
1479
140
1295
1490
1700
525
1163
391
744
177
1514
287
1591
1972
1472
1658
193
756
1089
1345
1996
1332
1896
170
1331
1173
750
565
842
1721
383
294
421
622
797
1426
697
622
970
450
772
1523
1131
804
1084
890
883
1654
1159
52
1552
156
1094
894
2001
1252
574
26
289
1886
241
2004
480
1967
1217
1921
818
938
1582
1246
726
104
1686
1186
855
1759
1013
1298
1494
1127
478
1873
1682
348
938
1642
327
331
1733
1392
1664
1719
74
1022
248
930
1152
624
25
1545
1443
2334
1157
438
760
2182
729
868
926
1473
1990
1997
2093
1840
2058
410
813
685
2399
1175
1180
626
1078
487
1793
245
587
1357
1721
1245
1638
2480
1764
1082
1330
56
1396
1462
1398
1335
764
2004
1817
1642
1604
951
1220
1302
185
2156
743
1128
1429
1837
1736
386
1668
332
1549
1606
825
1436
755
2029
1575
1274
703
1323
537
953
1801
278
2014
2403
1755
431
1945
2117
1450
196
589
2127
848
809
2322
1171
1965
290
721
551
152
707
1980
1662
1968
2225
1483
1117
719
1305
1619
284
1620
2009
1786
645
1227
734
1403
390
2134
309
1667
2334
1496
1819
290
1181
1498
1686
2511
1757
2563
216
1851
1219
1310
835
1497
1891
883
842
828
879
1296
1887
1281
1110
1115
614
1047
1984
1364
1307
1155
917
902
2198
1309
158
2126
485
1216
1186
2321
1429
1198
484
304
2057
379
2601
779
2511
1794
2588
1349
1033
1804
1268
1003
595
1995
1484
1361
1906
1510
1784
2024
1706
647
2141
1730
383
1231
1865
422
741
2221
1635
1870
1819
342
1368
727
1279
1537
955

18
200
12
17
16
16
19
13
16
20
6
18
18
11
9
18
6
6
13
15
8
11
18
16
12
8
12
18
11
17
14
19
17
16
11
7
8
11
9
10
11
8
19
19
10
15
15
12
7
7
8
13
8
17
16
10
8
17
8
18
5
12
13
10
10
5
20
19
7
14
10
20
7
11
20
7
6
9
12
12
10
8
20
12
8
10
10
12
8
7
17
10
9
20
7
6
9
5
12
6
15
15
6
13
7
7
10
19
19
13
12
16
7
7
11
19
7
18
9
8
12
12
11
19
19
18
9
14
10
18
18
15
9
18
18
7
6
12
7
12
19
20
15
11
12
7
17
7
15
9
13
16
13
15
5
7
7
10
7
14
17
19
17
17
7
12
10
7
8
20
8
11
5
18
12
15
19
6
12
17
15
6
11
13
12
18
10
6
17
17
8
19
12
9
20
6
17
13
12
5
11
12
0
164
323
366
651
903
1719
1009
1546
268
811
332
1522
1013
178
1251
1214
1554
850
1760
652
480
932
1105
256
1129
1411
996
195
892
798
1677
446
450
1654
968
1161
1063
1481
1598
181
1235
199
27
153
1313
383
682
56
1588
1219
1225
112
640
954
132
406
1549
1467
1612
158
1459
292
1139
1825
1525
511
141
1284
1714
1783
40
1328
941
1080
289
334
85
1328
237
687
812
1379
40
1669
1420
443
465
1207
1013
1413
480
571
345
292
1658
1501
1469
1268
1755
890
27
548
1188
73
1732
550
1097
744
1749
1237
189
902
782
798
268
1431
248
218
96
1791
744
1705
367
948
1313
1001
1242
399
1639
319
552
1517
1039
1497
1686
1431
37
586
654
1727
218
459
1790
1083
815
145
353
851
583
1391
1670
197
1569
330
420
628
1287
1076
709
192
1149
777
517
853
1117
1290
990
143
1074
699
891
1619
944
1466
1756
520
1664
1299
634
1206
888
1683
1455
728
233
156
1683
617
1387
1295
21
1464
552
1446
181
90
819
549
1372
305
338
872
423
810
1153
2237
1512
1914
286
1439
846
2118
1078
497
1381
1586
1713
1385
2297
1252
965
1239
1150
277
1758
1588
1615
292
1318
875
1881
1029
724
2175
1112
1714
1237
2089
2066
775
1685
381
573
708
1830
766
796
573
2196
1460
1665
463
1206
1363
500
959
1923
1803
1746
284
1549
762
1461
2332
1733
1119
205
1707
2328
1837
447
1447
1417
1423
766
858
546
1618
411
1129
1380
1493
93
1918
1819
522
547
1809
1447
1981
524
923
958
341
1792
2020
1988
1686
2283
1083
399
615
1693
386
2193
847
1611
845
1821
1502
555
989
1047
1066
710
1840
666
791
604
1897
1228
1945
894
1291
1741
1013
1716
539
2124
870
995
1784
1345
1603
1770
1796
592
784
903
1763
516
502
2255
1413
1182
761
533
1116
623
1561
1851
714
2180
653
999
826
1849
1513
734
505
1549
986
1072
1174
1329
1640
1599
446
1305
720
1399
2020
1397
1510
2321
914
1914
1519
998
1617
922
2003
1883
1198
460
582
2143
1205
1798
1544
295
1888
998
1658
617
132
861
1002
1553

19
200
15
5
9
13
20
19
9
17
15
12
15
11
9
9
8
16
6
15
16
14
12
8
13
19
7
7
18
11
11
18
9
13
19
13
9
19
6
14
15
13
8
11
16
13
6
12
19
14
10
11
11
7
16
6
16
6
15
16
13
10
16
10
18
15
14
10
5
13
15
11
13
20
8
10
5
18
16
19
14
7
13
20
17
14
13
7
16
18
12
8
15
19
9
7
13
10
11
14
6
17
13
9
6
10
7
10
15
8
18
6
8
13
6
12
19
16
14
13
10
16
7
19
8
13
6
10
10
12
10
11
14
9
12
12
17
12
16
9
12
13
20
12
18
16
15
16
10
18
14
15
16
18
16
8
17
13
7
10
11
15
18
12
14
12
18
13
10
16
10
16
18
17
13
8
18
19
14
12
9
16
6
7
7
18
14
19
15
11
8
17
7
6
19
12
14
6
10
10
13
19
0
784
203
1652
1686
1632
903
1371
313
770
275
1056
1692
573
1731
1495
1623
1151
1692
1389
1299
413
1007
250
733
1721
1170
1473
1152
312
1722
475
1030
168
1032
590
1692
293
1693
1836
1453
195
10
1455
1826
1418
579
596
962
1871
1335
1104
1632
1479
1459
43
1367
755
221
20
1507
1338
1282
1260
905
1460
5
1073
1550
1086
490
766
1326
196
110
174
1188
1177
1519
703
55
699
1286
845
929
955
1849
1271
1535
1043
1629
1563
563
256
551
20
394
568
400
1322
1390
310
1289
1805
839
424
194
716
1106
132
393
1509
295
1505
1774
402
293
1681
1701
148
1699
1673
1021
753
1571
1049
1319
1330
1394
1746
1289
800
1399
1666
1038
1318
8
1303
1366
253
1071
280
1150
1109
294
1352
717
808
890
640
1074
763
1431
612
1184
1068
262
1837
225
593
1125
549
1332
216
1823
1098
1011
1646
1751
235
521
985
634
1549
695
1683
1564
1861
1304
549
152
317
558
1819
1311
383
703
1540
8
563
125
1084
1602
876
669
1518
1073
59
1115
1640
188
1148
786
1890
2139
2248
997
1395
640
1326
498
1484
2120
958
2164
1650
1972
1329
2220
1587
1459
646
1225
499
794
2299
1494
1591
1632
901
2329
636
1464
473
1387
683
1979
500
2238
2114
1477
220
371
1500
2418
1902
963
1122
1401
2285
1828
1619
2073
2038
2085
510
1661
1079
697
386
1977
1841
1379
1705
1050
1882
577
1676
1860
1463
941
1248
1844
545
348
592
1592
1609
1637
1036
698
1283
1822
1371
1062
1270
2080
1837
1907
1360
1970
2200
1043
352
1143
72
778
832
688
1714
1809
541
1412
2271
1330
993
589
872
1434
299
950
1696
889
2134
2024
685
743
2156
1762
247
2122
2068
1051
811
1647
1299
1582
1601
1406
1978
1596
1151
1973
1751
1110
1534
248
1916
1906
477
1320
540
1427
1241
588
1530
1077
1089
973
688
1152
801
1719
1184
1368
1177
353
2347
827
1166
1251
930
1976
780
1941
1280
1309
2056
2114
277
817
1049
685
2073
1209
2014
1591
2189
1521
702
417
830
937
1983
1409
957
1330
1669
117
947
233
1608
1846
1247
1240
1745
1355
142
1523
2207

20
200
18
18
14
9
12
8
9
14
15
18
11
19
14
9
5
13
13
12
15
17
14
18
20
16
10
8
16
11
16
18
8
12
11
12
7
10
11
6
12
7
5
20
10
9
15
13
8
20
20
19
16
9
17
15
15
8
12
16
19
6
6
15
7
19
15
11
19
10
19
19
7
16
6
17
9
14
16
16
6
15
10
5
9
13
8
18
14
6
13
18
15
6
13
12
13
6
18
14
10
8
18
7
12
9
13
16
12
5
18
18
5
18
18
18
6
8
11
9
14
9
5
16
18
17
9
9
18
15
12
11
15
7
10
19
18
18
11
13
14
9
8
16
15
5
14
19
19
12
17
16
16
19
17
16
10
9
11
18
19
16
18
12
6
11
8
14
20
14
13
13
11
15
17
8
17
17
19
9
8
9
19
17
9
10
9
19
12
9
6
6
15
13
14
5
9
14
15
8
17
19
0
86
346
442
384
1892
1778
1306
1677
1604
156
313
401
695
124
1712
1652
791
1050
1400
13
880
826
876
655
1793
999
1718
446
1366
1254
1152
524
1342
1156
585
1192
1698
998
1363
424
1521
381
1554
856
1424
1819
817
243
1535
610
148
1147
1634
1082
1634
1312
1312
1861
784
493
963
1838
1670
634
1473
371
1129
439
1475
944
1189
1737
1630
1449
1790
1676
1286
1562
125
1662
839
727
800
1276
930
1764
1376
376
233
1355
1863
775
324
1714
831
1743
104
1528
1597
35
1760
487
799
268
1090
580
197
24
1559
1798
511
1844
1734
505
740
1014
1267
1649
388
1333
156
951
1026
53
1722
341
745
1865
1745
1226
1092
1229
1220
245
747
618
83
1566
1321
118
1649
927
1460
883
560
1761
787
312
1342
1267
1427
253
1778
973
1643
283
1697
854
204
1246
353
710
223
746
515
654
204
1903
1748
1264
1563
1653
1023
1031
1071
1104
469
1307
1340
389
1845
965
75
1225
1030
601
868
830
714
421
472
432
559
78
1106
437
362
44
812
554
304
751
705
972
2279
1836
1935
2117
2215
366
480
1014
1234
432
1782
1972
1022
1640
1826
157
1305
1450
1368
755
1900
1086
2254
958
1897
1401
1462
996
1963
1713
686
1419
2231
1011
1716
585
1558
1015
2067
1062
1902
2188
943
322
1745
1038
477
1453
2274
1710
2163
1962
1483
2164
1116
688
1321
2402
2106
1065
1505
1025
1477
1092
1519
1017
1307
2380
2149
1603
2387
2269
1366
2000
668
1714
1416
957
1396
1803
1411
2104
1995
730
599
1565
1922
1252
888
2257
1268
2268
325
1538
2126
254
1828
555
1424
753
1715
624
800
677
1858
2192
1101
1953
1837
642
1079
1393
1432
2151
1009
1766
546
1208
1536
473
1906
904
1084
2175
1817
1430
1122
1523
1797
623
995
926
618
2108
1950
434
1824
989
1780
1041
949
2310
1283
776
1958
1779
2003
566
2061
1452
2014
478
1910
1260
481
1362
471
1154
252
850
703
700
256
2119
1890
1484
2160
2277
1079
1494
1099
1359
670
1455
1887
913
2003
1304
110
1321
1456
1169
1040
1197
1048
859
1074
761
1130
328
1371
1014
527
672
861

21
200
14
12
16
11
14
12
20
7
17
19
17
16
7
13
18
6
6
10
15
11
5
12
12
18
9
7
20
13
16
16
14
14
16
12
16
20
10
7
11
18
18
13
11
10
14
12
14
19
17
8
12
11
18
18
12
10
11
9
14
13
11
17
9
8
11
15
8
17
15
14
9
10
6
19
9
5
17
11
11
16
5
11
19
9
19
9
19
15
6
10
13
12
10
12
6
17
10
20
14
19
18
13
16
8
7
7
20
9
19
19
18
5
13
15
8
5
17
11
5
15
12
15
16
20
14
17
6
11
11
19
16
8
15
16
7
8
19
6
15
7
19
16
13
12
11
8
16
9
15
20
18
7
6
10
11
14
19
18
7
11
17
12
18
6
15
17
11
11
11
18
15
13
10
10
16
7
16
17
13
14
9
16
12
10
11
19
8
15
15
17
9
13
15
7
15
5
19
15
12
8
0
1294
778
1839
272
609
666
1614
732
1747
1411
1791
263
322
940
1352
1498
302
825
393
301
1556
1532
177
1271
747
1918
67
223
807
1832
556
364
197
1863
1384
858
1463
1007
94
1395
647
1721
1199
1896
939
20
872
535
559
880
1629
3
190
46
727
187
1126
1363
973
651
950
1123
1145
719
264
828
1241
1306
327
1050
946
136
1281
1209
1483
1819
70
295
810
1706
1576
269
23
1572
1652
1372
1295
634
1791
725
1744
718
615
757
136
1793
762
355
1555
1669
1378
294
380
1108
1307
1606
1781
1182
526
1520
460
1837
1808
258
1886
33
164
228
887
294
548
1283
945
1364
1315
518
583
683
1259
295
1325
1575
433
222
199
1298
610
1818
83
713
603
1584
859
219
10
1210
832
1547
837
1014
258
1241
1284
1490
1773
1180
57
252
1510
802
1623
1523
333
233
346
454
106
166
1298
1770
941
718
1786
362
941
536
1015
661
887
297
418
491
1903
316
482
823
504
263
881
1787
1758
327
100
160
1071
283
1384
668
1543
533
1308
956
1870
647
971
1231
2081
1161
1876
1767
2166
802
591
1376
1504
1728
546
1408
1037
376
2032
1956
833
1890
1090
2288
424
269
1232
2047
1211
461
667
2502
1947
1292
1630
1536
363
1850
1147
2354
1616
2150
1339
97
1508
632
887
1494
2266
115
362
243
890
439
1559
1524
1126
1145
1215
1152
1288
1113
516
1239
1590
1431
843
1116
1389
240
1474
1845
2124
1906
153
310
959
2153
1776
871
362
2002
1709
1973
1801
859
1814
1194
1831
1358
675
1037
735
1845
1226
569
1595
1931
1737
794
797
1176
1855
1881
2013
1292
1096
2062
1033
2189
2176
682
2079
542
787
604
1284
324
764
1364
1060
1523
1631
818
889
1114
1635
722
1838
1815
817
802
371
1849
1106
2223
618
960
899
1600
1399
491
160
1573
1104
1870
1023
1292
690
1821
1557
1529
2196
1689
704
334
1620
1314
2276
2031
711
845
745
869
383
788
1624
2114
1561
996
1856
427
1434
790
1301
997
1138
640
450
841
2425
766
717
1287
721
696
1342
2066
1884
407
240
408
1474
781
2020
755
2130

22
200
10
14
13
15
17
16
13
10
16
11
20
6
11
19
7
16
11
9
17
10
16
10
11
14
14
13
15
13
8
16
13
11
8
18
16
9
15
19
6
6
7
14
19
18
12
11
10
7
11
13
13
8
14
10
8
12
13
12
11
10
13
13
7
13
18
9
12
14
6
18
7
12
12
15
19
12
15
10
13
14
8
15
16
18
16
15
18
15
12
15
17
11
14
15
6
17
8
16
18
15
18
12
11
18
18
8
19
19
5
11
17
12
16
10
15
16
8
6
14
5
7
20
16
14
9
9
16
15
7
14
12
8
13
8
13
13
17
7
13
18
7
6
14
9
6
9
7
13
6
18
13
8
15
10
13
8
6
18
11
10
20
9
10
5
12
9
9
14
20
14
19
9
10
7
7
7
16
12
13
12
5
7
19
18
12
18
5
18
9
16
10
7
10
8
7
13
16
14
9
8
0
826
1393
1121
628
1725
529
1439
538
685
27
1405
45
1143
909
1776
1093
288
1628
1169
1007
1742
1754
1840
253
1735
337
72
1111
703
1007
610
538
933
1730
1511
1734
1627
1561
1799
1564
1806
461
377
488
274
553
1729
1376
1238
1482
554
1429
47
89
1413
776
54
1833
1300
595
37
677
422
1431
1329
1260
450
371
1751
1357
208
1443
1547
1064
1541
1016
1301
969
279
1287
438
423
880
732
283
586
135
1693
1818
1238
665
572
276
1557
1437
822
1753
1227
201
1273
1266
1024
1187
1831
929
1077
259
1247
296
1491
1730
1289
653
1683
290
1260
1420
1269
710
886
932
703
1396
1034
57
819
1533
8
620
1318
319
700
783
1032
90
525
1492
27
252
1549
305
817
1222
1669
1478
1405
1596
569
177
1370
367
1599
1039
821
326
880
1301
534
487
114
550
1507
1340
1197
510
1222
1552
681
1607
1419
685
1196
282
704
1327
700
1183
1551
1213
656
249
1334
81
1367
769
633
801
1601
1839
296
1826
246
994
214
1091
524
251
797
1043
541
894
1963
1704
714
1948
684
1779
610
829
275
1485
248
1574
1239
2086
1518
668
2081
1716
1606
2066
2067
2438
661
1774
911
159
1411
1136
1077
1110
725
1036
2138
1770
2150
2085
1724
2157
2134
1913
929
624
546
451
995
1794
1474
1832
1701
790
1652
445
329
1499
1351
111
2247
1431
1113
271
1007
522
1500
1942
1476
1054
433
1805
1596
414
1844
1779
1361
1593
1612
1483
1267
610
1620
786
543
1104
791
623
951
460
1820
1942
1847
822
787
547
1729
1601
1183
2300
1563
373
1696
1851
1139
1382
2423
940
1234
510
1637
816
1923
1984
1381
1139
1891
738
1620
1517
1565
801
1262
1065
1088
1525
1290
601
1153
2013
20
819
1868
635
1324
1203
1577
128
794
1854
591
284
1701
817
1358
1486
1750
1675
1430
2191
998
332
1456
433
1738
1171
1137
656
1417
1638
617
740
462
621
1665
1609
1294
761
1450
1663
1046
2126
1725
843
1386
878
828
1514
1100
1246
2014
1265
1068
416
1515
385
1958
1164
1080
978
2184
2435
661
2379
382
1216
597
1294
874
269
920
1206

23
200
17
16
6
17
16
16
13
17
15
10
20
14
7
13
9
11
15
6
13
19
9
13
6
20
20
11
7
19
6
8
13
20
11
16
6
6
18
10
9
15
6
13
13
14
8
8
7
5
8
14
9
14
17
10
11
13
16
19
7
15
19
11
10
20
15
9
19
16
11
17
16
16
17
13
9
15
9
20
14
13
7
11
13
19
7
11
5
9
9
18
6
9
19
19
5
5
15
10
9
10
14
6
13
17
12
11
8
19
9
14
20
8
7
19
6
19
20
11
7
7
7
10
12
9
19
16
16
17
11
20
18
15
19
13
9
17
16
11
13
5
12
12
9
8
14
5
14
11
15
16
11
19
7
19
9
12
14
14
11
6
18
16
14
8
10
17
20
14
7
8
15
8
13
17
7
19
19
16
9
12
17
17
11
15
13
12
9
11
17
9
12
16
18
9
15
19
8
18
12
8
0
292
1469
151
162
1022
976
1652
1166
905
987
447
1570
972
1060
362
468
1733
1564
1257
117
1340
1803
145
941
381
1115
489
480
493
1338
283
881
214
493
793
8
2
782
852
1200
791
1743
1484
1537
432
1659
944
1244
905
883
1164
1717
219
1656
1882
550
909
1858
1535
502
1440
132
221
848
522
282
988
1363
1563
55
944
690
1633
1671
787
332
1597
669
1422
1724
880
1858
1042
4
211
1810
1293
1899
527
1899
1660
958
462
853
203
317
1527
374
695
1019
587
1311
556
417
1559
1156
1482
470
1206
741
26
90
1879
490
48
1787
390
1721
482
1046
129
939
333
112
1342
240
983
1302
1462
840
171
583
336
946
1470
1223
421
1118
1284
1669
573
306
36
290
145
923
1441
1570
599
431
904
1715
428
1117
1124
1043
1027
319
761
173
283
388
1873
771
1041
645
1006
205
1696
1110
109
858
1788
1183
274
625
1249
228
1168
573
1455
367
1456
83
56
1302
294
232
1040
800
884
967
1572
160
945
1407
1802
1678
1539
92
666
1881
191
737
1072
1312
1939
1633
1273
1579
854
1919
1166
1615
499
1114
2163
1876
1310
417
1944
2133
213
1018
766
1733
654
960
698
1714
631
1027
790
555
1357
417
363
1009
1222
1508
1150
2300
2105
1702
450
1711
1273
1766
1071
1474
1582
2225
427
2207
2058
579
1014
1869
2149
774
2072
551
378
1470
780
639
1013
1776
2059
340
1528
1225
1802
1862
1414
758
1932
964
1491
2094
1360
2043
1318
524
669
2214
1737
2236
587
2322
2022
1102
924
925
285
935
1884
932
717
1314
836
1852
851
1043
1710
1657
1588
820
1650
1002
654
346
1946
536
77
2339
742
2248
930
1577
703
1358
430
241
1751
731
1068
1835
1929
1021
585
655
708
1228
2026
1361
1023
1255
1368
1800
1166
354
601
571
189
1004
1633
2010
1022
553
1099
1866
458
1739
1719
1621
1233
424
1212
342
384
504
2349
861
1589
1212
1306
709
2177
1561
582
1146
2422
1478
389
1171
1528
548
1297
995
1634
522
1520
115
559
1895
486
530
1501
1230
958
1546
1585
371
1215
1843
1910
2040
1683

24
200
6
19
15
19
15
5
10
17
18
16
14
18
14
5
9
11
14
11
6
17
12
8
11
7
12
11
16
17
10
17
16
17
11
15
18
17
15
14
7
13
15
15
6
13
20
20
12
8
8
20
9
6
6
14
10
9
17
9
15
10
10
15
10
11
8
6
10
16
5
17
9
14
14
12
18
16
16
15
15
6
11
14
15
6
6
6
7
16
14
14
17
12
10
16
7
6
17
7
8
20
14
18
16
6
19
14
8
19
8
17
12
10
13
8
15
16
13
7
9
9
16
6
18
19
14
16
16
10
16
15
7
9
18
15
13
13
5
10
13
6
13
16
10
19
6
14
19
9
9
18
20
11
6
12
6
13
17
13
12
13
12
14
19
10
18
10
7
9
8
16
15
18
8
8
14
11
13
14
12
20
14
15
10
8
11
10
18
9
9
13
11
12
12
13
15
20
7
14
7
9
0
1621
1689
1249
871
311
335
214
1746
855
1605
920
634
528
588
349
951
1299
498
1673
532
1636
1055
749
1533
662
258
1587
705
1412
734
1278
264
870
1561
1675
191
237
391
1394
962
693
1719
1136
1841
1303
60
190
1307
1671
1165
307
1579
1720
1439
400
1369
1206
1772
123
1257
668
253
1426
228
834
724
1795
256
309
332
78
1244
1644
513
1128
1328
1325
829
890
1661
1806
1408
1753
796
565
1427
499
209
1803
711
567
472
129
1234
303
269
559
638
1433
195
1742
719
653
1114
1134
570
1084
867
1357
1078
892
1541
1714
1665
1423
1195
817
1026
1493
929
1776
1438
1500
1201
1054
369
822
1463
1017
720
938
1297
1137
1006
1490
321
383
563
1720
652
1284
1617
101
1705
1462
330
864
474
505
1002
1546
151
505
671
162
981
86
718
1748
508
1372
209
1184
1404
1693
1404
549
1708
672
857
535
1168
115
278
1748
396
1178
1229
280
360
524
1014
284
1333
1170
556
1792
1377
468
493
1435
933
845
42
1703
522
127
1017
991
6
2130
2251
1656
1327
846
764
624
2038
1219
1797
1070
982
829
1089
581
1526
1776
902
2004
714
1921
1243
1279
1551
867
600
1831
986
1970
1274
1904
441
1030
1934
1790
313
616
456
1679
1582
1143
2301
1350
2185
1570
638
696
1816
1941
1389
369
1762
2000
1639
928
1390
1813
2364
325
1600
1067
872
1992
361
1138
1012
2057
725
534
631
356
1779
1788
741
1414
1680
1412
1426
1287
1825
2056
1600
1986
850
899
1798
648
439
1863
1010
785
512
236
1671
498
880
772
851
1531
403
2189
895
938
1580
1329
699
1587
964
1521
1281
1379
1988
2037
1823
1599
1280
1200
1528
1643
1283
2007
1597
1713
1591
1585
462
852
1681
1427
1315
1207
1884
1634
1229
1592
923
492
625
2267
686
1854
2173
693
1891
1874
885
1480
494
554
1023
2116
635
867
850
425
1611
446
1247
2180
1001
1546
804
1582
1888
1859
2025
1136
2064
732
1165
867
1223
586
850
2119
914
1607
1716
307
723
1031
1458
313
1870
1457
914
1826
1467
960
980
1822
1204
924
562
1955
635
330
1575
1001

25
200
8
10
16
16
9
20
5
5
16
13
11
7
15
9
16
8
9
17
18
19
7
11
9
20
5
7
6
14
15
15
7
10
7
8
9
5
18
10
10
9
6
7
9
11
12
12
12
18
7
13
5
7
9
5
8
16
5
9
20
12
20
13
8
16
10
6
7
18
6
7
9
8
15
12
13
8
7
19
14
6
10
11
14
17
18
14
14
15
13
13
18
11
18
17
5
15
12
10
13
9
12
6
17
10
19
14
13
5
7
16
7
16
8
10
9
15
14
15
7
7
8
19
19
10
9
15
18
12
17
11
12
11
14
12
6
8
18
12
10
18
19
11
15
15
18
9
11
11
7
10
17
13
13
13
7
7
11
6
13
10
9
16
18
17
11
9
18
18
8
9
19
18
11
5
7
10
8
8
11
9
11
8
20
18
13
12
13
7
13
9
5
6
12
15
13
7
16
16
9
9
0
752
89
446
935
437
461
1359
1694
898
143
998
1050
530
870
805
120
1504
1419
1691
52
122
517
1677
553
1071
1573
287
941
1351
1580
1420
495
839
1661
327
983
1025
570
686
1168
1609
1632
138
165
253
1442
774
1198
1681
1292
449
1124
1170
912
408
1031
1121
1484
839
534
1257
256
610
556
132
243
784
1728
1005
1566
173
454
258
1417
44
1268
418
729
965
263
1446
750
153
252
120
1628
340
162
181
195
1741
83
42
808
387
1225
993
1438
1201
200
967
361
769
639
1028
1395
716
1292
155
32
1411
1150
234
173
106
1716
326
41
1031
1468
383
505
283
1144
473
624
266
895
1685
400
801
926
27
47
636
676
497
15
241
1168
617
1583
1107
308
383
1742
1195
1535
166
1459
997
1081
1504
15
597
517
337
1527
473
1075
1614
1090
390
169
1074
1147
398
884
1642
1034
39
565
1479
1541
1512
807
123
696
647
1471
38
1618
1216
8
971
1635
1399
744
1198
1015
195
1142
1339
521
611
1691
269
1610
1387
408
1291
524
919
1409
769
631
1794
1737
1107
512
1262
1158
745
1113
1355
335
1807
1878
2122
512
597
865
2056
587
1350
1917
365
1285
1715
1692
1562
895
968
2022
358
1273
1358
1152
1219
1318
1801
2217
221
412
632
1955
1168
1672
1990
1413
539
1345
1600
1219
502
1045
1513
1985
1251
906
1310
458
687
1147
433
532
1000
2308
1118
1793
413
563
840
1949
374
1522
757
1026
1331
426
1519
776
224
552
629
1956
598
487
558
459
1846
145
548
1277
640
1798
1080
1818
1271
380
1475
607
1184
1046
1583
1830
1166
1504
734
599
1447
1414
502
184
382
2147
733
255
1404
1696
584
984
603
1300
687
948
583
1295
1734
611
1211
1288
147
345
1022
939
766
564
670
1538
1146
1892
1404
798
580
2317
1207
2075
685
1587
1204
1148
1704
242
1009
928
439
1544
624
1640
2183
1666
598
419
1612
1567
727
1398
1910
1612
189
1082
1767
2053
2083
1184
257
1150
925
1611
209
2106
1527
29
1511
2037
1671
882
1237
1171
648
1448
1396
1021
731
2002
830
1902
1409

26
200
8
13
10
6
7
6
10
18
19
9
9
12
6
18
12
13
9
20
8
13
19
19
17
16
16
11
11
10
19
10
19
8
13
19
13
19
14
7
16
5
14
8
11
12
7
17
6
8
15
7
12
13
9
17
17
6
18
13
5
16
6
10
15
13
12
13
8
11
19
10
10
14
7
12
6
18
11
11
18
15
5
13
6
19
19
18
16
9
19
16
8
9
13
9
16
20
16
19
18
18
17
11
7
10
6
9
9
7
8
6
17
13
16
6
14
9
17
14
18
7
14
18
11
16
8
16
17
17
14
9
7
17
11
10
12
6
11
8
6
11
20
12
9
18
19
11
16
17
8
12
17
18
13
14
7
16
9
11
7
15
8
12
15
12
7
8
9
11
8
16
11
17
14
9
9
20
17
13
6
17
13
7
17
7
6
7
6
20
8
6
10
16
11
20
8
5
14
9
5
7
0
215
1628
733
737
414
932
325
1447
125
838
738
755
1378
754
959
42
431
646
1108
1642
1374
1523
1205
898
19
157
828
1115
1329
1808
1306
811
1322
833
253
313
344
404
156
856
548
1139
744
1235
1551
667
520
1665
34
1456
881
1675
1769
1401
1721
1660
754
1007
206
415
1459
1653
1664
87
530
1401
1371
1743
318
1175
926
1185
1595
367
1561
1027
387
206
1590
1246
136
1227
567
632
274
392
840
544
1610
1611
1797
1436
550
1368
1201
1802
1624
1564
732
951
248
312
942
672
1705
18
987
1712
891
1757
1120
1086
1584
1524
1401
739
1622
1180
89
722
825
410
1603
201
40
745
1003
1328
688
747
511
988
562
642
1304
124
741
956
530
1055
1109
690
681
582
1178
1460
1026
399
109
1260
141
634
1714
696
1159
1686
57
1683
1300
257
708
1400
1118
1083
373
1627
430
1088
1815
1597
1752
295
1426
1784
988
1694
789
1345
791
1494
1493
236
813
1284
1714
1482
233
1571
1240
893
1467
919
621
1694
1193
298
1134
1189
1361
134
342
2155
1005
911
724
1269
367
2015
156
1134
843
847
1761
1315
1327
307
956
1038
1278
1941
1757
1821
1228
1218
292
501
1257
1523
1726
2222
1582
1165
1496
1390
664
576
677
1022
359
949
585
1448
1073
1263
1644
738
805
2207
512
1840
1480
1786
2213
1633
1763
1812
1158
1581
244
617
1839
1705
1707
540
693
1473
1703
2350
902
1442
1173
1743
2116
938
1806
1187
637
829
1941
1741
580
1343
713
856
405
911
967
661
2073
1655
1834
1701
667
1515
1725
1923
2248
1729
793
1119
295
368
1396
1241
2051
381
1343
1983
1312
2367
1681
1356
1808
1795
2013
892
1955
1628
218
873
994
751
1678
223
217
1126
1368
1818
763
1188
703
1284
875
875
1561
316
830
1511
551
1170
1459
1070
733
773
1325
1524
1250
1011
410
1867
397
1085
2037
1107
1541
1796
112
2209
1679
775
1319
1774
1264
1541
476
2140
447
1420
2006
2215
2152
848
1955
2172
1072
1949
1162
1683
999
1942
1546
711
1193
1510
2098
1707
254
2045
1297
1378
1946
951
1126
2065
1774
369
1275
1309
1755

27
200
13
13
14
11
5
16
18
15
7
13
18
5
11
15
10
9
9
12
8
17
15
6
10
12
12
13
7
14
12
7
10
19
15
6
8
8
17
13
12
18
10
18
17
13
18
17
8
8
20
16
13
11
13
6
14
13
15
18
8
8
15
15
8
6
14
6
18
8
11
20
12
12
7
9
14
6
19
11
19
18
11
17
7
12
7
11
19
14
12
10
12
7
12
17
7
16
13
9
9
11
20
5
10
14
9
7
11
16
9
14
9
9
19
5
14
13
18
15
15
11
9
9
11
11
12
18
10
8
5
11
17
18
12
19
13
20
14
14
18
18
13
18
7
19
9
9
7
7
10
17
11
15
16
16
18
9
9
12
10
8
19
16
13
16
18
9
15
20
15
15
9
14
8
19
14
17
13
12
15
19
17
19
18
10
6
14
15
7
10
12
17
6
15
13
8
7
18
17
15
10
0
533
293
1206
454
1320
1470
1756
1015
652
152
1405
1162
951
1069
1887
1748
1333
897
1849
206
102
1762
953
1151
1879
1439
241
412
600
1143
720
839
1258
988
1171
232
635
1346
902
314
1236
979
898
1630
1318
700
1535
1193
1251
1571
1641
1206
1199
729
854
337
133
265
605
444
1407
171
24
218
888
204
969
1088
648
565
1495
635
1562
1711
1388
749
810
733
983
106
499
1618
1782
86
544
955
1405
1277
892
385
866
777
1347
1704
1557
1457
1408
14
525
1835
1609
732
1073
386
1211
303
39
1833
1286
1728
914
686
501
1015
925
1356
189
536
1241
991
344
494
1639
32
1245
1843
484
646
1794
187
1001
1347
1705
210
1251
868
530
1851
920
701
651
997
417
473
1560
1214
854
142
120
1875
1175
1282
1107
758
1003
670
1752
1002
1708
547
1787
81
1020
445
833
1666
157
608
633
1596
1784
787
411
163
766
1785
969
1365
812
1071
145
354
430
1179
903
933
166
1430
1451
124
983
1149
9
527
447
10
601
748
1883
354
1050
317
1759
1060
1337
1947
2317
1151
853
238
1837
1598
1560
1520
2033
1994
1380
1025
2390
592
320
1999
973
1680
2396
1465
383
750
791
1548
1196
1107
1315
1333
1405
795
843
1911
1294
527
1608
1570
981
2223
1573
1119
1854
1519
1851
2167
2103
1374
1645
1043
1148
973
413
461
1042
651
1439
704
502
684
1514
365
1115
1139
1080
726
1966
717
1628
1743
1581
1288
1448
1028
1072
137
582
2199
2013
191
1071
1452
1447
1723
1117
944
1231
1371
1424
2061
2016
1994
1875
460
1087
2162
1903
1238
1445
991
1265
398
345
2464
1502
2201
1103
1097
509
1121
1562
1863
568
1075
1365
1031
650
699
1912
653
1875
2237
731
1044
2389
409
1285
1431
1757
724
1631
1316
614
2297
1242
718
1161
1325
679
735
1853
1475
1216
528
611
2263
1435
1749
1189
1381
1286
715
1789
1074
2170
879
2191
274
1417
1059
1263
2189
396
1103
778
2177
2365
1121
881
805
1372
1825
1407
1532
1238
1175
185
529
667
1733
1515
1551
480
1973
1834
395
1516
1411
164
865
977
42
901
1171
2311

28
200
7
17
18
19
8
11
16
14
16
10
5
12
19
5
9
19
8
7
8
7
5
17
8
20
17
14
17
7
11
12
11
12
8
14
9
10
16
18
12
9
9
11
17
19
14
8
10
7
5
7
11
12
9
17
11
14
15
20
13
10
8
14
13
17
6
20
17
16
18
10
11
18
17
11
13
13
16
20
14
6
6
19
5
10
11
14
9
8
14
5
7
15
13
17
15
18
9
12
16
9
10
14
17
14
9
8
19
13
5
15
9
7
14
17
9
10
7
7
9
13
13
17
14
8
14
16
16
8
17
7
9
15
5
15
10
17
19
20
11
17
6
13
19
16
12
13
9
13
10
7
8
13
9
16
17
15
13
8
19
8
10
11
10
13
14
9
18
17
14
12
7
17
14
14
13
13
6
9
16
16
17
11
8
9
16
16
10
11
13
15
19
14
20
7
14
18
6
6
17
11
0
1371
1372
581
1247
775
45
440
498
653
975
678
699
784
977
1023
1463
1279
58
1345
716
1807
1202
679
643
728
1099
1082
1007
483
1188
795
365
459
455
1181
587
412
1218
770
1712
1240
515
871
1157
159
166
1654
1047
561
699
155
485
92
1039
722
713
1455
782
999
1831
149
916
1157
440
1083
1650
1331
348
1563
671
1508
1068
6
1651
419
417
1373
967
261
142
543
1539
771
653
194
1272
642
1681
1629
1288
964
541
917
46
772
1074
1354
1783
1721
790
197
1662
791
895
1591
235
1071
1136
640
313
924
1848
1693
1640
889
1158
902
420
1629
441
1730
1637
662
402
892
1007
263
862
375
296
772
1531
1643
1691
1002
94
459
317
448
1611
1678
544
809
253
1745
822
1517
1299
1061
546
1675
1619
1369
1605
1233
322
99
469
777
549
95
1104
220
1551
126
1805
1326
1573
1366
1117
1349
1358
818
106
1324
899
1285
1518
1396
1596
1439
1679
1157
830
1143
1721
1549
429
479
513
264
1171
1591
1440
1393
1050
1092
1016
1471
372
1639
1641
793
1626
796
391
680
619
670
1426
930
741
1121
1591
1367
1944
1545
537
1377
791
1928
1603
1004
771
1191
1500
1586
1501
742
1206
1362
470
1016
1072
1233
930
879
1661
1222
2023
1423
702
1270
1685
372
387
1891
1534
898
997
317
619
661
1211
1312
1233
1662
1076
1353
2395
468
1331
1443
807
1288
1746
1867
504
1998
948
1751
1633
263
1669
490
731
1805
1436
397
520
1102
1880
891
995
558
1893
771
2042
2105
1299
1019
1171
1485
460
848
1118
1585
1831
1887
832
244
2004
923
1501
2099
783
1257
1697
701
814
1160
2171
2256
2209
1123
1663
1132
776
1836
825
2244
1909
775
917
1304
1080
792
1451
538
533
1234
1559
1666
2119
1242
413
776
422
712
2014
1769
606
1107
822
2094
1368
1591
1532
1363
942
2051
1794
1798
1763
1553
783
621
1105
1358
985
563
1173
501
2095
618
2121
1540
1812
1944
1526
1653
1945
1092
127
1559
1139
1517
1629
1701
1742
1539
2145
1536
885
1231
1970
1829
928
848
691
822
1194
1651
1864
1635
1576
1471
1314
1971

29
200
15
7
12
9
14
14
20
9
15
11
18
10
5
14
10
8
15
12
9
8
15
5
15
13
15
7
18
9
20
16
5
17
15
16
9
11
9
9
9
14
15
7
14
10
6
8
18
14
17
13
14
15
17
10
5
19
16
7
6
15
19
13
12
14
15
17
18
7
6
8
20
6
12
17
9
18
11
9
13
7
12
14
13
16
7
16
18
12
8
5
16
18
20
10
6
16
9
18
17
16
17
6
9
17
8
20
8
8
14
6
12
14
18
16
16
16
11
12
16
17
12
8
6
5
7
12
18
7
7
9
15
5
5
15
6
20
9
17
8
10
5
6
18
19
7
8
6
7
17
16
7
19
18
13
11
19
19
11
5
19
7
13
17
16
18
16
9
8
7
6
10
19
12
15
15
11
18
6
6
20
12
20
10
19
7
14
15
10
15
12
11
12
10
20
15
10
7
7
16
11
0
1028
1554
489
1171
1271
565
1498
1158
871
1284
643
240
1735
774
1150
873
1620
542
319
1105
561
418
1638
901
1505
549
741
221
633
1173
155
1135
598
4
1692
1358
1574
891
71
698
1506
372
428
416
1024
839
272
401
158
325
971
1829
754
259
414
1744
1724
1487
560
162
1031
384
1798
604
786
1491
1254
661
1654
1298
164
1462
1413
190
539
1309
469
884
1791
481
1485
551
1536
929
407
1368
149
192
309
567
390
145
1073
1345
1680
415
10
151
626
727
716
945
1072
494
699
883
995
1469
1193
1697
116
1745
474
459
1071
1696
1172
1086
49
928
277
272
628
1288
1562
261
581
538
667
323
161
956
1019
893
70
891
1600
1734
724
889
1836
434
551
1655
1511
267
1227
1484
381
506
995
1774
1244
373
574
612
824
774
950
1460
1753
1796
961
347
499
417
1641
734
1109
1158
1247
1001
407
1687
848
37
44
1173
713
933
264
774
3
1072
1267
1622
281
271
238
1048
1376
501
705
1643
1190
1182
147
694
871
171
1100
1698
879
1514
1837
879
1650
1481
1227
1857
931
338
1940
1201
1590
1345
1811
622
509
1176
749
816
1742
1259
1773
1104
1284
791
755
1548
189
1504
652
571
2233
1860
1744
1195
216
1210
1684
791
1039
822
1174
1310
801
486
631
576
1346
2396
774
665
906
2228
1733
1739
582
642
1291
769
2246
720
994
1780
1535
950
1786
1626
724
1899
1539
289
852
1747
528
1087
2112
881
1790
986
1714
979
423
1851
507
366
436
879
588
650
1250
1426
2041
490
548
217
1146
997
882
1050
1521
613
974
978
1548
1948
1628
1797
577
2086
515
814
1693
2265
1566
1141
305
1405
436
680
845
1524
2154
837
930
1019
1177
722
683
1171
1428
956
663
1262
1806
2326
1059
947
2192
462
817
1850
1628
300
1731
1797
958
965
1021
1897
1588
994
716
1028
981
1247
1310
1959
2090
2061
1450
802
637
1033
2144
1053
1314
1418
1356
1456
940
2158
1079
520
523
1647
854
1343
626
1378
86
1539
1665
1697
478
614
637
1370
1593
589
999
1828
1369
1661
431
1046
1158

30
200
17
6
18
18
12
10
7
10
19
18
17
5
6
18
20
9
5
8
7
13
16
9
20
14
19
8
15
11
13
13
13
18
15
11
9
9
19
12
7
19
9
15
19
14
6
19
5
19
16
7
15
6
16
18
7
18
17
13
11
16
17
11
15
6
12
8
5
10
13
11
14
15
9
12
8
13
19
10
11
13
5
12
5
14
18
20
17
15
11
11
6
5
8
10
17
18
20
13
6
10
10
18
12
6
18
18
10
19
15
10
11
10
8
10
18
8
6
14
5
12
17
19
13
15
7
15
15
19
8
16
19
7
10
10
15
12
11
12
16
10
19
5
11
14
19
7
11
11
9
14
15
12
11
9
11
9
14
5
10
6
11
7
14
18
9
17
9
6
7
7
5
15
10
19
17
10
7
9
13
5
20
9
18
18
17
19
15
5
15
20
12
16
7
10
15
7
15
7
8
6
0
22
1476
1047
315
391
716
1712
1249
87
748
960
614
1312
1417
1088
1677
1500
663
1662
736
101
1093
286
682
417
89
408
1595
1270
1246
1181
1063
1782
1184
442
1081
1152
556
563
876
166
671
400
105
1043
1432
1724
972
1301
644
493
596
341
1176
527
808
1538
307
1571
962
952
836
1135
924
641
1722
729
69
883
501
696
1055
102
165
22
521
950
1266
19
1230
1679
1370
698
219
675
982
1590
344
654
1313
1337
1623
1769
357
477
1389
1384
235
1735
89
811
1008
1203
1298
1818
1275
1508
948
551
988
1743
312
318
1050
754
951
1209
652
1672
1473
868
1616
957
282
1197
483
1329
232
114
1510
591
1020
1761
63
1229
944
399
816
163
1224
800
34
1692
1420
940
18
119
1203
1646
1533
869
692
281
15
821
1744
1830
1253
352
571
812
1430
918
1648
477
535
1819
1000
643
1406
1464
90
410
886
233
232
423
735
1065
136
1290
661
1173
1678
1190
1110
459
530
339
237
1621
1674
615
1678
1801
1506
658
984
397
170
197
1638
1341
565
857
1295
2212
1749
666
909
1406
1064
1622
2036
1415
1876
1806
868
1799
1118
227
1688
324
966
711
287
905
1899
1310
1651
1798
1686
1896
1558
508
1599
1692
585
705
1015
447
792
895
702
1310
1676
1905
1233
1603
1261
569
1047
830
1244
1125
1005
2070
419
1896
1240
1510
935
1715
957
942
2178
919
609
1028
581
1096
1538
687
174
405
879
1236
1862
62
1777
2136
1714
907
767
971
1160
2163
853
1132
1868
1469
2019
1937
502
976
1748
1972
673
1842
387
977
1096
1455
1772
2354
1715
1856
1368
781
1418
1802
560
692
1166
1183
1389
1562
1103
1851
1622
1366
1649
1298
578
1382
928
1499
621
477
1963
792
1637
1854
517
1782
1140
947
1070
465
1771
1206
198
2073
1718
1402
83
508
1384
1766
1827
1130
1094
754
194
1217
2196
2366
1330
406
722
1220
1511
1511
1765
1039
648
2105
1335
660
1617
1998
182
826
1502
780
554
496
1225
1095
188
1414
716
1628
1766
1712
1415
584
883
802
610
1676
1841
1105
1953
2247
1635
831
1256
736

