1
25
18
7
11
6
11
5
20
13
8
8
6
12
12
6
10
13
6
7
11
9
16
20
16
15
14
0
40
64
27
46
134
160
67
19
52
101
188
13
101
116
133
48
58
18
200
100
202
113
140
82
36
103
91
72
122
181
203
87
88
127
172
225
67
125
185
190
102
117
81
276
121
286
184
202
100

2
25
14
17
18
13
10
18
9
15
15
7
7
7
7
10
13
14
11
20
11
10
12
15
5
8
10
0
104
187
208
210
151
177
46
3
6
126
9
93
40
172
29
183
98
29
8
15
46
33
123
46
51
173
258
264
246
169
226
127
41
26
195
54
166
55
220
60
208
152
58
62
63
94
82
186
68

3
25
18
16
11
13
15
6
15
8
13
13
19
8
16
17
14
19
9
9
13
19
9
17
16
7
7
0
162
163
167
240
42
96
167
118
9
12
202
244
170
95
49
203
5
212
148
124
46
58
114
30
36
258
190
216
280
88
129
252
164
58
70
239
268
206
168
146
239
93
253
191
138
121
151
151
50

4
25
15
15
20
20
5
9
14
13
17
20
19
8
5
6
6
10
17
13
18
17
10
12
5
16
7
0
89
19
2
93
87
165
143
179
136
25
154
176
79
70
152
15
117
89
212
88
196
87
186
154
51
109
103
38
142
108
255
207
203
162
84
220
241
94
123
203
55
133
176
287
166
256
135
262
229

5
25
15
19
7
20
14
19
18
15
17
18
19
19
15
12
13
13
10
16
14
18
16
6
11
17
10
0
123
236
163
204
6
273
28
251
11
105
132
84
165
140
154
59
243
61
269
157
52
226
206
46
96
175
313
228
279
110
367
102
296
72
178
207
137
254
166
226
76
332
132
351
183
100
274
286
132

6
25
7
12
16
19
15
13
8
12
19
5
20
14
13
8
6
14
13
11
19
17
12
17
14
6
13
0
34
206
142
193
97
218
226
84
173
206
9
71
179
63
31
168
130
170
176
191
129
1
131
99
77
72
288
163
280
172
245
261
118
227
286
67
135
254
111
54
200
161
231
258
205
191
60
192
166

7
25
18
15
9
10
20
14
7
11
5
18
16
5
12
18
10
9
14
20
17
7
16
7
7
6
7
0
15
101
5
120
158
88
41
103
148
121
35
201
75
59
137
17
209
181
156
76
108
89
94
45
44
83
165
27
168
229
146
92
108
201
152
107
260
155
83
168
70
248
217
233
128
171
149
129
102

8
25
13
12
8
16
17
19
14
13
11
10
18
7
16
18
7
10
7
5
15
14
14
9
20
17
6
0
227
132
228
54
55
145
103
41
140
35
93
84
128
193
219
232
145
4
64
97
210
122
163
185
74
250
211
301
104
138
215
172
83
188
115
159
106
157
212
234
273
204
55
112
147
260
180
238
205

9
25
19
5
15
10
19
11
16
15
18
8
18
20
19
6
18
15
16
8
20
15
8
12
14
7
12
0
13
238
66
72
240
229
156
70
152
221
92
149
93
87
236
182
22
65
182
88
94
70
202
153
63
26
306
143
152
259
315
220
124
181
317
145
216
159
130
336
238
112
112
218
117
109
124
276
206

10
25
12
17
15
16
16
14
15
9
16
8
15
17
5
12
8
5
10
17
19
11
12
14
9
8
11
0
31
147
75
58
73
122
87
186
204
81
17
25
210
179
40
51
233
82
65
193
210
214
104
177
68
110
239
135
134
140
186
115
206
224
135
68
52
269
259
119
130
305
160
91
237
230
223
129
259

11
25
8
12
20
5
13
11
12
18
14
16
10
20
19
14
19
16
6
11
7
7
5
12
9
9
17
0
224
206
177
1
182
18
84
83
63
231
115
59
197
225
207
198
120
28
65
36
38
139
75
83
22
297
271
184
52
228
95
133
131
86
274
154
127
256
253
274
222
163
108
102
102
81
205
137
175

12
25
11
14
14
13
16
9
17
17
6
7
7
14
20
17
7
15
17
18
17
18
7
11
17
14
17
0
234
165
118
99
220
33
95
165
233
0
45
144
108
249
213
115
79
59
157
162
186
107
166
225
43
324
258
177
177
253
72
181
240
324
26
61
170
205
308
255
209
111
121
230
181
216
161
234
281

13
25
10
12
18
16
11
8
11
8
7
12
9
8
9
16
6
20
15
14
5
14
16
10
19
10
10
0
73
49
30
149
113
57
197
194
56
135
35
214
166
102
115
65
38
64
37
188
50
38
146
37
33
126
76
101
207
126
119
276
230
139
180
60
264
255
166
172
98
76
136
119
227
62
80
193
49

14
25
5
12
17
14
18
5
10
7
11
15
8
13
10
14
17
16
7
16
14
16
14
9
7
18
5
0
51
173
137
56
133
35
25
117
76
142
63
211
13
52
28
174
134
213
117
52
87
196
124
118
65
80
261
205
99
144
95
48
183
149
152
93
234
95
116
66
209
209
265
139
125
113
231
180
188

15
25
15
17
13
11
13
7
11
5
11
15
9
19
17
11
5
13
6
14
7
18
16
5
12
15
11
0
24
26
16
219
54
204
160
192
56
182
188
60
198
143
31
29
210
207
173
3
209
211
9
87
87
57
60
90
290
101
257
194
241
134
240
238
88
273
207
98
61
287
276
195
57
257
243
41
148

16
25
14
16
18
10
8
7
12
13
14
6
17
15
16
5
12
18
8
9
16
16
16
8
10
10
11
0
102
4
182
33
2
72
72
49
70
164
172
88
35
165
62
146
149
75
117
161
46
21
228
215
48
152
82
229
72
43
154
96
106
120
230
243
124
97
249
124
163
170
135
187
231
78
94
279
260

17
25
13
10
14
17
13
9
6
16
10
8
13
9
15
15
19
6
12
7
10
12
15
10
15
14
7
0
70
202
205
52
116
146
171
180
68
51
205
200
192
123
97
82
27
195
32
94
165
145
152
158
58
114
237
228
137
158
159
247
236
92
85
232
238
231
200
159
150
91
278
115
145
199
230
238
219

18
25
6
15
17
18
6
6
13
11
6
20
15
18
19
18
15
10
11
16
18
18
19
15
10
8
6
0
228
90
141
109
115
186
118
13
248
185
139
45
208
139
18
202
32
229
209
27
22
128
107
208
46
284
138
235
143
176
219
163
98
307
213
232
70
273
227
70
262
128
319
296
78
84
169
172
271

19
25
7
8
6
17
10
5
9
10
7
18
15
17
10
16
15
17
12
5
17
17
14
15
13
11
20
0
136
2
29
169
39
81
13
85
12
207
0
101
99
44
90
181
199
166
193
4
123
51
135
83
43
164
57
75
236
98
149
26
101
84
247
49
149
188
62
144
200
257
227
245
24
170
76
146
152

20
25
13
8
17
18
20
17
17
14
11
10
14
6
9
11
8
14
19
8
10
13
7
18
7
15
15
0
71
64
139
101
143
71
28
150
124
12
214
94
72
92
24
94
166
56
209
214
98
89
156
181
77
116
132
173
130
210
156
115
230
136
82
233
105
153
166
87
141
199
75
257
258
144
120
206
222

21
25
15
12
17
11
6
16
9
8
6
10
17
17
9
9
16
19
8
10
8
8
17
5
6
7
13
0
21
132
4
174
47
162
172
88
79
175
52
165
194
111
42
124
48
60
89
204
62
71
188
98
57
64
169
67
218
108
191
236
133
89
196
114
210
248
169
89
147
72
93
141
281
118
125
259
123

22
25
11
16
13
18
5
9
18
15
14
17
11
19
20
5
15
11
7
7
12
13
11
6
16
17
17
0
120
151
229
16
90
37
33
123
2
100
173
16
82
172
240
152
190
22
93
191
120
188
171
29
27
194
178
270
61
171
67
122
202
57
123
249
105
137
205
288
229
276
39
173
228
168
207
208
89

23
25
19
16
17
17
8
14
14
14
14
7
16
6
13
10
13
18
16
8
19
16
5
16
15
11
10
0
224
174
94
45
140
148
214
211
113
172
241
56
135
181
11
22
173
12
197
168
144
243
171
167
48
317
217
131
64
162
164
257
295
124
231
314
100
174
271
73
98
208
100
247
254
177
319
261
241

24
25
16
16
14
11
9
14
11
15
6
6
13
20
7
14
15
7
10
16
17
13
16
10
12
11
13
0
50
150
140
66
58
181
0
40
191
189
80
204
110
193
160
166
46
99
6
201
109
174
184
5
77
136
176
190
84
146
257
23
109
199
220
153
252
190
255
236
237
76
129
82
250
161
247
207
84

25
25
15
8
16
8
17
9
14
13
6
14
19
14
20
9
19
9
5
18
16
20
10
13
11
11
18
0
192
156
31
5
222
207
27
66
136
206
245
205
233
147
144
125
78
210
171
99
98
247
0
77
72
218
201
42
46
248
239
53
89
183
270
296
276
254
243
205
155
157
245
241
158
157
300
77
174

26
25
14
13
17
16
7
13
18
19
13
18
16
8
19
17
18
15
16
7
18
8
14
8
11
18
14
0
230
195
224
30
216
208
83
2
195
150
71
111
41
259
24
132
36
215
6
39
161
220
159
214
73
329
266
294
96
266
287
190
30
259
243
154
206
104
306
87
180
120
307
83
62
183
298
228
239

27
25
13
11
13
19
10
12
9
12
11
11
16
6
19
13
8
18
7
13
12
19
11
7
7
18
15
0
189
68
123
64
164
167
62
214
106
160
1
226
212
63
10
104
180
136
224
82
62
192
23
103
44
244
100
151
145
193
177
127
245
117
211
38
312
254
99
87
117
221
148
278
158
117
240
60
168

28
25
15
18
12
17
8
10
7
14
19
19
14
7
18
7
12
18
5
18
19
10
14
15
15
17
10
0
250
230
59
145
93
180
146
154
44
79
103
13
133
190
3
79
225
14
107
128
213
55
23
126
65
318
265
149
217
183
244
180
249
120
112
186
64
182
264
26
101
257
58
176
225
267
77
78
147

29
25
5
11
9
8
6
18
13
11
9
8
9
16
17
15
20
14
12
7
19
18
6
5
16
8
15
0
1
221
108
79
218
40
100
52
12
169
145
199
207
91
5
49
115
105
215
26
26
77
201
22
37
55
264
170
150
255
70
157
70
41
188
177
253
246
153
79
86
127
131
255
77
51
164
279
40

30
25
13
10
14
9
8
12
18
16
8
9
12
13
12
11
9
12
12
13
15
7
17
7
7
13
18
0
180
158
201
94
162
61
133
36
34
172
178
92
188
58
174
154
167
8
182
13
123
216
206
3
55
194
240
242
151
226
144
176
78
66
218
199
157
217
82
224
239
244
41
257
72
132
263
259
79

