1
250
9
15
6
7
8
16
9
12
12
19
6
13
13
10
12
12
13
16
17
8
6
6
6
20
15
7
19
17
17
13
16
14
9
6
7
14
19
13
14
6
9
17
18
16
12
16
14
15
13
20
19
12
16
8
9
7
12
12
7
19
17
9
10
6
5
15
11
15
13
15
7
12
16
14
10
13
10
9
6
12
17
10
16
10
8
11
7
15
20
14
14
10
17
13
9
12
18
10
16
17
18
18
12
13
12
9
17
18
12
19
14
10
19
8
11
14
15
12
6
7
8
14
13
15
5
14
11
11
16
19
14
18
12
16
12
7
5
20
9
7
6
15
9
17
19
6
15
9
8
14
10
16
13
13
14
20
14
16
17
7
14
15
5
7
16
10
20
20
12
20
8
7
5
17
5
8
19
14
17
17
12
17
9
16
14
17
7
17
10
13
9
7
17
15
12
11
17
12
18
17
6
14
15
19
6
11
17
16
12
14
13
9
6
15
8
7
10
19
19
5
17
13
5
12
5
10
6
16
15
14
20
6
11
12
9
9
16
9
14
14
8
6
9
17
9
13
15
6
19
12
0
481
2003
985
1902
2239
759
98
672
718
1495
2313
1947
723
689
689
760
2221
14
703
1787
1466
2066
620
258
1810
432
553
618
94
960
2049
551
2133
109
879
44
498
1665
283
505
829
32
627
2184
1806
2030
2076
2318
1023
1395
1923
2236
2000
1281
2163
142
1068
1295
1944
1191
1842
2296
2149
532
948
1580
1436
1316
2064
1312
1638
2307
1955
461
1835
755
863
138
1353
1226
1993
1938
349
1285
1026
1118
1864
811
511
987
1687
1164
996
1229
275
1253
1402
585
2042
1130
247
1654
1222
1466
2163
2152
1398
174
281
126
126
264
2047
2126
2123
2124
1240
1085
1784
1340
1165
1689
830
312
1147
1595
1867
1002
2203
1586
1572
1107
117
2090
1426
742
761
750
1277
2155
182
2213
657
241
1682
1058
1191
130
736
469
2304
1168
621
1860
2247
2285
1284
2336
1336
769
961
650
728
2066
2142
1797
623
927
638
2200
586
594
760
1726
1191
2330
298
1116
337
1562
20
678
2126
99
52
908
1289
577
470
2174
762
1912
1202
1804
2037
1683
2189
2074
180
838
1249
1709
262
273
2282
784
632
1058
874
958
1830
189
2007
562
610
640
1871
1525
2144
1905
178
1949
545
1478
685
676
504
1507
873
1660
2123
1996
953
109
733
492
415
1285
876
668
620
193
421
664
336
1088
109
989
383
123
989
2173
1642
2670
2835
1285
357
968
1505
2261
2732
2431
1440
1238
1263
1278
2875
726
793
1871
2185
2435
747
845
2494
1171
705
858
539
1657
2224
1211
2180
600
1026
476
975
2429
828
1246
1321
586
1193
2855
2215
2690
2744
2881
1335
1553
2689
2730
2216
1385
2840
161
1210
1540
2188
1932
2128
2438
2589
610
1207
2282
2081
1776
2703
1891
1690
2607
2197
794
2069
1242
1191
449
1870
1862
2397
2528
364
1777
1104
1543
2528
1577
656
1301
2369
1593
1242
1243
576
1812
1670
997
2450
1219
775
1930
1670
1783
2189
2512
1916
958
777
649
585
978
2462
2835
2519
2575
1492
1207
2559
1379
1767
2310
1078
412
1564
1791
2141
1660
2849
2097
1620
1878
707
2332
2142
887
1222
1313
1440
2920
499
2257
1122
563
2086
1569
1761
740
868
912
2929
1271
1088
2468
2291
2810
1631
3034
1871
840
1143
723
918
2096
2857
2034
905
1172
1029
2850
913
958
1002
1853
1300
2408
580
1599
379
1973
127
1084
2309
470
142
1117
1715
1353
1041
2247
878
2268
1856
2067
2780
2424
2433
2183
660
1405
1327
1753
867
477
2410
1370
850
1189
1412
1031
2454
923
2786
1285
1246
1227
2288
2210
2367
2592
476
2098
565
1729
1214
1047
547
1767
1150
2302
2888
2648
1353
323
1318
561
494
1819
1288
852
1349
220
739
751
979
1761
596
1044
1046

2
250
17
17
19
14
15
7
13
14
10
11
15
16
12
9
11
14
6
19
13
13
5
19
10
10
6
9
20
19
13
8
18
18
19
16
17
6
7
16
9
7
9
6
12
12
11
19
14
7
15
18
7
6
5
8
17
18
11
18
12
5
9
17
6
7
19
13
20
12
11
18
8
17
12
19
5
17
7
16
7
12
20
8
10
16
5
12
14
10
5
15
9
19
16
18
5
5
18
19
16
19
12
17
9
14
14
5
13
9
7
7
18
18
13
12
12
17
13
9
17
9
12
8
8
17
13
16
11
14
16
13
12
18
10
13
5
15
7
10
7
15
10
6
9
10
12
12
16
16
9
19
8
20
5
5
16
9
12
6
9
18
19
6
10
18
10
13
8
13
6
20
19
8
13
5
8
16
15
18
10
10
6
8
15
14
12
16
12
18
14
7
8
12
15
8
11
20
17
16
6
18
7
6
18
8
18
5
17
14
14
11
10
15
18
9
17
7
12
19
16
17
7
14
6
18
18
15
16
11
12
17
10
19
16
16
16
9
13
14
16
9
13
16
15
8
18
20
11
7
7
9
0
1952
754
693
2169
642
774
2126
694
437
1396
2071
1634
94
1678
2153
204
811
1204
2289
1810
155
2192
514
1798
436
1069
984
1531
1734
322
967
879
135
5
1386
2014
1228
2060
0
2056
1485
892
89
97
1432
351
752
831
906
142
1690
512
495
1189
282
691
1595
1052
2118
335
1083
836
1731
55
1165
1712
1518
1846
2259
792
2178
591
1834
1923
2214
2251
2203
1988
707
1770
987
1051
1109
98
51
1613
895
403
1944
849
2276
1979
1536
1939
729
2174
433
1558
581
1430
341
707
369
683
625
628
1884
268
717
543
2012
1276
2187
1113
220
2128
1758
2266
1853
673
516
1612
933
1602
1877
841
2237
2016
135
564
776
1776
59
351
1867
2108
1461
828
2268
1615
916
1162
1519
20
738
508
1409
36
137
1433
1855
1311
804
466
270
266
1841
1263
362
1458
2247
412
2328
453
2262
96
1455
28
704
2319
2220
954
669
1457
2295
1088
2020
77
398
210
29
1575
1134
2202
1402
2221
495
280
2114
1730
111
111
1500
1101
1143
959
1729
2146
136
1390
1518
876
958
1214
1140
868
1922
612
1825
1318
304
915
199
2296
1461
960
681
638
2179
512
1993
256
1006
2339
1775
945
521
1008
1214
1165
448
1503
2166
2294
408
1886
2100
664
1860
1825
411
1704
2265
1660
364
348
1459
2299
1477
631
2494
1131
1282
2639
1235
1078
2822
1124
1042
2045
2780
1870
697
1834
2397
650
1003
1671
2945
2349
314
2537
575
2374
698
1374
1400
1988
2171
886
1559
1202
929
349
1448
2704
1339
2145
364
2624
2135
1407
753
554
1579
587
1406
976
1460
689
2463
1047
1216
1718
591
744
1615
1230
2777
671
1202
1342
2230
276
1658
1897
2134
2232
2514
902
2885
653
2081
2351
2822
2581
2574
2019
1113
1873
1667
1462
1513
222
521
2353
1628
770
2704
1354
2482
2506
2136
2654
925
2860
761
1947
732
1970
919
1076
722
1466
783
1153
2246
793
991
986
2189
2057
2349
1869
934
2744
2117
2876
2221
689
754
2049
1120
1625
2231
1356
2574
2752
433
880
1564
2192
417
442
2114
2246
2037
1357
2384
2364
1070
1937
2088
565
972
876
1506
815
471
1971
2354
1321
1034
795
812
287
2538
1285
1067
1852
2804
930
2630
1127
2436
206
1911
485
901
2955
2541
1494
690
1875
2886
1387
2737
848
775
236
46
1790
1879
2274
1699
2363
1257
1038
2474
1913
352
777
2097
1502
1821
1201
2058
2623
344
1761
1682
1491
1190
1261
1546
1192
2614
996
2573
1349
896
1635
591
2385
2155
1054
771
932
2781
1234
2117
652
1187
2801
1796
1508
826
1203
1286
1678
648
1803
2425
2987
584
1903
2115
1328
2352
2413
818
2218
2321
1991
942
994
2094
2511
1656

3
250
5
8
16
14
7
6
13
7
13
10
18
19
11
10
6
11
19
5
10
12
7
11
7
17
11
20
7
8
6
20
5
14
16
18
7
8
10
9
19
18
18
11
8
9
6
10
16
10
8
19
13
14
13
13
6
8
10
13
10
8
14
13
6
11
13
14
12
18
13
7
7
9
6
18
18
8
17
16
14
10
15
14
20
14
13
9
19
9
7
20
10
11
6
15
12
15
7
18
20
8
5
15
18
11
20
9
12
11
18
7
12
16
15
6
16
13
10
15
15
16
19
8
18
12
9
8
12
18
15
11
14
13
8
7
7
13
5
12
10
6
14
6
9
17
6
17
15
5
11
18
12
11
12
9
16
12
20
7
15
12
18
9
7
18
12
12
8
8
8
5
13
9
8
15
6
10
12
15
11
9
8
16
15
9
18
18
11
9
5
9
19
8
18
7
8
15
10
14
14
17
20
15
19
15
5
11
13
19
17
19
12
8
8
8
19
13
19
20
7
9
8
9
11
18
13
19
5
10
9
8
8
9
10
13
7
13
12
9
10
13
13
9
5
11
18
19
9
13
19
20
0
2013
1444
1031
1652
1181
935
233
13
1676
1453
1657
354
210
788
2018
633
1436
1765
2142
848
1307
536
1858
1754
206
396
1613
1427
31
1657
1595
1554
1355
314
1524
453
2146
61
912
465
634
579
695
2210
1569
454
1529
2101
1433
148
1908
1636
1389
589
418
2071
1023
845
757
2000
1377
1683
1324
731
1865
470
1808
202
1555
2238
1784
1573
672
832
1262
503
1534
17
703
2012
280
1424
1428
390
135
2191
1707
1351
1524
1258
696
366
2049
851
1009
1137
2160
2118
1824
1639
6
1735
336
179
565
1946
221
706
14
309
2113
2224
1978
909
1803
1122
1836
2040
430
271
239
2108
581
1892
21
1295
1567
581
366
187
1583
787
981
2183
2008
798
849
626
1259
1324
2057
260
518
1004
1025
2153
1953
877
156
1688
1501
425
1962
838
1883
471
659
997
609
41
870
93
1169
216
1838
805
2174
2100
1566
1812
1381
650
2085
1408
883
2039
440
1177
871
992
655
790
2018
2069
1982
877
1641
1050
951
543
1444
1408
811
1972
732
32
570
1935
1911
1422
13
663
2163
1272
1907
1134
359
921
492
2234
2121
343
515
1601
277
1868
1857
372
1466
1606
773
869
1823
733
1340
683
496
131
307
1250
1240
1516
2003
569
749
1061
1716
1679
1801
915
960
2047
331
2096
2057
2227
275
1909
397
406
2284
2178
1256
1996
1418
1527
527
549
1937
1536
1779
876
678
1310
2561
1284
1810
2502
2182
1231
1400
1108
2251
2122
712
469
2113
1807
200
1890
1750
2310
1828
405
2090
584
2305
96
1529
549
1267
1237
860
2689
1655
1003
1996
2771
1628
856
2163
1708
1717
1129
1107
2493
1128
1489
803
2549
1534
2394
2006
1246
2051
482
2215
520
1623
2652
2315
1699
1364
901
1707
1235
2020
167
1098
2662
582
1530
1849
1108
588
2923
2385
1841
1753
1512
1436
565
2415
1537
1107
1433
2221
2399
2339
1814
80
1906
880
392
1147
2162
814
989
259
1035
2226
2889
2583
1087
2499
1660
1862
2461
805
987
888
2547
1023
2588
725
1855
1912
1042
1102
793
2021
1409
1624
2403
2216
1085
1372
1357
1703
1857
2694
473
1244
1557
1315
2781
2647
999
635
2427
1871
611
2438
1221
2115
962
667
1307
805
367
1522
745
1803
629
2283
1164
2590
2237
2274
2221
1452
1400
2395
2018
1063
2711
456
1494
1133
1152
1304
893
2385
2114
2288
1604
2288
1422
1450
749
1977
1881
1318
1986
1013
708
1326
2582
2333
2159
665
883
2653
1589
2445
1610
398
1250
1006
2538
2295
1069
1039
1831
926
2246
2607
910
1656
2179
1062
934
2397
1204
1628
1127
777
546
565
1939
1256
2047
2592
865
1418
1302
1745
1824
1945
999
1211
2100
1022
2605
2574
2356
844
2195
606

4
250
11
16
17
8
6
6
13
19
18
10
10
11
13
12
5
6
20
16
7
7
11
9
10
5
15
5
15
17
18
6
7
7
14
19
9
15
16
9
6
11
19
20
8
12
7
10
8
8
6
11
14
11
12
16
8
16
9
11
15
16
18
14
18
12
17
15
17
18
7
13
14
18
5
11
10
12
9
14
7
13
14
10
11
15
8
16
11
14
19
10
8
13
8
17
11
10
10
20
10
11
14
19
8
11
19
18
20
15
8
8
13
13
11
11
13
9
14
8
10
16
13
8
9
17
5
19
6
15
12
11
18
12
5
10
15
6
15
20
14
5
11
17
12
17
8
13
8
7
9
19
6
9
20
16
17
17
8
6
5
12
12
13
14
16
13
11
9
7
19
15
17
20
16
18
5
18
14
6
13
16
5
11
8
9
20
6
5
8
17
5
19
17
10
11
18
11
17
12
5
15
13
6
10
13
15
13
15
8
7
16
5
6
8
18
8
6
8
10
9
8
11
11
9
16
7
8
7
8
17
18
15
19
19
14
7
7
18
20
14
12
11
9
9
14
13
12
19
18
7
9
0
204
1296
2048
1589
2231
963
1796
1043
372
859
2184
872
1012
513
1641
66
648
1827
1090
1937
1587
653
1280
2075
2087
840
430
224
527
2010
712
1431
132
1480
1632
64
1890
2227
134
97
1564
1832
326
2021
999
1728
718
773
2210
383
249
1802
1242
725
37
304
2194
2205
1475
753
679
1028
190
1439
16
579
1336
814
375
1357
1526
31
1601
1812
1278
2030
596
1979
46
1877
1385
652
1580
329
681
583
2018
1450
962
1148
1992
1408
317
1998
1613
1561
2034
1665
1539
1006
2233
1081
610
1691
770
501
1980
1612
490
2035
138
148
1654
1789
1403
84
1807
1862
622
1030
1116
1360
508
396
866
1210
872
1143
1937
2236
1280
1829
2202
1942
843
2041
1970
1059
288
987
586
480
1293
2024
76
1892
1475
879
1227
1751
332
1972
1211
955
984
2206
717
1797
418
165
347
990
515
1720
1019
32
957
937
1677
1072
1752
2138
18
483
1343
1028
837
258
2210
2033
1550
2025
902
1063
160
1507
1524
1800
2001
190
236
1502
499
80
120
879
905
551
1728
1130
1237
1585
1547
2037
1657
767
165
352
1700
1901
425
113
89
14
1874
242
1743
1271
1150
418
1555
1923
95
1887
1463
605
1884
1274
1043
1994
1462
1490
89
323
283
1679
824
127
1940
1564
785
1741
629
226
158
2151
319
2083
1060
664
906
1669
2794
2031
2841
1292
1949
1175
962
1574
2895
1107
1195
1025
1742
329
1245
2356
1462
2596
2131
694
1643
2228
2582
924
1125
706
1242
2270
832
2103
347
2071
2156
667
1974
2635
681
293
1937
2548
907
2687
1436
2190
1384
1003
2753
965
513
2026
1478
1079
518
987
2292
2859
1726
1455
1258
1087
922
1759
288
1333
1613
1573
800
1806
1776
487
2321
2417
1703
2079
1090
2582
437
2384
1711
1199
2207
999
829
959
2339
1658
1640
1891
2561
1997
1078
2052
1765
2178
2316
2252
1706
1630
2758
1261
755
2351
1244
883
2425
1834
733
2698
444
545
2271
1900
1766
282
2444
2578
1119
1137
1566
2017
731
538
1625
1677
1114
1884
2607
2699
1403
2453
2891
2293
1370
2159
2206
1666
853
1043
884
1037
1361
2424
213
2170
1870
888
1741
2448
533
2689
1410
1475
1502
2320
1453
2000
1112
407
1060
1524
1060
2239
1462
397
1247
1051
1853
1293
2256
2831
418
910
1533
1690
997
664
2841
2639
2260
2642
1184
1529
384
1774
1771
2334
2073
841
833
2086
1203
161
181
917
1617
1181
2429
1162
1262
1796
1937
2320
1903
1415
712
542
1744
2307
1103
366
743
227
2047
698
2178
1754
1378
1097
1857
2270
728
2510
1971
1042
1958
1736
1151
2253
1582
1937
677
1007
446
1706
1055
377
2353
2261
933
1810
1338
462
553
2361
523
2793
1307

5
250
5
10
18
17
12
7
12
11
16
9
6
8
6
6
5
18
6
10
12
17
5
18
15
14
15
16
12
19
20
5
7
8
17
16
15
9
14
19
9
16
19
17
9
7
10
17
8
8
12
5
11
9
9
19
16
13
12
18
14
5
19
9
9
9
7
14
13
11
17
15
10
15
10
12
5
17
18
15
11
6
13
7
12
17
14
10
6
17
14
10
13
14
20
18
19
20
16
14
15
6
8
17
8
16
17
16
5
19
14
7
12
6
13
9
11
14
19
14
19
13
17
7
6
11
6
17
9
8
9
6
9
15
12
7
20
16
7
16
8
8
15
18
18
10
12
13
18
14
12
14
9
9
16
13
6
6
15
11
19
9
9
20
13
17
10
11
11
18
16
10
12
9
14
14
13
9
8
16
16
18
14
8
13
19
16
17
12
6
10
19
6
17
17
6
18
17
17
16
15
18
18
18
16
14
7
8
17
18
9
11
16
7
5
12
14
20
5
14
9
19
6
18
11
19
19
13
12
19
10
9
12
17
15
12
19
13
12
18
16
9
6
14
16
8
16
16
7
7
12
12
0
704
5
2166
2322
541
211
877
960
1799
1260
1335
830
136
232
2141
2292
83
1049
1731
1919
1932
838
1704
580
1459
1698
232
1008
2281
1176
1985
821
1530
1194
1112
53
732
572
1611
743
230
1408
838
1036
596
1575
490
1628
169
1222
1590
948
330
273
454
1653
531
610
1384
81
1802
1767
1456
195
753
1458
1082
2339
2268
1604
429
1244
2121
397
2214
440
858
1850
2289
1720
194
2062
362
502
620
217
439
212
1209
666
161
733
1386
1988
209
100
885
962
2168
27
45
264
2318
2310
1414
410
1871
934
575
327
847
1915
338
1254
841
2269
695
477
463
435
1026
387
1595
303
130
405
768
663
2140
2022
388
911
2059
1575
2269
606
1600
1042
1621
45
654
1973
799
748
853
1002
1748
1204
2076
1820
1181
949
2325
440
1908
1240
756
1286
401
1194
72
1990
1903
1315
985
2051
1864
1458
1508
1664
1572
403
897
878
1522
676
2066
919
101
2103
435
1241
362
1934
419
1269
360
1623
139
383
597
190
2150
369
1697
301
231
1534
2163
2271
39
1424
133
277
2360
1566
1877
974
2010
393
692
660
2178
1433
2361
390
167
729
1611
2274
1152
1518
2325
72
1706
1175
157
2036
2094
831
1344
2005
906
1620
1113
669
254
51
205
101
1158
962
1872
46
758
1313
1543
1973
1767
401
1218
693
2455
2334
981
248
1428
1340
2042
1794
1561
1405
742
627
2422
2616
720
1256
1921
2061
2429
999
1738
1118
1571
2186
370
1282
2694
1868
2244
857
1988
1218
1839
593
1481
912
1663
1206
353
1913
1088
1766
837
2197
892
1734
333
1824
1895
1153
519
686
1036
1979
671
1163
1950
307
2426
2541
2200
745
968
1677
1871
2727
2965
1759
512
1421
2596
1164
2659
838
1434
2039
2724
1810
315
2609
492
1132
1069
470
1142
998
1247
729
830
863
1719
2399
833
283
1542
1428
2893
550
773
1039
2423
2903
2172
468
1948
1260
896
357
976
2331
627
1333
1352
2849
752
963
1105
987
1185
952
2292
404
245
779
796
846
2633
2083
839
1599
2342
1662
2654
884
2221
1424
2047
79
1051
2001
857
1105
1536
1160
2130
1522
2813
2593
1868
1500
2605
1028
2481
1870
1145
1729
1162
1398
340
2027
2167
1430
1239
2444
2294
1621
2241
2372
1633
532
1601
1437
1543
1364
2810
1182
765
2564
544
1831
732
1999
801
1617
998
1710
769
427
1259
782
2823
1101
1808
1060
764
2168
2719
2524
467
1555
441
1030
2588
1754
2530
1514
2141
418
1002
985
2554
2097
3149
1045
842
900
1687
2644
1246
2300
3072
98
2056
1411
521
2156
2141
1046
1660
2512
1701
1857
1653
689
409
380
408
637
1486
1725
2187
434
1140
1988
2256
2666
1793

6
250
15
5
15
10
19
14
10
13
19
9
5
19
17
6
5
5
12
16
10
17
15
8
13
17
19
14
16
12
6
15
20
18
13
15
19
6
10
8
18
5
16
7
8
13
6
9
8
14
19
16
10
9
9
13
19
17
5
9
14
14
10
18
18
11
16
13
17
18
19
7
15
18
16
6
18
17
9
13
19
20
10
15
17
10
17
7
10
6
9
9
17
16
10
20
8
7
10
16
10
17
12
18
16
12
9
15
11
14
9
10
15
15
7
16
19
14
18
20
8
13
5
19
14
13
8
14
12
16
13
18
19
19
8
17
18
11
13
6
16
12
15
10
20
13
8
18
11
12
12
6
17
14
16
8
12
12
18
10
6
6
15
6
12
6
6
11
19
15
8
18
7
17
14
7
8
15
12
12
9
7
10
10
11
16
19
10
14
17
17
18
11
12
10
20
7
15
13
9
13
10
19
10
11
14
6
12
14
11
6
12
17
13
19
18
7
16
13
12
8
13
8
16
15
11
7
18
13
8
19
19
10
18
14
7
14
18
11
18
12
12
9
11
5
11
9
15
6
17
11
19
0
648
1008
81
1847
71
1772
2267
1037
1801
1617
327
2258
1975
364
241
1122
572
583
2291
276
1875
1745
996
333
160
420
345
2265
292
485
1385
1926
2197
269
1666
1568
1263
1205
1846
2280
564
130
1598
2224
928
264
1632
432
589
607
1142
2367
1503
1178
318
734
1507
563
2029
1809
460
1682
790
1476
1925
2252
913
371
321
194
1794
533
1992
7
1771
1292
827
192
1526
1311
2290
304
1125
597
2152
557
329
2263
1828
1496
1053
656
70
545
109
1046
2307
132
2169
154
1708
284
456
1362
1932
2356
504
1080
2192
1565
1046
978
272
2147
203
1680
1005
1765
756
1562
2234
480
1445
1657
727
22
654
2077
2008
899
1789
500
104
1308
1327
2044
1979
596
1415
889
546
1693
1693
316
2050
915
294
457
2187
190
1695
1323
26
1426
1633
568
1425
1342
1720
110
665
1461
86
1067
1911
1376
1109
1127
2313
1958
132
99
741
947
558
1473
1770
426
105
1402
42
1450
1231
727
649
551
1613
388
932
1630
589
1513
1275
594
1331
1586
1364
1665
1656
816
1692
1205
1019
551
241
372
2277
701
1722
1582
2303
1896
639
2274
208
225
957
719
559
1801
182
1069
2080
1977
637
1330
1805
1866
2027
1630
413
2196
2236
2133
451
1771
1061
1683
2301
298
384
2375
1561
1782
263
68
2235
1537
1166
642
1187
1285
848
2038
695
2066
2712
1521
2392
2217
370
2742
2771
520
997
1416
970
916
2379
324
2293
2238
1674
443
605
762
1071
2295
885
666
1426
2298
2971
477
1847
2079
1481
1605
2518
2427
762
573
1948
2822
1253
807
1990
485
682
689
1705
2732
1530
1798
1056
1332
2083
1201
2749
2166
701
2143
1540
2156
2499
2954
1720
873
1006
994
1834
1274
2551
175
1978
1916
1466
539
1949
2029
2695
871
1790
1000
2188
675
1108
2583
2558
2225
1262
1462
552
565
509
1263
2486
625
2408
446
1861
459
787
1541
2077
2941
990
1542
2772
2368
1601
1469
899
2272
967
2491
1257
2435
778
1833
2666
1133
1487
2270
1344
374
1020
2754
2335
1652
1815
785
136
2099
1852
2257
2281
784
1832
1152
1274
2124
2396
878
2619
1225
646
553
2719
575
2046
1849
515
1916
1840
616
1519
1480
2433
476
1345
1694
98
1359
2204
1940
1811
1913
2889
2588
879
481
916
1459
887
1825
2327
760
558
1586
193
1601
1253
872
1354
890
2228
751
1006
1753
893
2120
1956
743
1353
1944
1601
1882
2108
940
1851
1661
1554
1163
787
794
3080
1393
2389
1799
2737
1932
681
2802
999
649
1517
1030
845
2470
403
1713
2735
2149
848
1473
2335
2598
2113
1745
935
2394
2660
2714
838
1966
1447
2380
2952
974
1062
3142
1911
2176
729
161
2993
1645
1242

7
250
16
16
11
11
6
13
6
15
17
12
10
8
9
11
14
6
12
20
8
19
19
10
20
7
14
9
18
9
9
19
7
16
14
12
13
12
13
10
9
9
15
20
16
7
9
14
9
17
20
17
8
13
12
14
15
16
10
19
15
18
12
10
14
19
9
7
6
13
7
10
15
19
12
12
7
15
5
11
7
11
14
10
7
20
16
19
7
10
9
8
16
6
11
20
9
16
6
6
18
16
12
7
18
9
16
8
5
16
8
8
17
8
14
20
7
6
14
6
9
9
13
19
7
19
13
8
13
16
9
15
10
14
15
14
7
10
9
11
8
10
18
7
17
8
9
20
15
15
12
8
18
15
12
14
9
13
15
13
18
8
8
7
5
13
10
8
15
6
17
7
14
16
16
11
8
19
20
14
10
6
7
18
12
6
7
17
16
8
8
6
10
9
9
13
16
9
14
15
10
19
20
10
14
8
18
17
6
17
7
17
9
11
7
7
11
18
20
19
13
10
5
10
17
10
17
20
15
16
8
8
18
6
15
20
16
10
20
12
7
15
7
15
15
7
10
9
15
5
8
11
0
1956
1176
1577
98
1949
1840
784
920
327
1958
744
782
1754
783
1648
1836
1865
1692
820
18
60
352
1113
86
319
1976
514
300
379
403
407
1017
483
1246
322
1327
58
1305
643
1481
2115
1914
1646
365
597
383
2077
1180
123
679
1628
893
2275
1203
1373
1750
1021
805
1973
2120
1334
1448
561
421
854
713
2074
1351
1161
496
311
1087
2225
2270
1549
59
914
1562
327
1679
1927
2233
788
2253
414
1582
37
1245
1685
1106
1784
577
769
779
1850
1597
925
2009
112
358
700
2245
995
1254
1245
1836
28
1710
17
1532
761
2229
2032
2113
178
1327
1086
505
633
2266
937
727
128
266
1456
2066
683
2191
1481
1071
342
1747
465
1751
1688
1001
403
2061
155
1244
1571
1289
966
1511
399
1001
602
833
1265
767
2191
1441
326
154
682
2140
1101
1345
390
1917
1664
1044
751
711
1747
276
1459
1418
1571
187
1645
79
1891
1044
881
274
2200
2221
1796
2138
1994
2097
1529
2034
2045
230
1486
1233
1478
717
2086
278
1257
863
540
221
773
581
1727
1096
412
658
863
561
1359
220
518
1336
1833
318
141
684
1530
1157
104
248
2079
2155
1795
355
1577
1498
113
1127
688
2102
122
1891
118
75
1702
695
82
1429
2237
1398
2140
2025
2244
454
1186
1614
81
1976
2201
671
1727
1201
1621
228
2663
1507
2311
749
2061
2263
1140
1645
712
2439
1371
1535
1986
1017
2352
2118
2641
2441
1283
714
619
378
1289
555
469
2336
945
407
780
632
497
1749
1068
1546
752
1932
630
1913
1216
1809
2739
2683
1893
578
693
801
2680
1879
463
1126
1676
1530
2700
1953
1618
2441
1437
1030
2009
2527
1356
1814
701
1140
1309
1082
2381
2113
1543
980
491
1495
2797
2936
1586
625
1645
1612
962
2308
2547
2297
1278
2312
868
2298
372
1888
2138
1862
2348
1065
834
1547
2065
1905
1092
2465
240
897
729
2528
1133
1707
1728
2283
203
2384
467
2129
1205
2878
2196
2520
465
1815
1834
1025
1063
2892
1294
1172
777
485
1789
2660
738
2690
2220
1791
579
2321
504
1912
1857
1041
638
2732
840
1894
2206
1665
1598
2171
559
1316
738
1003
1992
1438
2900
1728
876
564
871
2859
1833
1772
747
2028
2180
1216
818
1204
1915
522
1620
1853
1665
873
2331
402
2296
1749
1377
987
2907
2652
2274
2261
2547
2162
1550
2198
2441
759
1990
1789
1840
1485
2622
661
1846
1265
935
662
1017
1111
1982
1788
1173
799
1469
622
1781
777
800
1494
1870
540
282
1037
1923
1769
633
421
2473
2375
2242
699
2262
2068
309
1515
812
2330
450
2159
184
306
2442
1457
360
1962
2994
2105
2739
2366
2725
516
1750
1824
95
2573
2697
999
2451
1486
2304

8
250
20
9
13
7
8
18
6
9
11
11
12
10
19
18
19
7
17
14
16
8
13
10
6
16
14
7
11
11
8
8
18
11
18
17
7
7
18
15
9
7
8
16
6
19
11
6
5
18
9
15
19
15
9
16
17
9
16
9
10
8
12
6
6
9
11
19
19
18
5
19
11
8
11
16
19
15
10
17
14
13
9
17
14
10
20
8
6
7
14
19
8
10
8
12
11
10
12
11
10
10
17
10
18
15
5
8
12
13
10
15
9
17
11
14
13
7
18
14
20
15
14
13
8
10
11
15
13
19
10
12
13
15
11
15
7
19
15
18
19
11
17
11
17
14
14
9
5
7
18
19
13
15
9
7
11
12
7
6
9
18
16
11
6
18
18
8
5
8
8
9
19
8
7
9
19
15
11
18
8
12
7
12
7
13
18
15
9
10
7
11
13
12
16
7
12
5
5
11
10
6
19
16
19
19
14
15
17
6
11
10
17
8
11
18
7
8
18
15
7
12
7
17
13
17
17
11
16
9
17
19
7
17
14
8
6
15
12
7
14
13
20
8
6
13
13
5
8
6
8
16
0
1973
681
1715
1397
961
369
2116
1607
1227
1995
1972
1963
1318
17
877
1198
2221
1039
1623
1800
1525
574
1526
2099
320
1390
385
58
112
258
615
2261
72
1032
1357
844
1551
1408
863
804
533
2162
2124
1149
22
2188
1832
905
266
761
967
1867
1075
2268
1145
1579
1486
1529
2211
861
1414
1932
1693
1147
1938
1186
206
2262
2005
1489
2024
980
1896
1700
1211
989
2111
960
1838
418
1177
994
1095
1741
1570
48
2068
1089
2142
2184
958
1800
2238
679
1827
110
441
299
1364
1481
1722
706
1331
1820
2267
1209
283
1179
2228
1573
1705
155
1992
2071
1581
991
305
314
1633
64
2267
1711
2132
613
825
67
9
457
1349
2159
876
1813
457
360
7
233
93
1359
179
2057
2213
1357
891
33
1247
2117
1784
2110
1775
1553
383
2004
1056
817
1904
237
334
311
722
719
526
1506
1414
369
602
686
197
1747
2155
612
1522
38
1981
1135
2060
1753
1253
1604
850
1390
1710
1185
2069
788
1479
279
789
1969
1998
559
252
1204
2171
2269
878
1745
346
850
415
2274
773
2063
163
1304
1806
660
1961
1954
1259
1080
2270
327
756
123
2247
1198
1164
946
1373
911
568
1170
371
1724
580
1610
1512
2055
512
1229
101
1784
1163
2034
859
1275
35
897
550
1338
2008
1162
203
1057
2195
487
1959
674
1513
505
2469
1335
1812
1883
1478
905
2347
2058
1500
2119
1982
2358
1969
712
1188
1708
2671
1245
2369
2393
1865
616
1935
2199
1084
1999
578
417
418
516
914
2454
401
1501
1740
1479
1706
2050
1535
1142
722
2443
2260
1518
115
2855
2315
1391
710
932
1169
2549
1267
2369
1232
2064
2231
2006
2914
1474
2069
1959
2148
1655
2535
1501
637
2887
2586
1821
2391
1080
1924
2239
1617
1169
2784
1017
2154
662
1310
1193
1551
2352
2211
378
2782
1398
2284
2744
1649
2360
2951
1186
2498
433
794
432
1821
2197
2284
1111
1503
2213
2516
1629
349
1222
2591
2007
2235
323
2042
2462
2266
1759
962
659
2372
700
2765
1858
2331
871
1354
228
385
484
1470
2312
972
2538
1197
1064
677
646
605
1851
922
2647
2743
1581
912
704
1917
2395
1958
2577
2007
1816
988
2270
1343
1078
2063
375
802
651
954
776
850
2267
1990
555
1094
880
858
1832
2494
1332
1903
581
2546
1817
2550
2415
1377
1998
1457
1552
2143
1287
2589
1114
1666
887
880
2270
2472
1289
916
1293
2733
2592
1082
2235
658
1538
652
2458
1548
2617
266
1913
1972
1295
2274
2566
1489
1784
3001
1071
1149
582
2667
1601
1935
1307
1782
1389
1332
1232
700
2326
958
2031
2006
2527
729
1246
834
2462
1611
2429
1204
1593
112
1165
1234
1589
2514
1767
405
1486
2449
718
2711
808
1802

9
250
13
7
6
12
19
17
16
19
16
20
6
15
13
8
7
10
8
8
13
17
12
9
6
12
15
10
7
15
13
8
19
19
13
17
11
6
12
13
15
10
16
13
12
12
9
6
20
9
17
11
14
8
20
11
17
19
11
7
13
15
13
7
11
7
6
12
18
12
9
18
9
17
11
15
17
18
15
10
14
10
17
6
14
12
12
16
8
5
5
13
19
14
6
9
7
13
10
10
10
12
19
13
10
8
19
6
14
13
20
10
7
12
17
12
8
8
10
13
5
16
18
16
7
12
18
18
18
9
13
16
20
11
15
6
14
14
20
10
5
13
10
7
15
10
16
19
10
13
15
13
6
19
15
5
13
12
12
16
8
15
9
7
15
6
13
14
18
16
8
12
13
10
14
11
12
16
19
6
15
17
11
9
8
11
10
18
19
9
20
11
19
17
12
7
18
14
9
19
5
11
16
11
10
18
10
12
15
6
18
13
10
18
8
17
9
17
20
19
16
19
13
5
15
16
8
13
11
13
13
14
19
7
19
12
6
9
6
10
14
20
9
9
20
6
15
20
7
16
8
19
0
2094
2325
2151
1112
668
887
60
601
1543
1974
1676
1457
1002
1389
801
2041
2194
878
2218
1526
1214
1859
753
539
1961
39
44
549
1781
1656
1851
2050
1920
690
1626
453
1281
1408
1336
973
1571
2028
2169
1890
1228
296
2262
494
1456
404
2163
1741
1777
1884
725
1398
1369
1789
650
1527
71
205
1671
1781
1209
343
575
786
674
321
2002
598
2133
892
285
1353
370
288
2260
322
928
448
1826
1334
1542
515
2103
1651
1183
1849
679
2326
2274
466
800
2043
1177
575
1714
1627
887
1534
363
439
928
1339
83
47
779
1973
1915
1106
96
782
128
1773
1405
368
2346
87
908
2290
1575
1560
1347
578
692
1421
1939
1635
169
1682
1673
1656
102
1827
1624
27
393
2072
164
1024
657
438
2057
2134
189
1361
2335
1479
1929
579
1301
1429
1909
1749
2110
819
1105
1229
146
16
2339
1207
504
1795
846
1746
2071
1644
1885
1293
1024
2322
932
994
1731
1474
2256
2303
662
1308
1993
296
2017
895
2093
2243
27
1245
104
790
773
240
2320
2000
1994
477
533
2266
1367
49
2356
192
1216
1097
1136
1105
5
1447
1345
1281
2216
1808
1984
1490
1603
919
2025
1585
62
1690
1131
2155
618
713
763
340
1406
723
118
1106
2224
1844
1446
441
1029
1789
329
1823
1375
937
1386
1237
1118
2353
2010
2067
2217
124
2462
3070
2224
1720
1091
1125
108
884
1616
2352
2072
1675
1416
1753
1321
2197
2413
1072
2509
2052
1419
2603
1485
1269
2330
694
388
1260
1950
1775
1935
2490
2102
1056
1896
755
1434
1914
1628
1265
1629
2490
2625
2027
1702
523
2986
1182
1763
601
2516
2427
2555
2473
1508
1797
1698
1806
934
2315
479
850
1745
2506
1543
796
587
971
1296
547
2382
1300
2865
1559
1025
1375
801
615
2639
966
1033
1149
2564
2085
2158
566
2306
2357
1553
2091
1355
2917
2798
865
1173
2821
1297
785
1964
2329
1586
2120
460
1145
961
1576
616
622
1471
2387
2400
1475
493
1172
174
2130
1684
1153
2980
309
1227
2715
2020
1989
2004
1332
889
2109
2162
1824
579
2299
1959
2177
596
2391
2110
538
1143
2137
487
1381
757
952
2250
2193
275
1976
2903
2089
2060
715
1915
1663
2021
2223
2468
838
1122
1314
486
624
3057
1442
808
2458
1478
1827
2547
1866
2623
1948
1218
2430
1216
1481
2409
1683
2561
2494
794
1921
2327
731
2804
1476
2311
2350
239
1878
789
1298
817
924
2984
2553
2278
656
1325
2476
1955
186
3029
651
1804
1668
1263
1892
572
1726
1528
1340
2436
2239
2175
2133
1726
1468
2587
1731
294
2052
1473
2801
896
822
1267
489
2184
1501
229
1696
2679
1852
2163
1129
1479
2174
1095
2486
2068
1201
2175
1567
1816
2963
2600
2613
2356

10
250
15
7
16
17
10
18
11
9
18
15
17
9
10
14
13
11
7
11
7
15
18
15
14
8
16
7
9
7
10
14
11
16
18
12
16
12
6
18
13
15
6
12
14
12
16
11
20
9
12
14
16
8
12
16
8
12
20
6
15
11
8
7
13
11
20
11
19
6
8
16
17
5
8
10
12
8
17
5
20
7
16
19
19
17
5
8
17
19
18
8
10
11
13
20
6
10
14
17
6
15
14
7
7
15
15
17
7
8
9
11
14
14
8
15
17
6
12
13
8
19
6
7
7
7
16
12
12
14
17
14
15
18
9
11
5
16
10
12
11
15
20
7
14
7
17
8
12
8
18
18
11
12
16
9
16
18
8
12
11
6
11
16
10
8
11
10
7
7
15
16
18
20
6
10
17
18
7
20
19
13
11
16
18
10
17
9
14
7
14
8
9
9
16
5
12
17
7
9
15
12
6
10
5
17
15
13
17
18
12
13
5
14
13
8
14
5
18
16
10
15
16
15
13
15
20
13
11
17
7
8
9
9
9
16
9
7
9
20
10
18
16
8
13
11
15
5
17
19
6
8
0
498
1615
1262
346
661
932
2025
595
841
1960
1958
895
2211
1804
2103
1416
131
245
548
613
1467
1136
1201
1487
330
113
1358
728
556
491
809
895
1370
1200
265
1583
2246
942
1861
517
1091
1631
274
2027
228
2252
281
1567
1236
801
860
1412
818
39
106
806
1040
147
282
1868
2284
1678
380
2196
1495
1893
1649
1648
974
970
1935
1155
1828
1162
1971
287
1208
1547
1780
1404
2027
1453
1105
1752
1227
1344
464
2100
2209
410
615
1722
1347
426
1648
1422
1110
1256
1761
542
2025
2196
1593
431
637
1452
311
308
1052
1030
846
306
326
91
1269
2248
1423
208
1224
2172
163
971
417
2078
2190
132
1922
297
233
2119
1920
1803
2292
679
1696
952
1808
1744
457
1031
1210
1537
161
35
655
2174
1700
128
1073
515
544
206
236
244
412
1335
964
1379
29
617
972
1038
1502
962
1909
1204
7
782
188
1926
1005
314
1766
1093
1614
116
404
2275
799
765
782
1029
403
70
626
1904
1687
1424
1681
1939
919
1943
608
2137
240
1699
1951
1127
413
367
1940
232
917
1854
1430
1831
1685
145
1355
231
1941
1531
2092
8
1987
1091
1623
1045
1075
887
60
1389
1832
1603
816
964
538
1999
2121
1917
1398
223
1478
155
1820
1346
2159
768
677
2100
464
1141
1941
1023
560
2128
1073
361
991
126
632
2231
1941
723
1185
1478
2284
824
1037
2334
2217
1647
2441
2129
2856
1831
504
360
1306
1075
1617
1519
1672
2010
430
579
2001
745
1195
1157
1123
1173
1975
1397
424
2241
2347
1532
2427
623
1460
2197
861
2113
900
2560
448
2017
1605
1334
1156
2038
1466
578
336
1110
1519
600
714
2534
2589
1968
716
2793
1797
2460
1947
2325
1692
1597
2690
1852
2170
1443
2192
449
1715
1813
2294
1837
2765
2169
1294
1792
1490
1741
979
2640
2531
694
1162
2374
1620
830
1876
1728
1310
1805
1928
929
2419
2811
1955
1037
1270
1927
634
330
1546
1499
1267
382
511
186
2036
2374
1790
886
2003
2886
745
1340
1174
2161
2533
286
2418
706
832
2317
2568
2133
3042
1252
2023
1133
2125
1968
509
1143
1530
1988
879
151
1284
2222
2132
701
1568
1168
962
770
270
998
806
1771
1087
1590
47
1166
1380
1714
2146
1101
1941
1724
781
808
356
2459
1410
951
1983
1618
2295
789
683
2345
959
897
1475
1378
705
820
1266
2229
2269
2170
2133
2463
1635
2568
771
2670
419
1721
2038
1630
656
514
2210
723
1305
2041
1560
2089
1906
760
1835
245
2420
2029
2843
584
2428
1739
2272
1759
1606
1496
456
1688
2396
2326
1388
1198
835
2037
2308
2490
1632
270
1578
579
1916
1521
2677
778
1431
2614
913
1359
2634
1114
763
2795
1108
961
1700

11
250
7
14
9
10
10
15
12
7
18
6
6
7
6
18
8
19
9
19
12
5
8
15
13
10
16
13
9
17
19
14
13
7
8
8
13
7
15
5
7
13
6
14
16
7
18
17
13
12
10
18
11
7
13
6
15
8
18
12
16
9
6
20
8
14
19
16
12
15
9
17
19
10
6
12
12
10
8
16
9
12
15
8
9
14
12
15
17
13
15
5
16
5
14
18
20
16
11
14
13
9
10
5
5
6
16
17
12
11
10
11
16
17
16
17
7
13
15
19
15
20
15
18
11
6
15
17
13
20
13
17
8
5
20
14
20
10
8
19
15
13
13
8
16
13
14
16
15
19
16
9
14
9
17
8
13
6
13
9
15
20
12
17
16
14
10
10
14
20
10
16
17
19
7
14
8
20
18
13
14
10
9
18
19
8
16
13
17
11
13
14
13
14
8
8
5
12
13
5
6
19
13
12
12
6
9
18
13
12
13
9
7
17
7
18
12
19
13
16
14
19
19
6
14
16
19
8
17
12
17
8
14
11
13
16
20
10
12
9
8
13
9
9
12
9
18
12
8
14
18
9
0
501
738
343
2084
1335
1359
1613
1136
1461
990
1042
965
2322
1441
2050
1486
889
1511
5
2205
334
1997
663
516
1234
398
809
1489
920
1451
1965
1921
1348
2109
1264
249
980
786
1908
2189
1854
1337
1532
267
211
2362
895
1346
1349
1526
692
2130
1006
752
487
968
0
1704
712
427
1540
1105
422
1302
1072
1373
1235
1752
1000
1096
651
2240
906
2157
1776
1535
369
408
1319
1028
515
1432
1842
265
1145
2225
657
941
891
1675
1346
2248
1975
1986
292
113
977
2322
1321
1616
336
1314
1361
800
680
224
193
623
1608
2099
936
1171
1800
1058
2188
1000
25
2072
584
427
2155
1419
2353
1511
187
1323
1004
657
1848
823
297
1746
967
833
1708
710
350
977
17
273
1040
111
991
1009
990
1788
540
1391
2329
1057
936
379
1523
1227
1079
2029
1911
1454
878
1465
1581
1407
1745
1458
801
1787
623
1037
941
1931
2185
632
1179
1704
1614
735
463
1823
520
643
1557
313
1274
346
947
577
2054
286
1706
346
1859
2028
2295
684
2217
2217
779
1943
662
1808
593
2157
600
1628
470
295
1829
1508
2077
918
1084
108
1355
1347
43
836
1859
502
403
2021
1900
1079
44
431
850
1554
706
522
141
1805
902
1645
1662
2280
1088
594
392
1515
1915
708
65
383
1264
915
1294
1292
1691
953
436
413
782
1048
603
2881
2105
1523
1852
1609
1807
1707
1436
1720
2900
1493
2485
2198
931
2107
250
2842
696
2482
1458
770
1302
941
1364
1516
958
1717
2575
2640
1654
2864
1913
565
996
1500
1930
2660
2635
1598
2220
1001
968
2436
1133
1570
1749
2201
1331
2371
1682
959
1210
1517
580
1882
1004
487
2278
1542
811
1932
1344
1915
1341
2059
1126
1666
1081
2946
1383
2718
2338
1793
599
732
1582
1311
819
1560
1954
1034
1748
2515
1200
1584
1028
1825
1543
3035
2639
2725
343
277
1184
2825
1594
2345
978
1649
1883
1067
1474
395
839
647
1970
2162
1539
1962
2044
1196
2219
1655
339
2423
1379
1113
2276
1959
2578
1651
804
1863
1802
1366
2053
1417
980
1812
1003
1073
2474
1026
1071
1691
237
290
1620
532
1367
1610
1665
2037
976
1408
2740
1395
1188
924
1811
1804
1629
2183
2130
1837
1362
1640
1943
2130
2043
1514
1080
2518
1280
1257
1009
2506
2552
977
1911
2195
1756
1405
998
2510
1281
1320
1936
831
1996
949
1450
766
2842
906
2036
649
2606
2193
3092
1358
2853
2470
1431
2220
954
2424
849
2591
1385
2106
747
796
2070
1590
2438
968
1800
760
1416
2013
697
1022
2456
517
1173
2682
2504
1753
738
881
952
1782
1021
810
201
1838
1307
1940
2029
2412
1753
1369
1067
1683
2017
751
781
416
1435
1359
1835
1413
2356
1683
874

12
250
17
15
10
12
16
5
14
5
16
15
18
8
17
20
8
10
8
8
7
18
12
15
18
16
17
6
17
8
7
13
9
19
8
12
14
8
10
17
10
19
16
11
17
19
19
9
5
18
10
13
19
9
17
16
11
17
10
19
13
6
16
11
11
16
17
20
18
6
11
12
11
8
15
15
6
11
6
14
10
19
20
15
9
13
8
18
6
17
11
12
18
9
10
12
6
20
6
7
16
19
18
19
7
7
17
19
18
11
9
6
7
13
13
14
9
15
18
13
6
14
18
15
20
9
16
16
16
14
9
7
17
19
11
20
13
5
11
15
14
6
5
13
10
14
11
15
6
7
14
17
7
7
9
18
10
7
5
19
11
14
16
12
18
18
17
7
7
9
12
18
15
10
8
13
8
7
15
14
7
6
11
15
17
8
9
14
12
10
18
14
19
19
13
17
5
6
10
17
10
10
7
17
17
12
7
13
19
9
13
7
6
19
18
16
7
16
9
16
7
20
8
18
15
16
18
9
10
10
18
19
19
14
9
18
16
10
11
15
7
5
19
13
12
19
18
15
18
16
15
10
0
568
1838
973
2371
1578
303
1434
438
138
377
905
1393
1414
1312
1651
1989
925
588
493
2088
587
1112
2225
611
820
1701
1792
1440
1087
549
1716
2128
1764
1869
824
1676
1441
382
1628
245
1680
827
1118
739
1363
1709
359
1866
2257
466
40
2205
711
1898
618
75
1488
915
538
1574
2339
393
1578
51
2047
1711
462
1569
2091
32
2104
2220
2031
871
124
1414
1815
1481
684
58
1547
1445
1781
772
2348
373
1649
2116
1230
1622
1053
1582
382
1480
1347
1717
2244
1871
1356
635
1187
2088
2134
1969
617
437
1127
1575
1719
1987
1542
413
2203
1082
1689
899
1550
1802
2085
286
854
1992
2244
558
931
1615
1023
545
1163
1736
1159
1723
350
2281
764
554
2025
725
1130
1250
1594
2267
1624
275
828
592
1493
390
725
1955
860
768
1545
1469
1598
1854
1701
1071
382
198
382
1962
892
2375
381
1204
1604
2106
1640
1812
496
2332
1136
1436
1792
54
1576
72
1503
1307
1457
1460
1470
852
73
765
2358
1122
1978
199
1368
225
1848
2086
152
1999
1256
1915
860
1856
12
262
564
1410
1614
1077
289
833
1799
891
605
406
2115
1021
10
890
761
1865
1563
670
225
1813
918
848
707
521
1904
1874
2131
371
1689
494
453
1087
1249
1725
1078
453
2312
1973
1613
901
1055
1096
248
1416
1920
1908
1130
299
1251
2608
1404
2929
1758
507
2121
1033
323
515
1359
2134
2182
1911
2283
2330
1281
997
1025
2532
892
1502
2744
1167
1256
2210
2516
1816
1250
831
2222
2881
1868
1895
1466
1757
1946
711
2235
896
1985
873
1527
1102
1521
1899
755
2002
2876
1170
652
2432
964
2365
1420
434
1748
1435
987
1931
2549
404
1603
820
2439
2346
647
1785
2899
665
2415
2522
2618
1131
372
1523
2223
2138
804
368
2099
1838
2543
891
2892
950
1867
2412
1952
1865
1077
2313
1173
1519
1451
1992
2472
2140
2013
1039
1782
2567
2443
2688
735
977
1341
1932
2367
2705
2150
629
2829
1771
1707
1706
1759
2413
2186
832
1564
2097
2962
849
1162
1647
1420
1033
1443
2166
1305
1817
397
2563
1157
842
2725
1127
1366
1907
2380
2410
2036
750
874
784
1833
930
1348
2632
1173
866
1736
1830
1941
2043
2464
1699
1098
812
1079
2001
1386
2777
460
1847
2101
2349
2135
1856
1291
2956
1745
1934
2365
569
2300
609
1752
1343
2119
1781
1528
1656
331
1092
2789
1199
2533
550
1552
503
2212
2310
210
2021
2034
1950
1524
2469
366
524
1040
2077
2267
1486
979
1010
1910
1672
977
438
2862
1094
258
1009
1515
2562
2203
1012
341
2104
1346
1209
780
913
2050
1993
2624
697
1966
780
1125
1170
2039
2170
1655
725
2771
2519
2403
1517
1289
1559
660
2176
2228
2631
1351

13
250
13
11
18
17
9
5
15
8
14
8
9
18
12
13
8
15
19
16
13
19
19
15
18
6
11
18
14
18
8
16
7
19
18
9
19
7
6
6
7
15
13
5
19
14
8
19
18
10
8
6
10
18
12
5
9
10
6
5
9
10
11
6
9
19
5
19
11
11
6
9
13
15
15
9
15
12
17
8
15
12
5
17
16
17
9
17
16
11
16
6
11
19
11
5
9
14
7
13
17
19
16
8
7
17
12
6
5
5
15
9
8
7
9
12
10
19
20
10
16
19
7
7
8
16
9
14
14
18
19
5
19
18
19
16
14
8
20
12
13
17
14
6
17
19
15
9
17
10
14
18
10
8
16
19
17
16
12
18
10
19
5
17
12
9
15
18
8
9
8
19
18
8
15
17
7
17
16
5
5
6
9
6
6
19
18
16
8
17
14
6
18
10
16
7
7
20
11
17
16
18
15
14
14
13
6
16
14
6
14
9
15
20
14
15
19
8
13
16
15
15
14
13
11
9
9
16
18
20
15
17
13
9
20
12
12
5
12
11
5
11
11
6
13
20
9
14
14
10
16
13
0
751
2332
1881
2149
1116
2
1153
323
889
120
1181
646
1130
315
751
2217
425
1812
1676
847
1711
2264
2258
674
1338
1667
1101
1849
336
765
2183
970
1026
887
1471
2002
562
1146
346
1103
1292
1937
128
2168
2246
1221
1700
519
1079
1984
2334
1006
1523
815
1897
857
1312
1984
1087
1180
524
969
1519
1084
593
719
2125
511
848
2247
1689
1199
633
2108
1969
1141
2060
2161
2347
321
172
377
1701
1273
480
1163
818
981
1006
2151
2139
198
85
659
132
712
130
389
1664
82
77
137
1090
1659
1085
1796
1442
2131
1645
506
1721
401
1965
1351
1475
1876
854
1805
1763
507
265
857
1688
109
720
47
339
587
387
599
935
1127
2331
2065
1031
356
166
1943
1036
619
968
1674
698
1086
1335
1952
1655
1046
1448
2196
2226
446
1373
1297
195
124
661
306
1573
632
2188
1830
1450
2062
1132
2058
1114
1439
197
907
1544
1909
1250
228
2000
1893
327
1367
539
2113
2321
390
1551
997
1960
1717
1148
2187
1755
1206
391
2320
1706
1977
659
1674
713
2193
422
1157
1208
1551
2059
2221
241
1146
740
1525
1057
927
1818
1685
60
125
928
1547
2093
142
1609
1521
18
1114
2283
1584
2275
1079
1405
1483
1832
783
2250
2035
941
1788
2340
509
1673
909
971
237
989
1739
396
1464
1961
1374
1028
670
1913
501
1317
2619
2622
2731
1256
229
1233
774
931
466
1791
1265
1904
676
1411
2793
589
2098
2055
1429
2225
3014
2272
1461
1786
2068
1129
1971
1020
1056
2747
1290
1728
1151
2151
2323
1095
1445
819
1874
1605
2009
628
2449
2406
1737
2405
875
1815
2155
3134
1647
1732
1260
2074
1195
1562
2278
1669
1621
909
1449
2055
1273
1246
730
2704
530
955
2436
2443
1539
1180
2639
2205
1601
2325
2531
2929
950
935
1033
2102
1573
769
1217
865
1180
1130
2494
2669
990
846
950
820
1474
429
416
2437
501
863
721
1657
2101
1286
2163
1607
2404
2385
984
2132
807
2190
1641
2001
2338
1440
1937
2224
917
296
877
2486
191
1282
585
730
808
957
702
1372
1322
2732
2438
1377
1092
724
2669
1327
1389
1197
2022
1073
1278
1504
2102
2216
1784
1494
2394
2899
667
1550
1822
608
823
1371
469
2166
1209
2450
2000
2206
2787
1651
2549
1697
2200
932
1376
1733
2066
1640
965
2625
2310
591
1962
877
2430
2849
686
1575
1317
2128
2490
1523
2796
2139
1447
1083
3027
2400
2272
865
2233
907
2270
620
1209
1275
1721
2772
2321
542
1775
1324
2183
1471
1528
1922
1962
700
330
1091
2108
2753
792
2137
1987
231
1849
2421
1690
2611
1752
2183
1628
2500
1093
2724
2408
1441
2330
3050
768
2150
1149
1481
657
1709
2511
876
1874
2284
1547
1502
1407
2058

14
250
7
11
13
16
16
19
17
8
20
8
9
17
15
13
10
9
6
10
16
14
12
17
18
19
11
8
6
8
9
11
15
14
6
15
11
9
6
13
6
17
10
15
11
9
18
15
17
7
13
18
15
13
18
14
7
10
6
18
15
16
7
18
12
17
18
16
6
18
18
9
8
7
15
11
10
8
11
19
16
11
12
15
18
12
18
11
9
5
11
6
7
10
6
8
17
16
5
14
6
12
16
15
6
9
16
7
8
8
12
19
8
15
11
11
13
7
10
14
10
10
15
14
20
6
7
17
19
13
6
16
9
16
19
5
16
14
14
6
15
17
18
15
18
17
20
10
9
6
19
15
8
18
14
6
20
18
19
20
8
16
18
6
19
7
11
18
20
18
11
20
15
9
6
17
11
20
6
8
20
15
18
7
16
10
18
12
10
9
16
6
16
7
8
8
16
17
16
16
15
6
13
8
14
15
8
10
13
14
14
9
6
19
7
12
14
19
10
10
14
16
13
12
13
17
7
7
16
17
8
7
10
11
11
12
11
16
20
7
16
10
17
11
10
17
8
8
11
6
7
17
0
1839
1298
2098
1436
1568
175
74
1034
1063
2227
1394
1302
1390
955
1474
318
251
475
2148
430
1021
441
2101
2114
2160
2293
675
2191
1675
863
1093
885
873
1546
255
2247
2200
1289
347
701
1821
1743
1327
1561
2241
2205
128
257
1046
839
179
951
2174
1027
842
1642
1117
2128
823
622
2167
1956
1576
642
367
1977
210
2336
348
350
112
775
7
1304
688
151
1838
206
1429
1837
986
932
491
1939
1092
1457
1890
462
2316
1930
2101
1952
892
1630
680
347
861
1555
971
580
2315
141
989
1680
1968
1211
1506
949
859
541
932
227
1088
633
1690
1133
448
1324
13
792
2029
1743
274
715
764
1110
3
481
1504
1075
738
617
115
1761
270
396
937
1252
315
872
2109
77
1592
1217
979
1654
1574
1037
355
885
2065
1408
2171
1098
2023
898
2132
2281
1510
422
53
819
1597
1471
1954
2275
305
2184
478
702
2223
1598
1136
1029
2038
120
1234
503
1822
1882
701
1052
1202
2331
920
1358
1501
1873
435
655
498
798
2251
556
136
2237
1751
1756
1466
1827
416
666
2151
191
303
1581
1269
530
1040
210
967
1629
1159
1056
322
139
2096
1029
1433
738
270
1779
2011
1133
726
1887
1516
2086
240
935
2147
40
1531
1739
1248
820
1755
578
994
252
535
947
1422
657
1179
784
348
2033
1092
156
2314
1877
2556
1497
2279
925
342
1458
1309
2322
1504
1717
1771
1342
1771
876
995
722
2289
1179
1352
685
2389
2134
2202
2886
1461
2461
1759
894
1536
1484
939
2225
508
2337
2808
1738
909
1194
2262
2008
2056
2333
2975
2647
502
1047
1801
1449
269
1622
2591
1737
1371
2078
1189
2402
1272
1383
2716
2478
2369
1326
503
2423
254
2446
437
953
494
896
441
1527
1120
874
1893
302
1836
2006
1002
1434
651
2170
1857
1931
2259
814
2852
2154
2626
1976
1499
1984
735
1100
1382
2135
1230
1048
2866
493
1123
2382
2066
1785
2232
1577
1494
1008
1289
791
1279
1250
2458
1837
542
1775
361
1486
2455
2446
831
1180
1074
1559
315
754
2295
1311
1264
842
465
1829
771
748
1532
1644
1031
1135
2313
846
2098
1761
1303
1785
2282
1520
712
1305
2595
2068
2901
1461
2812
926
2680
2867
1570
483
282
979
1948
1659
2331
2778
452
2328
962
1014
2404
1985
1669
1600
2715
151
1979
1098
2082
2358
1206
1642
1703
2404
1591
1620
2063
2624
442
871
930
1534
2480
874
923
2880
2536
2251
1849
2030
760
900
2598
659
666
2281
1484
945
1783
614
1360
1900
1580
1828
541
261
2809
1748
2214
980
936
2489
2594
1594
1045
2623
1923
2570
571
1027
2693
508
2101
1814
1618
982
1902
598
1364
751
647
1351
1875
1141
1246
1222
1015
2328
1403

15
250
14
17
9
17
20
18
11
16
17
6
13
10
15
9
19
13
16
11
7
14
8
12
14
19
17
14
12
11
10
7
18
8
18
7
10
17
10
16
13
19
8
17
17
11
11
8
16
16
7
16
12
12
5
14
14
10
11
15
7
18
15
8
12
20
7
17
10
14
11
10
5
11
6
13
17
12
20
16
9
14
10
17
16
20
15
15
11
7
14
13
10
18
11
14
19
20
18
12
8
12
5
8
13
9
16
8
10
15
13
15
14
10
9
16
13
8
18
20
15
14
11
5
18
20
7
8
14
6
16
18
10
15
15
9
14
7
8
11
10
7
17
6
15
14
7
14
18
14
16
6
17
18
5
18
19
5
16
12
17
17
9
12
10
13
11
17
12
10
16
19
8
7
5
13
19
17
18
13
19
13
6
19
19
13
15
14
19
18
15
6
12
11
20
17
6
15
14
13
10
19
13
9
13
9
19
20
18
20
15
9
10
17
7
6
7
19
15
17
15
14
6
8
12
17
14
7
16
18
11
15
19
14
19
18
7
7
18
17
16
18
15
16
17
6
15
9
6
6
8
18
0
251
1141
970
869
698
1025
1753
1998
1878
2359
762
1706
116
1504
345
340
323
1324
1454
1838
861
1890
83
1502
1182
1086
400
1916
840
1555
1562
235
1257
2040
1998
1322
843
1312
139
2409
2203
106
1157
1317
5
2350
1349
799
37
1098
1304
2369
1357
1815
2375
1299
1835
2399
901
580
561
2143
736
1773
1181
609
2284
296
1858
2355
828
1764
375
727
1245
1358
76
668
1213
1511
1152
2403
1360
108
2077
1072
1769
49
610
2395
1745
1697
2045
1881
1374
2171
2106
998
2216
2137
1096
483
776
24
2007
215
1428
1230
299
2050
886
242
1202
1022
212
2343
1329
457
1375
1266
2243
2150
319
1492
102
2275
2018
1524
1907
404
1030
2405
265
962
1904
1812
1177
2283
966
1325
108
1468
1392
1865
855
457
194
240
1777
2373
1929
903
2377
677
197
2078
1235
1544
1286
2145
1597
1298
1711
96
537
886
1323
1743
2428
1242
416
581
849
390
1387
1242
1464
2147
46
628
658
1048
1801
2016
2234
2258
1363
1670
1632
1956
317
1227
427
1640
1205
93
107
1396
1108
1536
1213
1569
1633
1380
886
1886
2051
340
182
575
2257
1550
2011
2094
1883
98
1275
1781
210
1920
1836
51
328
623
785
2219
202
935
1521
349
965
236
1007
785
437
2201
494
852
2190
898
2184
389
831
2042
2003
501
698
191
2098
629
856
1344
1604
1324
771
1688
2053
2601
2114
3090
1406
2419
351
2040
718
917
761
1356
2087
2220
1103
2564
470
2094
1479
1808
797
1992
1425
2313
1786
437
1306
2484
2401
1524
1258
1902
807
3022
2578
733
1263
1450
49
2906
1830
842
99
1231
1896
2642
1840
2637
2736
1384
2305
2539
1556
1207
976
2485
1057
2202
1357
1076
2675
862
2677
2733
1233
2396
736
1239
1278
1470
637
1094
1278
2208
1707
3112
1799
806
2402
1361
2420
618
715
2840
2186
1816
2178
2186
1454
2322
2771
1516
2288
2204
1264
846
1202
646
2548
620
1989
1647
441
2402
1275
818
1830
1151
548
2789
1623
631
2016
1280
2806
2342
538
2154
249
2642
2486
2236
1967
767
1398
2656
891
1721
2125
2449
1237
2956
1787
1913
555
1900
1898
2175
1093
827
533
730
1873
3039
2675
1511
2785
1380
444
2906
1347
1762
1561
2507
2144
1387
2093
793
846
985
1658
1851
2539
1604
1027
1230
1591
1104
1884
1907
2056
2604
303
1335
1007
1306
2601
2624
2435
2648
2029
2174
2118
2204
386
1985
1146
1758
1888
848
704
1495
1832
1699
1887
2067
1976
1791
1161
2220
2730
390
245
1141
2836
2262
2792
2704
1960
898
1459
2212
748
2055
1991
854
1047
986
1150
2627
227
1214
2008
1125
1703
709
1596
1563
685
2339
1267
1666
2970
1202
2918
809
1594
2675
2429
588
1173
683
2281

16
250
18
13
18
13
14
5
10
15
12
9
14
16
12
20
19
17
13
12
17
19
11
19
7
8
5
7
10
18
9
7
19
13
17
18
14
10
11
6
6
12
17
15
18
19
14
19
9
17
18
17
8
11
9
20
18
16
15
10
7
18
19
15
11
7
18
5
18
10
12
20
8
7
15
19
18
7
20
17
13
16
17
18
13
16
9
15
11
12
10
6
9
11
18
11
16
9
10
18
17
8
19
18
15
14
14
16
8
7
9
19
20
9
13
8
20
6
17
17
12
7
8
20
12
9
14
16
14
20
13
10
10
16
14
7
9
9
14
12
17
17
5
19
19
15
18
19
6
15
9
10
6
19
5
9
8
11
15
14
19
15
11
20
17
16
11
13
8
6
19
9
14
7
15
17
18
14
17
20
8
19
5
16
12
15
17
19
14
18
11
19
18
9
9
7
12
6
5
5
14
14
12
5
20
6
13
15
13
9
18
8
9
8
8
15
20
11
6
19
10
12
8
7
14
11
16
20
5
13
8
19
5
17
9
13
20
14
19
5
15
13
5
6
19
17
19
19
6
7
14
17
0
2350
934
484
1926
1402
155
47
1108
2442
193
1057
2072
2183
622
163
614
934
1955
89
1478
772
1628
1177
2430
1033
512
524
2032
965
130
1858
2153
1083
1373
1337
1920
823
2033
1372
615
1159
1497
528
1345
23
127
1812
1181
1387
1662
2088
1186
1401
1291
27
4
1805
1991
28
1984
1778
154
557
1066
1301
251
643
772
1460
2007
728
2152
526
229
2253
457
569
1975
1751
708
1449
847
951
2370
1814
1203
1771
13
1093
263
323
1574
90
1318
238
960
1487
278
676
2054
546
1647
1358
1499
1569
1257
2027
399
1457
1638
1940
1267
407
2259
1288
1604
660
1137
356
1641
1951
1460
761
913
1069
967
2133
1192
1735
1791
1035
239
592
1377
154
1246
2029
2185
309
407
703
783
439
1948
1603
1376
136
1048
1864
2165
517
1091
1697
1998
462
804
476
195
1130
585
1293
309
1090
278
2043
474
2346
1000
1252
693
2223
400
1601
2375
1198
1307
196
1101
1643
1102
2391
1769
638
1374
1705
821
766
288
1795
1395
450
2320
1018
1218
2430
466
830
1961
1922
2278
189
1879
428
990
485
893
1816
2256
293
1960
2389
406
2036
1173
98
69
58
1840
334
1543
1553
917
1863
1701
925
191
1516
2236
613
374
1206
1168
1398
1129
2038
1027
1414
1903
890
2280
263
2112
1168
737
977
459
1717
1561
1340
586
2378
983
1014
2375
1670
445
124
1225
3092
329
1251
2529
2559
829
747
1042
1512
1989
604
1500
942
1893
1213
3181
1521
1225
1282
2375
1628
935
2522
2847
1285
2034
1857
2437
1158
2476
2061
1404
1877
1553
588
2019
350
263
2487
1271
1794
1915
2310
1531
1786
1807
489
236
2332
2111
651
2201
2049
461
1348
1773
2065
782
1188
1384
2251
2585
1237
2864
642
273
2839
726
982
2803
2517
1058
2128
1377
1505
3064
2477
1320
2556
233
1781
843
695
1846
592
2124
964
1350
1677
753
1445
2492
806
1692
1421
1685
2186
1933
2291
1162
1749
1890
2523
1857
596
2830
1368
2190
903
1942
524
1863
2240
1795
1348
1559
1448
1551
2193
1570
1787
2523
1718
351
771
1826
534
1588
2697
2525
443
485
1461
1064
850
2175
1745
1678
962
1804
2161
2183
1278
1654
1832
2300
794
1080
512
420
1656
1067
1593
471
1781
495
2749
1277
2957
1711
1514
737
2740
1032
2095
2555
1415
1615
984
1855
2450
1887
3127
2529
944
2171
1933
839
1198
435
2580
1502
804
2876
1745
1474
2955
583
1470
2702
2360
2291
321
2141
718
1338
635
1548
2341
2554
989
2645
3015
1077
2165
1290
491
520
473
1870
522
1606
1704
1363
2611
2189
1249
513
1589
2679
1424
887
1261
1455
1530
1156
2100
1100
2110
2520
1661
2758
280
2853
1411
764
1648
1154
2398
2350
1847

17
250
11
18
10
7
13
8
8
11
18
7
16
17
9
9
11
20
9
15
9
9
12
6
12
13
7
14
14
19
6
15
15
9
11
18
15
15
5
6
11
13
12
19
13
6
16
15
15
10
13
8
7
10
9
16
11
10
19
19
8
6
15
19
10
6
13
19
14
19
13
20
7
8
6
17
10
19
16
13
16
14
12
18
8
14
5
7
19
9
19
14
18
6
6
6
12
12
14
17
17
13
11
20
11
15
6
8
5
6
15
16
9
10
19
7
15
17
13
7
11
8
5
9
9
8
16
11
16
17
16
12
18
13
19
18
8
7
19
16
19
11
17
17
18
18
9
11
8
8
11
11
12
17
10
13
15
8
16
16
17
12
10
19
14
11
19
5
14
18
13
7
7
10
6
19
8
11
5
11
19
11
20
7
14
14
11
9
15
9
5
14
9
13
6
14
13
19
9
12
14
18
19
10
19
16
11
5
20
5
18
20
16
13
10
8
11
7
19
11
13
17
9
7
19
8
18
17
15
11
10
5
10
5
13
12
13
17
10
12
19
18
6
7
17
19
11
8
13
18
20
8
0
278
1713
2089
624
1174
1070
2145
305
1184
1074
1106
2268
2101
599
112
1620
812
393
475
1303
1774
2191
1949
31
2052
1277
1960
744
1318
38
1998
2247
1514
1082
497
988
1809
451
1793
715
315
298
1782
853
1184
753
901
1097
1133
2051
393
63
787
28
2075
2116
864
1370
295
871
517
1983
346
240
2295
1634
565
1782
1289
558
456
507
334
2089
113
2092
767
2078
1851
750
1275
851
359
874
1081
2099
338
663
263
1715
1186
2106
469
1127
1715
650
1146
1369
1864
204
1583
752
633
2118
1535
1469
2264
2108
1374
1251
1829
2228
1552
1114
2025
1707
2322
640
1904
1798
1166
147
17
171
565
2219
1791
632
169
1577
1113
2008
52
175
807
1331
779
1427
2194
897
1263
1742
358
533
1181
1095
1853
2064
1909
1700
909
320
1054
130
1017
1675
268
438
1594
46
373
2157
1532
446
1148
89
117
1313
847
1222
368
2329
1103
2128
2295
381
623
1
473
643
1992
1752
1497
745
990
1399
885
732
1454
95
467
1454
1670
1620
1159
2001
42
1535
700
918
1082
1066
1416
115
1638
764
1464
2181
1578
326
340
16
116
1728
1457
942
941
2301
487
4
1394
607
745
769
536
1767
2191
658
1332
659
671
1704
2073
2120
101
1192
1343
466
1700
2027
2315
837
1060
1952
915
4
1572
1482
2114
721
355
2173
2799
1026
1430
1506
2724
546
1737
1520
1234
2411
2491
915
455
2234
836
403
853
1811
1940
2555
1963
455
2641
1424
2673
1333
1647
373
2768
2638
2245
1481
852
1246
2409
1122
2406
1404
561
629
2385
1252
1715
1049
1194
1402
1793
2685
1035
582
1008
297
2109
2880
1189
1443
761
961
1094
2222
507
428
2657
2314
681
1954
1693
1302
806
895
1125
2291
521
2351
1439
2695
2314
1087
1778
1524
395
1016
1387
2355
1073
926
740
1965
1634
2166
1089
1913
2259
696
1276
1718
2599
614
2097
1323
924
2549
2222
1567
2608
2597
1669
1973
2173
2266
1757
1706
2509
1742
2589
904
1980
2352
1407
308
748
653
638
2531
1862
850
420
2085
1773
2440
531
341
1334
2002
1397
2021
2744
1120
1905
1946
1023
1106
1502
1660
1884
2812
2043
2106
1248
824
1255
779
1655
2094
542
828
2021
532
1159
2590
2212
813
1193
559
179
1769
1108
1592
710
2390
1166
2405
2476
737
1028
550
1150
1108
2142
1855
1789
765
1735
2072
1190
1182
1911
471
1084
1642
1696
2325
1225
2287
820
1716
1290
1216
1824
1338
2073
688
1867
1560
1907
2622
2224
496
854
377
139
2188
2161
1081
1501
2812
1161
330
1473
1169
779
1309
569
1833
2608
867
1831
1129
1023
1890
2712
2908
194
1840
2087
568
2002
2616
2559
1232
1852
1992
1356
382
2007
2113
2594

18
250
8
11
14
12
15
6
18
11
7
10
6
13
11
12
14
18
17
12
18
16
16
15
8
17
11
13
15
19
13
10
5
13
8
11
13
14
20
8
8
10
16
16
14
13
11
14
9
19
16
10
9
15
7
5
13
18
13
19
15
15
15
17
11
6
19
6
15
15
12
8
11
17
10
16
13
14
14
8
13
13
12
17
11
6
16
12
14
18
20
18
8
12
18
7
19
15
11
16
9
20
7
13
15
13
17
16
13
9
6
6
6
19
9
11
11
12
19
17
18
18
14
6
9
10
12
19
18
14
9
16
12
10
6
20
13
6
19
17
6
7
8
16
17
9
7
11
13
16
14
20
5
19
20
10
18
14
15
10
20
16
16
12
10
16
13
6
20
15
20
10
16
6
10
20
9
11
15
8
15
5
11
17
10
14
8
10
20
16
6
5
12
19
17
11
19
11
20
15
12
13
20
13
15
10
7
10
10
20
7
10
18
15
13
12
10
12
6
6
10
16
11
9
18
16
5
20
7
19
5
9
16
11
13
17
9
12
10
18
9
12
11
7
19
12
6
16
6
16
6
8
0
1576
1574
898
1894
478
994
1726
1532
1809
316
754
2189
2261
2
2308
1199
1560
604
1958
2273
1818
232
378
455
1613
682
792
2048
2179
1102
793
1678
1302
2268
132
2221
1869
337
1839
2180
1120
304
1998
397
1848
1781
467
3
2067
1650
1593
1798
2016
2008
1402
6
1700
1112
1938
1625
1599
1117
1486
1154
1230
737
1345
1146
1018
1880
1772
817
2174
753
1486
205
483
2034
2014
1758
2116
367
236
1975
80
1185
1423
313
1498
1240
343
1283
1341
859
912
1135
2368
1717
478
1898
769
73
2062
1207
1448
899
2114
683
1554
750
418
398
1407
634
1174
697
532
1501
1761
400
2145
634
281
725
502
1251
1677
1561
726
1065
1004
1814
162
780
36
21
2354
646
2376
2169
2253
2171
261
1866
1806
2224
906
1905
1704
1397
528
1755
2168
1923
1628
926
1534
304
793
55
1638
85
1995
1884
1595
2180
1754
1172
921
571
1140
1495
744
467
533
243
181
809
1079
1254
509
1180
2178
1161
2259
1243
2245
1738
699
282
1614
1478
666
753
511
1982
1272
1932
514
1480
115
1921
34
1537
934
1221
1790
1621
337
2281
1325
445
1994
632
795
254
495
180
364
1896
2
541
1897
1219
309
940
1145
860
1144
1945
734
233
290
1842
1059
1663
541
2333
1378
230
1081
1267
1649
60
236
1403
1577
743
1896
336
2171
2055
920
2675
806
1645
1889
2064
2385
631
1347
2606
2684
536
2852
1394
2176
663
2186
2683
2033
1011
727
541
1639
1345
1551
2805
2769
1782
1374
2290
1519
2791
927
2734
2577
826
2106
2822
1254
680
2737
615
1866
1832
985
440
2167
2062
1899
2400
2795
2770
1696
782
2395
1814
2480
2085
1640
1522
2194
1669
1599
766
2129
1374
1225
1969
2022
1404
2335
1268
1552
383
963
2118
2735
2037
2778
690
870
2149
569
1750
1808
904
2040
1253
382
1696
1913
929
1021
1776
2550
1976
841
2519
942
462
2688
1789
1752
1326
2624
907
2159
1224
612
861
1670
1096
1347
791
1064
2259
2483
609
2208
1131
441
1183
976
1583
1810
1836
1187
1597
1212
2422
240
1544
309
243
2683
856
2742
2313
2761
2511
507
2228
2015
2575
1464
2286
1949
1714
1064
2328
2873
2405
2182
1219
1603
609
1294
550
2211
649
2565
2410
2291
2817
2146
1317
1039
989
1770
1811
1539
818
1110
618
495
1530
1645
1349
793
1867
2745
1571
2270
1539
2627
1936
969
978
1663
1676
677
1274
885
2505
1475
2142
983
1893
613
2304
276
1689
1156
1692
2567
1916
867
2624
1469
951
2234
727
1493
574
940
879
1093
2221
106
1223
2611
1321
1088
1086
1658
1422
1544
2506
1487
742
1094
2532
1101
2162
1031
2984
1722
424
1204
2063
1935
360
470
2201
2311
1037
2524

19
250
15
16
16
18
9
12
12
9
14
15
14
14
11
16
8
14
19
12
13
16
6
11
11
7
7
19
13
6
11
12
15
6
15
8
5
15
6
7
17
15
14
13
19
8
18
7
7
19
13
13
12
5
12
7
12
19
18
6
20
8
7
7
19
6
13
18
16
8
11
19
17
8
15
13
19
13
11
7
14
15
19
12
19
14
19
16
10
8
17
9
12
15
9
10
19
11
10
15
7
19
9
20
13
5
12
10
16
13
12
14
6
13
19
20
6
8
14
8
8
14
5
11
13
10
14
13
18
19
15
6
10
19
15
10
10
11
12
6
8
18
14
12
11
12
5
7
16
8
13
13
13
20
8
18
10
14
9
18
5
17
15
17
8
18
18
16
16
16
13
10
6
16
8
11
14
15
6
12
17
14
19
12
5
11
12
9
6
12
8
15
8
7
6
7
9
6
19
6
16
16
7
19
17
5
18
20
19
11
13
18
15
6
19
17
16
6
13
18
12
16
12
20
10
9
5
15
5
14
7
5
12
6
8
10
13
9
8
18
6
6
10
15
16
5
16
8
19
9
16
8
0
477
1765
314
1733
1416
1672
680
920
1374
334
1307
321
639
1585
761
499
695
1805
1656
1104
1976
398
205
1450
113
989
1332
330
589
1101
1619
307
1551
1440
829
2174
1505
370
392
1749
35
76
1277
2280
2271
1515
1053
1718
2148
848
250
355
1190
1259
1725
1871
1052
2241
1656
388
1249
964
1852
178
118
13
614
819
534
888
1029
1352
27
577
829
2230
1326
482
410
1112
2266
1312
34
389
1094
123
2105
1798
1411
2218
1044
1421
2171
1988
1968
1807
698
605
77
1623
1017
858
1067
276
278
1023
673
909
767
1672
1349
903
1866
1323
301
1603
1077
1704
1582
1097
2167
863
247
1758
2041
1787
496
979
403
950
1996
1423
1514
573
203
6
1514
2111
1596
1138
1905
1730
710
1943
1260
517
416
1876
1172
1873
1614
568
1495
1928
85
1812
193
636
1788
1316
445
287
22
1441
1234
686
1657
658
1659
1448
2153
923
2097
2261
1157
1422
258
41
2116
1173
2061
1462
281
1946
1667
1472
1450
1783
1206
1470
2217
473
1532
1668
1678
385
30
2206
670
984
431
449
973
355
1646
628
1973
2062
467
250
308
1543
471
1663
1486
999
2151
1668
705
1651
1109
682
1678
1642
1570
453
759
1347
705
1906
604
671
1649
2040
1355
1609
1502
1454
1364
620
690
710
1475
220
679
1725
1151
1330
1911
546
889
2176
723
2383
1856
2365
775
1071
1499
447
2023
836
1136
1705
1349
1002
1397
2499
1993
1283
2339
971
721
1521
354
1375
1572
760
942
1308
2195
934
2127
2190
1185
2182
1873
1100
873
2503
458
830
1761
2571
2977
2035
1461
1742
2816
1227
1013
657
1765
1802
2002
2317
1794
2610
2169
472
1846
1621
2460
924
515
642
931
1365
562
1246
1499
1758
730
698
1214
2999
1463
1219
1187
1343
3029
1435
524
843
1301
864
2222
2207
1853
2626
1103
1855
2408
2089
2631
2379
958
1084
695
2381
1238
1211
1309
609
799
1517
1338
1516
1540
2026
2124
1162
2527
1658
962
1945
1339
2273
2122
1393
2213
947
627
1930
2343
2009
986
1267
1017
1684
2213
1480
2162
848
769
751
1744
2352
1875
1224
2293
1817
778
2468
1279
1174
809
2465
1846
2385
1905
770
1801
2330
254
2213
899
1338
2213
1870
861
458
649
1688
1912
1450
2150
703
1873
2188
2830
1297
2354
2411
1615
1873
376
625
2646
1564
2264
2031
531
2634
2106
1484
2045
1855
1429
1508
2870
720
1647
2260
2169
585
58
2653
1118
1184
533
673
1440
846
2174
953
2471
2754
1145
594
886
2125
819
2002
1882
1525
2657
2234
1477
2191
1470
743
2119
1940
1832
1093
998
1774
1119
2488
1290
1308
1945
2695
1385
1890
1694
2130
1491
719
1368
803
1775
816
1361
2164
1677
1866
2434

20
250
16
20
9
18
17
12
16
16
13
14
6
7
13
16
15
15
7
18
15
9
7
18
12
18
18
13
20
14
10
10
14
16
19
7
18
15
12
8
19
8
5
14
17
5
12
19
9
13
15
8
17
13
6
7
16
14
16
11
19
7
13
16
18
6
8
7
16
8
16
7
7
11
8
15
18
6
10
9
18
15
14
10
20
10
6
10
11
18
13
13
11
12
6
5
12
15
10
19
9
15
14
9
6
7
18
12
15
14
11
7
9
17
9
17
16
13
17
11
15
13
8
16
9
10
12
20
6
18
19
16
5
15
12
15
9
9
18
19
13
12
10
17
7
13
16
13
14
13
12
8
10
9
12
19
13
16
14
9
6
17
15
7
16
9
9
5
19
14
19
9
7
6
8
9
12
15
5
14
12
7
14
11
17
7
18
15
11
11
17
10
12
16
20
17
7
7
8
16
16
6
13
19
10
9
12
11
8
19
7
14
8
17
8
9
9
19
5
12
9
12
15
10
17
5
9
18
11
13
19
8
7
14
9
17
19
14
7
16
16
8
18
6
20
13
13
19
11
14
10
9
0
1337
1675
690
622
1218
2113
1937
1745
1552
420
1191
857
769
264
1052
1811
167
14
796
1466
609
599
2243
367
2270
1891
1072
1106
1679
228
381
572
106
834
521
2094
1231
1800
1992
49
486
684
1074
249
2303
1378
1006
696
21
30
2051
681
1346
2259
260
132
1454
1511
245
1218
620
1098
1816
2091
1133
422
784
1782
1061
2312
1068
1456
1268
1588
1480
62
1268
126
959
2230
314
1559
1940
1468
286
551
2009
821
1147
1409
155
1398
1837
1684
792
2268
2036
1170
2200
441
1360
2277
1535
1774
731
1550
743
1213
158
1274
1185
1510
11
1289
1656
828
13
2301
1587
2069
700
1788
777
2310
1591
2126
2136
1193
798
384
1771
646
1979
395
880
2130
739
228
475
1779
662
334
1739
1286
776
1810
1008
2249
2307
415
2201
1834
2158
1758
698
1776
7
304
1131
1943
430
1274
2114
2132
1966
103
1034
1976
1188
849
906
1657
1337
2219
126
299
2305
2286
754
1712
1152
1866
2177
1060
934
1669
1787
1769
1069
1167
2167
1255
1975
1292
2126
1791
1901
247
1378
1420
6
884
879
237
2271
256
627
278
2324
790
265
1684
1391
2037
1951
1350
2136
776
2194
1424
967
411
89
1186
2178
1461
1652
670
1560
2078
1075
1225
150
1373
185
1060
416
1833
311
1276
1259
1295
2192
1788
69
1049
1744
296
1907
651
1696
2248
1401
904
1624
2834
2112
2328
2061
970
1948
1621
1251
438
1159
2572
816
82
1222
1614
856
1167
3004
1057
2551
2291
1227
1592
2207
513
869
1300
326
1082
980
2271
1969
1959
2449
346
846
716
1795
986
2681
1805
1598
738
260
67
2108
1097
1594
2439
849
176
1683
1756
328
1601
1024
1717
2555
2793
1823
666
1401
1826
1721
2359
1174
1921
1503
1635
1805
397
1594
685
1504
2882
842
1726
2259
1542
793
1260
2447
1119
1237
1695
540
1550
1889
1863
1305
2717
2120
1545
2620
527
1856
2694
1596
2516
1296
1818
1505
1291
710
1385
1840
2219
381
1461
2354
966
530
3036
1730
2610
1156
2298
1319
3039
1663
2726
2675
1418
912
671
2121
1195
2474
1105
1514
2538
1298
428
1080
2277
1079
789
1916
1595
1256
2203
1394
2305
2794
987
2662
2120
2835
2475
1280
2481
129
930
1272
2629
943
1511
2757
2275
2003
696
1721
2715
1667
1569
1420
2261
2067
2268
186
991
2672
2497
1403
1841
1721
1883
2887
1280
1351
2197
2015
2040
1722
1932
2488
1864
2544
1557
2625
2505
1940
955
2126
1714
195
1107
991
451
3001
918
1208
740
2937
1180
443
2327
1431
2627
2288
2002
2581
965
2721
1833
1404
595
721
1878
2788
1771
2054
924
2051
2465
1805
1620
726
1399
476
1760
739
2263
882
1434
1816
2065
2645
2176
536
1245
2169
323
2191

21
250
15
18
16
15
16
5
15
15
7
15
17
16
19
17
13
15
14
7
12
7
20
16
18
18
8
13
14
8
5
18
10
16
19
13
10
11
6
16
8
15
19
7
18
10
19
15
9
7
10
19
18
18
10
14
12
7
14
9
15
17
19
7
16
17
13
19
15
19
20
18
18
13
6
11
19
5
13
20
19
12
8
18
19
7
20
9
9
19
8
17
7
20
7
9
17
9
6
6
7
10
13
13
18
9
13
16
14
13
18
7
11
12
6
16
15
13
15
19
5
7
19
14
14
11
19
9
15
6
14
12
8
13
6
19
15
10
7
6
12
12
12
17
19
11
12
19
18
12
11
17
7
17
12
20
14
15
6
11
18
15
8
12
9
12
8
12
12
15
11
18
6
9
10
15
13
18
19
15
14
9
10
12
11
14
9
17
17
6
13
6
13
18
15
19
18
17
17
14
18
14
16
12
20
10
10
18
12
18
12
13
18
7
7
12
11
12
13
13
18
20
12
15
11
19
13
12
12
11
7
5
6
17
8
15
19
18
6
10
16
17
7
5
15
8
13
13
19
19
10
12
0
797
1754
1162
36
1544
1184
266
870
1669
1719
1479
1603
1931
889
1743
2274
1347
546
22
1028
1953
1487
1460
368
174
1400
1735
1576
1423
1742
1134
875
2419
894
821
2174
2415
1318
1330
998
121
687
2451
1110
635
2086
2427
1259
1474
967
536
1258
1670
1153
981
1670
546
387
49
2108
689
161
1141
1892
1357
2447
332
694
1764
1379
1792
479
496
1296
823
1432
641
417
1212
569
1995
1017
2186
465
2217
138
2035
2372
555
2044
361
1031
1470
1527
1778
2099
1943
1403
593
881
1552
1013
873
2266
1926
1860
2277
885
244
1613
1178
1409
2366
486
1304
438
1294
1042
2346
89
596
881
96
1765
1485
1011
942
1051
1214
2350
741
1031
130
862
2170
1095
1158
458
897
627
1501
117
2410
1682
2120
1390
2284
895
362
95
1555
1421
1144
1006
2285
747
2214
2156
904
2371
1198
2275
600
2282
2070
114
1371
686
2391
2312
1290
2199
403
1200
1997
904
865
601
383
1938
2190
1894
1226
2293
291
1384
822
2165
1530
2132
944
1467
1544
392
687
1242
964
1406
1000
1456
69
129
1379
154
1618
1300
1407
204
746
2130
1377
1595
1021
2207
2384
245
1121
748
121
766
1068
1563
2259
273
1976
598
2209
2274
1537
1006
585
523
1002
1127
2239
1715
1289
314
1568
2321
1525
2390
1906
735
2233
257
603
1798
1881
34
939
2272
1613
742
1747
1977
1045
1425
2400
1834
2311
1986
2471
1411
2506
2290
1593
1292
622
1577
2107
2099
1673
381
771
1617
1817
1974
1689
1867
1447
909
3250
1690
1361
2634
2761
1503
2138
1702
343
851
2862
1925
1454
2881
2744
1627
2070
1732
1171
1970
1770
1863
1088
1947
1022
536
240
2554
1438
417
1649
2308
1567
3021
378
914
1973
1941
2533
527
831
1597
1339
2010
1003
453
1771
917
2363
1160
2712
1250
2365
483
2275
2523
1245
2761
429
1145
1967
2210
2486
2559
2583
1629
999
1543
1848
1609
1462
2707
2672
1889
2656
1480
971
1834
1745
1827
2402
648
2072
830
2021
1162
2935
706
793
1172
877
2289
2063
1828
1388
1246
1901
2651
1016
1432
258
1213
2566
1404
1694
1090
1348
1072
1584
770
2694
1831
2415
1996
2875
1254
769
461
1984
1482
1832
1603
2876
1322
2479
2770
995
2718
1920
2899
935
2295
2713
537
1594
1199
3099
2543
1303
2274
842
1491
2502
1564
1281
1142
887
2129
2258
2197
1845
2417
1059
1629
1421
2576
1802
2678
1777
2270
2111
741
778
1638
1155
1721
1146
1625
848
509
1792
722
2017
1615
1794
735
1486
2959
2011
2135
1433
2714
2839
957
1238
1164
886
1203
1417
2390
2890
777
2212
961
2486
2573
1711
1036
875
1288
1567
1374
2399
1775
2105
1103
2340
3069
1710
3181
2628
1503
2544
727
672
2618
2164

22
250
19
16
16
5
15
18
20
5
6
13
14
9
8
19
14
6
20
16
11
19
17
6
15
12
18
7
15
7
8
12
9
15
11
6
12
10
8
20
14
12
17
16
12
15
8
8
17
12
18
12
7
18
10
19
20
18
8
9
18
19
9
5
8
15
17
13
12
12
18
14
20
14
8
11
17
13
6
9
6
10
11
6
10
9
13
16
16
18
16
14
19
16
6
19
11
19
7
6
17
7
13
12
12
13
19
13
14
16
12
13
19
15
10
18
9
9
8
12
15
12
7
19
17
10
14
13
9
13
16
9
8
18
15
7
9
15
19
17
12
17
15
7
17
14
11
16
16
17
14
11
14
14
12
14
14
9
12
5
6
17
19
9
13
7
13
10
14
17
10
8
9
10
16
13
17
12
14
19
19
16
16
17
6
15
17
11
20
17
20
17
6
8
9
14
7
5
19
18
14
19
8
12
12
11
8
6
9
7
19
12
10
12
11
16
15
11
12
17
6
7
7
10
11
15
12
13
17
11
10
10
7
11
19
15
17
6
11
6
7
11
18
15
6
11
17
15
18
15
18
16
0
702
2379
1396
2054
163
786
906
1716
1927
87
2258
1524
390
1771
228
1460
736
67
743
2299
1292
1641
1664
1250
914
1314
2387
1791
2140
1691
1599
1530
1173
357
1241
2198
136
1339
2355
812
1531
896
1308
1333
1133
1912
816
1039
1598
2164
1119
544
691
1158
120
1267
361
1966
1383
931
194
25
1284
1229
2260
28
2151
2278
492
170
1111
411
792
1633
1476
2269
1835
1752
1190
2220
1968
2390
366
809
510
1536
1615
1666
1325
2064
2047
2242
1362
874
992
2118
791
1926
732
1089
650
2015
342
1191
675
3
660
1647
1560
2300
1319
904
357
1016
673
1929
57
657
1117
1365
463
248
1867
1880
1001
1990
877
1936
1756
1262
2356
2296
2203
299
1197
306
722
376
730
1651
1544
445
1543
1458
1044
186
1005
413
811
1872
1159
554
200
1825
2298
869
1434
1799
1470
2088
1532
2316
1980
50
1723
1107
403
982
1449
1806
332
2145
402
942
184
2329
2093
1515
1901
38
1631
2014
2251
695
1539
1990
1576
305
2360
1795
1278
463
2264
1649
930
561
355
1608
2255
525
1947
423
2084
668
1318
2029
729
844
143
1306
678
2258
1150
988
486
2130
1663
208
1906
1364
860
1754
1579
1015
2277
91
2104
527
1413
2046
1832
2308
2283
1422
590
2027
62
222
2248
394
2393
125
1022
1411
174
1770
1917
1678
1123
90
1476
2561
1727
2776
724
1399
1200
1838
2068
606
2532
1844
1002
2248
600
2241
1289
583
1349
3081
1893
1940
1756
1407
1254
1828
2954
2071
2481
2441
2096
1681
1459
845
1832
2747
509
2041
2603
1563
2154
1031
1780
2098
1249
2360
965
1843
1777
2734
1717
995
1229
1499
283
1842
454
2584
1813
959
900
279
1413
1619
2983
293
2815
2982
1263
211
1340
458
1483
2053
1817
2648
2132
2433
1469
2389
2432
2532
1135
1033
1113
1804
2006
1874
2135
2641
2517
2946
1534
972
1438
2816
885
2730
804
1468
946
2035
522
1217
904
360
1360
1799
2362
2341
1819
1623
486
1137
899
2549
255
1178
1595
1476
685
450
2534
2098
1416
2100
1398
1993
1937
1467
3041
2940
2994
402
1570
366
1144
953
1404
2130
2149
582
1591
1570
1807
836
1383
435
1253
2229
1626
982
769
1954
2422
1535
1535
2357
2053
2501
1590
2950
2224
415
1968
1272
999
1160
2024
1932
447
2536
835
1605
281
2957
2630
1787
2048
237
1810
2263
2953
982
2186
2218
1840
716
2782
2330
1621
818
2409
1884
1408
813
1109
2093
2420
773
2501
907
2501
1405
1614
2141
1272
1223
650
2062
1479
3019
1908
1318
744
2373
2228
563
2708
1754
1094
2111
2268
1744
2842
518
2716
934
1940
2230
2142
3063
2997
2167
1065
2246
432
844
2269
882
3085
850
1357
2175
650
2078
2067
2384
1262

23
250
13
17
9
8
19
12
15
12
8
16
12
11
13
9
12
11
5
19
7
7
19
17
11
20
13
17
9
8
11
7
10
15
13
8
15
9
14
7
11
20
9
10
20
10
11
8
6
6
17
19
12
20
9
8
17
10
6
12
11
18
9
8
16
9
11
14
15
12
11
9
11
11
10
10
5
14
12
19
15
9
10
19
12
14
7
14
15
18
19
15
17
5
8
18
18
16
20
9
15
7
19
11
18
11
12
11
17
15
15
16
20
6
12
9
13
17
9
19
11
9
12
12
13
7
19
5
12
13
11
12
9
14
8
16
16
14
12
6
19
7
13
6
13
9
11
7
13
14
19
13
11
16
6
17
16
17
18
20
17
15
15
10
10
12
16
16
15
5
9
17
9
14
7
19
14
8
5
12
12
7
6
7
17
8
9
16
19
17
18
11
6
18
19
18
6
11
15
10
8
11
18
6
19
7
8
18
9
20
13
9
13
15
20
17
12
9
12
5
18
8
8
10
9
13
8
19
19
10
16
19
13
8
8
5
10
14
18
12
11
9
5
13
13
15
14
7
5
9
7
11
0
1314
2260
2118
946
218
1705
1403
1005
1539
560
2234
358
1951
1172
773
2063
263
516
1573
236
1222
1076
1438
2129
504
1735
821
13
2204
21
2021
1191
868
1135
905
1009
225
264
896
254
658
777
359
427
2087
52
658
1863
647
920
2245
708
338
1301
1285
481
1818
1485
520
1787
1113
196
548
2117
2081
319
1431
1757
1309
86
1657
1387
226
2183
1198
1297
789
345
346
1717
165
1391
1039
270
977
578
53
2256
1572
636
1641
420
1432
1645
1897
122
67
1155
244
234
1342
1183
1905
1057
1599
1292
1896
532
1302
2154
102
1410
47
1138
906
2224
758
1997
631
1681
1447
1672
1944
898
364
1760
578
670
2171
718
2067
1371
6
459
2250
333
2151
1927
827
1273
1735
157
263
507
2173
2047
1398
1550
1426
905
1348
2033
1459
491
417
2199
1554
1766
439
2062
175
1075
1278
1775
1107
966
1057
65
2225
1323
2228
654
2005
2130
1239
673
2126
1735
979
1116
1904
1116
605
1739
2277
299
1914
1927
1190
2094
769
63
411
24
429
1311
998
331
1396
888
498
1712
2301
1378
1520
1156
1196
1042
773
498
1660
100
604
1014
1509
1322
587
35
936
941
1903
63
927
1803
598
356
990
784
157
15
1777
902
930
1055
797
145
1502
1105
689
527
1947
1306
2051
935
70
506
289
1092
676
451
1385
2616
2521
1450
345
1819
1888
1210
1897
1219
2535
599
2220
1286
1179
2836
618
1037
1695
393
1354
1134
1748
2324
1185
1760
834
362
2276
411
2214
1698
1273
1263
1133
1690
514
1023
1549
907
1385
972
465
1173
2661
524
1297
2490
839
1543
2457
1171
633
1546
1417
1125
1909
2081
1195
2082
1867
658
929
2315
2833
401
1919
2189
1988
172
2239
1832
324
2241
1878
1756
1120
904
1032
2058
334
1583
1684
543
1224
732
600
2344
2055
1337
1649
1155
1631
2111
2486
560
189
1376
846
359
1742
1367
2308
1281
2193
1570
2624
879
1961
2357
511
1928
337
1298
1313
2806
1010
2681
1210
2413
2150
1747
2482
1487
670
1972
1353
1344
2468
797
2690
1970
141
1196
2688
1080
2268
2266
1156
1609
2152
876
942
805
2396
2267
1988
2134
2032
1250
1657
2363
1497
833
1132
2988
2313
1997
819
2598
522
1366
1671
1951
1686
1574
1498
646
2321
1396
2427
747
2060
2417
1490
1167
2155
2117
1569
1834
2009
1776
1348
2344
2746
628
2270
2423
1585
2259
1356
563
964
265
820
2020
1142
448
1822
1632
1262
2143
2358
1954
2271
1225
1633
1559
937
697
2081
565
1267
1758
1580
1618
1128
757
1605
1068
2379
474
1404
2193
630
786
1130
1521
530
321
2351
912
1450
1349
1081
296
2170
1515
1087
1151
2700
1612
2712
1424
376
942
814
1670
687

24
250
9
13
17
18
14
7
9
17
6
15
6
14
16
15
13
14
14
10
19
11
5
12
14
20
7
9
14
9
10
19
14
15
7
13
12
5
16
17
19
5
11
5
15
14
10
9
10
15
14
5
9
8
17
18
16
11
7
6
17
7
19
9
16
12
15
17
14
15
7
8
19
7
9
18
18
14
8
13
9
11
8
9
5
6
5
15
6
6
11
12
6
12
17
12
8
13
11
5
12
14
19
9
13
6
19
16
10
14
9
18
12
16
15
13
14
15
16
17
13
8
11
10
20
18
10
14
7
17
8
15
18
12
5
9
10
12
8
19
11
17
13
5
7
10
14
10
10
16
19
16
10
14
20
10
16
6
17
19
18
11
12
5
8
7
11
15
7
10
19
13
8
10
14
18
16
7
6
15
18
6
12
5
16
13
12
19
7
15
14
5
17
9
18
6
16
10
19
10
16
10
15
11
10
11
8
15
16
18
11
14
17
14
6
15
9
19
11
11
16
12
15
17
15
17
14
15
9
5
9
9
9
12
10
7
7
9
19
19
18
13
14
16
8
6
12
18
12
8
5
16
0
1726
251
272
996
522
1840
387
981
442
2162
86
1778
1876
1040
318
409
1565
188
686
1027
2206
2140
1778
1343
1944
855
432
237
441
422
1494
1722
2157
939
2031
742
850
1770
1338
1529
1507
175
1882
1332
1887
1161
1813
1697
1325
518
1463
724
213
400
1564
997
543
1106
1835
335
717
925
611
97
1855
378
1853
453
500
1498
427
1318
990
774
114
1290
1762
749
867
1809
324
2263
617
2023
935
18
825
744
1012
745
1536
121
2147
1889
317
2238
1138
476
1457
127
50
2156
1706
212
2162
1589
170
2099
736
379
909
197
776
1639
903
1807
550
1586
645
199
502
2019
234
364
710
2208
2214
1622
1827
923
54
406
437
1509
999
2154
635
324
350
268
692
1844
1716
394
1818
1808
282
2188
171
44
746
765
2247
379
702
185
1904
1992
1964
384
375
1479
1226
287
662
831
1929
1425
395
1626
1030
2111
1582
1280
1704
851
1800
1421
1081
1337
1270
709
1782
1052
1824
506
919
1639
133
276
739
161
1611
1978
1464
1701
88
321
2179
968
61
1051
82
845
1424
624
220
1807
575
1493
831
363
1098
954
757
1463
893
283
940
556
1613
1897
641
2088
411
33
1629
352
722
1396
363
933
2044
1097
2034
1783
887
737
2124
710
1789
819
1429
1017
1842
1657
184
1897
327
756
1940
361
777
1493
570
2587
413
1054
482
2750
217
2496
2093
1376
697
1104
2253
780
1028
1500
2802
2614
2274
1534
2708
1240
930
358
866
1020
1579
2436
2778
1024
2712
1300
1154
2015
1556
1620
2116
387
2462
1917
2260
1246
1944
2363
1962
656
1750
1190
646
503
2098
1647
627
1592
2037
453
1181
1680
1334
215
2446
534
2349
1042
801
2079
978
1417
1070
1256
455
1543
2088
1401
1591
2234
638
2417
1343
2192
1410
82
1232
1309
1411
1083
1605
638
2609
2460
339
2863
1738
1020
1629
165
531
2863
2247
391
2867
1645
728
2388
817
1037
1307
356
948
1862
981
2582
1092
1979
928
585
1015
2679
770
548
904
2334
2489
1758
2173
1104
153
614
469
1684
1232
2539
777
446
562
408
1400
1912
1870
427
2409
1919
951
2939
915
186
810
1372
2956
1156
1320
883
2428
2073
2412
767
514
1947
1996
897
1422
1479
2077
1534
920
2151
1705
2525
2178
1525
2465
1114
2174
2032
1463
1863
2006
1239
1924
1232
2259
789
1193
1817
447
419
775
220
1900
2002
1985
2031
263
905
2746
1179
187
1631
497
1446
2073
669
653
2147
1092
1888
1132
547
1620
1234
1430
1884
1453
808
1210
802
1940
2543
1192
2253
652
705
1702
740
1434
1920
1103
1035
2223
1660
2316
2408
1504
1221
2260
1221
2227
1481
1472
1229
2200
1939
932
2242
736

25
250
19
5
17
5
9
8
9
7
18
11
19
15
7
13
19
11
9
15
20
15
7
17
11
9
16
8
19
6
14
5
15
19
12
16
18
20
12
17
15
19
6
17
8
11
13
16
5
8
10
17
9
19
11
6
20
18
8
16
18
16
16
7
6
17
17
19
7
12
9
12
17
17
15
17
7
14
17
15
14
18
7
12
6
12
8
9
19
10
16
13
11
6
10
7
11
5
17
11
19
6
7
18
7
12
8
20
10
19
19
17
6
15
7
11
12
13
19
9
15
12
20
19
8
19
14
12
13
8
15
19
20
15
11
7
7
18
14
6
16
16
12
14
17
18
7
12
19
17
16
15
16
20
19
7
14
19
13
10
10
5
17
12
13
16
8
8
10
15
19
19
19
12
20
18
7
10
8
16
13
10
15
17
14
14
18
15
10
15
6
12
16
19
17
8
12
6
12
16
8
12
13
16
5
9
14
10
13
9
15
11
17
14
14
12
19
19
10
7
17
13
16
9
15
11
17
11
7
17
17
17
12
17
8
13
14
12
10
8
11
10
7
19
19
14
19
8
7
11
6
10
0
2177
30
2142
2034
309
1828
2426
1391
915
1212
1675
1126
1356
388
1913
2023
1784
2310
2269
973
771
1030
1478
1981
1446
1241
318
670
2420
857
707
654
2421
505
1841
2336
185
503
2265
651
1525
600
958
340
562
1940
1462
218
465
2221
2421
1208
1828
512
428
1747
2166
280
698
1306
239
362
714
2376
117
1301
678
63
1391
2216
1066
676
2030
1030
2227
132
296
2402
355
5
348
7
2057
1780
643
686
816
1226
1378
1230
761
1226
341
2327
1867
1802
1268
2029
427
223
1663
2219
1523
1281
1160
2056
136
137
2263
2136
546
994
792
636
1470
2419
1064
339
2034
423
2103
494
2185
865
2034
2141
1602
2375
1015
856
2330
2129
1240
401
2153
231
1369
1791
958
1586
948
1275
2240
740
14
338
421
2021
2154
457
1726
2155
1363
321
1257
2248
2276
2252
467
626
653
1800
2236
1827
438
1280
2158
531
1537
1762
712
12
637
2155
1470
2038
2385
1193
568
1075
622
1802
648
2325
2332
1521
1022
1708
527
23
2125
754
338
144
325
1820
2080
1857
1422
706
1840
2056
2180
2266
829
2023
2238
775
1415
1407
610
1664
544
45
243
2078
2184
1026
1565
2031
1187
2308
1201
52
1514
1876
1102
1344
1774
1335
512
2089
1313
1316
318
2210
1100
331
1942
507
1624
175
1143
178
1209
351
204
508
1814
558
2184
149
2626
2426
415
2186
3119
2017
1344
1641
1711
1506
1595
918
2017
2566
2366
2384
2651
1366
1152
1143
1999
2032
2197
1890
985
805
2728
1521
1052
1402
2512
551
2184
2522
287
1116
2663
878
2140
1099
1778
1149
1054
2323
1589
596
558
2386
2627
1576
2129
1219
766
2545
2507
804
1486
2111
576
832
972
2480
374
1856
1350
650
1468
2473
1630
710
2305
1449
2999
560
484
2728
1048
486
830
604
2640
2210
907
953
1162
1853
1805
1320
1340
1609
1079
2840
2191
2326
1899
2715
1059
565
2458
2723
1689
1363
1373
2490
279
424
2697
2596
1291
1099
973
1279
2152
2533
1362
831
2592
988
2622
772
2944
1169
2741
2310
1760
2580
1397
1607
2539
2681
2004
699
2383
1034
1582
2307
976
2129
1069
1552
2752
1178
684
435
904
2468
2837
1234
2305
2523
2075
440
1629
2525
2735
2830
1036
730
715
2621
2424
2429
839
1576
2718
1013
2297
2117
1421
512
1453
2288
2088
2613
2403
1282
1361
1882
909
2431
1077
2452
2513
2289
1175
2463
987
614
2535
1442
437
845
914
2461
2393
2331
2031
878
2293
2219
2303
2408
1064
2608
2767
1526
1565
2104
659
2141
1190
554
845
2327
2461
1740
1614
2552
1761
3083
1724
381
2240
2578
1785
2062
2290
1477
773
2551
1515
2054
561
2441
1508
967
2066
1202
2045
242
1870
471
1502
512
556
1188
2432

26
250
15
5
17
7
9
16
8
12
6
14
20
13
11
16
17
18
7
17
16
11
10
14
14
19
7
14
8
12
11
9
6
16
17
6
16
8
16
5
20
14
8
8
20
17
16
19
11
7
6
6
11
6
11
5
16
8
6
9
5
20
8
11
16
10
9
9
14
15
13
6
6
6
14
16
16
8
17
11
10
12
16
17
16
16
11
16
6
18
15
8
12
17
18
14
20
11
18
13
13
12
19
8
19
8
10
12
17
19
10
6
19
7
13
12
11
6
14
18
20
8
7
12
10
9
15
20
10
14
20
7
12
17
14
6
16
8
5
13
19
12
8
10
19
6
18
15
17
5
16
16
8
9
14
10
5
19
7
11
16
8
14
6
11
9
5
19
17
20
6
8
13
12
13
11
13
7
12
5
10
15
11
13
17
19
14
6
6
16
18
8
13
13
13
12
6
15
7
16
6
11
10
16
6
20
14
16
8
18
19
9
9
13
14
17
11
18
13
19
17
16
16
6
13
12
5
14
8
6
17
15
14
19
14
13
17
10
15
12
5
15
11
20
16
9
9
13
17
13
11
10
0
1306
1074
1442
1052
2043
1829
281
1364
967
2032
570
1483
517
2017
374
1913
33
60
905
466
570
1409
1741
2265
1836
2260
1681
1253
1184
28
1825
1348
1100
1299
1698
573
341
32
1220
1651
675
1669
1649
194
2050
835
2095
84
1918
2204
944
230
1668
1466
1104
2280
1152
2070
613
2016
453
910
2280
124
1478
81
712
1993
726
1045
1267
545
549
1262
1486
2110
161
606
1107
1302
641
533
1356
1977
1421
1023
1681
1821
1639
1429
976
575
78
966
2178
415
108
368
1803
574
1780
439
383
1062
1388
1318
1462
1353
1482
541
357
1940
711
638
2163
1583
1194
1192
719
466
511
10
2014
2091
1370
1469
592
946
1387
1128
1698
2074
705
230
47
1657
1452
676
1002
224
2006
1660
1993
761
1783
1812
1434
787
980
260
1615
182
1715
452
1017
1372
1951
872
432
517
230
1978
2124
1898
281
1929
944
858
1106
1145
2212
2255
982
2162
419
1233
981
1681
2232
246
1711
642
22
691
2028
1416
271
1407
382
1751
1494
315
601
871
533
1317
1911
1905
644
1899
495
550
606
625
917
2053
827
2266
2160
842
1035
1843
627
1929
63
1787
329
2212
107
1783
800
1543
463
1603
1615
1046
1689
514
990
654
555
1136
1863
2003
1332
1329
625
835
659
522
2009
542
1628
1744
544
888
431
1021
2230
176
1716
1424
1893
1665
2117
2196
1015
1956
1465
2353
850
1654
962
2682
487
1920
259
78
1643
1187
983
2091
2303
2392
2254
2928
1887
1507
1639
250
2354
1859
1113
1684
2054
1022
464
101
1546
1858
910
1854
1979
500
2182
1122
2839
514
2607
2374
1499
947
1875
1883
1750
2464
1822
2467
903
2638
1198
1154
2664
744
1573
344
1483
2191
1482
1148
1613
707
763
1563
2141
2392
627
1053
1880
1858
738
832
1593
2351
1736
1679
2104
2486
2268
1944
1736
1190
639
1389
2622
814
583
1087
2254
1239
2346
704
612
1135
1550
1379
1697
1711
1578
572
988
2661
1322
800
2772
1981
1532
1612
1494
975
1009
604
2741
2861
2096
1500
1334
1625
1698
1702
1743
2206
909
511
125
2228
2196
707
1610
863
2493
1903
2713
1515
2495
2552
1991
1332
1398
471
1881
660
2301
1093
1421
2089
2181
1592
890
733
683
2588
2600
2497
362
2667
1665
1041
1506
1553
2816
2535
1484
2178
997
1892
1482
1971
2258
649
2141
1296
469
1416
2595
1719
535
2114
536
1999
1769
628
914
1337
1246
1362
2201
2567
1194
2633
533
819
718
1193
1222
2681
1284
2967
2408
1454
1055
2024
1388
2698
521
1891
580
2617
475
2546
1317
1838
1232
1752
1798
1254
2443
635
1701
1353
830
1540
2505
2665
1412
1651
1170
1120
1159
1059
2319
581
1978
2407
1280
1325
599
1787
2513

27
250
17
11
5
11
9
8
18
14
11
9
19
8
18
14
18
10
18
10
14
6
11
6
7
12
12
12
8
9
10
8
14
19
10
19
14
16
10
13
5
9
6
14
8
10
15
7
8
8
17
20
12
16
15
18
10
11
5
14
19
11
9
7
9
8
17
11
9
14
15
12
10
6
5
8
11
8
7
13
6
8
13
12
15
13
18
20
16
5
6
17
10
12
8
14
15
14
11
13
7
17
14
11
20
6
11
17
16
7
8
10
8
8
14
14
17
18
18
9
7
13
15
13
14
9
7
5
15
13
18
10
7
12
13
15
9
10
19
12
11
9
18
19
14
11
20
18
10
18
12
12
11
7
8
11
16
7
19
16
13
16
12
10
7
16
17
12
18
9
19
14
6
11
6
14
15
5
7
17
11
11
14
9
19
8
16
16
10
9
16
6
15
19
18
11
14
7
15
18
15
10
7
7
12
18
17
13
5
11
7
13
18
19
6
8
9
11
18
5
5
10
11
6
18
9
12
19
19
19
15
18
18
8
18
10
19
17
7
18
13
6
13
15
12
12
18
17
7
10
15
9
0
4
1640
250
2117
410
1736
369
1227
343
286
356
1086
2190
1565
19
2158
1462
2013
429
1421
918
1968
1079
43
1574
1994
2012
694
1888
2203
1566
2025
868
1211
2092
1257
2055
1654
547
932
406
600
1522
1028
1664
1556
2119
2258
1310
1201
2271
1726
151
1289
1361
2211
1949
1160
391
219
1478
669
331
1528
2268
1038
2152
1917
1447
1394
1461
115
1554
1381
1560
1247
475
752
1229
2284
1046
1733
1639
190
636
506
153
518
2268
1069
1680
782
699
1177
1615
1882
1065
1957
783
1328
606
49
1825
915
237
121
1698
919
1661
2054
660
2030
1856
619
1212
802
137
35
1357
2146
2163
1107
1421
307
1767
2228
1327
2204
484
1728
696
1080
2196
1647
1571
1820
1557
393
947
1298
2038
1854
361
2223
2138
948
1446
468
1637
651
934
1469
767
2166
2093
1084
675
394
1166
248
961
1905
97
263
366
1419
1847
2251
964
405
676
1132
1354
1481
1498
2226
2080
447
584
460
1899
1195
639
661
1286
2060
1670
610
925
1761
1763
1569
144
961
1841
39
1356
1820
438
266
268
2156
40
1245
2289
332
1873
47
1365
631
1517
1832
617
868
1156
538
1851
105
485
745
2088
1325
384
1205
2046
1166
1987
1357
604
1085
922
1724
785
2279
553
2244
1300
451
507
1490
1468
2228
339
847
418
1518
2092
553
90
582
425
1927
956
2563
448
2417
723
1808
767
429
717
1135
2613
2238
374
2576
1975
2772
457
2082
1661
2589
1448
256
1614
2142
2782
960
2557
2581
2347
2036
1586
1244
2700
1936
2261
1932
584
1270
552
1335
2110
1072
1838
2178
2571
2557
2090
1679
2591
1981
692
1932
1588
2810
2487
1501
725
623
1680
1071
503
1923
2727
1674
2290
2524
1618
1439
2048
528
1659
1467
1569
1377
952
1040
1732
2321
1062
2410
2395
931
1073
890
216
1137
2654
1209
2039
1160
1098
1450
2388
2312
1703
2115
805
1884
1256
366
2213
1430
873
622
1953
1131
1970
2623
936
2549
2232
1122
1481
1024
334
744
1837
2378
2824
1443
1706
824
2204
2497
1666
2334
1194
2116
1110
1302
2669
1847
2276
1902
2071
795
1065
1593
2660
2244
501
2299
2325
1506
1713
1205
1657
1204
1280
2102
955
2239
2634
1604
1398
629
1474
967
1133
2655
283
447
754
2124
2187
2828
1081
854
799
1608
1792
1984
1780
2792
2169
1078
674
1103
2365
1845
1335
1184
1390
2783
1910
774
1391
2091
2174
1727
209
1569
2515
402
1403
1847
671
418
839
2624
299
1529
3041
777
2629
636
2121
1055
1599
2507
855
1371
1242
1115
1864
653
715
894
2204
1575
586
1880
2742
1930
2420
1409
845
1620
1303
2275
1557
2471
1260
2283
1962
550
1148
2223
2071
2537
1087
1057
1153
2257
2810
1021
452

28
250
5
6
15
14
20
17
14
6
13
14
8
18
11
17
7
12
6
12
10
13
12
13
16
11
17
16
9
18
19
6
12
6
11
9
18
15
18
8
14
7
10
14
10
17
5
17
7
16
13
17
20
18
9
12
7
19
7
15
10
20
8
20
9
11
9
19
8
11
16
7
18
13
7
12
19
18
18
18
17
12
5
20
5
10
13
17
5
9
13
9
6
15
17
18
12
6
19
8
7
13
18
9
18
16
15
12
16
7
15
6
5
9
18
12
12
18
15
12
16
12
9
11
9
18
6
17
9
17
15
16
10
8
19
19
19
11
13
5
13
10
13
10
10
17
9
18
14
17
13
9
10
14
9
8
18
7
17
13
14
10
15
8
15
7
19
7
19
5
7
17
11
17
19
11
19
18
9
7
17
10
11
14
13
17
13
5
19
11
9
15
19
9
18
16
7
16
9
18
11
8
19
20
11
8
18
15
15
7
19
12
16
17
19
18
16
7
19
13
15
8
7
14
10
12
10
16
19
15
18
17
13
16
10
16
19
18
14
11
20
11
7
11
6
12
7
5
19
18
9
15
0
1249
1583
999
980
1861
1771
2256
1886
589
710
2387
945
384
278
975
1851
948
1638
2194
1715
154
1267
1646
1875
1794
1828
1151
50
1954
212
236
1689
2397
835
1238
135
1508
2029
911
2093
1538
1194
636
2150
2015
371
870
2133
1141
2349
2266
813
1635
694
852
1417
1755
2136
2102
1122
1798
151
237
309
1958
981
722
592
119
1604
900
429
1688
1571
1890
774
1730
1368
513
628
2252
1577
562
2169
720
1407
1829
504
600
1177
1385
1862
1733
104
1750
1809
2015
1213
67
1114
2012
226
1227
496
497
1655
67
1184
1525
298
2170
804
1718
365
1808
1868
103
757
1047
661
1597
1823
651
336
925
761
890
1547
194
2005
868
2350
1012
115
663
1747
216
128
2138
2389
151
1515
633
1980
2187
1035
2052
295
1649
1003
1999
1678
1147
982
119
1325
125
474
790
388
1747
286
869
2007
2192
1150
173
1895
1057
1785
1566
451
358
2200
130
1740
1854
2365
738
2135
1561
2063
704
1612
861
1677
986
1836
1668
87
1940
2293
226
1510
1214
2090
131
874
493
1750
1196
630
40
568
1652
2026
2246
762
1703
1998
707
1889
41
1514
201
1611
308
965
603
763
2230
516
2191
2242
1637
341
1611
1666
657
1731
2133
387
1600
1609
231
162
292
741
1094
401
685
1278
949
770
1294
1841
885
1088
1854
678
1965
2032
1036
1113
2404
2025
2357
2694
714
1279
2911
1427
583
1080
1386
2287
1280
1967
2663
1922
241
1376
1836
2030
2288
2463
1651
326
2130
269
573
2384
2422
1285
2012
363
2294
2482
1090
2117
2040
1255
1337
2189
2238
691
1457
2931
1834
2948
2916
1307
1826
933
1194
1724
2006
2329
2331
1445
2298
807
529
976
2610
1143
942
646
668
1971
1654
931
1839
2189
2162
950
2476
2046
664
1142
2874
1832
731
2486
838
1484
2524
744
842
1595
1584
1959
2076
352
1781
2347
2592
1359
260
1136
2430
250
1525
1071
781
2055
126
1347
1536
325
2912
1367
2417
563
2534
2357
912
939
1675
1139
2244
2041
1368
822
1283
1099
954
2183
787
2762
1474
2909
1121
614
1294
2328
233
770
2783
2542
405
1549
734
2645
2439
1304
2522
540
2389
1501
2404
2077
1484
1710
289
1396
419
739
954
537
1880
855
1179
2518
2225
1819
665
2403
1492
2566
2259
766
728
2326
224
1975
2348
2535
1261
2595
2285
2510
1137
2214
1000
2154
1729
2432
2315
467
2229
2579
861
1889
1505
2442
731
1313
850
2538
1678
709
228
1388
2463
2782
2553
1459
2314
2217
843
2321
717
1961
623
2111
714
1214
871
1437
2435
963
2685
2495
2226
396
2037
2284
1111
2501
2950
997
1864
1649
733
436
619
971
1581
1050
749
1836
1603
1018
1722
2187
1143
1814
2035

29
250
17
11
15
7
14
8
15
13
5
11
8
16
12
8
13
9
11
9
15
5
10
13
20
10
12
19
6
16
9
18
19
13
15
18
12
16
19
12
12
8
16
9
14
13
19
6
13
10
16
9
9
7
12
8
16
16
10
14
7
6
11
9
15
8
7
20
15
11
6
20
10
7
9
17
13
20
8
17
8
20
6
8
14
20
12
16
20
17
16
11
14
5
14
18
10
7
10
15
15
6
18
12
12
5
15
15
16
5
15
16
18
18
13
9
19
13
10
10
7
12
7
16
17
6
16
5
5
19
7
14
16
20
12
16
13
7
12
19
7
14
19
12
7
7
18
13
17
19
9
12
6
9
13
14
20
13
20
11
7
10
9
6
11
19
10
18
16
20
9
11
12
13
17
15
9
11
13
13
14
19
18
16
11
19
16
13
14
16
19
16
15
15
6
18
7
18
6
19
18
14
10
14
14
11
11
6
20
15
19
13
17
11
19
19
6
14
13
19
18
16
9
19
7
13
17
16
11
13
16
9
7
11
15
14
11
20
8
16
15
8
8
12
19
5
15
17
15
19
9
15
0
767
1592
246
193
1411
381
1212
1977
1681
1212
1239
1077
1148
522
128
482
1836
1644
2065
2002
16
2171
544
2152
1289
1100
837
1335
583
2213
463
987
723
1061
1898
856
1525
2245
2213
122
1568
1069
2392
22
320
494
379
1995
1582
2294
941
1421
1093
2190
1531
39
427
501
1781
795
965
2396
657
934
698
2334
2246
366
921
1839
1494
2372
1989
1940
2346
1886
30
27
834
1387
113
275
129
1194
2077
1996
2192
1784
1147
1710
1866
1247
704
2354
718
1283
1876
40
1060
15
1172
2315
2318
1969
2030
2329
1346
1698
1265
1609
1899
468
2285
998
953
380
1554
1601
682
1423
148
697
1678
1541
1432
224
1999
1007
675
687
1215
1474
296
541
149
1010
852
515
317
2131
1457
1449
1027
219
921
2382
572
839
1815
1999
1888
1846
1475
472
59
908
1220
2391
476
670
853
870
1423
1947
16
1637
2036
757
113
1817
866
1392
1741
1580
2407
786
1028
2121
1671
2387
1596
323
483
268
1979
1394
1380
1376
1851
1695
1284
3
1402
1800
1076
1439
922
2017
2384
1641
1547
1635
437
491
2123
178
11
1485
423
100
351
374
918
1958
297
336
1011
1174
1002
511
1548
1646
1764
326
1388
2042
249
335
47
1502
2337
840
2120
2413
1998
813
1468
1244
1813
798
1845
825
659
217
1090
1160
2207
22
419
730
1523
1973
1001
838
1801
1105
2016
2765
2397
1825
1439
1388
1184
1189
569
999
2489
2226
2854
2037
270
2596
833
2599
1327
1254
1614
1490
1174
2668
1184
1518
1342
1560
2686
1093
1722
2329
2606
416
1861
1811
3086
704
512
681
735
2325
2308
2455
1407
1508
1513
2867
1644
298
952
1305
2160
1093
1331
2578
953
1367
1371
2448
2733
1026
1137
2078
2125
2455
2337
2131
2557
1990
342
329
1173
1401
255
962
571
1665
2108
2516
2459
1983
1656
1888
1984
1948
1381
2477
1102
1475
2153
565
1241
419
1620
2835
2813
2179
2210
2739
1597
2371
1311
2205
2167
578
3086
1693
1363
985
1760
2338
830
2060
785
1276
2203
2302
1694
332
2097
1273
1322
1435
1850
2096
1061
1323
761
1615
1010
1043
717
2847
1973
1769
1093
448
1714
2845
1127
1075
2133
2268
2691
2149
1625
880
207
1113
1407
2893
620
926
1634
1589
1990
2382
838
2249
2059
1098
149
2466
1461
1919
1987
1710
2920
1507
1068
2530
2303
2640
1942
493
559
495
2132
2000
1751
2071
2323
2272
1803
476
2152
2319
1864
1516
1033
2135
2560
1671
2190
1787
873
1218
2907
545
770
1763
742
371
386
606
1011
2354
942
904
1372
1824
1600
698
1721
1760
2142
702
2178
2392
345
461
407
2239
2514
1041
2698
2584
2759
1471
1790
1512
2603
1492
2243
1529
872
314
1891
1828
2625
636
1112

30
250
7
17
9
16
10
15
7
16
15
8
17
18
13
19
14
10
12
12
20
6
13
17
14
6
6
16
7
11
12
14
12
14
11
20
9
13
11
10
16
7
18
16
13
8
7
9
14
14
14
8
11
8
13
12
16
9
7
11
5
11
10
14
16
9
10
8
18
17
20
12
9
10
16
19
9
18
11
8
13
13
14
17
11
20
9
6
7
9
9
12
19
19
6
19
12
13
5
15
8
12
13
8
15
17
8
11
11
7
18
15
17
13
11
12
18
8
13
15
16
17
5
20
11
15
19
6
9
12
12
12
16
9
5
16
17
8
9
9
14
6
13
17
13
10
9
16
19
12
15
13
9
14
19
10
9
20
17
14
18
10
5
5
12
17
8
7
10
15
7
9
5
13
7
14
18
19
12
19
10
8
15
16
12
20
16
12
5
8
8
6
17
18
5
8
15
9
11
15
6
12
6
14
8
7
6
6
16
13
14
16
19
14
9
14
19
10
11
19
10
8
10
6
12
18
6
15
20
17
15
13
11
8
15
7
6
9
10
11
6
15
9
12
9
15
16
9
8
10
19
16
0
724
2154
386
482
764
1163
2200
719
1524
551
1321
78
1913
1583
1109
104
74
365
1739
1713
1469
352
600
2013
192
274
302
216
1435
20
1556
1031
1341
2041
397
474
1321
641
1213
1819
423
569
1170
997
1785
253
873
549
1837
1635
1379
601
578
191
1352
848
1590
1113
117
803
1324
1570
2127
368
212
986
1242
1658
908
2051
1922
455
1124
554
982
163
1108
2015
706
133
1307
1611
2056
358
1116
1897
852
1784
1649
219
1853
891
612
2094
578
1135
465
1580
279
1122
1987
863
232
354
2138
976
2195
672
294
1644
881
890
2074
1494
735
1530
2013
123
2030
1169
483
96
853
1329
1884
1251
780
1410
1594
1354
927
590
2240
35
1533
1894
622
1807
902
1126
1821
1403
2026
1504
1815
1986
445
170
1987
1568
1325
1126
1418
466
804
756
667
1625
119
483
1735
1901
1256
1855
1419
884
160
2101
1506
238
1538
202
1108
1913
563
1870
1410
1008
1143
1532
1823
2168
96
429
1862
552
43
165
1399
1876
899
1137
2236
2034
835
2220
1342
805
2215
1494
1520
2087
908
1208
207
2158
116
815
390
547
2008
1812
2092
778
61
1344
147
1358
688
618
1461
1307
1218
522
806
67
729
1340
1332
119
465
1805
602
1265
1879
679
952
1761
102
660
1489
2089
1430
1842
869
1463
1010
504
98
377
1338
2486
502
1207
1382
1691
2431
953
1938
975
1505
779
2507
2068
1751
219
741
1074
1879
2055
1583
489
1115
2705
735
362
505
921
1718
138
2204
1741
1900
2097
982
623
1828
1176
1659
2212
1040
1137
1184
1473
2380
1000
1005
983
1908
2331
2138
862
863
251
1538
1170
2122
1209
511
1190
2086
2296
2840
893
958
1569
1313
2313
1488
2490
2276
660
1542
649
1286
302
1531
2161
1043
513
1865
2272
2359
468
1845
2349
1441
2132
2322
469
1877
911
1168
2653
753
1389
574
1633
722
1683
2653
1038
652
1077
2777
1488
2695
1317
718
1764
1079
1187
2564
1798
1322
2159
2235
813
2109
1763
628
220
1283
1640
1934
1373
1551
1585
1892
1851
1408
1309
2984
70
2176
2461
970
2104
955
1241
2110
1617
2500
1875
2113
2082
830
642
2645
2059
1659
1874
1540
609
1437
1366
1233
1947
879
845
2191
2002
1671
2526
1522
1613
787
2549
2114
462
2126
910
1710
2315
1294
2490
1529
1552
1762
1569
2114
2205
434
701
1912
1269
342
686
1829
2036
1140
1902
2471
2198
1202
2370
1838
1149
2438
1658
2227
2457
1507
1440
752
2430
159
940
986
1232
2666
2503
2601
1420
158
1377
745
1379
1286
1249
1889
1892
1568
905
1329
533
1174
1975
2022
527
853
1917
1015
1298
1950
1184
1149
2352
225
743
2085
2370
1961
2078
1417
1669
1752
1236
743

