1
30
18
11
8
8
15
18
15
19
16
19
6
12
8
14
6
8
17
6
17
9
8
9
19
7
16
13
18
15
10
20
0
116
242
19
214
78
177
145
117
153
162
15
258
216
177
145
161
47
193
233
27
183
250
265
14
196
172
96
125
101
113
152
272
51
229
102
223
211
200
257
228
101
270
237
272
205
240
96
243
277
111
275
335
298
64
220
264
165
203
200

2
30
5
14
10
8
9
6
10
10
7
10
9
16
20
9
19
10
17
9
10
7
19
6
16
16
17
7
15
9
8
15
0
119
136
162
244
8
101
197
251
211
235
6
63
87
20
109
74
176
231
109
183
165
211
226
244
118
241
117
149
8
12
175
187
223
286
66
159
269
267
223
277
52
135
101
80
142
109
227
288
146
256
220
267
317
337
136
279
182
196
73

3
30
18
18
10
13
19
16
6
10
13
10
18
18
8
13
17
8
9
15
13
9
7
19
19
8
7
14
19
9
14
18
0
21
73
39
1
19
171
78
29
226
72
284
19
87
161
211
223
187
172
220
133
179
75
186
20
294
51
57
191
190
58
127
114
69
68
82
218
122
90
261
173
349
100
167
216
238
326
261
202
302
157
287
170
205
87
393
101
114
254
305

4
30
7
19
7
14
7
17
11
18
12
12
15
5
18
17
10
13
6
13
12
19
16
13
7
15
7
19
20
8
19
18
0
46
240
145
231
182
130
36
215
41
58
208
281
284
14
233
287
148
93
60
124
4
93
77
21
178
276
54
35
156
43
162
270
174
322
236
183
105
295
144
97
293
322
306
55
330
323
170
192
157
199
22
110
94
83
214
298
133
92
177

5
30
17
19
12
10
9
14
8
17
8
6
19
19
11
14
15
15
11
10
7
5
7
17
19
9
6
12
5
17
16
16
0
192
269
108
139
38
142
118
128
244
262
171
276
60
116
244
221
49
1
6
229
74
152
239
13
236
194
216
246
111
40
233
356
155
199
81
236
156
136
314
369
260
323
102
184
345
255
59
60
27
306
121
210
327
64
249
220
291
313
133

6
30
9
18
11
8
9
20
15
9
13
7
20
17
8
15
19
7
15
19
9
17
8
7
20
13
15
12
11
6
5
13
0
75
227
74
252
222
247
108
225
135
2
47
180
108
26
98
100
196
277
138
128
250
234
17
89
255
5
199
19
191
36
96
314
136
264
326
307
205
267
186
33
99
238
138
127
196
170
274
323
156
141
258
266
80
149
307
16
218
53
212

7
30
5
11
12
6
12
13
20
18
19
6
7
19
7
7
20
11
11
9
19
9
10
13
14
14
5
9
15
16
10
13
0
38
5
29
146
14
234
140
89
259
72
19
18
149
18
252
169
158
99
76
158
145
162
177
69
29
56
160
261
13
31
73
34
65
172
72
321
182
125
340
137
85
101
244
109
316
213
211
138
157
253
231
176
217
149
95
101
186
294
88

8
30
9
18
14
18
13
19
16
17
13
19
18
9
10
10
17
9
16
17
9
16
12
8
15
18
11
18
10
14
9
11
0
242
184
211
8
46
268
99
9
166
12
46
138
235
132
139
78
294
279
98
162
77
131
55
174
164
167
133
177
162
70
354
286
257
121
102
299
155
32
230
32
137
205
310
250
223
196
362
310
167
199
142
205
157
216
230
254
155
239
226

9
30
10
16
17
9
13
17
19
10
12
18
8
8
10
10
8
17
10
15
12
7
11
10
7
11
13
13
20
16
18
11
0
227
247
221
106
26
185
208
275
259
106
243
35
223
28
195
150
46
83
248
169
78
111
29
226
184
135
198
263
281
73
246
274
305
166
58
294
256
357
347
196
331
50
317
108
238
253
135
116
262
223
159
157
108
285
268
225
260
308
374

10
30
15
16
9
16
10
10
8
11
19
13
11
7
8
6
16
17
11
6
19
14
18
20
12
16
7
6
20
5
14
15
0
14
179
98
172
186
114
215
180
133
28
246
21
252
173
10
54
149
112
211
137
113
75
90
82
84
34
236
130
205
70
63
234
187
197
257
196
270
271
201
72
318
71
284
255
84
157
172
168
257
177
171
151
196
89
101
134
301
150
271

11
30
19
17
12
11
18
9
10
9
12
12
15
13
13
20
10
16
19
10
9
18
8
18
13
7
17
14
9
9
19
6
0
79
112
120
175
192
250
4
46
169
288
197
218
26
272
171
73
112
268
28
17
191
251
150
177
3
197
226
161
165
43
109
199
139
238
278
337
56
73
232
375
223
278
82
346
204
140
161
292
115
63
263
277
196
237
82
280
260
257
227

12
30
9
15
7
13
19
13
19
17
10
8
12
12
8
17
14
12
18
9
14
9
8
8
18
13
7
5
12
11
11
11
0
83
8
169
133
161
179
84
102
13
52
126
139
73
62
110
11
47
173
77
200
23
206
149
95
22
33
260
32
93
87
128
34
187
228
230
201
162
140
75
142
225
188
152
80
194
93
67
276
88
267
43
251
194
106
55
77
336
77
171

13
30
12
19
14
7
8
19
15
15
13
6
17
8
6
20
7
17
15
16
7
17
12
6
6
19
16
10
14
9
6
14
0
67
257
20
175
171
67
118
225
4
84
70
264
215
99
153
101
162
257
118
47
61
216
236
59
116
104
242
136
63
12
168
317
77
203
278
124
151
307
74
160
110
318
308
109
202
206
242
303
145
92
109
306
344
77
152
155
254
196
159

14
30
17
10
18
5
9
6
15
11
18
7
15
11
11
5
12
17
14
6
18
12
13
19
16
7
8
18
11
13
15
9
0
242
4
202
136
24
69
204
105
124
224
255
183
165
197
12
79
193
21
110
195
147
124
14
36
17
236
231
222
145
106
335
49
286
203
66
167
262
124
208
251
286
263
184
236
43
119
257
67
203
264
235
203
51
131
71
315
285
270
166

15
30
6
17
16
9
9
12
10
10
6
18
12
12
17
17
19
15
6
14
13
9
7
7
13
13
15
10
19
5
15
11
0
111
254
94
96
122
223
49
224
208
195
243
197
74
172
184
80
76
14
86
265
148
252
221
183
46
21
229
135
249
39
200
337
189
162
200
250
110
287
314
245
332
224
153
215
283
110
100
38
164
315
235
278
323
273
70
56
317
178
319

16
30
11
8
20
17
12
7
7
16
6
7
18
13
20
14
16
8
14
13
11
9
20
14
14
20
16
9
7
20
13
11
0
199
25
162
202
112
97
255
47
267
79
118
229
194
142
169
62
81
164
163
214
43
75
238
43
203
65
41
100
272
106
289
84
192
258
133
194
284
145
334
146
220
311
265
246
200
132
138
175
267
264
129
184
308
64
298
158
103
172
338

17
30
19
13
16
14
17
8
13
8
7
18
7
14
16
15
14
15
13
18
10
8
12
14
11
14
10
15
14
16
12
7
0
166
287
115
37
230
155
199
259
120
160
56
36
43
272
174
56
64
161
72
209
64
216
77
126
55
68
120
200
191
32
252
359
221
68
304
170
259
326
165
242
139
120
118
349
223
81
175
178
88
301
120
242
149
152
89
113
178
277
261

18
30
17
20
8
15
7
20
14
12
13
10
8
20
19
11
6
14
7
18
18
19
11
7
19
6
13
16
19
9
14
10
0
197
14
72
59
107
109
185
90
184
6
297
94
226
97
12
239
221
4
73
255
73
181
259
204
30
221
30
251
217
66
240
60
156
91
146
205
216
113
241
110
350
145
312
173
46
246
259
94
157
296
158
219
313
260
101
291
67
341
260

19
30
19
13
9
13
15
7
14
19
10
15
10
14
12
14
20
9
13
15
18
7
10
13
15
13
18
8
19
8
17
9
0
23
186
36
205
274
171
142
288
30
245
291
294
201
156
172
39
88
266
199
167
281
12
79
235
261
87
164
58
215
23
40
255
77
262
300
253
172
372
111
271
340
319
225
242
265
68
168
314
221
193
299
83
130
320
315
180
214
166
229

20
30
15
15
17
9
14
15
8
5
11
14
7
11
10
15
9
18
12
17
6
10
11
8
13
11
15
13
10
10
12
12
0
80
255
9
206
219
234
117
14
139
68
235
50
56
91
244
2
148
61
133
137
87
194
92
150
156
104
30
216
218
81
153
332
48
288
320
255
200
79
235
83
323
109
124
101
272
53
176
151
186
171
100
233
145
191
256
135
113
279
269

21
30
19
12
18
6
14
20
19
12
7
10
15
17
20
18
12
8
9
12
7
20
17
13
17
17
12
15
19
18
16
18
0
153
163
204
65
98
315
94
67
245
273
38
37
222
157
200
17
117
215
114
107
88
66
148
41
209
186
208
177
320
56
199
217
255
117
212
374
116
138
307
288
105
117
323
232
273
49
184
235
200
145
181
132
169
95
276
294
275
260
383

22
30
9
6
13
17
18
16
11
16
19
15
18
14
11
8
12
17
15
18
5
18
16
12
10
7
5
7
18
7
7
18
0
111
194
165
116
101
199
50
164
85
160
105
266
150
196
151
15
207
65
269
86
204
157
169
8
265
107
217
146
222
35
187
236
242
174
183
252
112
202
190
185
214
342
221
212
175
74
264
158
350
106
246
177
257
17
311
163
319
196
329

23
30
15
20
12
7
9
11
17
11
7
11
7
19
9
16
15
11
15
17
10
8
16
20
13
11
19
17
13
19
13
19
0
161
110
155
64
283
22
301
290
52
9
238
117
17
287
303
299
103
163
286
249
82
29
44
194
18
59
244
225
245
19
210
162
253
109
317
129
361
312
137
110
354
164
48
345
317
390
133
229
343
342
126
136
55
237
128
157
282
274
279

24
30
13
10
12
12
9
5
17
13
9
15
7
14
8
17
17
11
11
18
8
11
13
8
8
12
17
18
18
14
7
14
0
4
234
262
89
32
182
234
148
8
124
113
176
188
187
243
130
80
12
219
26
53
116
63
176
116
250
227
232
74
77
40
266
349
110
77
243
325
207
73
149
128
230
212
225
313
218
140
105
246
44
69
193
130
260
162
285
305
261
108

25
30
14
15
14
11
5
20
15
9
9
14
14
8
19
8
14
18
19
17
19
14
9
12
17
11
15
11
17
15
10
16
0
171
298
140
142
174
250
44
65
161
159
251
104
59
238
273
182
290
62
265
296
239
120
225
200
23
220
63
150
291
67
268
392
186
231
231
360
137
92
274
252
276
223
153
253
357
270
331
150
311
322
336
139
333
217
109
313
79
231
358

26
30
19
12
10
10
14
13
10
19
12
12
11
20
12
12
9
17
15
8
13
11
13
17
16
9
18
6
6
18
10
8
0
251
81
201
133
242
277
151
109
227
142
153
164
206
227
176
214
243
199
82
254
47
273
191
260
165
100
117
152
128
91
304
153
262
236
341
293
181
197
276
214
205
265
267
330
248
251
256
275
170
296
65
366
277
334
197
158
157
234
195

27
30
17
8
11
16
16
16
13
14
9
12
7
14
12
18
18
19
14
16
9
8
10
7
5
19
18
19
8
19
6
19
0
284
150
23
227
223
106
88
98
232
283
253
141
135
0
85
1
157
62
21
94
279
274
70
176
242
47
275
76
233
106
308
242
39
248
299
200
105
204
292
383
269
159
222
22
134
23
184
93
111
199
296
334
146
262
291
120
337
170
320

28
30
17
13
17
5
15
15
10
12
10
14
18
19
20
10
7
12
10
12
17
9
16
10
16
8
7
14
12
18
15
8
0
91
237
254
230
260
33
22
72
125
189
165
261
188
201
183
83
120
227
225
256
189
149
177
73
33
258
244
166
239
73
166
271
323
329
281
47
126
125
186
292
227
288
202
270
262
107
216
274
244
285
210
222
250
174
102
314
334
225
338

29
30
9
16
15
13
19
8
10
9
19
9
10
6
9
13
13
14
15
17
7
12
11
13
19
10
18
12
8
8
12
9
0
53
235
135
214
162
246
244
66
136
148
89
187
168
223
185
244
212
69
233
73
257
255
30
255
142
208
2
7
59
92
117
288
172
262
204
263
283
105
231
165
160
232
191
285
233
298
248
139
281
124
307
363
54
327
229
281
19
103
125

30
30
6
10
17
11
18
17
10
7
9
8
15
16
6
7
13
12
16
9
12
13
8
19
17
14
10
18
13
12
9
17
0
195
117
200
97
205
181
122
185
71
9
137
7
81
172
179
235
254
163
198
42
60
251
187
240
88
230
85
135
188
72
286
200
230
135
284
232
174
229
157
103
207
75
131
267
264
293
279
253
288
140
116
315
272
284
144
287
110
211
232

