1
40
18
16
5
10
18
15
10
9
9
14
5
13
19
7
17
19
13
5
7
10
14
14
7
15
18
19
11
7
12
10
6
10
6
9
6
10
19
10
13
12
0
306
179
144
95
185
55
276
235
78
320
161
172
95
56
262
299
197
344
256
15
60
303
84
56
176
338
78
232
282
61
219
109
165
281
174
183
26
51
143
100
380
267
258
182
208
112
287
255
110
375
272
272
108
96
365
420
275
355
307
35
142
310
166
103
291
402
150
316
376
169
305
150
262
347
236
309
87
99
185

2
40
16
19
16
15
13
6
17
10
9
17
13
14
10
20
5
6
12
16
11
8
6
8
13
9
11
11
10
11
18
10
9
13
15
7
7
12
9
15
13
17
0
175
179
107
124
206
64
273
202
276
355
119
77
214
229
218
314
228
334
1
114
33
85
5
275
222
31
356
262
169
322
246
196
170
55
98
112
316
346
100
56
268
250
128
232
328
188
301
298
319
461
179
89
266
253
320
392
345
370
59
144
62
124
123
376
331
73
389
335
250
404
372
262
195
66
126
164
356
386
179

3
40
20
6
12
8
14
10
15
9
10
10
18
12
20
11
16
10
12
17
11
16
6
8
19
14
15
7
14
7
14
12
12
12
13
17
14
5
13
10
17
10
0
134
229
199
56
137
157
356
131
153
88
14
154
239
125
101
154
239
5
48
141
188
370
351
101
367
214
238
147
159
179
95
180
219
9
227
111
10
206
30
136
166
333
311
164
149
268
427
145
256
214
96
209
291
177
180
221
365
54
98
240
228
407
375
181
474
284
319
248
276
234
197
240
260
88
282
142
58
283
44

4
40
12
7
12
19
6
14
19
16
5
11
13
7
11
9
18
20
15
14
12
6
6
5
13
6
11
12
11
11
18
18
13
17
8
17
8
9
17
8
16
11
0
145
230
157
309
239
1
105
69
222
87
130
166
347
3
312
308
16
4
356
173
34
142
92
108
14
162
40
222
240
85
219
5
149
115
315
61
218
86
105
60
193
351
290
370
361
88
172
108
340
152
181
223
470
117
451
382
55
84
475
190
99
159
170
194
59
179
93
335
295
106
338
121
204
181
421
155
261
188
158

5
40
7
18
9
11
18
11
10
10
19
11
12
6
18
8
10
20
17
14
8
5
12
16
18
7
12
11
15
7
15
12
17
19
17
9
16
14
15
12
12
6
0
260
241
84
192
1
210
4
43
189
182
338
276
27
288
99
153
186
324
340
302
78
221
136
267
363
334
311
47
247
324
22
368
129
154
259
359
294
77
136
78
332
287
104
326
55
238
39
83
296
237
398
331
156
402
157
199
212
434
399
406
172
282
156
300
376
421
379
154
307
433
151
391
225
285
329
467
327
162
254

6
40
5
16
19
10
17
15
8
17
10
6
14
7
19
12
13
20
17
11
11
6
18
6
15
10
11
19
14
12
20
12
15
17
17
9
7
10
7
7
15
9
0
342
133
106
104
282
28
12
133
118
239
237
221
373
63
112
338
258
151
1
182
27
23
314
290
118
306
311
15
311
39
15
141
33
323
51
19
17
147
82
15
374
211
151
127
350
154
30
247
127
349
268
298
399
201
200
452
363
214
41
309
152
94
334
325
151
332
443
83
350
101
90
207
160
349
172
53
40
257
215

7
40
17
17
10
15
9
18
8
6
8
10
13
8
19
10
5
12
20
11
6
19
5
10
6
5
16
14
12
10
14
16
5
10
16
11
18
8
13
17
16
15
0
223
160
111
248
74
152
259
259
111
181
146
230
150
71
143
30
330
358
261
340
217
188
29
25
303
217
235
84
215
304
232
139
348
236
82
100
131
117
171
57
240
187
140
264
199
176
326
349
232
237
246
300
190
126
207
63
412
378
353
387
308
295
148
76
366
310
296
202
340
405
271
238
382
279
192
185
209
160
243

8
40
17
7
19
20
19
12
5
13
9
16
19
6
15
16
7
17
10
11
11
13
17
7
9
5
6
9
16
16
6
7
8
11
11
6
8
9
19
18
14
19
0
120
142
50
11
273
176
284
112
104
257
286
285
289
26
303
289
230
351
321
186
229
120
132
176
49
233
269
19
134
359
362
27
323
292
6
308
159
164
163
96
241
200
79
128
404
250
320
200
180
300
295
339
418
101
415
402
336
367
372
241
311
249
237
253
119
323
404
89
149
480
433
43
442
368
87
434
289
210
272

9
40
15
15
9
15
19
5
5
7
16
19
16
18
14
11
19
10
6
15
16
15
14
10
5
19
16
17
5
17
17
13
13
13
20
6
14
12
15
9
15
17
0
173
46
139
154
335
362
215
115
59
254
107
278
34
182
233
167
361
24
214
175
299
95
239
113
269
170
64
77
100
206
88
254
64
281
391
75
272
260
176
56
250
157
251
180
413
484
254
167
201
272
162
321
133
297
293
215
505
112
352
304
317
103
293
182
318
179
198
177
139
300
231
347
168
324
514
193
296
352
251

10
40
12
7
20
15
7
18
8
15
15
6
5
10
14
20
12
6
11
6
10
15
9
5
8
9
18
15
6
14
6
11
19
11
15
17
6
12
10
9
8
19
0
3
77
138
336
240
128
274
279
172
312
258
33
257
96
32
97
257
12
91
113
83
202
206
9
22
129
167
192
13
94
265
171
225
234
36
290
195
66
192
45
56
125
187
386
369
215
353
369
217
386
352
113
377
148
133
128
343
53
120
156
170
306
243
82
105
221
236
213
117
216
343
207
282
298
156
403
312
128
231

11
40
19
12
8
9
8
14
19
7
11
7
19
19
8
19
12
12
16
12
17
17
10
8
12
7
19
9
7
13
11
17
11
19
9
14
15
13
11
10
6
14
0
355
239
325
250
59
184
52
204
347
211
40
61
103
232
178
355
301
290
250
302
279
347
249
86
307
317
338
88
196
343
43
166
4
42
206
31
85
84
163
39
425
352
352
343
193
221
174
218
446
237
132
124
158
336
211
480
357
431
366
411
324
433
358
173
372
339
418
196
316
381
115
215
90
170
259
82
190
90
228

12
40
18
13
6
12
5
13
18
9
6
12
12
10
15
16
15
14
6
19
19
11
9
15
15
16
11
9
5
6
19
10
13
6
12
17
9
19
5
10
8
16
0
171
214
139
143
63
14
192
86
236
350
121
276
14
219
351
165
110
102
37
339
122
172
127
196
348
297
350
195
284
270
204
24
30
308
171
28
201
290
307
47
215
308
264
178
119
151
277
129
270
387
219
338
52
291
373
172
151
213
166
467
215
208
158
229
397
328
373
259
408
384
255
100
83
350
302
97
271
336
365

13
40
12
16
11
7
5
6
17
14
8
8
13
18
20
17
9
7
13
6
11
12
11
11
9
5
14
14
11
7
10
14
11
19
16
19
19
8
10
13
7
18
0
112
194
293
267
62
113
357
3
61
200
335
46
62
322
172
319
151
145
231
42
116
262
90
151
109
96
249
185
23
339
193
14
59
47
32
178
129
81
202
49
196
255
311
335
173
160
386
34
135
249
403
181
117
431
217
442
275
227
294
79
218
345
136
223
128
142
326
265
73
402
269
123
175
153
154
270
223
118
241

14
40
10
6
10
18
13
7
17
8
17
7
8
14
8
7
17
7
15
17
17
11
8
17
17
13
9
13
19
11
10
16
13
18
18
14
5
18
9
12
11
18
0
155
224
264
143
367
343
219
290
66
296
278
90
31
282
362
307
342
290
360
5
268
127
288
257
194
83
33
65
141
136
101
204
178
285
76
326
263
300
3
62
264
348
370
255
465
479
305
388
173
335
293
129
151
382
411
378
371
386
479
45
355
216
306
347
298
170
66
180
182
221
121
286
259
365
174
386
307
354
60

15
40
15
10
7
17
9
13
6
15
9
15
5
20
11
10
6
8
5
7
11
13
18
20
6
12
17
11
17
19
9
11
18
12
17
5
8
12
7
19
17
6
0
143
127
49
190
215
247
278
47
230
250
129
182
138
55
23
28
68
253
23
101
88
237
164
161
82
187
213
149
184
9
74
274
209
191
76
345
268
176
251
33
262
223
171
301
285
315
348
118
251
353
191
304
163
69
48
93
126
343
58
192
108
299
262
275
177
284
237
179
247
41
186
346
266
278
94
431
301
259
275

16
40
11
19
10
9
12
11
10
19
17
8
12
9
10
19
13
16
9
20
12
19
12
6
14
9
8
7
5
11
12
5
10
6
6
15
20
18
17
10
19
19
0
154
184
353
241
132
122
66
271
15
324
219
301
171
296
280
370
138
33
174
45
50
234
244
57
20
128
219
271
167
19
333
55
116
260
190
277
270
60
356
25
290
213
375
373
182
205
193
311
135
441
342
407
193
343
408
428
223
96
220
67
70
288
363
159
74
182
300
339
172
37
356
113
221
388
220
340
345
102
378

17
40
19
15
7
11
14
18
20
8
18
16
13
6
14
6
17
10
19
11
12
16
8
7
13
14
8
6
10
17
12
5
7
19
12
10
20
7
8
17
15
8
0
190
265
269
178
157
306
343
67
300
40
33
268
366
156
256
362
363
152
82
268
70
20
241
319
360
228
248
128
352
122
301
140
188
191
68
350
135
187
316
39
283
278
364
254
210
405
430
135
364
90
81
326
383
222
376
492
452
169
195
352
140
88
369
417
481
241
320
156
440
190
389
226
277
306
196
373
168
318
342

18
40
17
6
6
18
12
8
8
16
15
16
6
8
14
8
13
7
20
19
6
10
18
7
15
17
12
7
15
5
17
7
18
17
15
15
20
10
20
6
19
16
0
202
233
42
34
20
348
97
186
175
274
130
364
28
61
60
55
183
144
26
11
375
107
159
351
80
322
86
153
343
325
220
141
157
204
146
322
372
355
329
98
233
296
122
129
145
424
203
310
300
375
163
457
53
111
184
160
235
196
144
41
438
138
237
472
209
449
102
193
410
364
352
174
283
274
160
355
466
463
388

19
40
6
14
14
8
15
20
10
8
19
10
20
18
16
20
6
11
8
12
6
10
7
18
6
11
10
17
17
11
9
17
14
13
14
10
10
6
8
11
5
11
0
171
199
167
52
307
10
154
170
34
315
155
16
314
171
197
227
91
349
4
351
100
318
222
31
76
89
158
291
276
131
214
38
257
272
230
177
129
91
134
41
203
307
235
89
334
138
177
248
140
337
211
148
419
256
307
274
134
398
51
387
235
331
334
82
204
154
212
373
337
203
308
149
349
336
324
249
197
112
242

20
40
7
15
9
7
14
10
6
16
19
5
9
12
7
18
17
6
13
8
14
13
7
10
16
15
12
17
17
15
17
9
17
7
8
8
14
16
17
8
7
11
0
335
155
41
167
56
208
29
350
146
93
65
345
184
311
39
27
328
155
127
282
231
286
11
80
247
229
233
255
234
235
26
138
313
121
312
296
306
273
184
10
380
257
110
265
94
221
155
409
207
126
123
437
265
420
51
115
336
172
226
340
242
340
62
190
339
279
258
292
330
276
140
150
400
153
415
397
385
294
271

21
40
10
15
14
16
6
19
7
9
13
20
7
16
11
15
7
10
11
13
14
19
7
7
5
8
11
15
13
14
19
18
14
18
11
14
18
5
12
7
7
7
0
214
297
158
69
44
85
71
320
76
69
166
120
100
154
196
184
50
262
305
160
178
47
125
135
214
193
345
126
188
161
116
125
4
72
130
142
62
140
19
102
233
408
261
166
109
179
137
342
172
152
283
178
161
217
259
203
101
322
413
239
186
168
187
240
292
223
479
170
220
246
185
255
30
197
148
202
85
166
117

22
40
10
19
15
5
7
16
18
9
6
14
10
17
9
15
16
14
11
11
7
9
8
14
9
10
16
8
10
6
7
9
16
14
17
13
12
16
6
15
6
14
0
191
347
25
150
195
68
278
77
146
157
327
277
181
78
253
54
94
206
180
311
120
212
137
189
112
185
30
323
78
124
344
77
332
195
198
294
85
152
329
111
217
476
135
169
219
166
307
129
172
184
360
353
228
199
373
104
184
272
189
384
163
334
171
260
214
299
69
439
181
163
470
154
441
308
293
348
141
241
430

23
40
20
18
9
10
19
16
6
6
6
19
14
6
9
13
17
10
18
18
7
6
11
11
10
13
11
10
13
10
17
13
5
12
6
10
16
16
14
6
18
11
0
38
118
160
222
146
9
353
301
56
323
347
70
288
286
277
105
331
131
292
124
346
167
141
106
14
147
42
69
340
194
106
210
18
60
89
96
79
149
322
33
110
246
236
276
199
67
404
386
186
437
381
150
370
373
361
128
429
166
334
150
368
276
184
232
123
277
138
102
434
199
217
272
40
112
182
163
88
217
347

24
40
6
12
18
16
11
5
6
13
12
19
6
17
10
5
11
16
19
14
11
7
16
13
16
7
6
16
7
12
7
17
13
20
17
18
14
19
11
11
15
5
0
100
48
99
235
330
155
112
251
264
348
123
87
337
128
110
75
40
116
22
331
78
56
45
365
52
260
217
277
295
236
337
354
354
297
163
134
177
302
114
26
174
128
198
290
338
213
237
316
347
476
217
116
463
209
164
113
69
241
64
449
94
132
154
404
70
365
265
292
317
308
456
400
417
357
256
189
285
424
183

25
40
9
9
9
15
7
7
8
17
14
17
16
12
9
5
12
8
19
17
9
16
11
20
12
18
20
9
18
11
14
10
14
16
8
7
19
7
9
17
20
5
0
143
38
183
341
268
49
289
189
342
250
207
270
161
46
260
50
202
44
212
182
368
42
84
296
252
347
373
67
137
144
256
347
251
324
9
272
127
23
196
102
182
137
247
411
388
137
394
208
364
350
265
341
285
75
297
143
255
81
327
194
507
165
202
349
338
468
425
89
252
277
339
441
380
355
110
334
148
62
319

26
40
14
15
15
12
8
12
16
18
16
14
14
19
6
20
14
15
11
12
15
16
9
12
10
12
16
8
17
18
20
13
15
14
12
15
15
8
12
6
14
6
0
140
80
205
140
384
390
106
117
107
147
352
305
337
391
92
262
353
9
274
109
325
283
274
256
390
113
64
176
171
307
394
296
157
287
121
62
157
383
392
94
234
181
346
192
452
494
245
176
237
239
453
414
457
450
233
382
382
125
372
131
373
307
334
321
446
238
115
305
219
389
446
338
263
380
169
152
271
445
419

27
40
12
6
6
10
12
16
17
16
15
14
11
10
12
11
8
16
10
12
8
13
6
15
16
7
14
13
13
7
19
20
12
7
16
12
15
10
16
20
18
15
0
201
236
239
202
67
129
251
168
293
188
207
73
365
270
95
335
337
263
293
258
43
24
295
183
277
269
258
127
92
260
19
317
177
81
279
134
6
304
252
49
282
367
332
246
177
252
297
216
321
266
312
209
387
317
212
357
443
292
345
346
171
79
330
281
336
404
283
251
129
352
138
391
254
109
329
225
27
391
318

28
40
12
6
19
18
6
7
8
12
11
18
17
18
15
19
12
18
5
18
8
9
19
19
18
13
13
5
15
10
5
14
13
19
20
8
14
14
17
18
8
9
0
76
384
116
288
237
333
347
378
79
193
288
261
181
66
242
165
206
126
23
214
83
285
219
261
351
385
266
168
9
1
85
79
260
277
348
86
252
164
190
16
193
451
165
389
272
438
391
488
203
276
370
386
304
173
347
276
290
189
47
341
157
401
238
383
409
464
347
270
133
107
147
117
275
362
486
106
381
296
228

29
40
11
8
11
16
7
9
10
20
8
14
12
12
10
14
12
17
8
12
13
18
16
7
6
15
18
10
17
16
7
19
10
8
15
19
14
7
10
7
13
17
0
92
162
276
9
219
53
320
228
5
79
329
55
236
183
40
296
133
195
252
62
221
347
241
346
156
232
163
345
189
214
215
233
288
203
280
220
56
156
324
126
139
236
325
51
345
137
431
277
47
212
410
120
260
226
66
353
159
244
290
172
298
469
260
365
193
367
268
443
289
321
315
279
408
289
318
336
88
193
361

30
40
19
15
11
13
12
8
8
20
15
15
11
15
6
14
10
16
16
13
6
15
15
17
12
5
9
16
6
8
7
19
18
17
12
11
18
14
15
16
18
20
0
29
219
278
296
366
250
324
296
292
74
291
149
76
105
269
185
322
307
397
73
362
297
27
196
355
266
371
124
132
109
195
33
380
302
210
334
4
313
126
84
54
254
308
366
487
361
396
336
421
113
415
174
198
145
319
225
387
343
479
119
409
393
32
267
491
381
446
167
246
152
306
130
392
330
344
378
126
346
227

