1
60
18
10
11
8
10
15
6
14
10
6
20
13
10
8
8
7
6
13
14
6
11
10
17
10
11
14
14
8
19
10
17
13
12
13
11
5
12
15
14
15
15
15
7
10
7
9
13
19
9
11
18
6
9
18
15
7
15
14
18
13
0
416
83
45
181
154
140
260
25
75
349
472
479
110
195
385
201
36
29
169
95
117
14
473
391
316
148
296
447
440
177
518
209
85
72
389
417
219
441
119
512
461
328
43
386
297
321
466
131
434
416
116
203
245
11
508
410
330
171
279
69
512
107
98
346
170
270
391
78
231
429
560
580
217
372
433
272
118
147
200
212
227
45
580
544
426
162
393
468
456
212
620
224
160
89
465
472
374
578
242
666
593
487
87
506
430
421
511
259
517
519
182
260
275
27
591
483
353
274
341

2
60
12
6
7
8
8
7
10
10
19
13
10
6
7
19
10
19
11
10
12
11
7
10
10
13
9
14
5
16
13
14
18
10
9
14
11
5
16
14
19
10
12
16
10
11
14
18
14
9
6
19
12
10
20
19
7
7
16
19
19
8
0
287
452
226
506
439
409
60
167
532
268
407
470
321
234
382
302
177
289
251
133
535
314
304
82
504
17
356
398
517
202
27
150
147
238
227
390
261
272
60
26
108
353
355
393
121
158
499
266
495
95
312
10
403
501
103
388
286
223
419
65
370
610
238
546
488
439
245
284
713
309
505
488
366
407
463
489
255
373
416
285
677
324
410
113
524
37
406
548
689
390
61
162
297
375
398
577
381
398
90
140
296
483
521
577
191
196
590
448
560
184
464
196
561
557
249
468
433
370
574

3
60
17
17
13
10
11
16
18
9
11
8
15
17
8
12
11
7
6
16
9
13
11
8
13
11
6
16
9
16
17
17
5
16
5
15
6
17
8
9
17
18
7
12
7
17
9
14
11
15
15
9
7
5
6
17
13
17
7
17
10
15
0
436
256
380
11
294
351
281
27
261
223
285
42
251
311
419
500
319
326
34
127
288
180
444
128
112
305
286
239
520
47
409
463
16
36
33
68
102
258
467
158
316
262
272
313
326
183
285
452
314
459
255
17
274
525
151
261
182
241
221
64
468
293
565
83
376
379
443
206
368
339
324
188
285
475
569
592
418
369
93
153
433
360
486
246
139
485
397
419
571
120
507
569
175
87
119
104
119
291
561
299
336
443
348
429
516
208
300
520
459
508
419
47
467
638
214
270
283
370
352

4
60
14
17
13
13
6
9
10
11
8
13
20
14
9
18
12
13
17
10
18
8
19
20
9
11
10
11
14
10
14
17
8
16
12
12
7
20
18
9
6
13
11
14
15
17
13
18
10
19
10
16
7
6
16
11
15
16
6
10
7
13
0
78
524
90
487
291
491
378
414
296
318
339
177
191
164
130
524
56
512
399
324
554
435
452
433
236
70
273
544
222
296
166
349
503
246
5
125
241
453
420
122
539
320
496
117
430
528
564
228
492
248
131
368
290
315
73
557
64
527
293
33
183
715
188
626
382
644
529
611
485
424
372
263
302
272
228
694
100
554
474
385
601
592
514
512
356
156
367
740
310
390
206
409
569
410
44
252
404
473
439
209
673
388
642
283
618
614
686
376
519
403
308
555
426
332
247
744
212
691
351

5
60
12
7
7
10
13
16
16
19
13
12
11
8
15
6
5
13
12
10
6
6
14
16
6
11
12
13
5
14
15
12
17
7
17
17
6
19
6
15
11
15
10
7
11
9
7
14
15
19
18
10
5
12
6
13
11
15
13
10
11
17
0
440
29
181
8
435
38
159
90
36
420
21
220
155
101
360
466
8
283
239
95
128
446
335
507
425
302
291
412
63
508
309
286
394
453
517
402
449
78
292
60
374
376
487
112
189
103
288
171
376
91
20
465
60
156
43
229
309
496
279
184
608
174
334
86
586
61
249
196
187
535
91
308
205
275
504
540
173
326
260
205
248
557
386
645
554
382
348
488
100
635
425
411
429
557
548
511
516
207
410
174
393
456
497
193
369
118
385
240
529
220
62
504
83
320
87
339
422
583
443

6
60
18
9
13
11
8
10
12
7
7
16
16
17
11
15
19
14
7
7
7
9
14
14
13
12
13
13
19
9
11
7
19
10
17
16
11
16
11
18
20
12
15
13
8
15
12
20
5
5
6
6
15
14
6
9
20
11
12
12
14
8
0
208
532
459
4
342
262
24
444
25
253
104
274
187
119
424
492
352
63
461
482
385
125
394
200
329
161
399
139
305
234
391
539
473
248
343
484
242
168
536
530
71
211
226
169
74
134
117
381
415
324
545
354
476
506
192
298
123
416
453
193
236
704
626
165
408
342
45
594
48
297
256
456
347
224
519
643
469
102
495
575
560
226
496
308
378
289
506
240
345
297
543
614
670
328
473
553
324
202
625
603
241
395
380
311
154
152
209
499
599
448
571
506
528
600
344
402
311
562
490

7
60
18
18
18
12
19
16
13
13
9
17
12
9
18
20
16
11
13
8
6
7
9
7
7
11
16
8
13
15
11
6
17
20
13
17
9
8
6
14
20
18
16
14
18
15
14
8
11
17
5
5
18
10
19
14
10
13
13
9
12
10
0
391
77
169
425
375
361
390
430
544
244
216
10
60
462
183
5
299
482
36
105
521
322
270
348
372
329
565
406
365
81
253
282
442
199
469
561
437
149
432
76
244
414
216
79
49
421
135
97
157
8
446
333
200
420
164
397
135
525
411
19
582
222
222
472
535
491
580
478
671
385
369
202
119
606
330
81
422
637
163
187
606
412
401
543
520
460
647
576
421
120
325
397
537
365
485
714
555
259
496
253
282
437
317
93
203
453
176
218
330
126
461
409
254
520
321
431
282
624
460

8
60
15
6
10
11
8
13
16
16
8
17
7
11
8
16
15
7
16
10
13
11
18
11
15
13
20
16
7
10
18
9
15
19
8
18
12
20
20
18
17
14
15
6
12
7
12
20
20
16
18
20
6
10
20
5
7
15
19
19
7
13
0
539
375
437
57
535
318
508
436
323
248
241
291
558
274
552
19
489
449
403
292
332
308
343
490
369
440
582
355
552
172
507
329
455
171
248
520
362
456
426
330
359
204
105
490
591
57
445
561
151
113
301
221
184
307
268
397
260
557
200
211
608
448
488
204
735
344
636
624
455
266
414
365
722
318
739
135
566
614
559
427
486
470
437
668
405
519
757
531
754
233
645
340
629
223
443
588
546
473
477
424
459
353
232
699
704
199
563
579
344
128
384
398
199
337
380
561
339
608
310

9
60
7
15
13
9
11
11
19
8
12
16
12
12
6
10
16
8
12
7
17
6
9
18
10
17
11
5
10
20
15
15
6
18
15
18
6
5
11
15
8
7
17
18
8
16
8
16
19
9
16
7
20
18
18
6
16
17
8
9
15
10
0
339
224
293
6
233
478
179
363
452
265
367
144
310
165
529
265
313
218
552
202
482
341
480
176
476
292
119
463
92
186
346
40
83
36
110
386
202
435
1
97
513
88
310
504
91
43
25
185
268
393
156
252
469
385
165
503
423
435
269
10
391
371
324
188
308
616
247
432
575
409
409
280
428
257
540
277
331
256
727
229
649
414
674
241
622
377
224
550
239
331
371
75
150
191
162
541
371
543
189
281
561
212
350
611
140
129
204
224
409
458
239
405
647
474
366
559
566
576
431

10
60
14
10
16
7
13
10
18
12
15
16
13
5
8
9
11
13
7
14
13
19
13
15
8
11
10
17
11
7
11
18
10
7
15
18
13
18
10
12
6
10
17
17
19
6
13
19
18
8
6
10
18
13
7
11
14
10
8
16
8
18
0
213
215
97
213
351
528
117
37
162
376
288
526
244
96
105
281
526
267
359
164
66
148
400
503
264
301
26
469
419
488
69
282
324
248
433
504
511
464
185
181
425
32
124
278
99
340
238
309
67
34
219
172
112
534
446
49
434
357
522
156
323
350
278
252
545
600
264
104
179
443
450
546
403
240
133
386
658
354
387
211
151
327
522
687
352
393
85
640
608
562
198
351
401
278
593
631
576
505
285
266
541
165
152
376
141
510
415
471
196
114
397
205
256
615
583
96
617
413
673

11
60
17
12
10
12
18
20
17
7
14
17
11
11
10
10
15
19
12
6
13
12
13
7
17
8
19
17
15
20
11
7
13
6
9
13
9
13
8
14
18
19
13
12
10
17
14
10
16
11
18
15
6
9
5
10
13
14
19
18
8
15
0
41
366
486
426
243
559
509
554
222
176
525
358
337
521
159
467
476
389
443
55
99
320
375
548
506
229
58
77
132
562
193
546
48
46
222
267
76
185
542
403
367
306
66
496
429
260
362
305
38
362
102
32
385
51
325
525
52
484
192
72
178
503
585
599
371
641
677
652
261
326
578
493
454
684
211
639
633
408
610
251
217
457
559
690
610
291
98
183
307
620
337
731
232
98
427
314
269
282
642
467
545
505
187
629
441
411
434
345
104
415
163
226
570
113
429
667
148
620
325

12
60
19
16
10
9
9
11
14
12
5
18
12
18
19
14
14
16
10
7
7
9
15
13
10
13
11
18
9
18
9
8
15
12
12
11
6
12
6
10
10
9
19
11
18
13
18
12
14
16
10
10
7
11
18
15
9
5
20
15
13
14
0
56
105
65
3
30
13
270
201
200
444
410
18
399
380
557
72
448
81
484
236
99
208
401
264
313
300
298
192
157
327
97
473
98
371
396
399
398
491
446
331
354
282
359
151
483
190
322
33
18
187
443
403
167
91
154
470
479
494
225
32
228
183
137
38
208
138
409
212
276
569
501
84
560
401
690
189
618
119
561
286
140
292
503
390
333
494
359
275
237
367
248
634
126
554
487
525
428
644
632
433
483
322
522
354
520
344
506
151
54
243
513
593
216
193
283
513
596
585
278

13
60
13
7
13
7
8
11
14
19
6
5
16
7
12
11
14
16
5
11
17
10
19
19
5
13
8
14
14
17
9
6
9
20
9
14
6
15
18
19
17
14
13
9
17
10
15
7
13
20
20
14
5
12
10
12
6
9
13
7
11
18
0
67
322
343
239
6
248
329
162
311
487
219
125
448
505
96
330
359
190
337
338
93
203
76
215
249
452
223
520
448
91
247
323
428
46
496
378
430
12
361
263
7
183
249
438
117
223
368
216
540
272
510
411
193
321
354
20
47
17
121
39
198
384
352
321
86
336
489
344
341
667
339
208
634
557
173
422
460
313
348
526
172
366
230
352
414
572
383
684
634
280
271
437
470
147
543
453
463
88
407
397
42
225
374
606
162
307
515
341
554
407
639
433
272
452
497
209
135
47
246

14
60
20
20
13
14
7
18
11
17
20
6
13
10
10
11
8
14
10
14
15
12
13
14
12
17
10
17
6
15
7
13
9
18
9
18
10
6
18
18
16
12
17
14
13
17
15
6
18
9
19
19
15
18
5
15
19
14
18
11
6
17
0
23
51
421
140
76
369
82
416
583
523
516
414
429
518
543
225
318
444
244
73
300
109
13
206
465
51
337
433
302
528
349
305
347
264
166
27
414
16
232
98
471
32
250
356
240
117
591
50
571
408
317
236
263
122
128
430
435
230
155
185
192
78
531
248
265
497
177
530
733
551
637
500
605
554
659
269
365
640
271
148
331
239
83
245
654
251
480
443
508
639
429
367
508
438
274
208
457
36
408
205
615
192
467
480
399
211
728
109
787
490
414
381
335
290
163
492
548
325
292

15
60
14
16
20
11
8
8
20
10
15
17
17
16
16
14
20
20
7
11
13
16
8
12
18
6
8
5
19
19
8
17
15
10
6
12
18
16
13
15
12
12
16
12
11
16
16
8
18
15
18
17
20
5
13
19
19
6
19
19
12
20
0
346
525
416
559
186
420
459
414
35
167
81
307
477
497
604
459
530
616
275
45
529
602
306
175
169
146
590
189
274
537
98
9
237
189
324
227
316
56
426
130
117
430
9
422
564
437
70
132
47
580
494
156
215
168
294
393
190
24
240
152
463
691
523
585
331
563
538
565
79
306
171
464
538
595
640
535
657
671
497
249
599
777
320
193
377
195
781
318
354
671
267
193
272
332
394
389
359
222
489
271
322
480
221
603
621
541
157
287
152
703
554
196
253
361
372
467
339
78
468

16
60
6
16
16
14
13
15
17
5
17
10
12
11
19
19
6
7
15
6
13
18
16
12
19
7
11
19
8
18
14
12
8
19
12
17
6
13
8
15
17
15
15
13
6
6
10
11
14
8
19
9
7
16
14
19
20
11
16
19
12
18
0
371
529
17
116
276
291
505
27
213
82
32
458
31
477
331
253
199
545
121
478
257
218
130
17
46
199
213
183
358
89
42
352
524
411
465
446
152
387
534
500
207
95
233
207
35
34
384
439
235
245
352
216
342
268
317
549
34
305
493
132
549
601
213
185
444
475
648
83
299
259
194
591
136
524
473
457
251
735
263
556
444
432
248
157
89
308
315
316
416
206
138
512
665
591
618
505
291
532
579
636
381
180
362
402
202
52
584
601
346
403
462
323
378
306
342
575
98
375
689

17
60
9
9
17
7
13
15
9
16
18
15
15
15
15
19
12
10
15
13
14
12
9
9
18
17
14
8
11
9
12
12
10
15
7
14
20
11
10
20
13
19
12
5
16
20
11
12
20
11
12
13
9
13
16
8
8
19
20
8
20
10
0
137
500
543
571
312
430
580
368
64
35
319
534
307
419
15
546
393
415
362
536
97
482
340
420
531
323
298
481
101
147
12
471
235
425
89
504
411
2
6
204
197
431
571
571
229
419
540
294
336
78
504
440
338
60
231
370
532
480
206
205
252
542
571
625
408
614
773
572
274
181
448
617
521
484
73
565
517
598
394
717
282
655
546
503
644
356
475
518
217
352
38
629
365
578
116
577
490
126
185
321
355
618
685
688
360
511
670
437
457
268
630
531
527
81
442
558
724
590
291

18
60
8
6
12
16
5
17
14
6
5
14
10
10
14
12
15
16
20
8
6
6
7
18
13
14
12
12
17
16
5
15
15
15
5
11
5
10
10
17
13
11
11
11
9
15
15
12
6
16
19
12
19
10
10
6
10
15
18
18
7
17
0
171
385
69
399
451
406
437
237
529
52
521
470
339
178
361
427
62
112
475
68
367
220
432
45
423
424
395
353
132
9
425
343
433
9
107
440
72
63
264
303
417
164
194
192
55
266
249
279
423
126
507
400
452
391
529
320
393
322
75
122
287
451
215
465
511
524
461
324
635
218
538
651
400
205
384
467
130
222
632
144
435
240
610
201
448
547
445
359
151
54
590
526
456
135
188
610
95
158
451
403
562
346
364
307
188
282
308
419
437
288
598
542
605
434
616
477
452
458
187

19
60
9
8
8
5
11
18
14
15
5
9
16
18
6
16
18
17
9
17
20
7
18
20
18
10
15
10
9
19
11
10
10
13
20
11
11
17
17
11
6
16
8
14
11
17
12
15
14
6
14
9
13
16
15
8
6
19
7
9
18
17
0
427
270
157
68
399
280
269
105
219
187
382
144
456
248
431
284
262
346
415
134
538
45
312
29
346
508
130
65
459
546
358
272
43
15
444
355
368
547
143
42
402
161
224
184
469
467
480
469
553
32
153
237
247
86
432
527
124
165
357
33
453
308
210
92
417
380
417
258
390
382
501
207
572
301
612
366
305
445
589
230
600
167
484
47
547
695
149
98
557
726
397
416
110
107
546
515
456
623
237
189
443
218
269
308
662
495
524
543
639
156
187
416
396
240
567
705
199
291
402

20
60
10
13
10
7
16
11
19
19
13
11
13
17
5
7
10
20
13
9
7
6
11
5
10
16
15
10
14
8
10
20
17
6
7
20
10
14
19
9
12
13
10
13
20
10
15
7
10
19
17
7
17
15
10
8
9
7
7
6
6
18
0
480
66
88
382
32
268
457
516
14
236
309
519
37
209
379
513
496
200
518
497
358
279
233
375
70
480
385
293
375
134
171
130
400
465
363
3
246
102
3
98
203
163
188
69
226
24
2
80
349
412
385
505
317
298
437
227
200
479
365
72
576
182
219
517
101
292
498
695
142
316
328
665
164
221
505
679
517
342
572
676
539
296
365
563
223
625
524
413
561
281
313
301
522
475
499
183
346
154
178
198
369
303
247
233
235
122
158
108
459
445
414
674
419
431
533
241
289
630
414

21
60
14
7
16
9
15
6
15
19
9
14
18
7
17
8
20
10
19
19
12
20
15
11
18
7
6
9
5
15
8
15
18
9
8
15
20
6
6
17
6
8
15
9
6
12
17
15
12
20
6
9
11
20
14
19
9
10
7
14
6
8
0
322
188
63
165
460
355
221
432
287
341
549
295
206
331
470
174
402
122
346
538
32
260
356
104
506
259
374
402
123
146
385
462
147
227
139
399
204
346
348
380
327
166
257
531
218
73
511
402
361
382
92
224
531
100
103
385
321
89
414
99
511
304
169
346
542
490
264
467
348
457
579
435
361
436
630
336
448
273
515
625
183
428
384
191
609
367
551
453
260
185
480
636
284
253
325
486
262
492
524
453
422
302
291
602
364
205
652
483
483
540
261
358
597
155
257
469
510
123
488

22
60
8
9
10
6
13
20
16
9
7
18
10
6
7
13
18
14
17
19
10
18
12
10
20
5
13
10
13
16
18
6
19
5
14
12
16
7
6
9
7
9
9
15
19
9
16
11
9
11
20
6
18
15
14
9
11
9
15
10
7
18
0
185
40
97
23
89
219
64
241
150
119
522
459
499
480
467
305
168
394
172
51
239
453
246
236
416
19
364
116
212
277
255
194
403
481
396
213
138
163
110
39
69
144
286
259
362
422
284
123
124
303
40
541
188
472
189
516
6
410
357
60
316
79
236
137
290
386
204
395
326
191
639
540
649
543
563
411
338
534
212
214
256
569
412
295
523
197
488
172
315
303
392
335
442
618
429
258
189
317
254
199
210
302
456
296
455
533
441
321
198
335
200
596
279
629
297
676
109
549
409

23
60
13
15
6
15
12
7
11
17
10
16
9
17
16
6
18
12
7
15
7
5
17
19
9
14
13
10
6
8
10
11
6
5
12
5
13
14
9
12
18
15
7
18
6
8
15
19
18
15
15
19
12
20
15
16
16
12
8
15
13
13
0
173
52
463
485
495
93
346
44
395
498
198
350
141
192
452
432
270
520
129
436
107
53
279
531
11
407
480
108
499
325
542
223
8
541
440
256
522
543
85
68
78
323
263
298
258
450
253
419
444
222
123
523
299
2
436
337
11
285
139
127
298
147
598
553
591
139
520
126
417
587
287
382
267
294
593
453
451
563
236
586
137
110
341
583
158
548
556
122
639
389
618
304
116
703
524
269
632
659
270
108
257
455
300
454
302
485
373
596
640
336
178
665
406
41
593
449
54
392
308

24
60
15
18
5
17
5
10
8
13
17
17
11
19
9
12
5
17
10
9
16
15
12
10
7
20
6
6
9
9
18
11
16
10
13
5
8
8
6
16
11
19
8
14
20
18
19
5
19
8
11
13
8
14
9
19
8
6
16
14
14
7
0
492
197
466
255
421
318
42
21
466
442
254
8
151
86
489
422
240
69
507
446
535
62
51
2
301
41
213
45
432
342
362
518
206
140
359
245
112
354
261
44
386
20
224
394
262
224
347
344
512
328
486
299
260
39
315
294
361
125
189
66
512
290
619
312
587
423
226
215
645
478
444
194
308
94
600
529
365
101
565
553
632
171
198
167
433
84
315
229
571
397
534
601
279
202
498
378
286
537
413
108
470
170
362
496
313
371
394
435
528
462
574
408
280
118
401
460
532
149
269

25
60
18
16
7
6
15
10
20
7
17
17
13
8
8
14
18
12
9
6
10
6
20
9
13
13
18
11
16
10
19
14
5
11
8
16
10
20
19
17
8
8
9
20
14
14
20
18
18
17
8
7
12
17
8
11
15
15
14
10
14
17
0
163
3
149
207
345
318
246
542
262
540
232
417
437
364
449
250
271
520
449
526
1
177
441
166
415
521
564
248
536
354
121
223
258
255
384
411
563
550
230
236
84
270
502
146
556
489
502
195
15
504
185
287
337
168
219
344
368
384
25
57
198
151
161
370
465
489
436
674
307
671
325
428
527
472
576
446
397
659
465
563
121
251
482
195
577
678
700
441
670
544
195
424
349
301
578
588
643
611
354
402
109
310
524
272
595
586
599
335
125
525
355
418
450
224
357
498
477
427
83

26
60
13
18
12
5
12
6
11
18
13
19
14
18
17
13
5
20
19
16
8
19
18
12
17
17
6
18
19
19
9
16
5
20
7
6
9
6
18
11
14
10
8
6
17
18
15
14
15
10
8
10
6
12
16
9
16
5
14
6
8
20
0
37
190
383
77
104
315
499
180
129
491
50
503
561
568
214
219
80
124
183
201
412
170
464
99
541
494
276
470
421
77
119
308
149
220
210
94
353
8
101
128
85
409
519
270
268
310
104
11
381
229
151
423
449
436
265
17
31
32
330
148
237
329
495
100
219
497
569
349
221
659
162
547
748
652
249
295
149
134
300
254
480
223
594
173
746
566
401
618
464
237
235
417
346
369
261
274
439
198
199
163
211
573
639
319
369
401
217
181
432
286
176
449
603
578
332
107
42
225
352

27
60
16
20
6
15
12
16
19
14
20
17
13
19
12
15
9
11
8
11
7
7
18
9
15
19
14
12
19
11
10
17
12
7
11
19
18
9
17
9
12
13
9
12
19
13
10
18
9
15
19
18
7
13
12
12
8
14
13
11
7
15
0
503
182
559
420
435
117
107
347
197
403
586
98
228
450
98
13
420
529
60
150
450
564
578
266
516
69
110
22
201
148
239
474
11
441
63
483
334
237
44
396
587
227
409
79
422
432
285
100
417
297
487
279
554
51
92
234
450
397
415
114
600
271
769
534
477
223
159
369
317
606
730
213
246
630
174
111
519
543
82
275
612
697
775
295
620
191
181
195
218
295
290
629
176
635
91
571
497
426
249
456
602
429
614
101
629
596
336
230
545
308
541
419
694
111
182
294
491
430
440

28
60
7
17
18
17
18
9
10
5
17
17
16
16
19
8
5
9
6
14
19
6
9
17
15
7
19
10
16
17
13
13
12
6
13
13
8
20
11
13
6
20
7
11
18
10
16
7
13
14
10
6
10
9
18
16
15
8
15
7
10
10
0
464
29
360
13
103
555
365
508
201
51
10
221
407
535
58
38
475
236
308
152
229
413
53
415
522
345
122
406
38
311
394
277
339
421
323
367
129
108
253
108
13
35
489
316
401
112
368
497
499
383
399
277
478
134
263
460
313
333
207
22
541
144
465
126
224
675
507
659
334
143
204
424
444
624
236
209
525
276
461
200
399
467
125
534
553
456
310
504
86
422
532
415
436
455
438
388
142
162
326
117
72
97
627
335
581
131
395
654
533
573
580
475
499
164
354
606
415
489
225

29
60
7
15
6
13
19
11
17
18
10
11
9
5
10
19
13
10
12
19
10
19
16
12
10
15
15
9
8
15
10
10
13
14
17
10
16
16
10
5
9
14
7
17
17
12
13
10
11
15
8
6
16
17
7
20
6
16
10
17
7
8
0
429
378
332
255
545
439
328
489
206
24
239
75
393
304
529
344
280
62
172
429
192
438
184
294
339
226
101
21
251
130
218
83
241
368
543
402
431
83
425
148
316
94
329
508
485
291
309
207
83
410
521
398
466
469
547
400
350
183
101
125
475
480
377
278
691
499
354
611
355
197
246
225
502
493
591
463
480
240
228
468
280
569
250
460
349
314
189
140
406
195
362
238
264
404
645
433
461
141
514
244
337
280
504
690
629
463
384
384
256
489
588
584
535
510
672
509
501
219
112

30
60
5
15
16
16
16
10
17
6
10
7
13
20
18
9
13
16
19
19
10
17
18
6
18
19
15
16
14
11
12
11
5
6
13
20
19
12
7
13
18
12
9
9
16
19
13
14
11
16
16
15
14
7
14
10
17
7
14
17
19
14
0
256
22
256
372
236
202
121
289
374
593
581
56
94
6
305
490
109
466
438
421
457
427
503
583
144
185
100
389
501
357
226
139
169
27
114
249
217
262
399
325
12
218
36
9
526
15
165
160
558
22
574
235
135
445
117
133
188
534
50
189
288
73
429
530
272
310
235
309
577
609
674
222
171
210
451
538
321
658
550
512
642
478
526
650
355
300
246
429
583
487
280
204
339
185
134
397
275
443
432
517
102
405
111
112
687
136
296
209
699
93
666
334
223
553
179
261
300
711
99

