1
7
18
9
9
12
18
7
15
0
45
9
48
12
30
16
39
55
35
69
44
37
31

2
7
11
14
16
13
19
6
16
0
4
64
50
40
60
63
20
29
100
76
69
70
79

3
7
18
18
17
18
15
14
11
0
67
21
62
57
44
53
41
107
50
100
72
72
77

4
7
13
16
16
10
9
17
19
0
45
72
48
11
2
36
22
84
93
79
40
34
66

5
7
6
16
15
16
14
13
13
0
7
36
63
1
62
5
17
33
54
94
34
92
35

6
7
5
7
12
9
14
17
6
0
8
16
17
38
50
35
15
20
43
36
52
72
49

7
7
11
12
13
13
19
5
15
0
32
61
2
27
55
28
32
65
78
16
64
67
57

8
7
9
13
18
10
6
13
12
0
49
45
11
35
32
57
17
80
66
25
42
57
76

9
7
9
7
6
17
15
6
17
0
13
2
22
21
7
50
17
20
19
51
50
22
77

10
7
19
15
17
6
18
16
13
0
68
77
2
20
53
8
19
93
117
10
56
89
36

11
7
18
12
9
10
18
18
11
0
46
66
53
24
47
55
34
70
93
67
56
71
68

12
7
19
18
17
9
8
16
13
0
68
53
0
4
40
16
26
104
83
9
13
58
34

13
7
17
7
11
6
16
7
9
0
19
14
11
37
46
28
24
33
41
28
60
56
54

14
7
10
16
14
7
7
8
20
0
19
39
8
20
1
30
22
48
55
17
40
21
56

15
7
16
20
15
10
7
18
9
0
18
45
27
43
45
45
21
50
67
55
67
80
70

16
7
19
16
10
15
11
7
14
0
38
61
24
6
12
29
31
70
79
56
24
33
61

17
7
17
8
13
17
20
13
19
0
5
61
38
25
6
69
20
20
92
61
66
26
101

18
7
17
8
11
8
13
14
19
0
3
26
28
50
4
2
26
17
57
48
72
40
24

19
7
18
9
12
10
8
11
13
0
29
4
49
17
36
29
30
41
31
70
26
64
59

20
7
13
12
18
11
12
20
16
0
49
28
16
65
28
12
15
76
63
39
81
57
36

21
7
7
13
15
16
9
19
6
0
61
13
63
37
53
47
17
82
28
89
61
75
57

22
7
7
18
16
9
6
6
13
0
43
3
42
6
29
56
17
61
24
56
27
52
85

23
7
12
13
16
9
7
6
15
0
13
49
50
28
9
18
14
42
72
62
44
28
45

24
7
19
6
7
7
13
13
14
0
4
27
55
23
31
37
21
20
51
75
44
44
70

25
7
13
14
7
12
10
9
13
0
12
28
47
57
45
5
27
43
40
76
73
54
22

26
7
12
10
9
17
10
9
14
0
55
14
41
57
23
50
20
66
34
61
73
32
64

27
7
8
14
18
5
7
6
16
0
45
24
54
31
22
47
23
66
49
65
48
32
79

28
7
9
9
18
9
9
18
17
0
17
52
60
48
8
52
21
33
83
79
79
31
83

29
7
18
14
19
13
17
20
15
0
15
77
78
15
66
16
34
34
108
110
52
94
50

30
7
17
9
19
15
6
16
19
0
23
29
4
61
39
17
31
41
49
28
87
76
52

