1
10
19
16
7
20
8
14
13
14
19
11
0
21
23
22
17
10
31
2
15
31
37
49
32
75
53
55
58
28
59
70

2
10
12
18
5
12
15
11
9
18
7
13
0
6
20
7
12
15
23
24
22
1
36
47
49
28
55
45
37
44
39
42

3
10
13
19
6
13
15
6
14
13
5
14
0
2
6
1
2
25
27
28
9
15
14
48
39
22
38
49
63
67
28
46

4
10
17
9
10
6
14
8
18
19
16
13
0
29
8
16
16
4
25
17
24
32
43
53
41
22
61
29
44
65
57
59

5
10
12
6
6
16
16
15
18
16
7
19
0
17
28
2
17
9
23
32
19
23
35
29
35
36
60
35
70
60
42
50

6
10
6
14
11
6
11
17
10
13
6
6
0
18
24
19
16
25
20
2
2
9
18
52
43
38
47
58
44
23
22
27

7
10
6
10
16
19
18
17
9
5
12
19
0
32
18
13
10
29
30
31
16
28
17
65
60
40
50
62
60
61
45
51

8
10
11
16
7
11
8
20
9
8
7
17
0
26
4
18
2
11
19
10
10
12
23
56
11
33
37
51
41
32
30
44

9
10
19
10
12
12
10
14
6
9
7
19
0
15
7
16
23
8
7
16
21
17
24
50
45
43
61
46
22
43
56
56

10
10
7
19
12
16
16
16
14
18
10
9
0
9
1
25
15
6
19
23
24
13
32
55
35
49
35
38
38
61
46
45

11
10
11
17
13
19
18
11
12
12
19
17
0
9
5
20
30
4
20
24
10
1
21
54
36
63
79
29
45
36
59
36

12
10
17
12
7
18
16
15
17
18
8
19
0
13
1
19
13
18
30
10
18
11
41
30
19
66
32
62
80
35
33
52

13
10
13
7
9
20
12
14
13
13
7
9
0
23
12
16
5
25
16
9
11
14
36
56
46
63
39
66
55
46
24
48

14
10
7
11
10
19
7
12
6
14
20
16
0
7
1
10
27
13
15
23
4
26
17
26
19
40
59
34
46
46
40
69

15
10
12
14
12
5
7
8
11
7
14
20
0
15
10
22
4
14
12
25
12
15
38
43
41
51
16
33
41
41
40
52

16
10
8
19
13
17
11
10
8
13
7
14
0
24
17
8
22
20
0
28
1
19
35
52
35
45
52
50
22
61
22
40

17
10
8
14
12
9
7
8
9
20
15
7
0
18
9
27
16
17
10
7
26
11
20
35
36
48
45
38
42
52
57
41

18
10
18
12
10
16
14
11
12
9
14
13
0
15
19
8
12
7
16
9
16
13
43
38
30
53
43
27
42
31
38
40

19
10
16
14
19
10
15
5
6
14
11
9
0
19
7
23
20
16
0
16
18
1
23
40
37
54
62
46
28
34
42
15

20
10
11
19
12
10
7
15
9
5
7
17
0
20
10
2
18
26
11
10
22
26
35
54
41
25
36
41
24
37
46
63

