1
100
5
15
6
13
19
10
7
17
18
19
7
17
20
6
15
10
16
7
15
6
18
20
10
9
13
12
18
12
9
7
9
11
19
9
16
15
17
16
10
14
18
14
8
19
9
15
19
19
14
8
8
7
5
10
15
7
12
12
8
6
11
10
13
8
20
9
15
17
10
9
9
9
7
16
10
9
8
20
11
19
11
20
9
15
12
14
15
18
11
20
13
13
7
17
8
10
13
5
9
12
0
46
100
36
162
89
153
145
291
100
118
77
13
131
193
177
250
56
112
255
73
210
192
172
73
280
226
118
200
274
170
143
101
145
223
249
291
47
252
303
120
269
187
139
145
44
73
43
246
152
192
130
142
162
243
49
162
186
154
301
259
154
287
121
75
293
193
6
203
152
186
128
31
160
253
242
55
292
249
68
24
118
233
174
172
77
256
178
5
216
306
194
47
244
31
141
70
250
192
75
153
98
307
243
413
252
341
410
547
205
195
210
108
241
379
223
316
121
435
357
236
287
346
423
248
361
526
236
346
528
399
380
392
431
445
500
361
238
535
577
293
477
290
292
165
174
160
290
438
377
339
180
393
356
448
262
338
292
201
319
339
227
391
292
398
516
288
98
321
166
223
139
126
332
498
411
172
324
371
352
265
198
319
229
200
394
430
282
145
407
445
453
65
520
95
293
256
385
494
323

2
100
11
15
20
8
15
12
8
5
9
11
20
15
9
6
11
14
12
19
15
11
6
13
10
7
13
6
14
7
6
5
7
10
16
18
17
6
19
6
7
14
19
7
13
8
12
18
15
9
11
13
19
14
6
18
10
19
12
16
7
19
13
12
8
7
15
13
6
7
19
19
6
9
17
9
16
9
7
19
19
18
11
13
14
9
14
6
18
8
17
8
18
5
17
17
10
18
18
5
17
14
0
44
200
68
76
120
170
299
98
302
276
272
229
55
297
144
129
162
286
62
129
215
160
46
100
67
304
200
59
20
97
138
126
256
294
280
10
101
57
240
234
55
89
25
91
167
202
175
21
117
20
153
57
108
29
275
189
260
47
79
98
77
274
250
144
256
162
85
137
147
272
70
219
190
210
8
87
157
250
137
266
104
59
269
141
58
286
104
119
129
114
26
186
146
232
37
98
198
28
111
186
315
506
308
112
392
391
344
331
386
361
294
328
132
328
264
284
422
476
108
419
320
408
355
338
371
456
509
164
157
229
189
380
442
347
358
184
130
362
471
547
76
150
226
286
355
360
436
252
400
61
256
160
285
202
519
400
319
67
239
302
93
367
397
377
553
404
372
308
212
337
379
407
320
374
21
344
314
330
194
278
225
82
379
280
299
558
112
316
297
173
329
249
426
402
88
208
337
276
269

3
100
9
14
6
6
11
19
13
10
17
16
7
20
11
9
14
7
18
11
18
10
6
17
18
11
14
7
5
16
16
15
12
20
18
14
10
5
15
11
9
6
6
17
6
5
8
16
10
18
5
10
20
9
18
19
18
19
12
13
14
5
14
12
17
19
7
19
16
16
16
17
7
9
5
18
20
17
7
8
14
11
7
10
11
8
6
17
11
9
6
14
9
10
13
16
9
7
14
6
7
6
0
109
50
293
74
260
204
233
219
19
51
281
195
63
209
117
116
24
201
53
156
103
123
264
49
193
144
236
2
191
74
91
250
166
237
112
235
154
184
127
56
52
80
210
60
291
98
114
10
144
251
125
28
62
208
144
231
87
12
276
51
127
56
41
182
174
19
100
15
206
236
277
129
286
100
195
283
288
264
218
79
62
239
279
269
75
263
20
112
21
238
210
225
266
108
160
295
300
167
125
201
389
335
388
269
324
320
270
287
187
247
551
232
213
279
135
194
296
225
268
190
386
227
487
138
421
409
374
145
404
383
322
427
300
382
301
495
409
324
398
246
285
243
260
198
531
354
311
229
225
530
256
334
356
298
179
422
241
168
498
158
344
144
304
225
282
153
403
33
301
515
402
249
449
162
257
327
538
469
525
243
165
484
389
543
277
430
144
152
144
428
361
516
424
219
437
372
432
317
266

4
100
6
6
8
13
5
12
16
10
18
15
16
7
7
17
17
14
16
16
7
18
13
12
10
15
12
16
12
15
5
11
6
9
17
8
19
16
12
7
8
9
11
16
12
12
12
10
14
11
8
9
10
8
20
15
11
11
20
11
5
9
7
15
7
13
19
16
17
19
20
15
7
12
7
13
7
20
17
6
14
19
5
14
10
15
5
12
8
15
13
16
11
12
14
10
12
13
19
7
17
16
0
130
27
220
165
197
305
114
48
285
38
233
127
198
61
236
288
175
129
217
198
304
90
117
177
253
140
92
149
150
32
296
17
271
70
255
46
65
86
286
21
284
126
223
31
184
4
61
121
5
187
219
148
55
264
216
115
201
232
203
205
276
216
165
160
288
197
3
289
41
257
214
84
104
169
256
90
73
51
138
257
33
8
167
105
248
164
110
61
99
237
61
120
159
62
275
67
168
209
134
192
311
160
451
437
242
615
142
163
553
80
390
327
218
203
315
436
348
348
380
493
460
351
195
494
442
202
286
389
186
186
596
301
465
91
327
213
252
355
304
196
469
287
368
246
288
108
191
434
265
500
328
456
118
579
426
397
266
372
303
312
389
519
195
329
374
497
167
411
218
330
237
192
270
286
449
217
376
367
279
354
98
128
295
168
515
224
168
189
236
298
346
313
306
327
564
162
275
453
180

5
100
6
6
17
5
7
15
20
10
15
11
14
8
15
18
5
8
7
10
5
19
20
7
16
11
17
6
13
10
19
15
10
16
18
18
8
14
10
19
18
9
6
11
19
13
11
9
12
13
16
5
19
5
7
10
18
19
14
7
11
16
12
6
17
8
14
16
16
20
13
7
19
7
15
6
15
13
18
11
13
10
14
12
9
19
11
15
13
17
11
6
11
9
15
19
14
13
12
8
12
7
0
43
293
72
278
261
52
96
85
141
135
55
192
206
251
261
274
64
252
5
186
307
225
111
244
152
307
121
245
117
308
92
180
228
4
54
169
247
189
307
98
195
84
254
197
188
161
174
255
52
111
248
268
208
82
287
198
258
167
64
103
186
91
296
179
277
262
138
97
35
261
227
290
255
249
20
234
161
153
298
89
267
241
227
128
106
102
146
291
214
291
91
186
16
219
270
309
68
273
309
181
336
521
173
299
440
325
359
257
167
160
183
356
508
395
550
340
200
548
73
343
334
373
182
323
202
394
217
380
241
458
132
456
529
124
155
250
350
516
397
286
323
367
568
294
502
379
407
365
306
296
543
445
527
143
535
493
521
272
142
394
490
355
369
439
380
439
464
331
227
572
504
565
329
281
225
311
403
358
559
107
282
546
412
238
292
153
175
500
398
524
234
335
266
256
344
411
311
347
485

6
100
11
6
7
11
9
17
8
5
11
19
11
7
16
5
12
12
12
17
10
12
12
11
15
13
12
12
10
7
10
14
18
18
17
11
5
18
5
19
7
15
16
9
6
19
6
11
15
5
11
19
15
16
15
18
18
19
8
17
13
10
5
15
10
14
7
6
18
14
11
19
8
16
16
13
12
16
15
7
15
9
6
6
17
16
14
20
9
16
11
14
13
13
16
8
18
9
10
18
19
7
0
292
169
76
121
140
174
144
72
142
267
276
23
78
138
144
236
249
123
120
261
169
232
43
188
259
37
65
20
237
160
96
130
65
69
96
108
235
55
238
180
158
227
77
21
72
70
76
91
2
76
0
304
248
5
309
238
12
247
112
11
218
216
14
180
0
261
302
72
31
79
5
35
308
118
0
205
7
213
189
41
19
56
122
199
291
98
218
159
26
48
255
308
294
62
24
18
81
258
62
142
479
391
318
270
240
491
406
102
247
315
578
150
389
275
226
276
391
310
366
463
459
448
206
360
575
304
148
204
277
227
220
171
383
209
239
272
515
157
510
272
264
494
274
130
380
284
255
218
112
317
186
358
447
106
525
551
321
391
216
47
457
322
83
230
236
417
423
237
168
258
175
352
349
193
224
434
109
276
470
149
139
313
258
332
427
270
537
339
235
320
549
617
484
178
305
130
386
500
324

7
100
18
16
13
16
17
9
14
10
10
13
16
6
14
6
16
12
5
15
12
14
7
12
20
14
15
9
16
5
7
9
9
5
11
17
13
18
5
5
11
15
13
9
15
10
12
10
14
19
18
6
15
6
12
15
16
19
7
11
15
14
18
8
8
19
7
17
11
13
16
11
6
12
16
9
18
13
9
6
13
17
8
8
9
9
5
17
7
7
11
19
15
6
14
16
13
15
10
20
13
19
0
272
289
31
196
191
162
217
182
248
173
168
7
130
296
273
144
29
147
37
191
277
283
290
30
46
190
150
1
207
253
267
190
31
280
299
276
109
55
22
35
283
262
258
118
87
133
214
147
225
207
218
160
111
156
55
303
46
59
42
233
2
277
241
139
252
66
75
274
67
143
127
299
33
198
175
200
247
230
124
125
241
47
299
285
220
15
173
105
6
147
209
196
150
302
85
245
91
123
142
69
538
551
266
367
397
264
512
339
352
270
247
264
401
401
588
412
113
172
311
249
575
353
412
118
229
508
412
133
376
473
344
252
64
540
468
409
307
306
86
175
397
418
566
313
213
190
499
230
358
270
320
444
398
347
193
330
356
375
212
383
102
578
320
224
295
134
326
549
360
393
296
597
288
216
466
261
408
365
373
376
278
118
539
396
427
238
203
279
245
225
476
340
228
541
100
470
224
390
207

8
100
10
8
15
9
11
18
15
18
9
8
11
18
10
10
7
13
17
15
8
16
20
6
5
19
10
14
8
10
15
15
17
16
17
17
10
17
6
18
12
8
6
9
9
10
12
14
7
12
17
10
11
15
14
15
5
12
14
14
8
19
9
19
9
6
14
20
11
12
6
14
12
18
7
7
13
11
15
11
11
20
13
16
8
9
13
9
17
13
19
7
9
14
12
12
15
12
13
16
9
13
0
192
8
6
57
142
46
170
136
143
251
143
14
112
240
69
287
260
1
107
249
164
263
151
306
29
292
145
148
213
270
236
184
193
131
147
54
130
132
110
205
42
301
264
22
57
18
242
36
141
111
178
171
306
97
221
12
9
40
105
133
208
270
168
305
0
107
141
95
251
254
173
133
293
125
108
22
81
15
243
85
71
308
211
158
95
231
127
170
292
58
38
15
140
29
264
69
169
194
218
194
459
328
158
100
178
333
450
320
236
559
414
302
405
522
386
600
547
68
338
397
310
435
416
508
168
499
343
415
531
406
289
385
243
251
168
84
313
290
250
401
144
560
312
198
130
117
552
274
314
268
301
353
344
377
393
328
121
179
239
237
512
285
410
437
212
161
405
341
370
426
284
388
557
254
301
259
282
261
344
136
227
376
470
441
172
317
318
333
416
99
166
112
427
107
536
257
433
306
274

9
100
15
10
15
18
9
16
8
17
6
15
6
15
6
9
16
8
11
8
17
11
20
8
7
12
10
10
19
16
9
12
16
19
9
10
16
14
14
11
15
18
8
16
11
7
19
6
9
8
6
10
8
15
19
16
17
9
7
13
10
19
8
18
18
15
5
5
5
9
6
12
19
17
16
7
6
16
15
8
17
8
20
15
7
7
8
12
5
18
9
17
6
8
14
15
6
16
13
20
19
14
0
90
301
252
8
108
295
227
222
229
159
281
116
57
86
269
198
121
58
207
56
156
69
270
86
26
245
143
265
110
208
77
231
178
179
26
225
252
132
120
176
57
95
81
113
234
40
219
109
133
31
103
213
178
275
262
68
4
250
302
219
47
174
297
241
211
47
52
239
267
153
69
253
150
64
24
171
265
24
106
147
267
255
107
177
74
238
112
49
47
167
93
137
164
289
131
14
281
6
102
211
185
345
499
83
348
384
378
526
441
432
513
248
309
238
540
406
214
296
235
198
420
151
546
375
95
276
223
572
159
503
284
384
445
204
274
427
422
437
202
281
163
172
107
345
483
160
473
228
301
197
376
357
479
469
555
271
268
551
378
298
262
193
565
267
342
62
164
270
573
217
91
547
169
272
312
202
277
175
383
437
532
514
408
431
339
435
290
301
119
399
257
328
302
544
323
297
562
248
362

10
100
17
16
7
9
17
7
16
5
10
7
19
14
20
6
9
18
11
12
18
12
8
5
10
15
20
17
10
9
6
6
15
17
7
5
13
8
13
18
16
13
13
9
12
8
6
8
9
11
5
9
8
9
10
7
13
9
12
18
18
19
10
5
10
9
14
13
13
16
13
13
6
16
18
9
8
15
10
7
9
13
18
8
19
12
10
11
8
11
11
5
9
15
7
15
20
11
17
12
13
16
0
203
152
250
82
191
84
142
290
130
255
179
196
42
247
198
6
11
190
257
94
33
94
192
40
175
276
277
179
190
214
157
173
199
54
73
39
106
52
82
196
248
124
131
111
70
61
184
287
245
227
52
174
51
93
182
241
120
277
110
210
24
161
227
216
223
275
75
138
189
70
249
38
177
244
269
168
212
257
80
10
254
208
165
17
93
29
47
9
288
210
97
215
68
231
290
75
254
69
233
245
308
255
519
256
329
151
160
427
226
556
347
412
307
378
335
262
146
290
462
341
148
205
440
350
308
526
375
192
369
386
379
421
290
310
225
301
345
231
317
333
507
169
348
167
171
328
485
393
404
240
333
195
144
385
382
277
145
459
199
428
84
275
442
420
448
481
139
390
367
110
526
137
302
396
450
352
289
303
241
103
491
515
227
118
135
240
260
281
503
349
326
446
245
317
431
262
519
158
488

11
100
19
14
5
8
5
7
17
8
17
11
8
6
13
14
11
5
6
17
16
14
14
9
12
7
11
9
16
12
8
7
14
17
13
7
12
10
19
10
9
8
10
7
8
14
12
11
5
12
12
7
10
20
14
12
6
7
15
13
11
9
12
7
8
16
15
8
16
17
15
14
16
13
15
13
8
7
13
19
6
19
12
11
16
11
15
14
10
20
10
8
20
6
13
13
7
18
8
13
20
7
0
13
143
113
136
1
89
119
98
171
277
121
70
264
156
46
45
236
199
225
52
289
237
13
94
229
99
270
190
242
109
174
180
58
249
34
240
72
228
279
10
201
128
104
198
68
73
281
190
83
65
158
200
279
169
92
24
3
149
199
22
264
211
253
174
169
189
79
222
47
288
18
239
67
154
227
253
233
242
139
28
199
215
72
258
114
95
148
134
63
82
14
138
195
62
45
66
260
289
218
268
108
319
403
205
259
252
147
363
383
353
148
264
524
433
61
212
312
376
350
193
501
250
75
279
267
151
530
371
286
167
472
216
329
528
319
457
234
470
336
46
439
159
164
287
344
256
470
457
119
195
389
477
299
236
333
217
300
278
316
236
434
386
525
432
214
482
181
394
186
308
188
387
303
348
282
551
335
492
208
168
373
441
185
463
149
270
200
166
315
294
69
272
424
313
347
336
513
405
326

12
100
6
6
19
7
8
6
18
13
14
15
16
12
9
18
19
7
11
20
19
18
20
5
7
16
14
13
15
9
12
15
10
12
10
9
11
14
5
18
9
18
19
6
16
18
15
20
8
18
16
7
8
11
15
15
16
13
18
20
5
10
8
5
20
6
13
5
12
18
20
8
7
13
13
15
7
5
14
17
9
14
8
9
14
12
20
14
6
8
19
13
19
8
5
7
17
13
14
16
12
13
0
187
266
121
62
33
12
225
128
49
293
179
49
62
116
138
150
14
169
99
67
91
283
176
150
128
10
20
119
99
306
214
237
230
123
171
134
14
9
67
269
3
231
73
177
19
217
41
91
157
297
118
75
111
311
105
113
53
146
228
18
173
216
213
58
220
52
260
265
237
225
183
244
56
120
308
258
8
245
92
101
108
17
247
281
147
20
238
155
169
313
110
29
304
16
44
311
66
93
32
38
357
437
418
105
68
287
309
444
137
455
411
221
388
409
376
430
309
387
281
114
143
593
245
177
192
189
315
409
231
534
503
524
411
134
343
242
220
264
94
306
237
516
178
306
113
292
85
366
393
467
273
361
141
481
140
284
272
422
238
64
400
253
331
355
516
129
508
420
540
478
228
319
217
235
346
543
126
457
209
275
142
279
435
334
375
175
434
189
431
364
294
178
356
297
167
613
294
207
104

13
100
19
17
7
17
13
10
14
11
13
18
13
15
16
18
17
20
14
19
14
19
10
19
13
19
8
5
10
10
16
16
18
14
19
7
18
8
8
5
14
14
13
19
6
17
8
5
9
6
15
20
10
5
7
10
17
13
8
6
13
13
6
17
14
18
5
13
17
20
11
9
12
8
10
19
6
10
18
9
6
8
8
14
19
9
5
5
16
5
18
11
9
15
17
17
15
19
9
17
15
12
0
109
201
278
308
57
224
104
121
137
86
114
6
185
251
116
273
246
35
144
53
313
195
28
66
283
59
104
52
133
76
276
192
99
192
168
226
216
169
98
215
280
206
227
111
226
21
160
214
65
160
149
296
26
207
144
95
48
189
82
251
189
164
177
40
184
180
166
148
15
21
90
219
38
281
280
30
18
97
292
54
27
17
148
129
28
279
154
221
170
142
116
115
172
231
232
100
149
261
68
148
127
324
389
485
94
359
405
243
345
353
439
174
282
427
278
551
423
69
203
327
337
239
313
245
448
187
162
111
250
275
368
485
363
499
234
526
464
321
158
336
573
293
509
248
411
193
386
428
193
291
186
554
223
477
210
149
139
313
210
325
370
471
365
148
281
381
362
257
80
117
159
383
341
531
423
174
324
309
543
173
95
166
444
233
123
524
190
289
228
458
348
395
339
531
343
245
381
485
335

14
100
16
10
20
19
10
9
18
12
13
9
11
13
16
6
7
18
17
7
19
15
16
20
19
8
19
15
11
20
20
19
18
7
20
11
14
14
14
7
12
11
15
13
6
6
14
15
20
19
9
10
11
8
7
7
11
18
6
12
10
11
19
10
8
11
10
11
7
14
8
6
18
14
7
16
5
17
6
7
16
6
12
18
6
10
17
14
18
9
13
12
9
14
11
18
9
12
19
12
9
16
0
14
75
250
16
5
284
129
128
97
20
173
279
251
293
190
267
106
214
86
294
74
63
10
260
200
1
309
258
122
244
265
292
130
131
134
195
23
12
102
277
195
239
34
238
63
236
252
315
170
136
301
6
220
65
20
242
24
206
189
225
29
179
155
177
194
254
90
289
217
80
243
144
166
293
128
278
124
162
74
64
96
106
210
179
50
31
265
94
96
111
274
80
13
18
243
64
46
54
101
125
308
304
475
236
233
570
414
217
328
181
315
353
478
434
383
399
267
391
328
493
110
125
308
375
499
169
372
504
348
518
553
341
272
275
397
310
324
129
216
477
249
532
275
552
381
339
329
636
248
171
617
35
294
261
129
410
348
276
502
323
339
363
404
226
391
474
386
460
291
322
265
292
280
339
321
535
279
477
243
327
281
275
464
354
328
301
562
201
195
265
448
164
345
271
282
139
196
273
304

15
100
14
15
18
14
7
13
12
6
9
17
7
19
19
9
13
8
18
7
11
7
18
11
15
20
11
19
10
12
17
14
14
11
9
14
7
7
17
17
10
12
9
13
18
8
9
19
19
8
13
12
14
16
8
15
8
11
15
20
15
18
9
12
17
17
12
11
13
5
8
16
6
15
18
15
20
12
14
15
12
16
20
10
5
18
7
19
12
18
11
14
17
14
15
5
13
7
11
15
13
8
0
40
167
45
235
169
50
200
129
88
99
290
184
46
132
301
17
26
297
289
60
25
128
31
199
295
262
39
182
164
66
9
274
304
50
7
149
293
47
176
304
209
96
50
125
39
177
32
101
156
262
5
66
188
33
207
1
202
66
307
108
205
286
197
234
288
69
64
202
0
316
12
165
239
247
29
263
113
235
259
4
135
173
104
201
5
199
315
127
78
43
131
156
267
253
105
285
316
301
67
301
75
226
354
537
301
222
404
256
275
133
587
505
308
357
424
54
284
630
351
336
351
210
348
526
452
309
295
460
494
146
213
548
521
131
183
284
356
354
404
462
429
412
262
223
140
328
264
127
343
423
294
281
469
265
525
240
241
165
333
246
369
493
527
535
467
106
306
368
160
365
102
322
562
492
363
481
220
462
580
345
234
295
166
447
205
375
651
272
294
303
396
479
527
360
417
458
603
512
385

16
100
10
12
18
10
13
5
5
11
5
7
20
16
9
8
9
16
10
16
8
13
17
10
9
8
8
6
8
8
19
20
19
7
9
6
14
19
18
15
15
16
17
16
13
16
6
18
17
17
6
16
6
8
13
14
15
5
8
8
17
10
10
14
10
16
8
7
9
7
12
19
13
12
18
5
7
15
14
6
17
7
19
14
20
12
5
8
20
11
13
19
9
7
19
14
8
16
10
5
15
7
0
103
103
215
205
111
147
107
83
257
272
101
272
128
91
132
17
204
69
97
73
23
203
132
116
172
73
31
220
103
34
52
272
99
141
140
263
294
154
100
82
254
215
148
3
121
146
202
164
257
273
6
230
59
211
252
237
85
15
233
218
86
135
238
213
58
88
50
39
218
73
265
143
125
48
180
220
36
188
163
192
228
260
162
249
185
16
180
56
254
238
35
101
187
268
68
213
181
13
108
21
130
301
370
431
219
200
152
370
334
583
283
293
289
392
304
267
365
237
264
214
331
375
185
329
246
105
279
278
165
124
285
501
342
244
240
532
402
449
312
109
519
391
429
154
181
281
440
345
379
504
29
347
182
422
281
374
205
160
401
296
186
345
319
488
128
341
63
273
506
378
278
437
246
101
302
457
219
370
210
392
295
304
269
519
338
262
270
298
497
287
58
207
331
402
311
433
475
156
170

17
100
10
14
6
6
6
17
11
12
14
16
8
17
17
10
15
6
20
17
16
8
11
12
8
15
15
18
18
13
18
7
8
18
14
17
8
20
12
10
14
10
19
8
9
5
16
13
12
17
13
15
18
14
14
19
10
11
14
18
14
19
16
8
19
17
12
18
17
20
14
16
5
16
14
17
6
7
11
6
8
13
15
11
13
8
7
8
7
18
14
11
14
11
20
19
8
11
20
19
12
11
0
177
16
150
56
152
14
65
253
96
131
130
325
97
17
178
15
108
139
280
80
326
192
322
190
5
259
170
260
59
52
8
290
285
273
233
236
152
120
153
205
185
190
96
204
171
250
300
84
6
135
221
185
87
107
107
89
208
117
317
209
47
180
234
32
229
326
84
50
183
55
3
190
269
325
319
152
142
165
321
40
190
87
147
131
286
146
116
142
82
247
174
110
318
14
323
300
217
280
120
300
433
258
229
279
237
168
171
338
162
187
256
370
409
197
461
359
231
376
326
148
588
359
645
508
287
432
373
398
372
108
58
304
312
355
514
270
294
174
445
308
466
358
382
468
345
284
420
178
71
369
542
450
313
268
353
137
494
322
505
433
129
201
348
118
404
593
335
110
403
275
54
399
502
403
561
456
230
269
361
292
505
409
296
345
565
154
188
227
160
270
217
150
587
341
523
631
293
405
195

18
100
11
14
6
8
19
18
19
10
11
16
19
8
15
9
20
12
10
18
17
10
9
8
10
19
7
10
5
10
8
8
18
17
12
15
17
7
13
15
8
13
11
18
7
10
18
16
7
9
15
17
6
8
19
6
5
17
13
8
12
17
16
17
7
10
7
13
14
15
13
10
10
7
6
10
12
8
19
6
15
9
12
7
9
9
13
6
11
20
20
8
6
18
18
5
19
18
12
14
17
10
0
121
69
211
189
235
56
261
34
21
292
230
36
239
18
100
297
299
184
235
251
161
222
14
89
184
40
238
234
170
212
13
123
168
198
163
137
33
13
220
53
15
26
144
283
258
49
196
185
301
294
95
15
80
197
284
195
193
116
86
225
197
81
101
7
280
299
297
153
228
20
250
99
121
65
244
296
5
187
290
35
247
172
30
197
141
118
221
62
86
9
260
210
62
67
43
14
36
193
16
286
303
361
322
286
336
118
464
295
279
347
364
131
367
285
152
579
487
474
490
280
328
346
288
350
442
50
350
285
305
241
244
158
343
487
433
288
194
228
468
166
297
306
336
485
375
107
299
306
360
504
397
65
87
432
451
416
275
327
159
469
442
286
351
229
547
519
433
220
388
237
536
303
150
293
396
459
281
235
431
302
542
400
163
502
152
292
535
86
213
214
390
256
278
384
83
261
295
383
129

19
100
12
11
5
15
8
11
18
11
20
20
7
8
12
18
14
16
6
13
7
10
18
10
6
20
8
12
13
8
13
19
11
12
7
6
14
14
15
19
7
8
5
7
17
9
15
5
11
20
15
6
19
13
15
9
13
12
17
6
19
16
13
17
12
6
17
18
11
5
6
5
19
6
9
15
16
7
7
13
15
13
16
6
11
12
18
14
6
16
12
19
15
8
14
9
15
16
18
18
11
10
0
183
42
31
179
49
110
138
74
229
253
189
60
2
79
8
290
175
252
120
48
176
86
144
299
240
62
145
139
150
268
161
242
268
264
21
226
295
245
195
277
247
127
275
78
30
100
110
185
259
205
207
110
79
9
281
92
159
237
228
212
181
79
269
151
215
298
241
292
210
54
293
115
252
299
218
98
101
146
286
16
58
296
193
146
125
209
220
120
138
69
298
87
282
27
156
153
57
121
222
25
233
150
78
432
243
236
392
228
500
444
299
314
127
312
175
307
409
385
310
175
347
387
214
453
554
100
311
385
389
341
448
322
540
518
286
315
381
417
330
299
399
219
337
164
145
135
144
494
470
241
304
187
386
197
553
392
190
443
254
269
495
287
533
217
316
518
510
500
231
283
412
134
564
501
254
315
276
275
480
210
218
339
375
422
229
451
264
341
244
301
374
227
565
71
365
432
223
393
239

20
100
19
16
6
20
14
17
13
17
11
12
6
19
15
9
16
9
7
9
12
12
8
12
6
9
9
16
7
18
16
11
17
7
17
8
9
7
13
7
14
19
11
5
17
13
9
16
15
8
15
20
15
7
11
8
5
11
8
20
11
15
16
17
13
6
19
16
16
8
16
6
18
10
18
10
10
8
6
14
11
8
9
17
13
17
13
19
13
18
16
12
18
16
19
7
5
15
5
15
10
6
0
263
125
80
202
185
275
181
124
279
36
35
94
111
100
169
160
76
290
101
306
108
61
131
80
60
189
179
268
134
283
4
88
207
219
65
242
161
118
218
27
65
163
157
103
126
146
34
31
207
31
206
12
74
188
103
290
143
109
108
198
195
144
257
235
157
111
269
163
113
250
285
235
230
232
9
88
237
138
286
241
89
67
165
118
198
96
278
14
74
53
25
296
280
207
10
8
22
158
11
251
522
271
299
351
410
444
433
183
505
265
303
213
122
370
347
291
289
372
301
429
245
276
197
345
220
239
205
327
288
328
59
214
323
500
207
466
348
224
375
341
180
196
398
139
184
237
348
202
324
218
245
97
158
275
342
391
297
361
236
423
272
411
369
333
333
413
284
357
262
395
444
503
495
390
280
365
371
332
540
292
270
324
239
287
356
143
437
169
343
307
278
547
343
271
135
143
244
390
102

21
100
16
16
19
19
16
6
10
12
6
18
16
13
17
7
15
17
13
7
8
16
11
14
13
6
20
16
12
14
18
6
15
8
10
7
15
12
18
20
8
19
14
7
11
13
19
18
9
6
9
16
8
14
8
13
18
11
14
15
16
8
13
19
12
6
5
18
9
12
11
10
19
20
18
7
19
14
6
10
19
9
7
9
15
16
8
12
17
17
9
20
17
18
13
11
6
7
5
15
7
5
0
160
276
241
99
286
47
197
109
283
39
71
257
49
310
287
156
125
290
183
219
59
97
108
295
303
108
218
312
22
136
144
229
116
44
27
266
47
304
155
309
285
214
16
86
246
192
2
285
45
170
259
175
58
183
219
162
284
240
293
66
144
200
71
296
81
211
204
203
208
228
98
115
237
111
184
125
21
88
259
191
214
241
121
12
169
47
20
89
160
140
176
203
309
31
57
206
140
275
139
314
490
605
468
128
323
187
296
138
488
224
397
567
146
627
437
468
153
545
331
420
375
145
329
397
627
140
503
492
105
170
393
282
203
284
322
346
269
322
446
434
438
324
327
371
359
326
122
371
107
381
432
337
216
325
442
236
397
313
482
340
479
363
135
540
118
309
263
425
250
339
231
272
341
435
477
442
54
189
557
214
431
352
404
211
262
322
95
324
304
313
328
390
344
115
239
371
336
431
252

22
100
19
9
8
6
15
9
9
17
14
20
14
6
15
5
16
16
9
14
17
7
9
7
12
9
10
18
11
5
9
12
12
8
8
17
14
13
15
7
10
12
16
12
13
7
12
8
11
10
13
18
16
17
12
6
19
17
10
18
19
19
19
5
18
7
9
16
9
15
19
5
16
11
18
20
17
13
6
16
19
11
19
9
18
14
5
6
8
12
14
12
14
6
18
18
14
11
13
16
20
13
0
143
228
146
0
117
1
86
93
72
160
223
204
251
76
86
125
283
229
304
144
224
60
78
116
62
138
57
54
59
223
107
211
41
174
287
102
20
7
213
128
265
55
70
161
33
57
30
60
35
32
79
245
266
182
159
26
162
138
108
47
314
199
260
213
40
99
267
88
173
190
193
93
303
247
164
61
143
161
89
109
286
246
181
69
291
55
297
239
134
77
100
309
121
130
274
180
236
116
146
189
167
333
343
217
377
308
107
327
123
388
451
371
462
366
362
244
455
429
322
218
457
304
317
137
223
157
314
257
211
422
229
397
200
427
328
246
255
271
394
394
582
124
123
335
321
74
136
236
303
179
152
427
381
300
367
193
480
309
398
180
580
346
438
409
145
291
408
371
261
215
303
124
522
433
270
263
253
312
330
396
502
370
401
115
426
356
428
349
234
348
163
527
348
383
417
395
488
278
404

23
100
12
7
17
20
17
10
9
16
9
16
17
8
9
14
5
15
15
8
6
18
8
12
6
17
13
18
7
17
13
15
6
11
6
6
19
14
7
19
6
20
8
8
10
9
11
18
8
9
6
6
15
11
15
10
11
16
12
13
13
19
17
14
7
8
16
8
14
14
20
5
11
12
12
17
18
17
17
8
14
13
13
14
9
13
5
7
18
16
7
19
12
11
17
15
12
10
17
13
15
17
0
16
234
2
133
123
301
211
50
219
44
309
119
187
176
12
106
105
298
223
207
116
122
9
92
233
224
270
161
6
163
138
164
239
6
165
45
166
25
190
32
38
257
70
180
24
259
146
102
143
149
21
48
165
153
261
7
164
63
32
182
71
168
239
133
122
99
216
225
241
243
10
235
270
21
35
272
4
138
224
108
10
13
52
241
27
290
9
134
261
78
16
65
206
72
17
177
294
256
73
75
109
520
281
360
306
407
391
339
470
244
457
337
344
379
111
130
370
485
318
458
185
332
213
405
504
343
353
311
96
282
432
329
393
110
321
305
358
242
330
104
340
462
340
499
338
555
362
200
411
305
249
292
429
434
489
130
320
345
269
485
353
305
416
305
157
142
497
413
256
547
212
317
440
60
244
413
163
221
446
394
176
246
100
360
283
613
98
383
480
351
187
179
280
125
322
479
342
450
256

24
100
14
19
13
8
10
14
14
6
11
17
12
15
20
11
16
16
7
19
16
9
13
16
13
7
10
10
9
5
11
18
7
13
9
19
13
6
16
16
20
18
18
13
10
19
16
13
19
11
19
19
14
16
18
9
10
15
5
10
10
14
14
17
10
10
19
14
15
10
15
14
9
11
7
18
6
20
6
5
20
10
5
6
14
16
17
8
17
15
19
17
11
15
18
18
19
7
17
8
10
5
0
36
117
165
185
285
320
201
79
7
124
234
168
38
175
140
100
153
246
202
83
2
73
89
48
193
60
234
141
37
249
213
71
40
75
23
215
86
248
182
50
116
128
15
78
100
112
170
191
242
102
230
12
176
307
101
16
39
36
258
153
240
57
80
16
181
276
123
199
264
283
48
77
266
30
33
145
32
66
292
227
153
210
22
67
88
322
201
125
199
115
108
291
281
15
167
219
65
28
9
295
200
373
268
203
313
596
255
278
154
341
328
453
176
442
445
260
280
326
512
163
67
372
316
358
237
328
392
239
299
293
482
205
225
293
208
261
294
314
398
270
301
441
334
136
164
456
344
229
349
180
449
226
430
622
224
116
208
243
533
184
521
189
275
255
439
464
178
224
573
615
78
109
351
95
356
439
143
383
434
475
170
349
285
307
197
357
527
236
357
273
397
400
588
228
319
486
175
115
319

25
100
12
10
13
9
20
14
9
19
10
10
11
9
17
20
19
5
14
15
6
10
16
17
6
14
8
11
17
15
8
17
10
12
6
8
8
6
19
7
17
9
17
14
13
18
7
18
18
17
13
12
5
13
18
16
6
15
8
15
8
13
7
6
7
19
13
14
16
13
5
18
8
18
13
11
18
7
5
18
17
6
15
11
10
14
15
5
15
11
13
18
12
16
7
14
18
7
14
15
7
18
0
263
33
213
116
304
252
300
83
116
174
122
167
75
4
195
240
166
187
305
220
184
77
130
254
129
41
102
185
309
104
237
156
191
186
83
32
148
6
288
156
196
284
276
156
174
216
269
182
106
304
290
81
251
233
51
225
187
262
93
151
157
168
40
267
3
159
214
305
142
307
309
85
231
100
122
296
282
251
80
186
177
2
49
95
187
108
39
138
293
104
74
186
298
20
34
202
80
128
159
202
387
237
444
188
377
440
557
258
317
372
224
359
162
319
230
493
317
471
316
280
260
267
269
387
203
246
379
411
363
197
267
238
414
414
378
341
464
296
505
338
226
371
535
284
441
389
587
269
372
355
542
142
461
247
326
241
238
513
342
160
438
318
198
528
310
478
461
456
378
574
492
380
431
358
360
345
421
494
329
498
271
252
276
393
212
260
164
227
501
150
263
411
429
280
218
477
302
147
358

26
100
18
11
12
14
9
16
8
13
6
13
7
10
17
10
10
9
7
18
6
14
12
15
5
8
6
19
11
7
14
12
11
6
9
15
7
17
18
17
10
17
12
12
14
7
11
15
10
11
12
18
12
19
18
7
17
5
14
12
19
13
19
18
13
9
6
15
16
19
15
12
5
12
19
15
11
14
17
17
7
7
6
12
17
12
7
8
16
12
19
11
11
5
11
14
16
10
17
7
13
14
0
46
22
276
198
53
132
90
260
18
131
303
248
260
212
100
74
196
226
280
136
221
191
64
193
66
76
86
234
48
48
8
23
195
83
185
263
304
135
114
230
177
76
46
49
52
287
2
287
153
278
132
7
302
201
44
53
58
178
88
133
299
166
112
164
302
191
187
257
125
288
47
6
175
295
214
33
129
67
16
22
126
239
68
185
239
154
136
68
258
94
252
124
75
166
297
263
228
227
103
209
233
249
463
245
333
239
300
534
86
160
348
553
500
373
153
343
318
445
520
189
339
252
331
210
119
379
306
471
94
143
41
191
459
101
490
379
612
178
407
540
241
262
132
248
235
359
310
523
189
386
170
42
460
222
118
368
341
230
349
339
608
453
148
207
498
445
211
468
438
332
147
83
276
393
517
342
296
105
134
171
287
550
345
472
488
359
374
140
278
371
556
364
324
279
448
373
398
330
405

27
100
19
16
8
13
14
13
10
6
14
19
11
19
14
10
16
20
11
10
18
6
17
7
14
9
8
16
9
9
8
11
12
9
15
16
9
9
13
8
12
18
19
17
11
6
18
12
11
15
6
19
14
17
11
6
9
8
15
15
13
10
10
8
17
19
11
5
7
6
15
13
16
5
8
18
10
9
11
18
6
14
6
6
17
11
16
15
10
14
18
6
19
15
10
20
7
10
8
11
17
9
0
255
26
297
197
107
113
169
249
154
224
133
258
164
237
118
89
235
13
223
229
36
34
75
272
53
300
26
64
0
98
75
105
94
163
113
74
49
86
118
265
269
125
257
261
88
255
104
238
289
138
2
130
172
157
115
221
67
194
184
229
165
253
128
152
162
212
221
215
50
71
69
170
129
112
14
158
284
203
206
24
258
89
62
211
45
234
64
216
303
152
80
165
98
208
113
275
81
165
106
123
480
186
455
483
221
200
288
299
434
334
286
361
285
289
412
120
420
327
435
343
148
138
130
452
259
392
82
263
178
175
110
384
364
179
300
332
86
361
339
391
360
303
479
418
307
463
184
384
415
426
242
423
299
440
393
303
240
407
458
436
386
271
243
285
317
338
234
266
207
135
171
274
161
338
202
320
380
436
457
92
491
399
184
475
229
349
268
326
568
337
287
434
216
323
411
428
192
443
205

28
100
14
13
9
9
13
5
18
8
9
17
12
17
5
17
9
14
8
13
17
6
5
9
10
14
5
9
18
11
5
17
10
19
17
13
11
18
18
15
15
16
12
11
19
18
6
11
12
12
6
8
15
10
5
7
19
19
18
17
10
15
11
7
10
13
10
8
5
8
15
9
12
11
16
10
12
11
18
7
5
7
14
19
11
9
9
15
7
19
19
8
14
9
9
9
7
15
15
10
16
17
0
189
266
107
127
214
57
206
4
112
125
290
173
158
57
208
38
55
250
80
217
250
108
240
62
275
41
177
281
42
28
64
168
277
139
271
14
239
241
43
22
283
124
298
13
227
239
98
206
196
121
82
200
270
55
45
13
243
63
66
19
3
295
122
51
21
179
139
172
110
105
198
118
103
29
139
204
297
255
84
91
267
268
244
16
143
296
8
262
282
261
65
211
135
219
102
208
0
214
3
113
410
348
180
240
439
138
329
222
384
354
512
429
337
254
282
110
304
369
376
323
462
195
379
245
448
159
256
518
80
45
132
388
578
212
563
268
462
340
188
135
555
165
563
227
434
460
226
370
495
165
296
379
516
159
162
177
345
102
207
202
19
458
201
62
106
252
160
242
181
303
486
393
259
289
192
461
510
555
387
226
305
395
259
115
303
497
56
331
454
452
207
456
157
510
155
439
180
402
28

29
100
12
15
10
18
14
6
8
8
14
13
7
9
9
5
14
20
16
10
18
13
12
7
15
20
15
15
18
12
9
17
17
12
7
18
9
18
18
17
16
18
7
11
14
8
14
15
12
16
14
10
6
7
8
16
13
17
19
18
15
13
8
16
16
6
8
19
6
9
20
18
7
18
19
20
15
10
18
17
20
15
7
18
12
19
9
5
12
5
18
6
10
8
19
7
13
17
8
14
7
19
0
130
121
181
136
309
132
67
277
207
9
117
40
89
262
264
273
191
143
106
210
109
13
293
12
13
187
184
209
69
252
258
178
175
80
87
219
282
40
29
240
144
316
45
274
92
99
225
64
31
140
0
15
218
304
310
95
38
190
162
279
281
302
309
116
276
122
297
7
253
11
281
168
288
30
48
190
17
2
165
41
249
107
255
216
247
123
317
271
248
195
97
261
94
283
132
90
266
175
132
335
253
275
483
277
504
390
234
389
541
321
264
169
290
395
354
324
204
281
184
286
315
337
383
28
80
476
428
505
401
407
571
279
423
108
188
313
361
153
225
278
166
503
182
397
316
334
283
126
163
250
217
213
344
606
576
160
279
353
245
420
575
521
622
366
497
449
601
210
399
300
619
260
522
249
106
235
345
130
385
279
375
134
313
498
459
317
569
307
448
458
116
522
120
505
218
217
382
428
323

30
100
13
19
14
16
7
18
12
8
10
15
9
7
18
18
17
8
12
9
5
9
16
7
9
6
12
8
18
16
10
13
9
14
6
12
12
6
10
8
16
17
12
17
10
9
18
14
7
9
15
19
8
15
10
8
16
20
15
19
15
18
19
15
19
10
13
18
11
11
14
15
12
7
12
15
10
19
6
12
7
11
7
12
6
15
8
20
12
9
10
18
8
8
14
12
11
17
7
19
8
14
0
242
286
22
282
28
115
267
163
32
68
87
181
160
212
75
17
216
129
49
61
287
247
188
181
8
101
253
259
222
155
207
227
299
26
156
266
195
47
179
136
183
275
111
161
258
141
160
47
164
275
262
227
190
133
287
54
302
49
244
308
209
127
112
37
102
245
4
117
32
81
289
154
132
54
200
211
279
205
139
129
138
100
10
221
69
164
32
127
120
119
77
207
47
180
260
124
69
76
87
216
309
607
137
530
239
210
523
279
97
145
256
392
295
279
266
253
298
414
357
81
404
554
366
199
296
413
440
420
283
213
343
443
343
243
175
475
315
341
472
320
420
310
166
436
401
272
424
106
429
405
363
541
238
273
457
374
439
214
525
507
470
389
387
115
401
447
106
357
345
195
418
212
244
135
412
331
540
383
282
170
365
369
238
415
127
395
106
228
339
184
392
269
359
472
452
375
151
159
159

