1
150
13
9
11
16
8
9
8
14
14
14
11
7
9
15
18
19
11
6
20
12
15
18
12
7
5
18
15
9
18
19
17
13
10
15
16
17
14
12
20
7
13
14
7
17
7
13
13
9
15
11
13
14
13
6
5
19
7
10
15
19
7
18
10
14
19
16
12
11
13
20
13
15
8
9
17
13
16
10
14
5
11
13
17
14
14
8
10
7
14
19
19
17
13
19
9
20
15
5
10
11
14
19
7
19
18
18
12
5
6
14
16
10
8
5
12
10
11
12
16
15
11
11
19
8
19
10
5
18
10
19
7
18
17
16
9
9
12
19
8
12
7
11
20
8
10
10
7
6
8
17
0
56
240
167
354
170
410
298
31
154
63
278
79
169
104
85
286
40
429
282
355
22
35
66
141
396
210
331
471
245
192
388
243
298
78
445
418
253
380
386
170
193
209
300
85
299
80
427
25
431
407
272
408
394
266
249
193
104
293
396
317
473
67
448
210
433
23
108
369
385
122
461
63
404
122
167
288
168
311
170
120
282
426
141
348
164
383
378
182
199
34
453
451
467
178
263
9
472
153
458
212
201
369
340
378
318
387
132
45
410
435
39
415
176
277
161
422
133
473
306
195
68
440
438
236
363
231
355
84
148
445
265
436
244
92
387
143
128
66
287
146
191
229
355
60
415
120
444
419
107
298
498
346
422
410
303
886
566
111
540
259
618
384
216
247
164
586
137
507
513
381
128
495
128
217
508
576
411
500
725
348
723
427
600
565
474
565
335
468
581
316
247
529
512
515
411
368
539
238
881
549
512
445
648
622
298
204
316
775
721
702
491
426
489
382
865
305
417
825
602
471
645
135
516
384
225
321
347
325
479
268
416
579
601
639
542
610
481
395
494
365
573
588
587
595
597
395
500
272
777
379
483
596
515
494
767
412
520
110
679
775
130
506
452
403
593
798
514
911
512
224
540
501
506
671
597
397
713
256
445
838
673
678
599
204
461
291
172
445
308
160
411
639
588
217
627
475
812
678
593

2
150
18
12
17
6
7
6
18
9
18
10
18
7
15
9
8
15
17
13
12
15
19
14
10
11
15
7
8
13
19
11
14
13
8
20
18
12
8
6
10
18
8
14
13
11
16
14
7
19
7
6
5
20
6
17
13
12
11
14
15
16
11
6
11
9
18
15
17
20
8
14
20
19
7
11
16
12
12
16
14
14
6
10
15
10
12
11
17
8
11
10
16
6
12
12
8
12
16
18
10
12
14
14
12
6
12
13
9
10
16
6
16
12
13
18
9
9
16
10
6
19
18
14
18
15
17
14
8
12
16
7
13
7
10
10
8
11
19
18
5
8
6
10
14
18
12
18
6
11
9
8
0
48
331
133
263
271
414
279
428
11
374
420
294
334
60
449
251
89
332
247
445
171
273
241
306
378
456
461
294
241
249
349
433
235
45
443
177
402
114
348
176
190
11
95
310
243
409
256
129
227
203
39
197
387
5
293
334
422
238
19
176
164
330
241
355
263
173
143
24
423
164
248
106
335
71
323
153
387
441
302
34
361
321
246
331
124
89
226
217
81
398
318
69
291
19
193
205
184
224
361
230
93
7
373
74
64
425
212
296
388
24
176
390
257
113
386
97
365
5
328
138
308
37
12
425
306
376
381
37
405
8
392
252
230
86
440
128
281
325
275
244
458
21
175
424
42
237
454
86
374
249
265
353
248
675
361
696
312
666
319
488
737
413
350
500
855
720
510
379
666
715
298
667
266
767
763
474
680
577
711
649
365
833
426
440
692
472
549
538
684
476
351
376
214
330
637
556
542
440
254
427
267
264
670
152
761
801
624
389
248
260
596
456
416
560
604
339
582
185
707
456
603
133
724
123
702
596
788
547
454
341
567
699
553
723
501
362
308
438
266
544
673
385
697
225
256
530
289
491
652
563
214
136
664
376
373
854
388
408
694
76
604
652
516
461
639
399
431
94
409
553
553
485
364
497
735
514
759
191
457
455
668
274
470
276
489
357
679
516
618
580
883
172
448
461
236
449
915
179
766

3
150
14
17
18
6
14
14
9
8
14
8
7
9
10
14
10
15
11
7
16
19
7
12
20
9
7
16
6
14
12
14
17
8
9
9
9
19
6
9
11
19
7
12
6
19
18
7
9
5
15
6
19
6
5
19
8
11
16
7
16
8
16
18
13
14
10
19
20
11
11
12
13
10
13
19
10
6
10
14
7
19
10
11
12
17
12
9
8
5
8
16
6
18
13
20
19
10
7
14
8
11
10
17
11
14
9
9
7
6
16
6
17
17
14
6
7
10
9
11
12
19
12
19
14
17
16
19
10
17
14
8
8
11
16
13
10
6
17
11
19
17
12
10
6
19
12
7
16
11
14
19
0
78
408
234
117
364
314
205
193
290
194
352
25
159
116
33
364
114
426
211
257
160
358
196
69
12
383
418
23
124
77
16
234
62
334
35
255
143
324
100
34
213
306
268
300
130
237
29
187
372
281
241
109
51
447
417
416
320
445
344
225
436
176
260
130
372
132
396
449
449
297
14
88
36
6
376
397
337
90
425
18
151
208
66
97
61
422
267
389
301
381
346
202
42
158
281
145
154
203
232
437
368
364
122
407
173
436
92
370
279
378
135
55
337
385
169
249
217
306
238
445
63
429
272
73
70
393
447
199
218
52
229
83
419
445
324
34
429
25
151
399
436
229
72
394
299
98
81
267
167
382
192
457
253
522
759
404
567
334
699
312
667
142
300
413
330
620
374
626
680
662
507
715
657
449
453
513
588
44
338
528
106
449
322
657
458
341
587
480
462
256
650
372
295
675
211
510
200
369
561
455
430
128
457
623
468
854
535
514
678
583
882
442
477
256
773
239
829
695
614
621
40
488
133
135
498
757
529
356
792
426
275
277
410
180
74
432
620
624
751
822
526
639
230
440
682
332
525
529
248
689
507
672
462
577
193
708
458
487
332
590
421
76
574
743
241
676
434
392
579
793
109
503
514
140
232
626
585
481
454
116
539
512
863
860
360
255
591
420
482
507
603
357
439
524
306
152
318
292
336

4
150
15
16
11
17
16
5
18
9
6
15
6
13
7
6
10
12
10
12
7
10
13
15
18
6
12
11
14
19
15
10
8
15
13
18
15
15
16
12
18
15
9
8
14
16
9
5
15
18
9
14
19
16
19
6
8
7
16
15
15
20
17
16
8
13
9
9
12
13
17
6
15
17
12
9
13
13
16
6
13
5
6
6
19
12
7
5
13
10
19
19
11
7
16
14
18
15
11
9
6
13
10
15
19
18
8
8
16
13
13
10
17
17
15
17
16
7
19
6
20
9
11
18
12
17
10
11
19
18
18
8
9
12
14
16
13
6
12
16
11
6
13
14
10
18
5
17
12
13
7
15
0
364
292
296
62
466
433
137
94
168
417
421
381
261
177
298
238
13
166
130
273
299
251
132
150
18
402
257
173
348
471
453
352
72
372
173
259
309
324
65
396
453
114
0
389
380
337
127
363
133
326
66
347
353
447
98
309
349
171
407
365
364
70
338
470
199
92
340
74
305
366
59
355
322
213
444
89
230
182
37
10
37
437
359
130
347
314
213
168
193
381
415
260
133
48
169
339
421
64
23
62
326
120
141
18
224
429
363
464
273
321
203
186
118
382
66
214
43
216
450
401
3
255
373
173
246
166
305
416
432
382
465
377
23
280
234
212
150
434
388
217
283
142
224
324
310
469
262
318
395
251
585
406
564
465
505
469
275
478
240
472
844
545
483
494
550
565
178
361
245
615
649
274
420
326
99
580
370
209
628
717
718
542
278
483
195
658
549
600
481
765
512
444
95
736
699
507
331
738
233
796
193
535
518
549
177
484
441
416
805
585
395
392
473
512
269
200
596
366
339
395
123
815
667
468
576
523
281
493
305
298
157
856
574
573
767
674
400
276
219
802
622
525
174
83
486
812
757
198
93
126
398
505
345
253
618
551
658
792
522
580
400
312
351
612
505
387
426
467
887
517
483
698
416
473
283
489
711
861
882
444
928
526
166
403
543
643
210
472
727
605
745
192
611
419
597
864
666
514
804

5
150
12
19
8
7
15
16
18
16
15
12
6
12
6
8
18
11
5
9
7
20
19
7
19
16
14
8
11
7
14
10
18
5
19
7
8
9
19
12
11
20
13
18
6
16
9
19
14
15
18
9
12
16
10
11
13
13
13
14
7
10
8
15
12
14
7
16
17
6
6
10
9
7
14
15
18
19
8
13
6
12
15
7
16
10
14
7
8
7
11
13
7
11
14
20
14
9
13
13
19
18
6
13
8
16
14
8
5
20
11
7
16
14
14
19
5
14
12
20
8
17
20
6
13
6
12
14
18
17
19
18
19
18
16
7
8
13
11
8
9
15
16
6
7
5
17
7
19
6
14
14
0
369
431
76
304
389
39
52
381
263
193
449
217
303
37
135
172
425
284
429
44
395
248
397
271
193
28
306
431
189
54
52
305
86
128
452
226
22
376
237
439
458
221
333
352
87
97
397
183
442
185
132
330
207
405
52
37
429
122
349
414
383
411
392
414
204
394
295
82
222
220
139
158
143
334
122
287
58
365
33
216
398
243
359
210
42
368
205
420
355
224
352
90
448
135
144
27
251
441
235
412
411
27
353
181
285
64
409
219
208
59
121
398
32
431
389
116
112
79
214
218
453
395
249
243
4
12
305
436
178
71
48
150
201
154
391
238
418
1
4
125
253
146
188
405
431
385
35
261
353
320
592
533
315
683
449
103
320
660
599
365
815
369
357
381
462
569
500
367
480
464
507
498
509
387
269
430
633
781
305
252
484
657
238
403
551
698
311
700
521
538
894
301
527
629
258
479
695
632
876
577
571
602
350
501
359
280
805
192
595
607
497
539
591
677
524
450
677
275
404
475
372
597
339
457
537
463
430
778
321
556
442
721
441
326
86
772
413
698
487
297
571
525
512
244
281
119
595
578
262
567
837
259
419
466
730
286
749
402
484
439
330
435
142
547
593
231
443
368
516
549
544
543
475
533
59
418
340
619
375
391
246
290
576
568
702
618
888
393
165
414
281
552
323
723
667
461
133
393
493

6
150
6
14
17
17
6
12
6
14
9
14
15
8
18
11
6
18
14
16
19
15
9
6
9
14
20
17
19
18
9
19
9
9
10
8
15
7
18
8
10
6
7
8
12
11
13
11
17
6
5
10
8
14
17
7
20
19
14
19
8
17
9
5
13
7
6
15
19
14
10
11
11
10
15
14
18
18
9
16
18
12
7
20
12
10
13
16
13
16
14
6
12
14
17
14
13
14
13
14
18
13
19
14
18
7
12
19
17
6
16
14
19
11
10
12
13
19
11
18
6
19
13
7
11
19
15
18
6
12
12
7
14
17
10
9
12
12
19
15
19
8
16
6
20
8
15
6
18
19
14
12
0
438
325
174
111
368
243
222
452
145
386
47
292
20
443
20
461
95
264
343
378
363
70
479
46
71
240
349
161
362
443
93
212
376
62
302
31
389
172
8
330
249
328
110
447
423
67
373
415
185
319
78
269
241
157
122
330
480
474
232
208
152
386
192
254
299
342
197
313
340
164
56
4
186
209
95
170
275
142
91
113
300
138
55
363
105
442
162
301
149
269
271
381
185
143
187
194
319
467
149
206
184
447
281
329
406
254
414
266
175
434
480
94
378
21
451
247
346
347
43
308
72
127
45
136
286
359
186
311
203
294
224
118
261
121
133
186
46
278
295
287
136
62
450
376
12
347
254
187
288
101
635
517
611
258
733
338
410
531
470
759
388
549
289
620
363
521
150
622
663
561
550
544
558
452
462
704
744
293
534
614
216
444
440
239
362
50
720
271
441
410
477
381
388
769
783
286
402
857
637
390
204
677
539
442
388
540
654
710
623
576
288
746
582
397
426
363
583
758
653
352
138
55
265
693
289
288
654
403
447
499
676
181
521
384
258
765
557
354
350
367
286
611
623
307
303
252
666
831
190
542
607
576
725
767
438
557
788
559
616
494
732
339
643
424
523
364
814
807
113
618
508
472
422
514
386
503
300
793
447
663
453
174
330
460
485
302
310
333
628
388
581
100
469
595
156
644
436
596
589

7
150
13
11
12
15
14
13
9
15
8
9
15
15
8
15
8
16
5
18
10
5
11
9
15
7
15
15
15
6
12
13
11
18
20
11
16
15
10
9
15
13
7
16
14
9
9
17
6
14
20
13
7
19
14
7
18
12
14
14
19
19
13
18
14
17
8
14
8
18
9
6
17
10
10
14
16
11
17
7
6
6
15
12
9
18
10
18
16
8
5
18
14
6
16
17
11
7
11
8
9
9
16
10
17
8
16
17
18
7
16
10
13
20
14
12
20
7
12
15
10
10
11
6
16
12
17
6
15
20
12
11
5
17
18
15
17
18
12
18
10
16
18
7
8
17
16
19
7
11
13
17
0
452
124
286
375
474
191
285
347
368
20
207
435
96
288
364
67
46
247
101
127
85
129
416
409
343
283
171
67
168
96
106
415
17
468
1
158
357
23
329
22
443
270
425
202
84
351
220
459
131
423
438
81
21
7
176
415
30
361
138
12
381
63
417
367
74
1
146
369
476
305
314
295
317
151
369
152
1
149
404
318
458
123
19
265
134
98
411
434
139
171
310
197
174
394
422
320
22
173
305
466
194
208
460
150
301
283
210
371
181
228
350
32
462
208
195
84
419
57
363
470
302
456
477
418
276
450
246
15
287
302
258
279
140
350
465
133
301
108
310
368
317
195
401
122
128
364
126
269
230
45
648
319
525
699
631
567
599
439
825
311
635
880
564
306
681
480
523
707
407
412
368
163
839
573
735
587
649
127
301
124
314
621
491
807
182
198
809
148
510
148
572
443
458
616
204
592
259
555
197
438
814
348
403
78
510
634
101
750
354
433
599
407
712
595
394
351
623
548
796
406
444
743
518
448
625
452
51
626
812
350
710
366
161
522
279
253
609
455
281
519
784
667
300
599
741
657
241
483
394
584
525
370
697
628
459
742
586
792
542
372
822
475
538
532
488
330
626
388
385
683
575
757
628
844
540
865
687
261
448
706
740
707
425
413
888
249
673
211
567
787
667
633
880
235
576
377
304
728
718

8
150
7
8
19
9
20
6
13
14
12
8
10
7
5
13
6
10
17
17
13
12
13
13
10
5
8
7
11
14
12
9
18
8
10
8
19
13
14
9
14
7
11
8
16
14
8
8
6
11
12
13
16
20
11
18
14
20
9
11
6
19
6
8
18
16
14
20
17
12
13
19
5
8
17
6
9
11
13
12
15
12
19
16
17
19
12
14
12
12
6
10
16
14
9
10
19
12
10
8
20
19
7
10
11
10
9
17
10
8
15
18
10
19
17
19
15
15
15
6
10
14
8
7
19
5
16
16
16
18
11
5
19
19
20
16
18
10
13
17
16
10
11
9
17
9
12
7
9
12
10
16
0
8
452
53
332
127
307
174
395
187
393
276
209
60
62
27
341
25
246
426
212
429
106
349
311
239
258
24
45
292
327
17
104
451
291
43
262
198
402
230
85
289
246
229
14
48
139
232
12
80
311
218
240
292
99
85
37
210
106
250
127
368
189
251
117
56
448
66
420
20
405
278
199
271
274
200
1
190
465
362
212
430
392
67
247
243
215
158
373
26
57
302
327
381
308
453
359
449
369
26
268
388
383
224
192
10
30
245
118
291
341
301
8
253
266
294
318
150
34
75
112
158
226
417
44
378
193
338
399
230
158
196
44
242
365
109
64
99
193
318
152
169
423
64
408
378
365
186
373
361
34
425
926
446
804
397
708
605
652
413
750
404
323
350
358
443
688
145
610
880
451
712
313
481
709
509
425
51
434
629
519
332
268
921
652
326
571
553
855
347
453
371
651
398
262
393
599
559
242
137
589
498
505
629
300
119
391
461
521
287
314
645
466
632
463
211
651
169
872
167
459
298
591
290
596
356
302
544
770
732
621
810
423
508
379
369
589
331
726
441
130
414
646
781
395
927
800
853
395
421
633
772
707
462
302
303
488
409
317
462
680
785
254
499
645
485
660
285
378
535
529
528
645
627
149
429
491
426
692
242
539
243
243
601
678
529
306
417
472
357
208
643
441
190
429
716
645
619
548
657

9
150
6
14
6
15
5
7
19
15
6
8
9
11
6
7
12
9
15
12
5
9
12
15
11
5
19
12
19
8
11
19
7
17
9
8
8
9
16
10
8
17
9
20
11
20
10
17
7
11
5
14
6
17
19
19
10
11
15
13
14
6
8
12
9
9
12
11
19
14
8
12
18
11
14
13
11
18
9
9
18
18
16
14
19
19
8
7
11
6
19
13
10
14
11
20
12
6
13
9
6
19
17
13
5
7
9
18
11
14
16
10
13
9
11
19
14
13
17
19
12
13
7
11
10
11
10
13
18
9
17
13
6
17
8
7
9
14
19
20
14
19
15
9
13
18
9
18
8
17
11
17
0
388
92
124
95
333
189
225
356
12
216
215
83
166
31
46
162
284
8
446
435
66
399
82
439
228
349
155
419
250
122
333
226
88
139
75
11
255
362
301
339
361
104
120
88
190
392
148
371
201
219
222
384
435
339
287
358
261
401
72
257
247
305
357
196
286
351
74
441
339
456
312
39
226
368
280
249
217
258
425
294
249
375
75
361
416
68
194
291
129
394
454
138
412
20
305
237
293
149
139
67
49
352
270
458
404
113
268
114
334
406
44
245
61
306
172
434
373
451
80
442
260
74
335
309
118
339
298
94
68
232
127
350
188
61
258
77
38
187
423
167
124
361
85
323
381
200
63
230
164
188
697
432
489
108
774
318
317
522
91
443
441
365
374
43
187
359
728
400
752
861
83
857
133
695
559
776
459
575
330
436
417
623
437
348
369
228
656
648
357
702
734
497
289
418
570
443
298
442
314
585
479
462
862
435
357
652
403
582
82
394
579
634
682
228
548
425
221
546
498
656
491
132
340
525
687
559
684
420
863
420
282
527
123
497
546
150
276
711
493
835
816
186
806
428
492
254
432
313
310
504
469
483
403
470
609
355
542
184
516
853
276
639
183
407
200
593
622
488
521
633
319
520
402
434
192
576
578
122
236
330
469
770
531
499
726
100
231
427
638
418
547
518
238
493
733
597
355
686
459

10
150
6
6
14
12
9
16
7
19
18
12
15
9
10
17
9
15
6
14
8
10
19
17
6
8
17
13
13
15
7
10
17
9
13
6
5
6
9
15
16
9
12
9
17
16
18
10
6
9
13
6
18
15
19
11
16
14
16
9
9
10
13
8
6
16
14
11
16
11
19
11
6
14
14
18
12
14
12
14
17
15
20
9
14
17
9
10
9
19
14
12
19
7
19
15
18
7
14
10
18
5
15
17
15
10
16
10
8
19
12
6
6
14
10
5
8
13
7
10
9
19
17
6
7
15
17
11
7
19
18
9
19
15
13
5
6
10
9
13
15
17
12
18
7
14
10
6
18
14
9
9
0
5
367
383
414
240
308
119
317
206
263
381
111
358
166
438
399
194
103
391
47
352
276
410
121
15
349
457
423
23
29
444
216
305
198
104
287
162
29
352
53
127
426
376
163
180
28
34
172
357
92
414
367
384
362
215
65
252
408
62
87
178
5
36
372
46
188
235
403
452
410
198
316
378
288
129
262
64
8
206
15
414
81
1
80
179
1
257
321
144
188
331
120
407
348
430
205
455
441
121
83
46
171
394
380
41
426
308
353
295
278
92
338
166
324
342
322
112
12
22
259
325
190
333
214
372
349
198
451
366
442
42
443
301
399
89
165
387
347
221
334
373
166
449
363
233
1
346
350
230
379
165
728
808
720
328
332
462
623
664
469
734
558
664
434
864
823
257
346
699
381
474
343
799
585
468
774
684
855
345
344
701
443
478
531
496
533
200
98
546
126
370
519
792
240
443
137
200
267
733
534
816
821
611
646
306
213
656
498
136
101
282
267
66
499
334
332
365
460
679
760
215
420
636
319
586
428
333
68
588
269
434
387
270
289
549
274
539
476
579
273
443
325
449
636
857
480
490
777
431
127
302
595
821
808
59
557
605
404
472
387
268
762
184
379
660
646
484
259
76
363
754
529
440
678
830
699
408
471
490
741
217
837
457
589
457
393
645
580
312
590
744
439
631
604
523
100
761
779
299

11
150
16
20
9
7
9
10
8
16
19
6
9
9
6
11
11
6
6
14
10
7
15
17
13
13
5
12
14
7
7
15
20
12
11
19
19
12
12
14
8
7
5
14
9
15
14
15
13
18
12
13
20
12
11
10
12
12
10
15
16
11
14
8
10
13
16
16
19
9
13
18
18
6
15
7
6
14
5
16
11
6
10
7
8
14
10
15
13
13
8
6
11
18
15
14
9
6
15
13
20
11
19
16
13
10
14
20
17
16
14
6
8
18
5
8
16
8
19
7
13
12
8
8
12
11
18
15
13
18
7
17
5
9
16
13
11
18
8
17
18
8
6
18
12
12
20
18
16
13
15
5
0
424
133
368
408
394
211
17
425
263
296
32
145
78
412
81
212
100
300
40
232
356
372
198
66
255
151
233
176
127
143
333
181
340
422
201
56
289
30
218
363
273
141
77
453
301
351
53
211
190
268
235
132
78
344
125
274
187
328
361
209
337
341
246
52
354
156
184
118
17
331
406
186
171
320
42
58
411
410
323
110
32
315
347
284
405
375
212
364
303
11
428
455
269
295
453
354
196
260
415
419
223
215
170
321
163
328
185
136
209
383
240
142
427
453
451
118
410
150
143
25
270
307
444
87
218
154
165
349
357
295
28
451
244
409
206
180
299
131
264
155
27
311
257
436
179
250
121
111
155
73
688
365
435
459
774
467
123
752
428
422
291
446
501
720
493
262
129
757
58
415
822
557
476
88
364
269
470
390
407
572
577
462
473
889
616
420
432
407
551
384
309
248
144
777
474
533
263
558
410
621
659
579
501
730
160
316
329
798
819
604
714
722
648
353
824
262
230
222
94
362
470
358
622
497
295
466
536
828
401
561
237
646
519
318
659
545
530
581
752
418
526
854
621
704
902
675
523
545
721
863
693
477
507
354
190
461
411
342
362
494
387
375
486
811
503
473
849
590
507
217
686
438
511
404
264
280
467
673
684
469
93
703
443
857
634
238
549
218
398
390
155
639
328
719
214
483
385
156
232

12
150
17
18
15
6
11
12
12
11
11
16
8
16
14
16
13
18
7
9
6
8
7
20
10
13
18
8
19
7
9
16
8
6
13
14
12
19
7
15
14
9
20
10
8
19
20
10
16
15
9
13
19
7
7
9
9
16
14
7
19
17
11
11
8
13
19
17
16
10
11
13
9
5
6
16
10
19
8
13
14
6
18
14
9
19
15
10
12
6
6
16
10
17
15
17
10
8
6
12
15
11
14
17
17
5
20
9
14
14
12
11
19
10
14
13
8
12
9
10
10
20
15
5
14
9
20
6
16
16
9
15
8
19
6
17
13
12
8
12
15
11
6
18
11
12
11
12
11
7
7
16
0
92
245
84
7
217
354
366
359
321
296
132
312
330
426
445
206
391
269
292
20
310
34
399
185
394
216
346
410
431
332
91
443
219
389
240
29
221
143
190
147
217
182
461
1
76
369
47
171
62
143
178
394
157
363
245
66
456
111
46
104
267
145
119
399
263
420
454
266
254
127
430
301
165
149
295
96
0
205
76
389
386
289
409
418
403
64
259
423
301
265
157
81
250
237
400
33
430
289
59
67
79
210
104
193
321
311
325
22
99
59
271
365
192
177
379
168
10
61
101
86
319
79
283
262
266
133
161
389
19
370
363
236
165
22
436
421
389
280
450
197
154
242
275
368
172
157
79
255
33
92
361
295
545
314
383
544
828
377
716
342
339
391
382
706
766
517
640
313
392
110
566
233
600
535
490
283
461
491
535
777
480
477
400
571
466
267
333
517
459
391
308
359
754
144
270
570
131
319
153
412
273
571
470
474
275
172
537
411
323
304
472
240
431
876
408
666
473
356
371
155
753
717
221
583
386
428
211
308
289
589
808
552
556
453
433
185
412
826
348
673
612
360
581
276
592
328
754
560
383
535
392
517
218
591
336
609
666
439
169
228
600
731
410
198
828
633
282
527
545
101
444
128
298
295
303
389
403
847
368
510
578
320
185
106
736
560
490
756
870
260
513
402
543
672
371
424
417
672
242

13
150
8
5
10
18
7
11
6
20
15
18
12
11
7
9
18
7
11
17
15
15
9
10
15
17
18
9
15
7
10
7
10
6
14
10
19
17
13
17
18
6
16
20
19
10
6
10
7
8
9
8
18
7
9
17
16
6
17
12
18
15
10
17
18
9
10
6
11
16
11
20
14
9
8
18
15
7
18
16
19
12
17
19
5
10
12
5
9
15
7
13
15
20
5
10
17
5
13
6
14
7
15
14
8
17
14
5
9
7
19
13
6
16
10
12
17
13
6
16
10
19
19
9
5
17
14
10
13
15
11
13
18
10
17
12
13
7
15
13
17
9
8
18
10
18
8
18
8
18
19
15
0
324
271
285
417
37
210
466
255
117
376
251
208
466
125
424
207
265
92
114
446
359
218
227
4
222
67
433
346
333
131
216
363
94
220
273
165
268
134
308
292
39
136
238
29
29
370
383
144
433
438
202
218
5
174
15
70
456
30
123
117
74
232
378
388
239
392
222
9
263
142
364
154
29
134
53
147
298
236
462
447
127
347
191
329
377
183
405
255
166
201
26
20
371
461
359
345
98
82
30
380
247
146
84
200
59
107
133
296
321
365
249
136
64
112
246
400
397
338
301
226
1
148
149
149
133
12
363
197
370
116
129
90
167
419
162
337
54
390
57
459
267
364
104
116
453
160
138
301
105
169
643
412
402
461
154
591
809
577
574
774
566
269
570
207
590
420
478
129
495
504
777
632
273
228
457
450
498
471
518
288
422
386
535
372
379
347
339
505
544
643
64
594
294
88
82
456
475
186
530
580
576
376
468
319
176
316
656
475
537
326
375
556
558
533
253
813
259
60
501
609
637
543
234
511
220
564
472
411
931
809
200
480
521
359
814
566
870
461
516
521
199
325
826
934
525
580
214
317
408
605
693
510
192
377
149
290
373
427
569
470
383
219
215
129
704
456
650
588
763
496
399
184
452
597
401
84
415
527
621
372
307
546
314
895
203
581
103
784
344
676
424
800
549
506
705
356
604
623
391

14
150
6
15
18
17
9
15
14
15
12
15
17
12
12
14
10
13
6
9
8
12
8
13
19
14
6
9
20
7
12
20
6
8
13
19
10
10
10
12
9
18
19
16
12
9
18
7
15
16
17
11
8
11
15
8
12
11
18
7
16
10
8
8
6
12
15
20
12
16
11
15
17
13
19
6
8
18
8
16
8
7
17
8
6
13
11
10
5
19
5
13
19
16
16
17
14
18
14
11
16
7
16
5
11
15
12
6
8
18
5
19
15
9
18
7
20
9
13
13
19
13
16
6
7
17
5
14
18
16
8
8
10
7
12
7
12
5
6
13
11
12
5
7
19
14
15
17
7
14
11
11
0
349
280
379
308
362
250
123
316
226
415
286
363
93
47
432
240
346
330
291
272
330
227
339
319
24
423
70
216
164
57
97
169
188
416
249
327
29
312
273
355
107
38
339
21
53
5
167
274
114
1
392
352
296
234
408
419
270
59
420
265
130
109
119
372
3
94
334
435
420
257
84
277
88
120
397
83
275
234
28
308
112
110
361
21
255
319
69
435
114
116
29
43
158
407
400
6
449
211
343
251
49
93
107
367
340
262
402
387
446
416
170
447
144
448
27
364
270
410
111
403
20
232
103
166
341
326
190
66
21
363
227
38
70
124
454
411
248
136
77
43
154
76
308
294
141
419
376
364
303
282
785
614
518
432
635
327
355
780
362
565
385
596
285
300
610
290
687
491
542
680
649
418
610
732
201
767
241
641
536
168
321
629
652
551
488
338
398
588
428
679
511
256
662
478
236
151
561
592
463
215
818
781
691
503
561
601
684
131
831
708
194
430
358
766
123
300
625
646
482
396
449
455
375
365
457
462
734
305
225
599
287
344
464
96
580
745
99
668
450
471
302
164
463
498
419
304
690
614
674
442
185
175
222
508
366
407
528
749
537
561
537
562
593
758
112
598
615
486
547
827
170
377
297
197
618
377
218
294
353
442
346
428
363
426
806
592
558
379
200
401
389
248
486
515
588
847
792
377
319

15
150
9
5
17
9
12
14
19
17
8
11
8
16
18
19
19
19
12
9
8
20
16
13
18
6
10
10
19
16
10
15
19
7
17
6
6
6
18
17
11
13
17
16
8
13
11
15
19
14
19
12
5
14
14
16
8
12
14
17
18
16
16
8
14
8
15
15
9
10
19
15
11
17
12
10
13
7
6
18
11
12
12
16
15
7
11
17
8
18
6
11
9
13
19
10
14
18
7
8
15
15
5
12
17
20
8
13
5
11
6
19
17
19
8
11
15
8
13
5
11
19
18
16
15
14
13
9
14
10
19
15
6
17
12
12
15
19
12
7
5
13
15
17
5
20
13
12
9
12
9
19
0
234
423
365
104
113
208
125
224
213
143
94
52
12
175
212
176
154
92
61
434
299
238
390
226
440
38
127
307
152
316
340
126
124
192
333
428
456
338
251
333
60
479
186
74
332
28
27
58
73
354
189
181
250
198
230
202
289
119
288
282
129
233
448
78
352
377
68
325
152
475
361
466
391
98
220
137
437
313
152
456
357
47
448
401
47
199
254
140
146
7
85
313
151
346
430
472
26
400
465
124
263
450
122
293
394
113
357
364
82
440
66
169
391
168
382
166
184
320
351
17
200
220
17
469
129
73
223
172
257
420
204
49
238
107
122
99
294
446
470
289
300
318
163
59
122
39
217
371
28
180
600
869
608
198
425
459
435
525
423
260
415
437
119
412
555
457
586
405
476
757
459
562
430
588
762
217
192
519
539
692
574
485
212
375
444
589
846
773
488
807
281
873
668
518
502
209
164
406
159
381
314
329
403
426
710
697
642
295
575
309
154
573
753
567
596
513
309
583
529
803
680
505
442
384
384
241
609
595
195
645
384
487
832
544
482
422
485
322
170
375
571
370
607
734
520
703
61
732
616
596
379
507
400
712
834
262
671
433
131
803
368
375
560
597
663
463
390
696
492
404
256
473
452
631
394
96
417
417
373
863
607
272
362
221
282
250
408
476
948
625
723
407
645
385
528
519
634
726
387

16
150
10
17
8
8
17
19
19
10
7
9
10
7
15
11
7
9
18
15
10
11
7
14
10
10
6
20
19
7
13
5
15
19
19
9
14
15
6
18
17
9
16
12
12
19
17
12
19
8
15
5
6
15
9
18
7
16
11
6
8
18
6
15
6
14
19
9
20
15
6
17
8
15
7
8
9
15
14
16
6
10
20
12
11
6
8
11
16
12
17
11
10
12
11
12
18
17
17
10
13
8
19
17
19
7
10
12
7
8
12
5
12
11
5
16
13
15
8
18
8
12
16
15
10
10
15
10
17
18
12
10
8
9
18
8
12
18
10
18
15
11
8
8
11
11
16
8
13
11
15
8
0
62
12
282
168
47
343
151
133
453
271
372
80
91
362
261
171
270
200
354
245
96
445
403
190
425
387
376
417
223
29
207
157
349
432
185
232
344
393
10
246
47
102
223
47
295
241
389
444
375
322
34
222
181
264
359
437
181
329
390
239
289
209
220
237
353
151
440
386
139
358
332
189
162
162
405
78
333
82
409
341
49
14
220
112
353
345
246
105
369
138
48
185
67
93
41
27
183
331
414
351
385
236
315
191
224
3
92
26
305
158
68
280
436
76
1
14
428
439
14
374
308
145
303
258
119
391
392
209
188
36
293
147
219
444
201
97
359
277
184
43
323
246
154
295
179
121
198
328
237
262
277
229
306
594
242
665
268
541
761
448
426
435
261
465
434
626
647
488
385
702
222
579
471
273
658
438
833
832
386
425
308
541
448
465
412
499
781
419
186
552
346
385
383
287
761
620
700
547
764
593
326
405
319
380
484
703
565
463
786
693
348
473
515
653
389
455
484
523
470
645
794
380
264
217
596
310
495
120
692
500
499
141
381
321
716
497
432
550
832
515
311
624
453
455
308
430
208
526
635
548
812
285
518
366
282
13
204
167
701
503
263
662
818
506
309
118
842
634
449
588
689
313
452
514
327
819
743
544
388
380
685
454
472
764
268
378
515
561
312
458
747
297
323
398
325
589
412
414
442

17
150
8
9
6
11
16
17
19
15
7
19
10
17
7
18
8
11
11
11
6
6
9
11
15
14
7
16
16
15
7
8
7
7
19
18
18
8
6
8
16
19
10
5
14
20
10
17
14
19
17
18
16
20
15
8
12
16
12
18
16
12
20
19
11
11
12
8
14
18
11
10
20
13
18
17
6
8
6
11
18
14
7
18
11
18
12
15
11
20
12
8
10
10
13
7
15
11
13
15
20
11
7
11
20
12
20
8
12
17
11
19
10
12
10
19
16
18
15
10
7
17
5
6
14
13
18
18
5
9
9
19
17
6
15
9
15
15
10
5
9
12
11
8
17
11
20
15
10
9
8
8
0
325
188
362
404
219
99
54
356
417
313
262
219
270
204
349
149
51
294
208
158
411
135
222
294
232
62
135
281
384
434
182
472
206
364
443
35
400
47
347
408
94
98
1
418
358
117
27
163
14
367
167
20
304
207
465
13
458
24
59
162
243
307
254
382
106
325
220
100
241
40
106
408
126
117
382
384
355
308
288
376
205
132
396
82
383
232
268
406
113
202
20
259
383
354
91
148
135
335
443
370
68
167
135
443
374
428
390
425
399
5
228
284
355
41
135
359
238
129
474
20
344
130
108
416
443
346
16
343
119
81
272
157
165
173
361
376
417
38
273
393
107
1
447
109
388
442
366
409
368
431
429
227
484
608
488
130
87
554
866
687
359
321
415
425
653
576
370
623
239
393
537
302
238
571
439
407
569
435
393
718
464
842
344
833
924
218
626
413
453
823
476
452
252
759
646
487
217
615
85
559
302
302
626
277
572
468
685
285
357
433
433
345
634
624
301
442
539
381
335
423
274
636
548
298
418
552
689
743
725
760
444
225
784
374
549
248
619
703
494
576
45
583
804
581
164
199
156
806
543
435
316
618
306
854
566
464
479
720
632
257
441
344
458
495
342
655
420
516
651
197
500
160
425
692
565
796
174
715
453
451
324
630
604
657
843
825
833
344
489
743
304
186
499
473
819
919
492
600
660

18
150
10
18
9
6
12
9
17
16
16
19
6
6
16
8
17
13
18
19
19
19
12
20
16
15
7
19
17
10
9
18
14
12
12
18
16
9
15
9
19
12
7
11
16
5
14
17
7
7
11
17
11
9
13
9
11
7
15
18
17
13
8
9
13
7
7
18
10
9
18
9
6
20
11
7
18
14
13
12
8
8
14
6
6
19
9
7
11
9
16
16
11
13
16
16
11
10
8
11
19
13
17
10
7
15
18
12
18
20
8
10
6
17
9
7
19
19
15
20
5
8
7
9
14
13
10
6
7
12
16
17
18
16
15
5
5
12
18
14
10
12
20
18
13
15
13
10
11
12
8
11
0
208
340
347
85
336
29
48
203
220
306
306
114
231
345
155
98
93
1
378
306
76
278
262
445
124
144
163
370
30
44
438
284
287
130
226
2
134
283
255
209
419
298
8
450
287
234
11
92
462
257
21
273
284
442
143
394
298
328
346
326
390
116
222
9
108
461
127
99
75
421
353
35
325
377
416
469
119
73
292
331
233
18
27
162
60
157
31
115
384
280
372
25
408
314
429
277
373
281
29
82
216
384
162
337
439
98
162
162
348
469
236
402
292
34
147
360
232
343
104
123
361
177
293
374
302
109
421
301
274
258
397
83
277
190
224
81
218
265
244
414
317
222
268
83
11
421
150
273
352
122
548
534
457
135
516
401
484
669
519
736
617
557
541
551
281
511
500
325
825
426
358
478
717
539
268
444
245
574
334
261
555
357
732
406
565
207
231
621
569
231
767
556
407
657
542
688
195
327
764
624
353
395
599
723
474
829
579
567
472
422
753
535
474
404
534
498
374
443
222
527
466
419
565
404
790
692
375
466
417
727
502
269
506
287
74
184
217
374
847
543
525
245
589
482
692
711
418
594
379
548
654
820
243
700
778
287
575
198
733
905
435
651
750
225
523
661
671
478
454
189
593
633
360
396
323
208
640
368
554
459
504
498
425
307
395
336
523
702
364
880
562
259
567
274
310
489
530
426
628

19
150
16
16
19
15
9
9
12
12
16
15
10
19
18
14
16
17
13
19
19
6
11
19
12
16
19
20
11
18
5
14
20
10
15
16
11
15
11
7
5
10
6
20
14
8
6
10
12
14
7
11
19
12
6
14
15
17
8
19
15
14
16
12
19
13
11
8
19
7
18
17
12
10
10
11
7
7
9
14
17
9
8
10
15
15
11
19
7
19
11
6
13
7
9
13
8
14
19
7
10
7
9
8
9
9
13
8
10
16
8
11
5
20
16
18
11
6
11
6
9
10
19
10
10
12
7
16
9
18
12
12
11
11
18
5
15
19
12
19
15
18
6
12
20
10
18
8
13
15
12
7
0
30
161
98
452
371
45
70
274
221
366
378
381
104
54
151
370
198
32
1
238
386
309
231
203
166
298
172
395
326
439
194
42
49
138
188
209
263
445
284
295
350
383
412
349
416
42
248
345
5
279
387
17
294
418
171
265
172
211
55
334
292
413
197
236
332
259
326
265
274
268
81
29
312
223
197
125
347
271
434
425
260
174
256
445
34
401
41
464
441
126
379
419
98
26
45
388
387
239
73
178
434
9
440
417
221
131
47
301
123
186
150
58
392
143
318
442
140
175
212
282
301
299
27
367
241
254
212
130
31
279
354
110
376
414
181
419
28
372
229
190
42
418
436
466
135
160
304
1
285
390
348
215
438
522
562
85
434
734
660
774
721
522
288
424
446
512
410
350
469
532
432
497
253
660
359
731
192
613
705
645
416
62
190
556
663
386
378
772
428
496
501
546
712
359
784
451
652
752
165
520
612
181
400
741
648
711
507
231
413
654
448
745
419
449
490
379
350
727
724
704
394
331
702
345
410
298
663
613
541
803
650
436
428
758
142
703
104
866
576
268
799
879
287
337
226
408
496
314
107
458
773
127
691
790
289
595
236
702
415
550
437
450
411
487
393
552
256
632
510
347
316
508
276
590
271
468
279
238
406
496
785
572
722
654
543
708
179
672
390
223
114
819
876
546
338
505
352
367
496

20
150
14
19
16
7
20
10
9
8
12
17
6
8
15
6
17
6
16
9
10
16
6
17
14
15
18
11
13
20
20
19
5
17
16
15
9
9
8
16
12
17
10
14
6
7
9
15
18
14
10
10
18
9
5
5
8
12
8
10
11
5
17
9
17
8
19
13
16
13
8
15
8
14
5
20
10
15
10
14
19
10
20
8
12
9
19
18
11
16
13
9
12
9
9
7
18
13
19
12
17
10
17
20
16
8
16
12
12
7
16
10
19
19
13
9
19
10
6
18
5
16
14
15
6
18
6
11
6
13
17
10
13
14
15
18
9
8
7
16
14
12
9
20
14
6
9
9
17
12
12
6
0
339
158
265
211
121
194
391
239
163
343
440
251
302
242
74
178
33
41
379
320
155
413
163
137
391
186
313
420
396
143
397
221
154
266
441
238
168
381
466
273
248
347
443
146
123
399
255
83
181
135
453
148
441
23
140
351
286
180
219
59
292
293
418
212
291
117
193
441
166
210
321
182
270
464
346
93
62
314
364
263
259
36
438
375
63
15
70
209
400
198
346
13
40
351
440
82
205
63
456
3
346
40
395
165
211
390
241
404
235
218
289
236
430
307
165
224
75
142
342
64
257
384
384
397
350
178
69
202
300
409
426
49
253
421
91
262
72
247
348
62
75
67
284
293
406
64
65
388
380
362
666
283
600
599
284
667
709
540
385
664
507
283
674
635
226
417
152
401
726
437
260
883
371
159
434
296
711
689
647
381
607
537
320
651
620
453
257
399
674
739
511
360
832
196
341
804
335
469
310
304
546
168
859
283
205
722
346
276
310
436
725
443
806
552
725
403
489
827
408
510
379
363
722
573
679
291
538
357
677
413
415
201
753
810
152
75
381
490
693
278
573
337
114
435
639
557
380
515
716
402
729
382
572
246
639
724
574
544
643
474
765
575
566
548
297
554
369
206
769
510
385
550
478
860
474
269
122
226
499
844
576
205
632
549
279
734
317
504
778
474
426
262
672
428
762
143
146
509
426

21
150
8
9
16
12
15
17
10
13
15
10
16
14
8
6
5
12
12
18
6
13
12
10
9
13
6
11
14
7
10
13
8
17
7
18
11
12
16
20
9
15
6
6
11
8
7
20
14
9
16
6
19
16
18
6
13
13
19
11
16
15
16
13
8
8
16
5
15
10
15
9
9
11
18
18
16
10
16
10
14
14
12
15
13
11
16
8
13
10
17
7
6
9
15
13
16
19
7
18
14
17
11
9
15
6
18
16
19
17
15
11
12
12
10
6
8
16
19
20
6
15
11
12
12
16
7
15
9
6
14
20
18
11
12
16
15
6
20
9
13
9
9
12
14
19
7
6
16
15
14
12
0
403
302
328
296
57
262
359
171
7
437
243
186
176
272
29
118
271
30
99
230
181
102
235
389
114
222
432
11
110
17
442
424
260
302
398
263
335
41
421
428
135
15
173
360
233
204
458
286
184
68
367
62
424
373
456
400
283
364
339
377
159
142
248
259
315
152
60
299
136
189
222
327
93
108
409
121
10
413
350
258
52
275
29
148
391
5
463
437
355
394
393
400
5
370
331
313
304
288
452
372
141
183
49
56
366
310
419
255
58
292
242
400
290
453
259
348
156
291
230
229
326
439
330
59
295
276
215
261
390
345
453
231
285
330
30
283
461
350
206
400
187
64
47
162
339
70
439
302
449
96
449
769
489
602
497
318
372
451
215
709
477
285
595
615
270
499
419
330
422
325
504
548
642
713
572
641
497
145
147
388
785
447
282
709
609
619
442
421
582
610
559
30
518
723
544
226
754
706
347
408
649
512
856
420
872
559
397
521
553
737
578
351
686
404
409
470
413
488
354
554
315
555
498
279
720
372
136
625
397
706
289
431
213
282
700
54
596
835
672
662
473
541
271
585
544
696
414
729
869
827
499
235
336
75
769
771
536
626
526
553
413
775
572
484
572
690
411
435
365
631
676
724
681
462
481
340
395
416
527
465
614
312
440
511
40
315
546
509
355
485
291
294
216
624
457
320
847
348
590

22
150
14
12
16
12
10
12
16
17
11
11
8
9
8
13
19
12
16
8
10
16
19
15
14
12
18
10
18
14
9
11
12
19
11
19
16
16
18
14
12
12
15
12
17
15
11
18
13
17
18
12
11
7
9
6
9
11
19
5
13
14
6
13
10
13
15
6
15
17
7
9
18
6
18
6
6
17
14
14
11
19
5
11
14
14
19
5
15
18
10
14
20
16
13
12
8
10
17
16
11
17
9
14
7
14
12
18
16
11
11
17
12
16
18
5
7
6
13
6
13
19
10
12
18
8
10
10
7
17
18
7
10
12
11
11
13
8
13
9
13
6
15
13
17
8
15
17
17
20
14
14
0
390
333
363
315
283
356
163
62
165
246
164
467
398
73
267
310
360
447
264
367
360
410
2
363
330
235
148
314
141
280
405
437
440
237
406
214
230
451
112
358
140
72
163
139
446
413
463
28
385
152
293
220
250
319
150
186
394
426
13
365
62
360
438
125
197
379
223
281
262
439
407
11
375
295
208
261
239
145
388
151
427
418
151
369
373
453
186
84
62
416
343
394
251
472
251
362
79
104
466
107
292
227
17
324
428
456
361
294
81
389
148
475
256
145
379
265
111
397
43
380
392
24
367
434
243
220
198
205
159
265
132
432
126
33
316
166
465
172
457
371
170
188
344
278
251
224
341
28
177
63
545
748
556
424
344
611
604
550
345
357
341
828
794
372
703
718
667
729
590
475
483
762
139
714
496
476
612
507
282
745
642
548
909
630
702
362
329
695
244
412
222
548
629
567
709
730
786
283
812
541
700
682
394
570
574
221
614
892
96
483
169
507
713
259
664
420
476
446
739
532
877
436
680
500
274
372
685
548
628
408
607
606
516
534
565
786
646
273
286
544
728
569
620
743
486
848
262
562
692
418
315
338
125
386
759
585
427
373
575
553
201
969
299
412
774
319
270
452
534
552
725
241
731
535
593
522
617
611
219
583
158
718
305
413
736
317
537
656
720
507
351
545
824
601
304
479
759
169
376

23
150
6
11
8
13
13
9
11
11
17
6
17
9
10
8
16
13
10
15
13
20
7
8
9
6
20
12
18
11
9
17
20
12
10
8
19
13
12
17
18
16
16
9
16
20
19
6
16
16
17
7
13
7
6
9
5
16
13
14
16
7
19
7
13
18
6
10
6
7
7
8
11
20
13
12
18
9
12
7
14
13
13
13
17
15
5
7
14
13
8
9
19
11
9
10
10
13
15
11
18
16
8
10
9
7
16
11
11
9
16
6
9
7
8
19
10
13
9
11
8
6
6
20
17
11
6
10
5
19
8
20
9
20
9
16
14
14
8
13
18
8
12
6
18
8
6
7
19
16
17
8
0
40
298
407
118
194
122
26
100
162
429
399
80
376
193
431
391
393
190
128
72
325
105
134
106
364
24
231
347
424
208
303
282
376
1
289
117
205
104
382
239
110
85
248
24
338
289
316
307
310
22
319
191
422
275
377
124
262
173
267
118
190
346
361
130
40
164
326
426
98
240
423
430
339
283
146
175
406
121
386
151
344
241
267
74
82
267
235
11
371
231
287
350
31
366
444
441
293
251
443
38
318
206
336
226
54
379
344
344
369
433
310
127
0
207
214
8
345
214
322
282
156
124
183
130
108
347
426
360
226
415
298
89
257
142
263
207
326
416
377
239
310
191
167
114
196
413
134
184
303
267
362
538
469
142
233
373
465
500
306
499
752
236
564
482
496
601
715
381
198
305
745
485
298
294
815
162
369
603
621
474
553
413
668
201
406
422
310
143
791
389
387
365
593
117
456
489
464
424
395
109
764
525
781
534
531
392
499
465
678
370
442
548
660
550
329
293
777
697
452
308
595
611
466
368
523
354
713
352
725
186
401
660
361
213
361
483
565
374
747
645
661
592
441
734
861
889
597
450
826
396
410
605
486
416
346
399
643
544
608
661
623
296
198
218
548
208
800
651
492
674
508
553
499
486
120
454
874
748
527
580
453
421
373
221
482
514
770
747
814
373
350
595
216
398
620
512
493
589
725

24
150
10
16
14
19
18
10
6
18
6
6
6
10
19
8
11
6
14
6
14
11
20
15
12
5
17
13
10
12
11
15
19
17
15
20
20
7
7
17
15
17
10
6
6
13
9
11
11
11
15
6
13
6
18
17
6
11
11
9
5
14
19
18
10
12
16
18
17
15
12
7
11
16
6
15
12
17
17
19
17
7
14
6
19
18
17
15
16
16
10
7
8
5
9
20
13
7
7
16
6
6
17
16
14
15
17
19
18
14
8
5
8
16
10
10
8
15
10
13
11
19
8
17
14
7
10
18
10
10
10
17
16
15
12
5
7
10
7
18
17
12
10
6
16
6
14
18
19
9
11
5
0
414
123
188
154
311
132
56
187
99
89
181
373
377
319
422
264
239
327
69
454
416
335
253
280
51
123
55
43
268
183
63
367
144
208
4
320
79
385
27
346
22
53
147
42
156
116
13
84
280
83
451
198
410
263
147
127
222
18
49
165
320
279
35
313
175
278
437
173
350
438
372
64
151
434
385
345
173
193
424
359
417
267
174
36
202
77
212
431
279
190
329
239
400
186
437
318
159
110
416
258
67
338
139
461
23
420
205
224
10
63
443
199
192
56
434
203
133
266
25
262
347
385
388
54
328
90
356
454
453
132
160
35
39
88
359
411
349
314
205
315
192
125
384
177
317
205
10
312
92
359
648
291
536
244
398
303
479
331
504
500
464
428
634
523
592
390
585
592
310
617
850
516
586
568
286
144
429
321
640
480
527
646
330
477
392
626
171
445
60
786
407
448
166
214
405
467
377
427
734
490
864
338
744
374
205
486
299
443
208
632
389
610
239
700
491
594
890
635
391
843
806
169
403
679
690
480
231
592
501
517
675
679
203
245
411
372
605
603
445
538
524
460
767
238
629
382
423
242
638
370
510
716
252
563
87
738
363
388
408
141
642
527
579
405
723
231
388
506
91
670
765
569
736
205
425
360
742
522
715
239
320
431
284
435
711
778
373
430
454
581
283
525
572
364
525
626
375
704
188

25
150
13
9
15
17
17
12
8
15
14
14
9
11
10
19
16
12
8
9
18
20
9
8
9
9
14
6
17
9
16
9
18
11
6
14
7
12
9
11
7
8
8
14
6
8
17
10
8
6
9
15
7
20
7
18
9
20
20
11
11
13
6
10
14
19
6
12
10
13
6
16
14
16
8
19
15
9
18
20
19
14
16
17
9
10
8
12
15
7
19
11
9
15
14
17
6
10
7
8
12
20
15
9
13
17
6
14
10
8
18
20
6
18
7
13
18
13
19
15
7
7
10
7
16
13
10
19
11
19
13
9
13
19
16
10
8
17
16
13
9
18
10
18
6
15
12
16
10
12
8
12
0
285
166
206
252
367
44
223
273
214
344
110
69
232
398
20
345
136
430
463
409
181
252
40
382
399
221
271
235
53
144
350
260
231
378
183
373
195
311
115
64
138
348
375
109
55
267
266
436
406
55
113
352
314
288
431
190
368
255
401
345
208
178
326
19
275
169
409
9
237
405
50
228
210
275
233
30
71
52
197
377
219
56
231
135
444
397
415
384
274
445
181
225
246
188
99
282
50
295
123
161
396
270
308
41
399
332
106
79
114
370
403
377
462
210
212
300
451
124
79
364
177
252
414
365
212
159
295
219
304
18
265
449
66
446
316
418
400
163
253
57
438
110
153
424
352
191
216
12
172
89
337
420
554
696
733
389
344
493
445
527
238
432
471
460
485
565
177
647
576
655
500
502
374
546
584
528
505
288
310
468
689
325
317
750
444
612
228
515
471
185
323
629
536
488
209
734
675
813
841
389
148
816
553
757
858
315
739
725
556
501
368
569
552
37
291
595
518
223
460
429
453
492
302
723
574
440
124
496
318
847
429
201
666
304
685
504
764
587
466
722
547
602
334
555
550
293
272
619
367
522
552
608
418
260
784
682
417
326
320
464
600
524
934
361
603
761
888
518
297
640
314
496
788
785
694
579
545
465
534
253
532
527
389
762
553
593
611
570
634
84
737
186
426
589
443
347
275
455
445

26
150
14
7
16
15
10
16
18
12
12
9
8
8
8
19
7
8
7
8
18
10
16
7
14
15
8
18
19
15
13
13
8
19
10
15
9
18
10
10
14
19
19
10
7
17
9
15
6
8
12
17
19
19
8
9
20
7
15
11
8
9
14
10
12
9
16
6
15
12
8
17
5
8
16
16
13
18
15
7
20
15
17
14
17
17
18
18
19
10
6
6
14
6
17
6
9
8
14
6
17
6
6
14
13
20
9
9
5
18
17
6
17
8
15
18
19
17
14
10
18
8
17
15
16
8
18
16
16
11
18
10
18
13
16
18
14
12
6
18
10
14
16
16
8
8
9
17
8
15
20
10
0
455
125
187
28
332
448
27
371
2
393
182
272
97
396
247
387
98
311
270
74
316
467
23
356
235
231
33
180
246
303
18
445
123
390
185
407
321
400
88
446
417
163
18
108
270
67
103
151
155
8
177
372
176
6
371
30
476
361
238
303
157
396
187
285
261
353
160
298
104
240
288
216
452
176
377
354
442
357
90
264
292
393
21
122
69
450
259
60
322
119
1
204
113
309
68
114
182
279
394
407
73
346
90
456
292
477
290
211
260
47
153
55
248
453
91
9
455
62
233
364
146
423
35
255
68
298
451
76
53
268
227
440
276
215
167
223
17
465
239
270
465
388
10
3
138
444
214
193
12
64
598
235
416
152
459
774
152
597
476
432
602
535
567
460
671
768
117
531
361
425
563
600
54
674
369
557
497
652
491
623
463
718
206
433
414
677
347
583
578
928
878
203
296
128
721
381
445
634
499
344
550
497
511
287
781
302
708
768
375
744
168
845
366
445
646
572
366
636
148
321
361
321
515
520
803
470
497
661
107
506
463
618
162
292
154
661
644
334
656
519
417
331
470
435
315
297
428
638
515
519
526
584
455
588
403
894
430
673
387
533
169
459
500
659
118
164
467
407
495
835
380
530
77
339
295
602
793
504
96
664
542
619
419
516
205
468
320
908
255
606
552
738
133
367
267
733
275
312
230

27
150
7
6
7
18
5
6
12
19
18
14
7
17
19
6
19
17
16
16
11
6
13
7
14
14
14
12
7
7
12
10
16
14
12
13
13
12
16
16
14
20
17
6
14
14
16
16
11
7
6
14
13
6
20
12
12
12
11
16
6
11
20
11
8
17
9
13
6
11
8
17
16
13
6
12
19
18
11
15
6
7
14
18
16
10
16
14
16
13
16
12
15
13
10
15
15
8
19
18
11
11
14
16
15
11
9
7
18
12
9
16
15
12
9
19
19
12
16
18
14
18
7
9
10
18
8
10
16
8
19
13
15
14
16
18
17
12
19
18
10
19
10
13
16
5
18
13
8
11
10
13
0
380
107
35
471
297
44
342
217
360
462
272
455
461
363
251
93
149
400
182
397
235
63
424
152
168
283
110
298
404
258
186
205
339
329
414
419
52
199
166
340
304
452
480
357
323
47
249
265
420
168
472
114
239
327
264
162
164
9
464
254
98
467
483
156
215
99
369
191
322
307
4
320
13
235
168
405
129
213
279
267
446
35
444
366
379
286
228
242
74
111
306
387
428
113
372
348
368
401
463
153
127
35
5
314
107
11
312
211
192
46
480
290
258
22
155
134
441
219
81
252
435
68
347
137
289
208
334
434
20
295
248
325
18
277
33
371
71
477
388
10
413
446
220
418
210
166
101
475
286
186
653
546
217
820
589
103
468
315
448
916
454
782
661
757
402
355
309
847
379
821
557
249
724
309
208
436
601
343
661
431
534
696
811
776
859
886
327
528
569
646
775
779
673
389
586
171
464
653
545
531
581
191
699
574
627
240
329
331
606
450
139
501
614
398
270
389
690
597
696
628
256
521
180
589
425
879
449
667
336
695
850
379
700
542
521
661
493
692
143
336
774
589
738
219
580
633
437
800
625
377
284
50
343
707
524
257
679
504
427
67
518
625
443
523
573
175
565
586
294
523
832
536
538
323
684
239
611
662
299
389
405
753
131
301
452
639
359
571
778
89
707
920
322
798
518
508
317
912
415

28
150
10
19
14
6
9
13
13
8
8
7
18
10
6
15
8
10
8
15
18
18
17
19
18
13
12
14
7
16
13
7
12
15
16
19
6
6
9
7
6
8
12
18
8
19
16
6
14
14
11
19
14
15
5
8
6
15
13
13
10
10
7
13
11
17
11
7
14
10
14
12
11
9
6
13
9
19
6
18
9
14
14
14
6
6
12
9
20
11
12
10
12
9
18
16
12
17
5
16
8
17
15
12
16
15
11
5
11
15
17
7
10
6
10
17
7
18
11
11
5
19
17
13
8
6
17
14
10
17
15
18
14
18
15
18
12
13
8
13
12
13
14
12
7
12
7
19
9
5
18
13
0
247
143
219
386
303
151
384
312
368
295
252
429
388
85
271
385
21
414
206
153
418
319
267
108
395
97
444
117
150
0
407
135
424
302
251
69
248
162
348
46
281
154
152
195
339
446
113
191
373
399
182
381
324
201
440
194
400
324
40
219
363
311
12
454
290
414
205
200
28
318
6
301
274
294
382
8
217
368
70
76
117
137
279
290
148
262
265
303
221
87
437
151
305
153
332
246
54
410
398
398
439
164
385
381
278
123
98
246
366
292
295
154
384
449
422
217
355
138
39
113
25
365
172
324
212
288
105
232
398
180
363
356
247
338
142
342
238
375
398
448
10
391
383
388
42
293
210
118
283
114
677
214
670
674
496
478
504
618
615
380
460
461
619
384
556
690
140
516
339
543
676
561
711
233
696
229
707
534
433
30
844
318
560
721
569
347
419
391
626
464
486
320
336
418
550
498
353
343
484
672
534
698
400
372
881
660
725
712
403
340
399
337
172
526
360
818
504
492
448
549
302
417
489
606
511
46
480
789
129
241
414
144
722
640
162
305
672
636
444
282
627
239
661
441
767
413
217
825
559
620
865
274
403
392
724
276
431
392
756
325
671
504
697
559
859
333
665
220
135
302
134
612
198
766
654
429
311
366
585
465
495
739
532
509
564
749
307
455
588
637
361
682
659
845
171
597
512
268
713

29
150
12
17
11
19
11
11
18
7
16
5
12
14
8
20
9
11
16
5
20
17
16
20
14
19
18
18
19
7
10
8
19
18
19
7
15
12
18
7
5
8
18
12
6
8
14
7
10
6
11
14
18
16
7
8
19
9
9
15
16
17
20
16
8
20
13
10
10
10
11
20
13
7
14
19
12
20
9
9
11
15
13
12
11
10
10
18
12
6
9
13
7
14
20
10
18
18
15
18
5
19
9
16
10
10
6
11
13
15
13
5
17
13
11
18
19
18
15
14
8
17
16
13
7
13
11
7
16
12
13
17
17
11
8
8
9
12
14
5
14
17
8
7
16
7
11
15
8
11
12
10
0
364
132
233
124
110
222
399
187
238
19
397
353
35
298
304
53
56
232
353
365
83
218
341
116
181
221
148
104
197
361
170
432
7
256
268
385
141
39
332
136
327
45
99
392
350
183
380
200
283
258
7
468
217
376
158
70
332
303
391
206
22
235
426
65
263
450
79
408
286
367
458
38
383
205
251
340
8
61
206
468
127
71
106
285
425
273
403
282
310
43
426
351
38
2
83
453
437
63
310
283
395
349
135
32
117
57
387
290
276
62
470
342
297
38
143
34
177
188
354
183
42
259
297
45
419
213
460
135
265
5
252
351
33
450
466
267
145
250
114
114
235
209
268
275
32
187
159
184
89
310
458
311
612
610
246
715
507
567
576
79
800
730
278
564
705
151
65
685
458
517
166
642
468
555
633
498
583
313
476
409
204
651
442
446
430
751
253
269
461
477
556
243
564
836
494
566
853
665
297
512
498
628
693
521
483
117
560
616
566
595
232
310
457
416
465
612
244
565
336
416
747
382
868
319
343
422
479
445
632
773
250
430
478
692
648
653
449
492
438
464
671
543
240
119
418
566
829
132
452
562
652
783
245
82
444
355
621
569
589
262
570
476
621
84
348
197
323
310
459
238
63
433
491
226
556
406
890
342
666
392
494
662
247
716
718
729
418
570
541
334
533
682
302
654
437
646
514
440
327

30
150
6
6
5
7
8
19
8
18
9
20
14
18
8
9
19
18
8
9
6
11
12
9
11
10
11
5
17
5
19
12
12
7
7
8
20
15
12
5
15
9
6
16
17
7
13
18
7
5
12
16
7
12
9
11
10
10
8
20
18
7
12
10
13
13
18
13
12
10
12
10
17
14
13
8
19
8
15
9
7
8
15
12
13
19
7
20
11
12
9
10
7
16
8
17
10
6
10
11
16
11
9
14
18
8
17
5
13
13
18
14
10
19
11
13
12
10
10
15
20
15
7
17
14
5
16
10
16
11
19
13
20
19
7
9
11
14
16
6
20
8
6
15
7
19
7
11
19
6
8
19
0
409
393
379
214
38
397
290
129
397
67
370
425
446
251
178
383
157
189
235
335
258
379
235
121
199
403
218
345
268
56
384
61
55
193
417
446
78
383
281
428
117
126
220
128
186
280
125
328
375
219
39
354
89
387
174
90
126
393
405
437
26
61
319
301
416
308
224
131
93
49
163
222
266
371
28
206
306
43
57
75
129
339
340
167
276
114
389
25
21
439
100
287
278
185
36
332
399
82
81
333
145
222
261
442
401
446
77
367
0
270
134
153
185
154
192
32
156
312
89
164
178
218
381
367
170
408
151
213
387
278
58
55
197
228
16
184
208
64
442
51
160
194
82
150
91
238
232
390
318
233
710
652
505
600
376
836
403
248
814
492
826
815
471
547
309
527
395
491
639
702
355
618
479
370
290
485
641
698
721
134
743
371
306
215
824
745
204
818
641
745
205
146
517
538
258
654
240
650
762
466
496
639
117
652
203
320
499
711
481
708
176
390
532
695
513
737
558
427
336
71
413
314
556
661
291
620
375
372
369
153
514
682
786
372
415
245
514
296
228
766
433
641
527
526
196
472
840
320
355
670
601
628
569
587
759
665
411
468
175
604
417
510
379
557
280
159
247
774
223
488
496
675
701
484
247
806
572
674
512
643
315
508
530
499
124
314
286
192
605
170
448
487
463
322
307
464
401
494
594

