1
15
11
12
17
20
9
6
7
9
9
5
18
17
14
8
14
0
10
42
18
23
43
1
37
20
20
9
8
28
16
33
53
43
68
43
42
83
18
86
32
27
63
63
79
45
71

2
15
16
9
6
12
6
17
8
12
7
7
15
9
14
11
12
0
33
32
12
22
16
10
35
19
37
16
18
30
19
1
51
56
51
55
31
47
46
74
60
75
65
39
47
51
40

3
15
12
18
17
14
12
9
11
17
19
9
14
9
9
13
9
0
10
41
40
23
13
20
30
1
27
15
25
47
22
36
25
43
64
96
78
28
55
71
49
49
71
80
72
68
79

4
15
10
10
7
18
8
12
17
17
14
9
20
11
6
15
10
0
43
38
44
32
37
21
36
39
28
1
22
41
44
36
55
67
50
83
51
61
38
77
80
44
54
54
91
90
63

5
15
15
8
8
8
5
17
17
16
13
17
8
9
8
14
9
0
1
21
6
34
20
36
12
38
1
1
3
13
41
9
25
44
48
39
45
39
69
29
54
19
34
15
36
75
21

6
15
10
8
19
19
18
17
12
7
15
19
16
6
12
16
18
0
43
14
6
32
17
48
25
5
3
35
30
21
51
36
51
88
33
71
59
69
78
45
71
52
86
51
47
112
58

7
15
9
12
12
17
8
7
14
13
10
8
12
19
19
14
7
0
9
29
22
43
12
24
33
39
27
35
32
9
3
15
48
58
74
63
59
43
77
78
66
73
60
65
45
29
24

8
15
18
20
5
11
19
19
7
10
6
17
7
18
7
6
10
0
20
22
38
25
26
5
42
20
3
32
23
30
33
40
24
60
60
88
49
50
28
54
54
22
81
62
68
68
55

9
15
16
8
5
9
15
17
11
18
10
14
12
17
8
15
18
0
33
35
29
46
29
18
45
0
42
16
1
22
8
40
34
82
45
68
70
92
43
101
57
103
58
33
43
64
95

10
15
11
12
16
16
8
18
12
12
19
17
14
10
15
15
20
0
18
22
17
37
18
24
13
52
29
8
3
29
40
43
63
64
90
68
53
80
57
47
80
89
54
30
86
64
114

11
15
13
7
8
6
14
11
12
7
14
13
15
10
5
9
14
0
33
6
32
33
24
18
20
6
30
38
28
20
14
19
25
62
44
49
47
56
36
30
30
77
72
40
37
48
39

12
15
19
10
6
9
11
18
10
9
12
17
7
18
8
16
6
0
22
21
20
40
24
32
42
17
41
22
38
4
17
22
55
47
27
50
76
55
52
64
41
58
57
75
45
61
44

13
15
6
13
19
5
13
16
16
18
10
14
20
16
17
17
14
0
21
12
21
7
53
29
46
7
38
10
14
28
52
24
49
81
79
44
39
89
57
64
32
53
37
51
81
95
55

14
15
19
7
11
19
9
10
9
13
6
13
15
12
6
5
12
0
22
23
33
22
31
9
27
28
28
20
30
6
18
29
54
29
64
62
52
76
29
46
73
80
46
46
31
43
81

15
15
14
17
12
6
6
6
14
20
15
16
19
8
15
8
18
0
34
35
45
25
12
2
7
31
18
12
35
13
15
0
18
80
75
55
69
62
34
47
77
61
56
59
73
34
66

16
15
10
11
11
14
15
15
19
11
17
15
19
19
12
5
8
0
44
9
19
19
18
30
20
8
41
10
47
15
1
24
51
78
40
62
63
48
82
46
70
104
36
77
46
23
63

17
15
12
9
15
13
8
17
14
8
15
19
11
17
8
19
6
0
42
1
37
25
8
25
21
29
5
6
23
20
27
8
12
90
49
69
80
44
41
69
60
48
50
73
60
88
21

18
15
9
8
13
10
14
10
7
8
13
9
15
5
9
9
18
0
2
22
32
29
11
11
27
9
25
39
24
26
14
23
14
34
71
60
71
52
35
48
22
72
87
29
71
36
47

19
15
12
8
17
11
14
15
19
9
14
19
15
15
15
15
6
0
19
46
35
29
24
4
7
17
48
12
18
32
31
34
49
68
72
55
51
73
46
45
75
91
43
66
57
62
78

20
15
8
7
8
16
20
17
14
11
12
13
6
11
17
19
13
0
13
12
26
34
23
25
9
39
29
44
17
4
44
12
18
46
65
79
57
79
47
53
96
69
77
33
50
73
31

21
15
9
12
7
19
16
17
6
8
8
9
11
10
9
12
16
0
13
41
24
31
19
3
11
8
13
27
27
4
11
32
30
50
61
63
68
64
11
26
31
34
49
64
31
52
69

22
15
10
9
17
12
5
19
7
16
16
17
19
12
6
12
17
0
42
11
46
12
42
48
38
17
12
43
39
14
22
44
46
81
38
64
22
65
66
63
80
68
96
77
47
40
96

23
15
17
5
7
8
13
8
16
12
19
20
9
12
9
6
8
0
11
30
14
8
35
28
4
38
7
2
20
38
17
24
46
24
39
39
56
67
53
49
98
66
33
39
85
42
69

24
15
18
16
17
19
11
9
9
6
8
16
17
15
16
8
10
0
8
44
2
0
5
8
32
19
14
19
31
11
18
9
31
63
64
44
49
17
47
42
65
57
75
53
29
66
58

25
15
6
18
20
15
18
19
17
10
18
6
17
20
16
20
10
0
1
7
54
8
46
53
52
28
9
22
2
47
20
2
47
45
59
98
48
101
117
118
58
29
94
22
113
96
23

26
15
13
11
10
9
17
16
8
7
9
7
19
7
14
8
14
0
8
24
35
22
28
9
25
40
37
34
13
18
3
34
44
57
36
63
73
82
47
59
69
69
71
49
41
39
48

27
15
18
15
10
7
14
6
9
13
19
10
13
9
7
6
18
0
19
2
20
23
0
23
28
41
34
35
7
39
14
25
30
51
53
57
61
26
41
48
87
58
68
22
72
56
78

28
15
18
6
10
15
9
18
15
17
17
17
17
14
6
15
13
0
38
21
4
11
50
25
16
15
44
22
12
43
28
49
32
60
59
26
28
81
45
61
69
68
57
56
92
55
64

29
15
17
19
18
17
18
18
14
17
7
8
20
15
16
7
8
0
31
5
21
13
44
9
52
15
51
39
52
31
1
13
58
74
74
44
34
68
28
109
41
83
60
86
84
46
49

30
15
13
7
10
7
20
19
17
8
10
12
12
6
8
11
12
0
15
14
5
1
32
33
42
21
13
3
40
4
40
16
17
39
53
34
45
73
79
79
70
33
43
58
23
68
36

