1
20
11
6
16
15
13
12
6
12
10
9
16
18
6
10
7
17
10
15
15
10
0
58
17
36
43
7
55
38
25
50
23
19
7
37
54
35
25
11
26
50
30
85
44
73
65
34
92
100
45
98
71
43
36
80
113
53
93
47
96
110

2
20
13
17
13
15
18
8
7
7
11
16
7
18
19
18
17
19
19
9
11
14
0
61
34
44
18
47
41
52
59
35
8
42
43
24
48
9
62
29
28
17
65
113
79
63
39
115
59
71
88
108
59
86
125
93
104
81
131
77
52
87

3
20
12
13
17
17
13
10
10
18
13
17
13
12
9
14
9
16
6
6
18
5
0
44
7
38
12
8
53
53
24
34
14
5
6
4
42
5
1
39
39
17
34
109
35
66
48
75
79
119
72
95
74
52
44
78
107
22
35
79
94
50

4
20
11
7
14
15
14
17
16
15
7
9
10
16
9
7
7
20
9
10
17
8
0
13
31
21
12
15
10
11
25
52
23
39
37
17
19
27
2
27
44
44
41
54
64
51
57
49
53
52
80
110
66
70
68
37
26
83
53
73
108
86

5
20
19
7
16
19
17
6
11
9
18
16
17
7
15
12
20
19
8
8
19
8
0
43
24
3
43
62
14
38
39
20
22
54
40
32
1
38
48
34
14
63
40
90
75
81
105
98
43
105
109
95
84
99
108
85
63
100
95
108
88
106

6
20
13
9
15
13
12
12
9
17
12
13
18
6
16
8
6
16
8
7
6
5
0
49
22
32
8
46
3
54
34
32
25
40
5
6
3
31
37
13
4
40
32
110
74
75
33
73
31
96
100
98
64
74
70
25
22
87
71
34
33
59

7
20
14
18
18
15
11
8
10
9
11
16
7
8
18
9
6
12
10
15
11
5
0
16
30
48
40
19
26
31
56
13
17
19
50
45
23
17
18
28
50
49
58
51
77
65
86
81
83
90
78
62
42
51
122
58
66
49
44
76
65
56

8
20
8
5
11
13
16
13
6
15
13
9
14
14
12
9
20
19
17
8
7
12
0
60
42
23
59
32
46
25
60
29
19
24
15
18
17
24
2
19
45
29
33
65
90
45
109
61
95
59
111
84
35
52
45
59
84
95
43
33
90
51

9
20
18
5
14
11
8
9
12
9
18
14
16
19
16
15
9
13
7
16
11
12
0
34
27
52
15
6
6
21
34
44
1
57
37
24
8
56
0
46
4
54
46
55
45
77
62
36
40
85
109
98
73
105
58
83
67
120
47
102
43
80

10
20
19
12
15
15
14
20
15
6
16
8
16
15
12
15
17
10
12
16
19
5
0
66
45
20
36
50
62
64
12
15
66
63
55
24
66
26
66
22
20
59
50
81
105
51
51
89
117
96
61
36
82
106
75
70
145
103
117
84
74
121

11
20
20
20
7
10
16
19
7
15
15
10
7
14
16
6
18
16
19
5
17
19
0
46
19
64
45
42
39
19
42
68
67
41
43
12
17
33
4
13
36
41
23
113
48
106
84
124
102
47
78
101
85
60
61
31
35
113
70
69
99
114

12
20
10
13
12
18
11
15
15
12
6
15
18
14
19
15
11
11
19
14
20
15
0
6
6
33
38
65
57
32
5
37
50
34
46
57
37
60
48
29
19
3
54
67
26
71
118
146
95
104
25
107
116
52
66
88
111
137
90
61
81
48

13
20
6
8
14
19
8
9
12
12
6
16
15
14
17
20
18
7
11
14
8
10
0
18
57
29
25
34
59
26
54
48
19
10
34
22
54
27
19
55
27
28
36
68
108
72
79
95
96
78
81
124
61
64
91
57
126
75
35
87
66
51

14
20
18
11
17
11
9
19
14
6
7
12
14
18
19
19
10
6
9
18
6
15
0
49
44
14
9
5
52
43
28
61
59
8
49
53
55
8
48
46
36
33
44
71
105
62
53
61
110
55
35
79
81
51
94
132
128
47
115
127
98
103

15
20
9
15
16
7
11
18
19
5
18
18
13
17
6
14
13
15
16
18
15
9
0
41
39
64
40
62
14
5
4
7
11
33
37
11
41
47
53
29
24
38
67
123
87
131
99
132
80
20
76
30
39
65
58
27
70
122
85
80
88
101

16
20
13
17
14
18
11
11
5
12
13
5
6
19
13
15
6
10
11
20
8
17
0
20
39
41
14
17
28
59
40
32
58
25
41
47
3
34
20
31
50
55
30
77
66
59
40
59
88
130
59
52
71
104
110
73
61
50
51
102
113
124

17
20
6
7
12
19
17
12
15
15
12
15
13
20
7
15
6
11
20
16
6
9
0
16
31
38
20
8
53
38
12
50
23
21
22
14
14
41
54
5
31
31
55
77
43
60
91
60
68
82
77
111
75
100
76
55
48
91
116
31
55
48

18
20
10
13
10
14
7
8
14
12
10
19
15
8
5
11
10
12
17
5
7
8
0
8
12
14
39
9
47
28
20
45
50
3
8
45
11
9
22
10
19
31
27
47
44
77
68
60
66
93
32
64
74
40
65
80
39
30
42
64
57
43

19
20
18
18
12
8
16
15
20
12
12
16
8
19
6
6
11
7
15
18
6
16
0
41
20
46
52
27
8
12
29
60
14
10
37
9
7
6
19
21
35
49
67
82
57
71
130
97
78
43
53
98
30
64
102
42
43
66
65
42
96
125

20
20
15
16
6
17
12
5
8
6
12
18
7
7
15
13
18
12
14
10
19
8
0
9
48
55
5
26
59
42
24
11
19
36
58
3
21
14
33
11
18
1
74
47
92
112
31
77
91
71
74
45
58
83
122
16
54
71
62
63
58
39

21
20
20
14
13
14
17
8
19
9
18
10
15
16
13
8
11
11
5
17
9
9
0
64
56
59
1
40
48
56
31
53
44
59
51
50
18
61
27
9
20
14
54
83
94
119
76
83
107
76
58
125
79
89
72
104
86
89
74
66
60
67

22
20
8
16
18
13
11
14
5
16
17
17
7
8
7
5
5
20
8
5
19
13
0
38
15
8
27
57
15
19
51
8
33
18
37
15
1
10
19
50
1
31
59
104
79
78
54
127
33
79
114
64
48
77
68
41
48
86
84
56
30
84

23
20
11
16
17
10
14
11
19
9
5
14
7
14
11
20
9
14
11
16
19
10
0
34
41
12
50
9
35
56
39
44
50
13
6
53
29
23
48
23
33
59
16
90
100
71
125
32
103
97
66
105
113
89
36
97
81
79
87
66
66
121

24
20
18
11
5
8
6
16
9
19
16
13
18
12
10
14
6
11
12
20
8
5
0
4
1
39
52
29
29
39
10
16
26
13
24
32
50
50
16
48
51
42
71
43
50
105
77
53
81
86
38
87
69
48
55
55
74
66
75
102
110
92

25
20
13
7
16
7
6
13
15
13
13
19
14
9
8
9
12
14
10
7
10
11
0
53
23
9
54
20
30
5
56
33
20
26
24
34
28
13
18
51
45
21
59
84
74
47
65
62
68
23
120
79
64
36
38
45
76
63
61
110
92
44

26
20
19
16
14
7
10
13
9
10
19
16
8
11
13
11
14
18
8
7
8
19
0
10
62
3
57
39
38
40
19
24
9
33
2
21
18
12
37
33
39
1
69
88
133
55
79
109
56
59
40
61
22
105
23
34
42
88
73
89
72
43

27
20
12
15
9
14
8
9
7
19
13
9
8
16
17
7
14
11
19
11
12
5
0
55
3
54
8
50
26
29
1
30
14
50
52
14
1
42
2
49
45
43
58
98
17
120
70
114
86
77
23
84
70
86
101
72
52
109
25
66
92
85

28
20
14
11
10
20
8
18
11
5
10
12
12
7
15
19
18
11
16
8
14
5
0
11
50
8
57
34
36
15
8
16
50
61
23
30
48
16
35
22
17
56
68
58
119
81
74
79
64
65
51
75
118
80
50
79
68
69
81
57
41
105

29
20
5
7
17
11
15
7
17
20
20
13
12
6
8
12
16
9
8
8
17
6
0
26
12
57
38
44
14
19
5
30
6
11
45
51
14
46
46
37
25
51
19
46
76
80
89
51
42
62
69
59
74
53
88
76
69
86
84
48
74
82

30
20
8
13
19
13
17
14
6
11
14
13
17
20
13
5
11
9
14
12
11
8
0
7
13
45
55
16
18
25
14
16
8
39
6
15
26
1
36
5
48
14
25
40
81
74
98
41
69
65
50
42
79
81
56
80
59
47
87
34
64
30

