1
200
20
8
9
20
12
5
13
5
20
17
12
17
14
12
5
10
6
19
18
14
9
5
17
6
13
15
12
5
19
9
17
10
14
9
12
18
11
15
12
9
7
5
18
15
17
6
11
7
6
6
11
18
14
19
17
8
14
13
12
8
20
14
12
12
6
5
19
17
18
12
7
13
5
14
15
13
13
10
7
11
14
15
10
6
8
8
16
5
20
7
11
19
15
15
7
6
12
16
5
12
7
5
7
14
16
8
9
11
7
17
6
14
6
18
14
19
14
10
7
11
11
12
18
12
7
11
9
10
12
10
8
9
7
18
18
9
17
19
13
19
13
19
6
16
18
11
12
15
5
20
9
12
18
17
18
7
6
16
19
18
13
9
13
12
11
15
15
19
14
13
15
17
9
9
16
20
18
11
14
13
10
17
12
13
11
7
19
16
18
18
11
11
13
11
12
6
6
6
17
6
0
552
100
191
201
357
210
413
487
456
318
98
205
613
297
576
174
199
547
536
72
361
447
422
54
176
164
468
578
607
535
218
252
311
340
309
366
230
453
261
565
368
41
410
491
168
446
485
429
28
87
547
437
614
296
439
206
585
536
403
359
448
434
266
75
260
604
428
323
114
45
232
242
350
492
25
245
590
174
14
604
82
237
407
514
276
151
220
492
457
462
478
240
259
227
605
335
491
151
459
492
134
609
517
325
594
18
375
237
339
575
338
396
192
422
152
347
592
110
237
271
33
598
103
310
544
401
540
202
578
414
564
543
200
107
24
563
162
360
71
487
119
304
119
289
289
395
67
461
142
291
289
297
265
89
163
521
365
235
546
246
193
77
538
13
16
201
57
266
53
516
431
269
422
491
416
325
398
232
73
20
365
219
115
275
357
243
562
80
416
256
427
596
328
610
428
145
299
116
20
162
694
534
775
776
666
666
809
612
499
666
456
724
655
350
600
258
443
806
781
595
934
857
969
393
423
300
1000
806
945
878
718
726
687
703
773
750
694
567
645
591
378
270
489
707
327
1027
718
803
528
303
754
598
1112
912
1025
745
1077
673
565
945
864
542
423
513
464
895
743
752
229
93
273
260
397
805
561
575
913
319
345
757
139
827
888
758
494
395
393
1124
971
1078
599
471
878
785
668
407
904
646
1064
526
281
856
709
547
1123
164
568
341
844
774
772
797
511
735
325
426
827
614
362
460
512
655
302
796
751
790
566
342
1187
828
785
828
223
207
405
856
311
582
299
987
585
665
728
783
640
866
460
475
326
487
844
532
886
405
642
613
447
387
931
626
739
451
676
268
176
417
172
355
141
623
628
735
792
770
672
847
965
278
181
340
451
782
428
336
398
772
624
188
717
646
609
676
379
1032
762
253
499
150
32

2
200
11
16
12
18
7
10
10
18
9
10
9
13
16
14
15
5
15
15
8
7
9
7
17
12
18
11
13
16
17
9
10
7
14
9
16
8
17
12
15
8
18
17
16
19
16
8
16
11
13
16
9
9
18
14
15
11
9
20
9
14
8
18
10
12
9
9
18
17
12
11
6
8
15
12
11
16
7
18
8
13
12
9
8
9
19
17
11
9
5
19
15
10
19
12
9
16
11
9
8
14
13
18
5
12
6
12
16
20
13
9
9
6
12
11
15
7
9
15
18
8
6
14
18
13
12
5
8
14
5
7
16
19
9
13
6
12
13
11
15
18
7
17
6
15
17
13
18
13
13
11
9
7
15
13
14
9
20
9
12
16
15
14
6
13
15
14
17
17
7
16
15
8
7
13
19
19
7
7
15
11
8
7
16
6
11
11
7
18
11
13
8
15
6
18
7
15
12
18
18
16
0
523
115
560
51
231
18
73
169
193
515
214
31
203
354
208
484
612
568
217
193
307
482
467
468
141
106
323
449
232
605
610
352
159
442
537
23
276
397
523
65
272
293
424
158
592
40
176
595
359
91
328
449
510
425
266
210
241
520
211
483
393
35
480
280
37
218
416
10
493
218
299
419
597
4
47
118
507
380
483
160
331
112
342
488
429
337
343
396
94
275
128
112
259
581
608
293
166
183
587
225
397
483
235
112
377
334
246
264
272
556
48
119
317
192
504
342
123
194
312
493
222
416
173
427
394
92
227
381
113
560
538
518
593
141
569
426
221
225
50
585
77
155
265
128
276
600
158
291
133
374
423
523
93
239
153
314
612
506
436
478
233
438
82
371
325
386
330
127
296
556
47
89
590
395
93
396
344
474
202
252
248
430
326
455
573
363
204
134
594
478
509
458
440
231
587
135
546
357
409
392
867
587
1113
551
744
467
439
642
415
798
245
436
342
685
522
695
873
851
395
701
813
794
830
625
356
567
402
871
470
826
1105
821
384
852
841
116
504
882
559
512
649
870
986
679
1116
450
250
821
703
276
568
896
879
473
782
730
661
997
756
678
471
555
759
461
78
533
713
461
1114
681
911
761
821
160
644
161
717
583
1024
472
701
479
618
927
498
518
653
447
343
669
176
709
857
964
706
828
194
395
1137
598
1002
647
742
259
981
740
760
787
532
836
257
323
390
806
1003
956
715
572
638
734
533
798
216
905
779
655
526
992
716
822
769
624
751
500
1178
847
274
540
423
611
520
508
347
328
838
772
386
440
468
429
971
586
257
341
598
552
957
884
472
558
756
479
102
542
713
777
943
514
658
772
618
688
918
966
613
911
390
709
515
519
264
747
690
711
711
912
503
598
1207
623
818
803
977
748
939
211
954
954
623

3
200
17
15
18
20
10
20
10
7
8
20
11
7
5
10
9
15
12
8
14
9
10
19
20
12
13
13
11
7
10
15
17
14
16
16
18
13
9
6
10
15
14
10
15
17
18
9
11
8
11
10
7
13
19
8
16
16
9
16
14
14
5
17
6
10
5
15
12
17
9
11
6
8
6
6
12
13
8
9
14
9
6
19
15
10
16
11
19
19
17
12
12
6
14
19
10
8
20
11
15
12
9
11
12
12
16
11
13
16
14
15
10
20
10
17
11
8
11
17
17
18
5
8
6
12
18
16
16
17
19
9
19
20
14
12
19
9
12
17
12
13
9
12
14
13
5
17
16
9
20
15
7
11
18
12
16
5
8
16
8
17
8
18
15
7
19
13
15
10
6
7
9
12
14
15
5
7
16
8
8
20
19
17
11
8
6
9
20
15
7
7
7
19
17
6
12
8
13
12
12
14
0
144
261
514
505
271
462
5
619
95
271
300
382
14
28
464
185
199
501
256
456
551
615
507
620
481
31
97
126
580
482
477
561
404
3
281
61
54
125
326
214
414
247
303
479
359
491
590
294
135
341
482
125
516
36
13
419
59
133
415
317
13
577
422
79
521
334
293
342
145
138
144
304
434
80
132
408
144
204
281
419
153
174
8
312
551
598
153
497
371
181
56
59
122
33
614
140
151
574
242
551
599
488
276
461
337
616
521
1
35
444
223
528
501
35
135
387
216
37
389
126
15
175
425
283
141
57
73
100
136
224
546
221
479
403
78
281
252
384
428
41
326
483
263
610
124
132
392
48
570
318
594
468
23
290
530
380
179
478
97
579
13
201
469
464
349
221
562
623
246
583
156
399
319
78
36
49
398
225
407
570
432
152
426
212
122
253
99
75
599
362
525
349
508
356
622
228
400
144
31
514
488
370
640
543
481
572
218
747
266
534
831
833
144
645
1053
756
812
1103
470
510
718
1144
876
704
913
130
569
175
1049
735
807
757
873
477
448
154
433
168
946
475
446
586
887
865
577
627
868
541
605
477
643
194
842
391
280
853
430
368
610
454
618
1011
971
674
1047
632
581
532
461
619
373
807
1029
196
599
529
429
340
688
908
657
562
591
515
924
994
196
754
625
697
110
524
648
554
855
331
500
822
781
828
908
514
613
807
852
684
738
426
204
465
625
605
692
547
494
652
641
448
935
367
596
424
879
322
327
215
673
625
477
743
1031
857
790
642
189
771
498
586
984
506
889
812
331
881
350
643
721
454
802
344
1134
1013
569
466
1126
458
607
573
184
664
243
436
825
1090
866
271
967
1069
423
669
615
806
893
259
328
575
995
743
598
1009
873
783
885
220
632
808
557
370
1057
723
618
870
774
940
1172
780
529
288
627

4
200
14
6
7
10
7
9
16
16
11
5
11
13
18
6
12
17
6
9
19
6
7
14
10
17
13
7
15
11
16
16
15
16
15
9
8
11
13
9
6
16
10
10
10
5
19
11
9
6
11
15
12
9
15
18
19
17
18
16
6
6
6
5
7
10
8
7
12
16
14
16
9
15
16
16
17
17
10
17
18
8
9
10
16
15
7
13
17
7
14
11
17
19
6
19
19
16
14
5
10
9
17
17
5
14
18
15
6
19
17
5
15
12
19
12
10
17
8
18
20
17
11
8
19
7
11
18
10
13
7
7
13
7
20
6
18
8
19
16
18
16
18
6
15
18
18
8
7
10
20
16
13
8
5
7
16
6
6
14
10
6
9
12
6
14
13
12
7
18
9
12
6
15
10
10
16
19
12
13
8
9
9
9
5
12
9
7
18
10
18
8
15
9
11
6
9
7
12
12
19
12
0
58
52
539
170
445
508
370
17
91
332
596
272
87
49
582
304
578
547
25
271
49
172
516
404
551
497
339
138
141
482
45
428
483
539
544
213
42
447
425
23
217
593
125
78
271
99
397
439
572
130
297
217
227
507
186
361
218
335
522
437
510
407
153
530
442
25
508
473
507
444
140
332
367
377
491
365
268
555
75
163
66
394
376
11
47
142
60
569
141
579
169
296
519
424
539
556
173
354
469
387
67
550
120
488
259
83
42
218
566
98
109
546
212
446
82
342
2
152
76
168
47
397
120
352
217
540
126
271
536
304
30
89
281
456
235
429
228
54
308
19
169
60
263
45
372
539
8
186
304
51
36
497
282
105
183
130
573
405
115
434
1
402
171
407
16
99
224
487
30
579
576
245
208
214
167
522
532
270
311
418
284
198
217
279
7
563
334
457
468
514
372
396
66
516
231
458
264
262
294
201
101
139
855
438
778
1101
909
46
186
724
727
494
281
656
758
750
795
733
145
720
371
587
562
920
999
970
673
210
690
663
585
493
535
1086
885
358
533
658
538
617
503
959
659
102
871
395
878
946
671
410
749
731
460
988
698
674
492
926
656
755
562
897
420
927
908
305
969
498
885
660
687
798
909
617
913
753
855
940
526
527
132
764
991
546
91
267
102
888
619
1194
284
326
695
764
1065
678
690
895
494
556
652
684
463
553
572
644
643
402
707
479
534
888
790
913
132
877
538
388
490
440
290
554
372
853
360
788
503
589
593
446
420
404
501
838
509
651
516
137
586
153
389
137
283
560
646
1100
186
792
670
160
228
785
842
720
351
230
723
848
695
532
157
623
230
699
573
450
630
829
589
1002
607
718
463
308
685
699
781
843
511
716
621
713
509
574
37
885
547
799
566
677
938
540
149
604
316
503
388
632
312

5
200
11
6
10
20
13
20
7
6
10
14
14
6
18
14
6
11
19
12
18
12
14
10
7
10
13
14
9
18
10
10
13
8
9
7
15
17
9
8
19
12
8
20
13
17
16
8
19
6
7
19
8
18
6
16
18
17
13
13
11
15
11
20
14
13
6
10
6
9
16
17
18
13
14
10
11
5
18
7
19
11
16
8
10
19
20
16
13
15
11
16
6
7
16
10
14
10
13
5
6
13
20
18
12
12
5
15
15
11
8
5
19
18
9
6
7
11
10
9
10
6
17
10
15
7
17
7
14
13
19
12
18
18
8
8
19
10
13
18
15
6
17
16
7
18
20
11
11
8
12
18
8
6
9
7
14
19
8
13
5
18
9
6
15
19
16
6
14
20
18
19
17
10
19
17
11
14
13
20
16
16
16
14
8
9
17
7
7
5
18
12
17
18
7
7
14
16
6
8
12
5
0
309
562
154
504
1
186
467
588
292
514
442
289
428
573
570
107
139
291
282
53
423
99
155
584
529
95
444
216
502
581
485
529
282
491
63
259
349
502
434
406
526
491
517
175
55
618
242
80
534
78
351
130
518
285
61
70
180
316
552
202
482
101
132
397
291
422
249
201
198
265
104
127
272
523
281
186
497
257
618
110
489
131
294
436
374
465
285
186
48
431
599
261
574
155
544
213
574
421
46
615
91
499
303
547
416
604
530
573
530
207
327
100
445
526
37
101
269
583
533
100
286
131
419
422
226
67
167
437
533
575
599
95
43
63
239
455
382
125
137
519
271
267
122
443
8
114
73
295
579
289
140
94
211
375
412
265
227
115
191
145
598
365
499
524
168
22
622
374
5
363
406
5
559
571
385
147
436
255
212
499
532
186
565
308
175
270
295
171
219
285
190
148
365
541
152
222
53
521
542
79
462
696
265
947
482
529
978
1176
588
989
653
673
517
1167
983
254
461
497
645
136
995
377
779
1093
1003
725
987
402
517
762
1086
948
506
609
460
525
744
876
571
885
925
767
903
539
563
905
619
134
1092
609
550
204
1004
401
377
563
244
476
606
517
934
512
517
671
327
819
791
832
437
792
504
437
380
993
626
654
585
477
825
549
1066
582
887
905
890
602
501
699
646
991
773
352
1173
646
909
469
1001
901
433
950
680
894
507
938
894
1235
858
810
838
672
824
338
966
905
438
534
337
1004
821
320
464
314
883
817
687
92
203
631
711
1076
912
317
318
601
815
783
819
466
585
574
544
421
345
638
297
271
384
929
1117
405
284
439
666
849
828
684
340
296
565
548
904
947
520
637
283
580
935
535
586
823
589
433
954
607
881
368
627
502
529
1122
786
759
812
593
537
703
343
356
554
916
306
622
775
826
560
776
432
946
831

6
200
15
6
19
9
9
19
17
9
8
12
17
13
8
9
13
6
17
17
13
5
16
8
6
8
16
16
15
15
16
9
15
16
12
11
15
14
10
11
17
12
12
17
10
10
12
7
10
19
7
19
16
11
13
18
6
11
11
11
18
12
8
5
18
13
7
18
11
7
14
7
16
9
8
17
17
16
5
18
6
18
17
9
16
20
14
9
19
7
13
19
13
6
7
15
17
14
17
20
13
14
19
12
18
7
15
14
7
9
8
11
19
9
18
16
6
12
19
8
8
17
11
10
19
13
12
9
13
19
12
6
15
16
14
19
5
18
12
18
8
12
17
18
18
18
10
18
10
14
6
17
6
14
10
7
14
19
15
7
15
7
5
5
10
6
9
7
14
16
11
7
19
15
15
15
7
20
17
18
5
16
14
8
5
17
9
14
18
6
9
14
9
20
19
10
7
7
14
18
11
9
0
470
312
233
226
103
72
393
78
445
459
496
230
295
560
156
213
611
420
226
479
129
118
615
536
391
157
460
106
483
42
576
318
437
414
286
414
511
576
510
197
210
560
164
539
613
203
270
238
37
593
319
414
435
369
25
261
97
399
448
366
104
529
13
581
122
27
152
465
277
510
384
606
431
358
68
271
388
121
480
361
527
402
559
234
111
408
85
500
290
5
495
340
277
284
128
217
612
446
504
408
98
458
315
561
352
389
18
149
126
211
618
610
273
405
55
253
257
237
321
323
148
343
424
92
339
199
292
11
343
236
145
213
220
468
309
201
338
341
475
207
508
472
224
11
468
316
451
98
263
584
590
311
595
53
75
254
431
4
212
371
127
261
416
422
435
61
77
550
619
316
32
420
507
368
429
358
285
262
268
594
326
389
456
45
535
70
567
144
244
157
557
78
11
539
159
257
85
113
292
389
502
532
688
312
653
181
583
644
473
630
1067
859
493
1150
608
847
1244
919
753
774
409
710
1065
605
938
415
600
264
1066
397
667
908
847
723
651
717
1058
1157
545
614
670
884
684
810
1022
499
451
479
151
1160
801
913
1013
435
613
487
310
635
915
815
449
1104
167
1028
436
87
443
717
309
815
594
1186
775
596
674
431
841
134
669
876
1140
970
911
784
192
1016
209
622
853
480
553
548
804
350
420
352
655
1048
693
708
673
857
359
682
541
791
50
429
699
562
741
753
784
973
111
410
727
754
776
501
581
492
789
399
858
295
921
50
727
559
763
328
361
643
772
404
713
859
1060
733
1132
554
838
622
983
763
661
305
698
731
711
765
1057
112
393
552
998
160
556
585
267
796
699
1010
1064
415
253
945
1104
359
294
518
1087
993
491
900
875
714
421
925
396
927
1012
677
1040
276
685
445
692
596
828
431
466
1005
611
292
491
539
436

7
200
17
5
7
10
6
20
14
13
5
18
5
17
6
13
13
13
5
11
13
6
14
7
20
10
13
15
14
17
16
15
5
15
19
9
12
15
7
17
12
20
6
8
11
6
6
15
7
13
7
18
20
12
19
11
17
16
14
14
12
15
6
7
8
7
14
8
8
9
18
7
10
11
20
6
7
6
15
14
20
15
20
10
15
19
10
6
19
10
11
13
7
13
7
6
19
16
15
10
7
7
14
7
7
13
8
16
12
19
18
14
8
10
16
14
7
19
15
16
9
14
6
12
18
10
17
20
20
7
11
19
15
9
14
9
17
11
11
18
19
16
12
10
10
12
19
12
14
18
14
14
20
11
7
7
18
10
19
15
12
12
15
6
17
15
6
7
13
16
19
8
19
15
9
14
19
12
12
9
6
11
17
19
10
9
12
7
15
16
10
6
14
13
12
13
11
10
7
16
17
16
0
209
62
357
558
31
410
508
196
412
199
22
610
558
200
473
51
232
437
429
359
354
329
394
308
298
20
454
275
475
196
591
107
399
479
285
405
207
549
522
315
204
352
444
175
156
425
500
247
379
569
588
132
134
392
62
74
344
571
559
30
541
264
457
193
171
110
585
107
402
9
60
48
365
511
614
571
155
113
136
153
179
401
53
545
459
147
402
446
46
234
371
196
164
537
586
592
44
48
5
458
254
42
511
370
621
412
239
340
98
167
560
125
591
334
268
534
314
308
49
70
501
232
111
260
416
449
338
270
167
2
193
408
583
204
244
93
328
274
58
536
93
423
557
228
331
9
594
302
492
520
226
418
568
407
412
351
439
233
416
389
318
170
93
167
286
227
221
231
339
183
595
365
189
267
253
232
239
178
179
72
481
602
384
176
605
465
445
619
566
299
372
577
530
612
302
592
69
17
253
275
729
155
658
861
426
929
1019
442
592
415
485
701
906
762
558
287
842
1045
848
983
806
954
885
487
775
39
1052
355
1067
481
855
731
758
910
790
612
809
814
911
388
413
949
567
783
221
964
696
807
568
822
906
663
436
453
569
157
390
590
1050
137
1081
301
679
369
388
354
1044
706
477
63
356
541
455
918
806
622
354
405
609
374
624
958
594
1087
726
337
660
737
89
510
949
572
637
874
856
627
146
377
474
574
770
638
665
443
1056
907
449
912
731
464
687
571
875
401
908
824
781
543
380
580
767
557
710
833
664
978
913
636
433
96
804
979
1011
502
806
372
541
575
151
1157
653
466
912
583
398
325
1186
926
783
789
353
577
708
547
497
738
684
385
637
833
882
208
220
194
412
422
595
598
871
554
809
912
564
660
814
835
667
339
326
646
844
1065
799
402
1205
683
666
782
776
482
581
1044
1077
1148
819
926
579
313
640

8
200
18
12
17
7
7
14
17
11
13
14
11
7
15
19
20
9
8
13
12
7
12
16
17
15
14
19
19
19
10
17
8
11
8
16
14
11
10
11
14
12
11
16
15
15
16
10
5
14
13
8
19
16
17
19
18
9
14
6
12
11
12
12
6
14
19
16
8
15
8
9
8
14
10
8
15
9
15
12
6
10
12
16
18
19
5
9
18
9
17
16
12
12
5
19
18
20
7
17
14
8
11
13
8
12
11
16
16
9
19
19
15
9
16
9
7
11
16
18
12
19
15
18
13
9
19
8
17
12
8
16
15
17
13
9
10
20
11
11
19
12
9
8
11
12
13
8
13
8
15
18
14
15
6
14
9
13
12
9
7
6
7
18
19
19
11
13
16
6
13
13
8
13
7
16
11
6
15
13
12
8
14
10
13
6
15
14
19
14
14
5
14
7
13
16
16
17
16
9
17
18
0
471
72
125
368
187
518
12
207
315
396
99
541
152
51
488
538
285
598
389
317
373
106
77
614
263
244
184
170
209
263
41
475
152
201
275
305
222
407
489
506
502
106
442
225
293
629
32
553
33
61
97
605
371
252
624
96
253
182
296
464
31
447
351
79
587
535
80
479
19
225
349
43
596
207
557
313
52
488
304
122
378
598
124
175
524
185
421
252
395
174
629
221
465
521
282
404
110
480
196
362
50
629
330
595
533
412
187
462
625
31
251
10
464
469
99
302
356
213
616
353
475
385
215
581
164
219
147
30
588
346
500
480
168
304
73
209
588
55
212
106
35
243
276
441
410
111
147
129
50
587
619
413
618
596
504
550
352
495
439
191
396
58
91
504
247
426
35
223
97
6
94
377
155
129
325
466
38
220
257
491
447
219
21
541
13
211
250
192
359
327
554
304
164
444
482
521
180
198
216
177
499
208
567
644
526
1088
543
728
475
881
381
647
664
586
1004
857
398
782
1019
958
563
670
160
1154
501
296
697
582
745
310
208
762
527
722
705
793
778
824
1029
972
1114
295
1006
845
734
903
158
598
150
481
212
830
833
284
646
584
854
365
390
910
604
761
581
402
807
806
462
684
221
656
558
346
916
376
573
621
588
624
556
250
638
1057
349
430
1090
282
754
773
794
733
985
274
741
567
596
466
373
514
665
692
647
656
523
715
1019
661
827
874
1059
94
826
460
884
573
526
898
937
345
1111
800
786
867
540
971
391
312
628
132
845
390
621
732
678
768
147
308
634
562
658
122
450
806
586
773
636
192
220
307
597
692
759
593
728
749
693
954
803
1135
807
640
699
240
584
925
280
816
237
752
333
632
587
952
356
334
434
962
299
271
526
806
1001
758
410
943
568
269
864
367
663
882
973
897
353
1014
558
963
706
500
767

9
200
17
6
19
15
7
7
6
10
16
8
19
6
9
7
20
20
18
9
11
10
8
16
17
19
7
6
12
14
12
10
20
17
17
7
19
14
11
16
14
12
17
18
5
12
19
18
9
15
10
14
16
6
19
13
17
15
19
14
7
13
16
16
17
16
18
7
17
15
17
16
12
14
14
16
6
13
13
8
8
7
14
15
6
13
11
6
17
12
18
6
9
16
17
10
11
9
19
6
14
13
8
16
20
18
17
20
8
9
16
13
9
11
9
16
15
19
10
10
14
20
17
10
16
6
14
11
9
12
10
12
19
18
8
11
12
15
10
6
18
9
17
7
18
13
7
15
11
8
7
15
18
12
15
17
15
6
19
9
14
14
10
11
17
20
19
10
19
17
10
8
8
20
17
9
8
5
8
17
11
7
17
8
10
7
15
8
17
19
19
8
15
8
14
14
13
5
10
11
15
9
0
544
618
236
363
163
187
326
297
324
633
163
132
583
121
307
516
9
639
113
572
380
392
429
136
489
77
572
585
481
205
329
176
215
327
136
19
329
409
551
600
254
455
579
486
573
568
459
204
124
90
146
484
380
591
370
436
438
453
63
219
289
532
262
322
187
354
560
93
326
454
158
443
184
579
483
558
449
386
262
585
502
47
531
127
110
355
226
31
242
362
467
508
137
497
95
498
251
201
589
296
538
611
362
182
489
33
385
265
623
432
516
57
344
507
160
422
164
622
546
6
6
285
499
338
323
1
276
152
298
357
206
199
489
547
397
350
364
110
411
24
1
297
42
402
233
525
106
231
277
430
532
347
578
404
417
375
287
251
557
196
318
366
295
515
122
592
80
384
388
521
310
112
475
236
160
378
209
136
423
197
603
117
611
577
342
598
98
508
528
548
627
439
405
114
78
536
443
452
446
553
1145
670
339
395
682
714
545
517
745
1009
311
322
1023
183
833
934
364
1098
444
1062
438
623
563
372
603
556
903
650
804
722
895
794
705
668
164
432
625
588
673
898
721
1084
1068
1051
715
1161
999
556
596
623
355
1048
564
1123
899
832
812
530
191
235
603
1024
302
895
482
566
1192
569
712
589
536
1005
215
656
835
803
907
614
540
1065
518
476
946
303
230
545
290
642
520
842
598
1053
248
661
472
1069
604
299
724
858
1064
718
510
683
704
136
576
885
678
450
1098
444
684
650
734
1020
302
1128
667
147
352
654
1085
721
821
612
742
447
766
497
441
469
708
971
840
749
620
641
499
363
525
704
323
911
560
1109
675
599
546
682
593
685
1097
442
534
428
375
613
950
476
839
518
607
835
167
799
396
496
576
727
691
598
551
783
234
548
458
626
1006
665
920
230
1126
748
532
743
249
1065
1017
1064
812
1015
927
424
715
1155
792
918
457

10
200
12
7
12
13
7
17
12
19
8
16
9
14
14
17
9
8
6
9
14
15
9
17
11
16
8
18
16
17
13
19
13
14
17
9
13
10
18
10
9
19
8
9
14
5
11
12
19
19
20
7
9
12
13
7
9
17
20
9
11
7
15
8
11
12
16
7
11
17
6
19
5
16
20
18
8
14
19
6
8
18
8
11
17
8
14
7
6
9
8
13
9
15
15
16
7
16
8
11
11
20
13
11
14
8
14
14
10
9
17
6
11
11
7
17
11
15
5
5
17
18
5
9
16
12
12
16
10
11
10
18
11
12
17
6
18
20
12
15
14
10
11
9
17
7
16
7
15
6
11
13
9
6
5
8
16
6
18
6
18
12
14
11
19
8
9
8
16
13
8
11
8
10
5
13
14
11
5
13
18
7
5
7
12
12
18
9
16
9
13
8
12
15
15
6
18
13
7
13
6
10
0
397
172
464
293
328
32
95
313
180
54
384
537
508
546
138
271
407
354
424
247
504
183
19
539
315
156
447
140
216
244
580
421
57
29
406
152
478
492
508
411
164
95
182
494
463
382
378
169
467
250
105
120
528
69
233
438
304
172
346
313
360
594
204
572
571
286
392
316
181
281
24
8
503
133
377
484
238
427
396
114
469
82
108
435
368
63
267
443
92
439
549
571
233
9
137
141
7
334
14
375
226
162
80
305
126
551
564
78
65
127
216
174
350
180
182
306
448
231
76
239
180
196
512
312
4
512
415
362
175
254
370
158
80
97
344
64
513
37
59
286
51
510
481
365
219
374
393
280
468
431
232
47
48
560
7
369
309
347
497
29
74
219
494
333
270
438
502
374
332
353
284
571
168
15
62
49
349
587
527
550
593
317
132
37
533
360
316
25
460
533
454
264
61
496
330
24
3
142
259
493
610
557
1068
339
605
494
346
641
781
300
490
910
786
1086
530
596
671
673
495
256
757
288
414
892
400
426
602
534
376
600
1125
609
397
300
472
597
529
945
1025
847
520
138
290
890
1043
720
822
544
863
265
662
198
1011
315
631
551
502
723
851
746
594
790
680
955
1051
556
862
456
485
491
422
193
932
305
496
859
341
943
717
267
967
455
556
680
478
243
867
911
200
561
1081
1163
513
408
569
295
586
471
330
576
682
506
110
775
669
902
1128
338
350
666
314
409
635
749
696
466
745
351
652
802
408
421
738
679
152
814
591
691
313
564
589
245
525
139
536
461
555
403
508
553
90
729
947
874
443
889
411
626
780
459
688
90
621
943
532
471
485
567
616
491
676
356
1028
441
333
526
925
553
527
443
544
830
701
367
406
230
751
770
904
870
1043
636
594
337
654
598
625
377
1059
777
526
319
103
721
464
270
157
608
603

11
200
19
7
8
10
13
15
14
16
11
15
11
13
17
13
19
9
11
15
7
18
9
12
12
16
13
11
7
19
8
11
14
9
18
7
17
11
11
5
6
12
16
7
11
6
12
19
8
15
19
8
15
7
19
15
7
18
8
10
20
9
9
13
19
8
6
11
10
5
20
7
10
7
14
19
18
9
19
19
5
11
8
20
17
5
18
8
12
10
19
12
10
18
16
11
16
16
13
8
8
7
14
8
11
20
13
9
9
13
6
6
14
18
6
10
12
15
14
15
9
18
12
14
19
5
9
13
13
11
8
6
20
9
7
6
17
10
14
15
11
19
7
17
18
13
11
6
19
19
8
9
7
10
14
19
14
11
17
11
14
14
18
17
11
10
16
10
20
14
6
18
8
18
18
11
12
18
5
6
12
5
19
5
5
14
18
17
8
10
15
19
19
19
8
14
10
6
5
12
17
7
0
597
19
437
276
188
509
330
276
318
394
332
467
413
475
496
408
497
589
36
424
445
87
593
521
564
469
560
222
608
416
518
212
164
254
83
179
578
553
30
499
297
180
508
308
404
82
558
234
528
243
223
466
68
406
7
602
282
19
183
573
47
595
269
452
517
408
533
303
411
100
333
338
244
527
60
75
302
299
253
463
208
227
364
272
272
584
575
564
172
216
541
549
63
67
294
479
291
421
267
434
487
599
134
176
397
266
187
17
126
613
43
483
296
261
221
100
444
151
165
187
440
594
108
565
184
408
334
613
523
411
327
65
10
278
582
417
317
247
338
99
141
377
177
315
264
238
268
531
221
352
128
497
3
243
536
129
185
593
532
578
349
47
2
253
282
315
151
249
124
264
56
608
250
40
75
2
141
227
457
12
106
448
371
77
185
273
493
313
93
82
203
117
76
409
525
531
392
520
184
133
1101
309
660
603
806
1055
526
507
846
871
565
880
662
672
1095
1031
916
718
646
480
641
143
908
759
1146
759
723
373
911
995
1103
704
380
712
641
351
955
746
148
948
366
329
836
489
806
475
842
359
556
272
540
925
454
700
353
678
471
516
479
1093
250
1223
676
1032
968
855
813
511
627
391
826
478
756
990
456
701
889
845
792
753
412
594
822
752
478
1075
788
646
450
350
571
868
613
138
669
789
762
568
831
593
894
718
666
221
777
574
338
256
580
1225
489
904
445
742
308
142
536
315
423
229
748
992
434
934
393
444
680
784
638
638
522
183
264
356
986
720
385
274
366
467
703
771
240
743
575
758
453
1150
284
924
682
936
303
363
1011
152
313
871
1156
688
751
298
530
759
834
731
296
695
595
361
604
795
660
227
588
227
574
371
1059
346
536
809
777
585
393
470
907
450
388
496
243
150
481
431
1068
703
876
541
317

12
200
6
19
19
17
15
15
9
10
14
10
16
7
6
17
17
7
8
18
16
10
7
12
18
12
18
15
7
19
10
7
8
19
18
20
15
19
11
6
14
15
12
16
12
18
14
17
5
13
15
19
12
5
9
20
19
15
14
5
19
14
8
13
18
10
11
7
7
16
18
8
7
15
17
10
15
12
16
9
10
13
6
6
17
7
14
8
16
17
9
5
19
17
16
17
16
6
7
11
7
13
16
6
11
16
15
8
20
8
11
10
15
16
11
19
8
9
17
16
14
12
17
17
17
12
7
9
20
11
12
18
19
6
11
18
19
19
7
13
10
16
8
13
17
7
12
19
15
6
18
12
19
9
11
11
14
16
10
15
16
9
16
11
19
6
15
11
17
19
9
11
19
16
10
18
8
14
9
12
8
12
11
18
17
6
6
18
16
19
15
7
19
9
13
19
5
13
5
14
20
8
0
115
404
106
83
209
326
38
267
556
515
144
330
408
501
620
433
591
18
460
267
55
78
147
436
204
66
101
401
155
93
161
447
631
67
520
563
269
180
344
481
118
91
301
233
119
213
70
274
87
447
294
563
635
408
27
214
405
374
444
341
550
537
53
93
549
366
566
111
192
194
279
198
203
373
565
239
184
108
412
226
581
357
76
24
222
637
398
536
23
590
144
453
525
7
513
580
644
428
440
239
130
72
242
313
217
70
451
26
436
199
478
79
274
136
95
535
433
601
624
250
88
359
423
466
412
262
301
621
419
612
519
619
579
428
493
210
234
413
302
20
407
113
249
51
618
113
173
203
643
398
568
566
364
559
99
209
235
92
620
643
45
570
72
380
439
200
505
343
350
635
643
101
618
390
212
134
501
556
314
469
570
389
601
533
631
72
111
260
363
490
595
206
357
539
485
42
247
526
254
301
165
978
364
347
864
872
113
382
689
910
210
625
700
1070
934
712
652
332
755
277
285
222
659
1040
492
123
218
640
395
323
402
543
711
659
1170
1123
664
518
373
641
485
478
741
261
299
698
503
615
468
1104
932
790
863
945
510
480
435
905
474
720
893
862
166
226
1145
771
880
665
323
633
415
463
347
1018
592
349
529
149
665
605
724
829
136
530
671
866
907
582
537
651
394
470
707
143
615
1227
1159
736
946
750
579
591
564
481
602
613
673
471
1038
828
713
601
815
448
314
1066
524
1223
1057
817
161
949
714
516
774
841
571
961
1080
1138
590
794
952
912
863
255
316
443
959
422
847
158
275
682
744
189
546
295
1203
548
1189
817
627
674
628
450
813
306
1136
903
634
1123
706
425
952
695
1063
855
520
969
1111
194
964
605
683
494
600
744
940
833
1001
462
1238
1104
763
527
311
676
530
966
1220
799
918
1025
601
81
837
882
630

13
200
20
12
19
11
13
16
8
11
15
14
15
18
6
17
20
18
9
19
8
5
16
8
15
10
5
8
14
16
10
19
7
16
19
11
6
12
10
7
12
20
7
12
15
7
18
6
15
12
7
9
9
11
17
18
8
7
10
12
11
5
7
13
7
8
12
12
11
9
7
7
10
20
10
15
17
13
8
19
9
13
15
16
11
6
5
17
16
11
7
6
19
15
17
17
9
11
7
10
12
16
17
13
11
18
11
8
11
13
12
7
13
11
17
18
7
5
16
8
7
18
10
12
6
13
18
10
20
16
9
15
14
19
7
16
17
16
6
5
15
13
11
8
10
12
5
11
16
13
12
15
13
6
13
8
11
17
5
10
19
11
14
5
7
9
11
15
18
13
16
9
16
12
16
6
7
14
13
20
11
5
19
12
15
10
18
18
14
6
7
13
9
8
16
7
8
11
16
19
12
6
0
262
527
403
216
191
86
447
410
139
154
218
243
592
156
289
535
191
569
118
553
99
108
243
519
461
424
592
137
383
211
494
449
566
23
248
389
181
288
230
165
339
3
384
425
338
236
299
325
244
83
311
287
195
19
218
536
363
301
267
14
379
338
379
569
361
516
498
595
544
368
410
445
430
588
117
186
506
382
331
599
199
37
545
18
544
241
270
312
428
174
301
168
276
364
560
427
267
297
410
204
311
368
407
134
304
585
540
515
77
189
543
434
572
239
348
104
226
73
241
467
143
530
589
473
5
44
114
538
94
86
388
559
415
50
486
390
244
488
313
167
534
175
134
577
469
512
400
468
220
339
218
291
592
71
363
369
192
57
166
80
49
15
178
166
77
95
556
435
331
211
446
472
444
577
351
445
594
99
116
2
395
376
532
141
247
524
4
66
355
196
282
508
129
239
74
106
418
303
168
581
710
835
504
750
480
237
739
948
392
232
296
419
721
621
863
790
590
604
562
1116
211
698
525
660
597
766
916
570
645
407
831
798
802
100
402
578
771
652
707
735
651
305
531
645
378
773
821
432
507
437
453
860
561
451
414
702
607
785
731
153
652
538
842
954
733
657
748
682
774
971
884
643
700
673
335
292
834
694
598
882
339
303
1045
234
846
752
615
742
856
476
363
404
359
842
821
1022
368
764
996
646
868
954
517
234
897
1124
601
553
668
606
1051
1035
632
602
834
519
644
137
303
538
626
1125
944
526
570
355
367
688
379
550
459
948
1013
395
537
623
606
905
334
502
1137
743
530
729
933
593
604
852
344
853
333
771
1147
515
530
677
512
528
764
565
389
166
751
667
165
312
1160
880
579
473
825
784
625
800
877
789
1007
128
389
175
470
921
897
661
275
621
36
184
779
468
804
1005
256
430
399
379
483
570
682

14
200
15
7
6
9
5
16
14
18
19
17
12
7
18
16
14
11
7
15
16
17
18
11
19
7
9
16
6
17
19
16
12
20
12
9
14
8
13
11
16
12
10
20
12
10
7
13
19
8
11
8
19
8
14
16
7
9
18
9
14
13
6
5
14
6
8
17
6
15
16
12
13
18
8
12
10
17
18
7
10
18
6
11
10
19
15
20
12
9
7
12
7
13
18
8
14
10
16
13
13
16
14
8
8
15
7
10
6
8
9
8
15
17
10
19
13
13
17
14
5
11
11
14
19
11
14
15
15
9
15
17
5
11
10
8
11
19
8
8
5
7
15
17
13
15
8
19
6
11
16
6
8
10
16
17
6
16
19
17
13
17
11
16
15
13
12
7
12
6
12
13
11
7
20
18
19
15
13
10
14
20
16
9
5
9
19
14
18
20
14
9
14
10
7
19
15
6
18
16
7
18
0
351
99
295
398
55
402
296
203
498
405
475
320
142
610
84
422
491
260
448
304
553
579
343
368
475
507
93
369
373
620
551
364
73
516
345
581
194
364
112
407
269
25
173
93
595
176
384
352
372
120
523
344
86
448
523
475
62
230
204
494
10
41
291
560
264
506
617
153
133
120
443
625
342
229
538
613
575
242
58
158
379
351
383
214
56
475
208
259
411
172
277
116
497
144
197
524
358
43
88
451
408
108
135
89
37
77
166
618
267
410
460
312
503
505
273
594
459
205
289
333
463
538
482
135
542
576
226
541
280
140
266
247
472
235
245
168
419
294
174
40
33
378
149
288
599
547
455
227
212
536
111
313
272
66
382
140
281
458
41
525
441
339
170
133
587
509
286
605
536
133
449
3
410
567
520
440
385
228
584
303
288
582
605
71
385
407
187
289
27
262
265
20
492
597
91
16
559
406
100
159
908
618
573
725
305
661
483
348
584
749
817
410
741
809
623
785
1088
770
587
374
832
1154
948
451
1062
539
451
758
764
761
1063
668
572
791
540
721
599
410
655
627
638
217
215
707
1154
729
616
660
890
436
969
454
520
584
984
607
126
274
842
860
210
659
389
869
525
1000
778
535
224
144
702
1190
884
367
568
1047
1007
665
445
690
692
557
551
630
141
857
409
712
484
723
332
477
861
508
576
847
561
274
215
518
946
493
297
131
457
399
188
1078
293
1006
570
376
1103
875
453
874
699
475
820
720
794
592
706
766
676
1080
854
629
868
277
341
274
514
404
441
445
702
343
594
413
604
408
275
318
1199
656
640
414
434
691
710
423
703
586
673
328
472
833
529
777
696
427
193
552
780
886
881
629
821
418
815
369
733
888
753
1029
420
663
1100
875
448
1034
1128
133
831
442
220
737
169
309
788
484
924
907
695
92
826
639
216

15
200
8
15
17
11
19
10
20
18
11
14
10
10
18
13
16
8
12
13
8
17
12
15
12
15
20
12
10
20
11
12
13
11
18
19
5
19
17
10
10
12
12
16
5
13
15
19
8
9
18
17
13
11
15
13
8
9
11
10
11
8
13
19
7
16
8
17
14
17
8
11
14
11
14
10
9
5
17
12
11
18
8
5
17
15
9
7
19
8
15
13
7
16
10
11
11
14
17
15
15
17
8
5
18
13
14
7
10
11
12
13
14
9
17
12
13
10
9
19
9
12
17
8
12
17
14
17
17
7
16
14
6
17
14
17
12
6
18
13
6
10
18
15
8
9
11
7
19
8
11
15
8
16
9
6
6
12
20
13
17
19
12
14
9
12
7
16
18
20
19
16
18
13
9
15
19
10
7
18
15
7
13
12
15
6
19
18
10
6
6
19
7
7
17
11
11
17
14
19
15
14
0
615
580
33
477
379
533
352
165
335
127
228
11
75
411
570
119
43
10
194
521
192
532
412
240
628
234
191
417
293
611
396
588
242
483
238
495
516
325
614
350
383
374
4
461
513
552
179
141
254
425
357
5
80
236
252
564
455
555
222
579
169
350
461
203
55
570
209
253
482
277
179
91
440
100
266
127
9
17
197
583
633
523
278
610
523
556
340
239
27
594
425
341
258
490
21
515
242
440
34
285
118
389
484
340
360
543
12
262
63
208
414
329
221
150
573
7
374
623
249
69
283
241
6
329
118
608
507
578
610
191
221
504
480
200
513
475
254
251
571
226
201
152
76
517
230
292
365
353
341
388
289
557
508
528
505
552
521
459
260
421
590
416
420
205
15
71
627
212
495
182
502
37
528
332
448
69
222
515
470
634
435
617
233
634
245
428
51
401
266
615
274
415
507
295
62
618
296
537
10
253
1067
1114
101
868
840
686
707
339
361
386
446
523
693
770
1167
335
630
70
592
1092
212
1097
793
890
949
389
482
868
593
1027
903
937
593
511
805
525
1120
735
1196
765
716
439
613
712
636
615
243
311
553
451
834
480
426
810
713
776
670
709
270
894
358
922
672
777
125
1099
737
576
737
529
346
194
648
482
787
326
60
447
830
1013
966
681
619
808
1037
1065
898
766
61
925
497
569
330
688
538
639
627
937
231
391
665
618
613
495
618
751
568
310
257
591
949
371
250
293
989
510
756
971
397
187
775
840
171
564
158
1147
877
959
1023
380
446
637
516
635
818
1032
321
577
984
405
457
453
143
749
426
483
663
590
670
702
370
958
539
585
1081
936
588
931
377
973
756
804
820
727
364
608
660
559
594
307
744
347
1051
470
678
136
270
848
1098
817
523
760
252
1252
790
686
115
489
380
945
408
601
1057
719
375
801
849
876
604

16
200
9
15
7
19
10
18
19
10
10
11
16
18
17
19
13
14
11
12
5
13
7
6
5
13
14
9
8
18
18
11
16
10
15
10
18
17
13
19
7
19
14
19
15
11
8
9
16
16
19
16
20
14
18
12
10
6
9
17
17
13
18
12
18
17
16
19
18
9
16
7
14
8
5
13
15
14
17
11
6
9
16
17
19
10
11
6
17
5
6
20
16
15
14
11
10
15
9
5
7
6
15
13
8
10
9
13
5
7
20
12
10
11
18
9
12
10
6
11
7
14
12
19
7
9
12
8
6
16
9
9
16
16
6
6
11
15
11
16
14
8
7
15
13
10
14
5
19
19
7
18
8
10
10
7
17
20
19
19
9
18
12
18
8
12
16
15
15
17
9
9
9
17
15
19
19
14
5
13
10
7
18
17
9
16
6
11
13
6
10
14
8
6
6
11
7
6
13
8
18
10
0
591
480
351
313
14
102
39
422
318
343
334
394
348
317
535
331
517
13
399
250
135
25
402
294
553
558
478
579
132
181
107
65
181
87
482
364
430
96
478
249
89
195
157
399
410
55
433
445
23
412
256
390
11
600
359
261
102
470
77
154
459
349
614
85
346
479
26
592
119
388
109
392
279
253
549
90
330
385
536
199
471
259
516
600
177
46
151
241
442
482
19
480
619
333
17
342
355
284
155
110
36
120
416
268
318
523
406
461
373
49
436
348
367
477
425
197
360
572
111
8
545
108
60
589
577
393
163
404
428
240
49
297
538
238
582
10
583
27
342
438
203
208
520
508
403
381
336
142
308
618
127
52
337
353
438
537
315
114
597
550
491
99
610
458
143
387
581
464
544
514
221
590
122
109
111
388
364
157
461
565
405
419
263
341
69
614
20
169
458
261
418
542
183
482
127
309
485
156
563
108
1223
754
757
358
486
296
611
848
688
601
613
555
803
485
683
660
850
557
422
611
547
331
554
543
651
970
964
1184
262
512
349
656
501
408
930
533
751
260
802
761
321
299
469
847
627
638
601
611
188
464
513
919
227
874
812
472
626
859
363
753
571
705
719
657
444
524
463
874
152
766
542
411
366
288
950
433
504
871
828
299
658
761
941
1075
715
184
500
739
665
1022
554
1099
891
600
213
386
447
628
478
208
58
557
746
579
755
1135
606
800
529
575
495
849
472
927
522
649
602
982
372
33
695
126
265
739
1039
448
300
759
648
782
586
653
573
794
781
338
811
239
846
546
233
225
909
1081
993
952
900
622
346
974
262
309
679
462
466
865
888
373
922
1001
544
242
710
834
665
631
981
825
1130
1013
315
989
418
200
651
631
525
662
928
935
441
798
402
643
649
1051
555
350
923
372
501
1149
286
687
542
753
517
351
795

17
200
9
17
13
6
15
10
18
18
9
7
10
10
12
14
10
19
19
12
12
13
15
6
6
9
19
5
8
11
6
12
15
15
12
19
7
10
17
14
19
20
16
11
15
7
12
20
9
7
16
18
16
14
13
18
14
12
12
13
11
9
13
17
11
20
20
14
12
8
7
6
18
18
8
6
14
10
9
12
17
19
16
10
8
8
8
20
11
12
11
9
17
15
14
19
12
6
20
19
20
17
12
16
6
12
6
19
8
18
6
10
7
15
9
14
19
13
18
11
16
10
18
6
15
7
11
15
12
17
16
10
11
7
7
14
18
18
7
9
18
12
19
6
14
19
13
17
9
10
9
6
5
11
7
13
15
17
15
17
6
14
14
18
19
20
9
13
13
14
7
18
15
17
12
18
9
17
7
19
9
8
17
5
11
9
13
16
19
13
19
10
19
19
8
5
7
16
14
15
10
12
0
19
616
495
37
576
162
98
196
373
82
72
378
321
201
639
513
428
113
634
37
166
89
310
443
149
594
619
466
353
39
127
305
7
296
612
268
143
414
92
12
501
221
331
415
94
639
542
157
162
6
487
577
268
115
48
631
350
144
565
16
108
490
117
592
224
465
212
480
6
332
58
438
421
604
372
213
64
123
561
22
94
556
357
208
533
287
0
142
125
27
422
301
99
588
98
274
317
425
270
461
326
241
467
224
202
536
518
245
255
20
590
582
243
595
73
250
371
617
287
55
236
39
321
443
560
432
574
555
31
456
105
497
399
482
448
218
17
303
70
203
470
439
465
571
84
574
362
598
250
500
329
349
264
316
17
64
226
139
71
261
493
539
575
96
586
139
351
171
138
530
512
278
295
228
600
185
474
3
292
370
419
628
126
543
530
55
160
566
170
487
254
316
370
356
237
545
385
236
467
21
331
892
886
574
957
356
187
642
828
104
552
852
602
645
916
870
615
194
1032
63
777
451
486
1006
500
1168
1099
902
720
589
527
809
346
471
1036
493
642
883
565
631
937
389
823
779
358
661
1155
427
543
259
1084
751
533
692
137
953
934
406
922
148
320
682
414
1230
383
1089
520
875
210
950
138
582
706
935
566
238
654
257
930
387
537
697
633
294
702
325
200
592
143
155
930
794
143
856
356
515
776
824
294
526
478
440
830
822
849
638
850
824
902
266
1134
814
724
927
578
873
886
879
302
88
529
601
828
771
957
1028
951
1162
99
983
508
1120
476
597
623
729
293
376
685
661
688
986
688
879
107
976
380
1129
264
683
594
579
849
712
262
298
549
513
677
911
1021
1046
626
254
760
714
540
686
170
1016
928
740
463
769
912
718
1106
340
688
780
756
721
454
1063
676
126
607
1219
715
617
510
411
581
464
548
982
796
820
879

18
200
8
8
6
19
6
15
15
14
15
8
15
11
20
14
11
9
17
11
13
10
19
12
13
15
8
10
8
11
17
17
15
8
14
14
13
14
13
10
15
20
12
11
5
16
11
7
12
13
20
14
16
10
11
18
12
14
10
15
16
19
20
6
15
17
17
19
7
19
19
12
9
16
20
13
7
7
6
16
19
6
11
8
18
6
12
8
19
16
20
10
19
9
10
9
11
7
19
6
12
12
13
5
16
5
10
15
6
18
20
15
9
13
9
14
18
10
18
7
16
13
17
12
15
10
15
6
11
17
10
7
15
9
15
15
14
15
17
5
11
9
19
17
5
13
7
13
5
11
10
7
19
12
17
10
9
9
17
14
9
11
17
9
8
15
9
13
9
15
6
19
9
10
12
15
17
12
17
15
8
17
8
10
11
18
9
11
15
16
6
17
14
9
8
19
9
13
7
16
8
16
0
9
8
157
189
617
331
182
509
241
50
500
380
408
324
123
617
426
179
182
381
475
132
26
505
482
325
377
50
504
410
23
372
517
548
381
571
353
133
39
494
178
491
501
171
371
6
216
578
580
480
15
248
554
624
159
137
51
511
215
620
397
403
142
511
608
246
15
168
80
157
519
384
93
42
409
390
487
566
572
465
59
476
233
557
155
12
588
419
577
393
153
174
462
349
241
570
125
356
465
560
232
515
190
243
577
217
224
564
447
572
626
250
362
216
214
196
266
491
519
131
232
597
359
249
11
591
76
176
339
351
337
445
477
476
148
76
518
120
280
477
436
258
461
470
28
476
298
185
489
285
430
502
500
589
80
126
99
1
52
153
194
428
448
33
348
347
253
456
235
210
617
165
500
271
176
354
282
248
530
545
287
531
191
197
534
562
148
597
390
370
594
9
61
255
71
413
492
220
387
25
238
426
531
739
1179
757
716
845
264
567
543
701
661
609
452
960
724
371
668
600
897
285
307
964
978
559
450
489
689
1024
481
854
1051
690
594
868
712
416
438
614
368
925
661
793
541
242
330
660
1114
952
81
495
750
681
330
393
382
731
594
1046
779
936
521
854
725
361
596
370
261
634
1076
422
124
617
445
776
866
832
668
876
354
1118
334
948
361
633
728
1046
1037
565
768
523
572
409
311
1145
737
940
785
616
367
697
752
550
799
525
678
607
843
1203
875
654
448
249
473
773
487
741
575
332
329
744
521
710
85
905
230
368
454
954
861
1008
712
674
164
596
868
500
857
704
702
419
982
773
577
1045
818
526
954
585
879
592
984
897
648
729
354
304
628
223
809
1009
550
170
650
858
611
600
460
567
1214
781
1002
866
457
665
305
800
1121
688
694
1157
801
265
1083
860
753
843
852
459
694
346
599
679
226
1023
558
485
973

19
200
18
14
18
14
17
10
11
9
18
8
10
16
6
20
11
16
17
5
16
19
15
14
8
20
17
13
7
11
12
13
11
12
15
13
8
7
7
13
17
9
15
10
18
19
14
12
18
19
15
6
19
20
15
10
6
12
19
6
13
12
11
19
16
16
14
14
9
13
16
12
18
15
6
13
7
12
15
15
7
13
7
6
6
15
19
19
16
15
19
17
7
19
19
7
19
7
13
15
6
6
13
8
18
12
18
11
5
7
15
17
13
13
11
13
6
8
8
9
5
17
15
9
10
13
13
17
9
8
8
15
17
15
8
10
19
17
19
12
14
5
10
18
9
19
16
7
8
8
14
6
9
18
19
12
16
17
8
12
16
12
7
20
14
17
13
12
16
18
20
19
20
18
16
17
5
17
7
17
16
19
18
14
11
8
11
12
7
15
8
9
17
11
5
8
19
12
18
18
14
19
0
480
24
366
553
331
111
90
165
473
480
160
59
625
54
129
579
488
481
287
442
242
166
445
490
132
149
291
79
638
434
383
53
461
232
530
524
345
260
462
222
212
361
225
632
199
355
621
177
270
5
477
548
516
138
190
44
63
148
520
554
626
443
204
443
233
498
252
2
116
433
277
154
501
23
560
246
484
463
433
389
542
183
149
471
30
465
93
17
623
425
591
135
229
370
71
650
38
269
59
181
140
605
420
76
505
178
497
423
333
74
636
114
209
552
207
272
62
75
275
208
622
153
535
193
62
491
619
234
52
475
578
643
527
612
248
124
632
419
116
426
165
45
126
226
70
181
351
359
205
360
632
437
109
647
487
491
350
288
306
79
394
275
584
14
349
143
198
454
577
521
256
515
15
441
178
315
214
274
385
183
313
614
188
545
379
143
30
483
283
406
620
438
468
316
256
526
243
52
484
608
1118
484
929
1215
520
650
640
829
493
756
389
258
1149
705
489
988
549
819
460
1080
872
216
687
788
413
279
828
283
1113
841
835
146
821
566
620
998
927
364
563
434
305
806
737
1179
725
473
967
704
590
464
1142
973
941
350
358
616
450
219
1008
1200
865
900
705
896
808
1004
915
645
186
507
376
736
843
587
603
649
838
938
887
550
853
777
255
826
364
944
696
301
668
446
1201
714
535
998
236
1268
115
436
300
357
537
1202
680
246
1109
825
844
1033
591
554
764
668
649
946
653
872
633
314
448
626
955
229
702
531
521
1032
708
427
264
501
777
1067
850
985
353
717
647
629
549
816
279
688
652
561
443
489
833
782
575
471
1187
474
488
1136
1008
1133
366
653
966
193
708
555
1243
492
509
705
405
723
832
764
332
1150
77
506
795
418
627
601
800
218
827
1131
767
692
891
525
524
1072
854
480
708
462
746
369
818
932
738
285
763

20
200
10
12
19
14
18
16
12
15
17
7
19
16
20
6
15
9
17
13
14
12
11
6
9
11
11
20
18
11
19
9
11
15
10
15
7
7
17
8
9
18
11
10
10
17
19
13
6
14
10
8
6
13
7
18
14
12
15
17
20
10
19
14
7
20
6
10
11
18
15
19
11
17
5
11
13
13
17
12
6
19
14
5
12
14
11
18
11
12
14
13
19
12
8
18
11
17
9
13
10
19
18
16
14
14
16
10
14
17
6
16
10
9
9
7
15
13
17
7
18
11
14
15
12
18
7
12
5
11
13
12
19
18
13
17
12
19
14
7
20
16
16
14
13
20
6
14
15
9
16
7
18
16
10
13
14
14
11
11
11
13
15
7
11
7
6
17
8
8
18
15
10
14
11
15
5
10
15
11
18
5
18
15
6
15
12
13
14
6
10
20
16
16
12
11
8
14
14
18
19
12
0
334
393
370
491
27
590
604
62
9
211
579
11
400
47
612
41
445
533
49
478
525
629
68
69
460
109
110
639
468
290
306
215
559
463
631
481
211
549
125
484
545
147
473
506
534
618
481
300
434
370
611
117
96
327
224
321
172
56
236
290
357
236
307
143
68
353
28
179
241
197
327
277
20
491
361
595
567
266
317
17
110
512
222
133
168
85
26
226
643
528
88
95
483
594
229
65
318
375
366
140
546
341
234
594
299
329
561
134
452
596
640
371
616
275
453
486
374
521
363
502
517
579
74
285
321
513
201
404
201
136
405
376
608
118
19
430
40
626
281
371
481
241
540
382
532
203
478
593
45
579
48
358
398
499
140
542
337
52
210
69
568
473
376
353
250
217
360
496
500
347
199
70
645
37
256
140
397
134
296
616
144
108
332
70
265
514
410
5
47
178
101
330
353
226
46
286
286
296
503
643
724
746
918
543
675
1037
1149
237
139
723
682
204
448
577
1012
395
573
692
607
986
1132
818
303
379
927
239
130
1145
1056
578
517
689
901
549
1030
1023
693
771
173
577
844
510
706
800
644
863
1045
656
1055
521
1016
190
380
601
379
491
660
217
644
391
418
589
668
180
453
668
398
802
803
555
851
909
232
518
954
708
946
835
683
386
622
1082
853
236
420
329
609
744
720
810
332
334
1033
908
651
522
903
762
915
257
829
493
591
960
788
710
1191
343
1072
1057
1118
776
1123
368
602
620
481
716
518
951
710
958
98
552
677
729
572
442
554
409
1001
594
684
571
402
611
518
946
876
1004
754
674
733
670
572
786
1117
1038
503
1030
646
478
904
794
549
794
422
459
258
162
991
958
711
656
298
663
975
642
703
938
487
249
1079
646
775
404
883
750
385
762
438
427
586
194
343
948
735
362
78
348
529
749
624
460
501
792
942
530
836

21
200
6
12
20
13
14
18
8
15
12
6
19
18
13
10
6
18
9
18
16
9
10
8
13
14
19
5
18
16
13
7
8
18
10
11
15
11
11
18
10
8
11
8
14
13
14
18
7
11
14
14
8
17
10
8
8
6
20
15
19
8
10
9
8
11
19
7
19
14
11
18
19
8
12
11
9
20
12
7
18
16
7
6
11
10
8
6
10
17
13
16
18
5
17
16
16
11
15
17
13
19
11
15
17
14
16
20
13
7
11
14
17
12
10
16
13
8
19
10
13
13
17
10
7
10
15
9
13
15
18
15
8
13
10
14
6
16
16
8
14
10
15
12
19
19
11
12
17
9
14
7
16
16
18
19
19
12
20
9
16
6
12
18
13
15
11
14
12
7
18
12
15
6
19
10
14
10
8
19
10
12
9
6
9
12
9
18
13
9
17
15
5
6
9
15
7
7
17
20
20
15
0
37
72
629
194
537
189
390
325
118
530
18
46
264
230
567
508
192
329
9
391
283
530
163
33
294
217
237
502
619
468
89
265
585
336
330
56
164
59
83
124
355
10
537
464
330
413
479
319
615
169
192
542
205
475
562
16
79
115
405
545
370
192
497
591
462
103
143
546
118
594
478
549
69
179
354
172
164
115
272
75
531
374
208
326
19
565
435
566
553
332
101
536
220
431
108
426
258
305
609
195
506
362
299
492
195
304
553
530
294
456
566
623
102
613
569
274
196
175
548
188
629
465
63
334
111
245
628
550
347
623
301
261
259
180
440
618
173
309
248
535
75
348
328
124
547
577
454
461
39
291
10
430
276
128
330
616
83
306
196
326
243
120
279
273
319
566
142
176
502
137
405
632
235
314
60
420
317
612
258
502
218
326
105
157
519
231
246
327
279
352
400
256
519
426
270
571
453
466
179
194
232
480
661
383
882
775
924
369
315
996
348
252
508
267
1046
517
461
773
385
901
591
1000
710
112
551
241
829
920
1155
913
416
540
1146
760
915
673
187
499
268
658
458
493
805
624
670
555
820
788
688
571
765
992
701
883
721
635
308
666
582
1030
892
304
1058
1122
638
326
464
920
431
747
794
696
451
635
674
698
350
562
784
687
847
846
830
599
32
870
797
622
886
858
612
942
707
510
662
700
847
750
1210
815
933
672
852
661
720
489
1162
899
548
880
668
660
633
970
855
566
239
783
1107
450
897
842
512
918
690
872
826
1177
884
1131
470
410
581
761
572
1083
582
410
877
738
489
904
761
207
1162
1007
971
779
614
490
475
818
445
723
373
978
528
806
469
950
738
603
566
761
366
926
602
315
896
176
796
710
269
679
550
468
621
1046
559
889
662
523
124
249
1061
570
817
833
729
369
978
721
572
859
481
726
850
1079
235

22
200
6
18
16
17
10
16
13
10
14
13
9
16
6
16
9
7
9
15
8
7
6
14
17
17
9
17
16
15
14
12
7
9
12
9
5
12
14
6
8
14
7
20
6
17
13
13
5
16
6
18
16
13
10
11
16
13
13
14
7
8
6
10
16
17
9
8
16
9
19
12
10
8
19
11
17
18
18
16
19
6
10
10
20
19
12
20
18
6
7
18
6
12
8
16
19
12
9
18
15
5
12
13
11
10
6
19
8
18
8
6
19
13
15
11
18
18
19
15
19
13
11
13
18
19
16
15
9
13
19
6
17
8
16
7
8
11
9
11
6
17
19
13
12
9
11
9
8
18
10
17
6
17
15
10
16
20
17
6
6
15
12
9
6
11
12
6
9
9
8
9
8
12
18
7
11
13
15
15
19
12
14
17
6
17
17
13
20
19
16
7
5
19
20
12
9
19
16
12
15
8
0
98
438
247
448
572
109
202
61
346
14
57
619
544
256
53
66
358
37
19
13
119
125
213
486
195
276
339
106
522
421
469
10
222
295
343
63
260
49
130
100
414
281
398
410
426
272
606
380
367
378
133
190
45
478
538
75
19
415
513
167
282
614
420
462
442
27
343
138
573
249
393
186
329
421
374
406
480
533
5
382
85
263
595
511
368
285
556
146
344
108
103
228
284
613
616
558
576
328
199
340
160
533
418
311
270
55
21
25
104
499
36
520
204
277
427
299
139
47
174
505
27
436
411
304
12
237
501
247
309
423
513
276
352
198
592
96
276
470
25
508
127
350
307
243
25
166
554
75
463
364
261
586
295
383
248
351
383
32
477
361
441
576
23
124
149
519
382
43
254
230
463
524
296
368
133
509
596
84
40
299
116
52
137
78
355
601
329
265
608
15
25
102
382
206
626
1
610
360
217
287
712
645
438
1028
1127
426
627
97
672
623
546
743
1116
797
140
255
906
315
158
532
204
440
444
680
242
693
824
713
993
993
705
592
535
667
887
533
596
65
653
357
1011
470
745
926
724
466
700
849
775
630
557
447
277
962
1117
411
435
573
758
192
773
826
690
765
577
599
768
715
1162
313
502
612
480
662
1005
909
984
566
461
517
700
787
670
967
556
509
867
637
858
225
740
338
681
924
1096
914
640
683
813
919
652
1033
895
905
416
79
502
320
126
988
643
1038
679
529
933
454
611
615
435
779
466
547
901
418
68
356
635
890
848
781
552
409
399
406
680
622
556
995
336
605
550
596
557
305
404
428
579
267
1032
491
563
741
474
721
782
824
536
298
543
394
492
919
165
172
225
585
637
223
425
833
1015
1135
550
971
228
1137
1201
651
126
439
228
210
172
314
562
801
603
597
920
212
221
318
420
733
1140
483
920
774
337

23
200
15
17
8
15
20
9
15
17
18
5
11
12
7
9
7
5
11
10
7
16
5
12
7
8
18
18
11
7
11
5
15
15
16
6
8
13
9
13
19
14
11
16
10
11
7
8
8
17
9
14
11
7
16
7
10
16
8
11
17
16
20
17
20
12
16
14
19
11
15
18
8
8
18
20
12
11
9
8
17
11
12
9
6
18
19
16
13
11
7
11
10
19
13
11
15
18
8
6
10
5
19
20
7
18
17
8
14
18
11
18
13
9
15
8
16
8
18
15
12
7
19
7
19
9
18
10
18
14
8
13
17
8
17
7
15
10
7
17
17
10
10
5
7
11
7
5
15
15
17
17
20
13
10
20
9
7
16
15
18
20
5
8
12
18
19
16
15
17
9
17
7
9
17
17
13
11
12
7
19
12
15
8
8
14
10
18
11
8
18
14
7
17
13
17
7
19
16
11
11
9
0
598
123
45
121
219
339
530
160
445
503
61
109
306
76
242
570
299
391
230
553
449
481
246
215
2
610
152
194
468
125
25
586
274
382
550
468
356
610
115
416
139
5
241
111
98
171
531
383
403
479
421
542
523
571
226
353
614
59
549
625
140
232
76
475
186
315
265
316
545
25
600
462
535
331
461
618
275
335
85
217
83
413
332
468
369
95
3
529
320
212
486
621
263
286
145
85
334
72
154
68
368
621
431
91
522
576
455
70
13
57
595
184
411
272
506
111
168
549
270
76
20
406
220
205
297
181
89
12
350
294
341
143
607
212
36
60
500
324
369
71
312
259
78
106
203
1
14
531
45
465
562
545
243
473
415
48
272
611
487
555
118
227
101
353
98
561
570
205
496
280
134
361
231
154
421
133
413
32
224
293
62
436
512
52
515
105
267
213
159
566
133
464
405
235
382
529
132
465
144
77
778
511
151
207
252
745
1014
304
816
548
477
610
539
687
727
770
925
512
255
709
959
955
685
310
371
1167
187
728
529
293
149
737
321
817
932
701
888
1167
542
703
426
181
487
485
585
211
844
760
1003
1037
717
1152
1044
865
616
431
1231
699
749
851
573
285
119
493
493
418
525
332
1157
371
1165
960
1148
794
908
1048
367
823
611
562
178
474
631
892
385
273
320
727
523
640
1022
729
716
361
364
296
422
215
212
558
716
969
483
451
695
733
728
636
157
150
1140
363
713
583
714
483
760
993
317
620
296
800
713
325
866
565
482
377
448
901
867
374
984
243
640
495
1107
587
989
143
689
602
570
388
335
288
73
1149
97
815
695
789
631
655
999
219
796
633
930
975
728
318
395
714
166
842
900
594
1098
656
459
516
783
547
1007
300
435
162
461
377
576
978
1082
130
810
724
723
435
773
660
442
511
728
468
662
648
677
761
663

24
200
9
14
20
17
8
11
9
17
11
5
15
12
10
12
5
10
17
6
16
9
10
16
5
6
16
5
5
18
6
15
7
7
8
16
12
8
19
15
15
7
8
15
16
12
5
8
15
17
14
19
11
9
9
11
5
16
8
9
8
15
5
7
15
18
11
12
18
19
13
17
10
15
10
19
17
17
12
8
16
18
12
18
13
9
8
9
16
17
13
9
19
8
5
17
16
14
11
11
14
14
19
6
20
11
8
6
9
19
7
12
12
7
14
9
14
8
6
10
6
19
10
14
18
13
19
8
7
6
9
13
20
15
8
12
15
13
14
17
9
15
12
18
8
11
18
16
16
18
20
16
7
17
15
8
13
13
16
16
19
6
16
10
6
7
12
20
16
9
19
9
14
15
20
8
18
14
15
10
19
14
6
10
13
8
7
10
8
13
12
14
14
15
18
11
15
17
18
13
17
6
0
34
597
601
115
61
191
238
565
598
440
534
277
281
598
538
166
613
486
543
417
40
11
480
81
192
99
322
621
307
541
406
358
294
525
527
48
245
476
97
327
82
409
59
80
197
242
145
75
560
398
276
404
391
55
290
447
220
61
578
444
356
449
329
336
80
157
281
576
271
85
479
560
110
329
571
611
530
158
571
69
70
292
324
536
146
502
566
598
443
168
78
401
194
421
533
540
326
577
491
592
510
540
73
383
376
27
258
8
182
70
316
457
241
137
315
221
617
51
397
322
410
62
47
79
595
151
226
397
430
16
407
16
110
202
228
251
286
207
276
547
560
265
540
400
15
152
361
516
32
450
286
125
1
260
331
92
489
518
33
46
120
65
384
421
105
479
603
100
194
578
404
562
602
349
92
399
530
190
441
400
365
282
291
610
47
290
20
222
69
478
134
350
78
80
23
59
303
235
412
589
211
1099
904
161
583
692
736
1006
747
810
942
790
794
1159
570
796
1085
1053
1105
461
225
188
747
498
268
395
367
699
855
687
698
944
898
675
583
676
769
677
388
905
132
809
626
85
797
617
672
400
842
864
411
540
800
365
628
467
426
631
941
600
384
647
754
664
421
188
606
1179
504
200
612
937
593
611
1074
958
720
761
1061
679
105
591
861
804
541
798
982
945
714
571
261
796
709
735
1062
670
777
797
799
1178
1030
803
236
481
543
273
522
270
276
291
367
1073
266
731
626
829
1030
119
542
463
828
205
488
149
1212
516
753
809
885
484
775
316
561
756
350
369
352
388
664
717
1075
275
707
587
285
430
727
1023
165
638
861
268
476
675
371
154
765
717
550
504
313
173
459
978
416
745
1119
370
341
786
450
807
1023
431
158
899
977
583
633
684
833
782
735
1142
63
523
273
685
701
634
276
596
556
119
171
105
705
690
595

25
200
16
9
6
8
15
7
15
14
13
19
13
15
8
17
9
18
14
9
7
13
17
14
19
15
16
19
7
16
13
16
11
20
9
8
15
8
18
14
16
8
17
17
17
13
19
5
8
19
7
17
9
7
17
9
16
9
8
6
14
12
14
10
20
14
8
16
10
7
6
13
7
13
19
9
7
10
8
18
9
16
8
13
8
12
16
17
6
7
7
8
7
16
6
6
19
6
18
19
6
15
10
12
15
11
12
6
20
13
9
6
15
11
16
18
7
18
11
11
7
20
7
16
15
17
13
13
13
14
17
14
5
12
8
18
20
5
7
11
19
8
18
8
16
8
19
16
12
7
7
19
6
12
5
12
14
16
8
12
6
17
15
16
18
18
17
9
16
18
15
19
9
9
15
5
15
18
19
14
20
5
6
14
19
18
15
5
16
9
18
13
15
11
10
9
13
18
8
10
10
16
0
120
566
192
268
471
126
392
259
157
304
612
59
588
265
389
269
149
202
250
56
11
278
261
360
533
220
407
309
505
412
182
410
497
78
64
85
620
303
351
607
252
572
46
388
37
344
35
562
565
600
78
291
550
614
142
379
177
515
599
238
549
524
534
549
504
553
597
408
542
412
249
45
81
593
214
420
301
87
617
130
43
617
611
356
152
585
618
104
604
2
464
624
161
360
159
14
439
11
376
7
329
335
602
320
201
112
155
64
556
244
49
373
180
5
245
204
368
82
295
117
227
473
421
369
291
364
389
607
67
561
117
19
485
597
611
223
9
462
414
344
391
328
573
361
165
98
140
277
26
268
226
551
57
295
516
115
418
372
618
545
505
263
166
191
44
494
46
599
258
175
539
269
431
498
614
591
538
63
453
255
247
446
151
460
582
46
425
368
434
240
180
102
463
12
495
134
331
590
499
608
669
1193
531
872
936
448
822
759
232
337
973
372
660
840
785
611
664
219
339
317
39
768
505
729
553
637
503
895
1097
641
570
567
1055
468
546
144
677
901
524
896
352
1016
546
866
182
950
586
759
1093
788
365
911
1057
964
762
433
712
1043
640
471
982
1154
1049
572
599
781
630
766
972
706
878
413
289
794
770
1039
667
625
809
392
180
875
845
657
675
962
1107
721
1037
350
932
782
716
891
598
523
726
32
570
626
432
637
1197
372
288
573
615
592
874
626
130
671
419
264
857
718
700
606
511
641
285
725
901
440
470
945
671
795
559
1154
628
417
996
831
695
329
153
598
791
792
474
485
868
588
706
660
613
734
53
373
285
851
527
566
584
240
578
566
683
892
688
869
366
593
382
854
369
816
505
566
667
736
526
1036
847
755
783
668
868
698
309
808
438
497
930
224
529
756
977
312
578
660
615
275
1070
666
939
949
1042

26
200
10
13
10
14
18
19
13
15
14
17
8
5
5
7
20
15
19
13
6
16
7
17
11
19
19
6
8
7
19
10
18
19
8
18
10
10
19
14
11
10
8
8
18
13
16
8
12
19
17
19
13
6
12
12
11
17
13
12
18
19
11
13
5
11
10
14
5
10
11
16
16
6
6
15
15
11
15
7
7
11
16
5
18
16
6
18
8
19
18
7
9
14
12
7
14
16
8
7
11
18
12
16
14
12
11
15
17
6
12
8
19
5
17
10
17
17
19
15
7
19
10
19
20
20
6
11
7
13
18
6
18
16
11
14
9
7
19
14
20
13
14
12
6
15
15
13
14
14
9
9
11
10
17
6
20
7
6
7
10
20
10
8
14
19
19
6
6
12
12
6
14
8
6
16
16
8
7
12
6
6
14
13
8
12
7
15
18
15
5
18
18
12
7
10
7
7
16
10
8
19
0
65
13
281
477
615
146
598
214
126
27
363
214
406
125
581
439
392
57
426
305
176
512
217
63
37
337
332
92
163
247
47
456
207
201
552
266
39
29
43
434
210
255
609
99
401
347
575
180
576
595
80
26
608
520
347
614
23
39
287
266
427
589
609
45
525
76
502
464
501
510
162
501
104
532
415
329
430
350
335
209
524
583
200
41
26
250
148
71
241
146
49
430
10
155
210
16
395
426
395
442
335
556
503
66
387
511
356
568
420
514
111
548
319
550
593
466
97
415
109
222
430
360
49
65
6
147
345
367
604
282
201
438
215
154
16
580
577
561
101
113
159
389
172
546
216
501
158
428
501
280
115
325
503
478
427
141
135
319
56
414
258
7
221
326
62
320
144
341
362
528
264
368
537
548
188
111
26
540
597
542
161
134
74
194
547
396
417
23
604
208
260
39
491
62
466
228
277
616
495
74
304
379
845
1009
1090
275
1079
557
496
283
596
659
754
198
1125
665
608
169
638
874
437
903
272
380
182
730
375
629
684
659
141
872
433
296
938
887
588
518
149
819
336
812
798
119
723
879
784
262
1120
922
361
428
847
1100
705
965
102
451
526
863
717
625
1006
171
1059
551
617
790
541
860
211
1113
393
1116
458
947
890
923
603
253
794
1188
469
290
396
552
460
571
323
374
219
515
208
477
702
371
711
945
842
662
859
596
569
151
492
737
703
728
806
782
212
866
535
1155
667
977
395
523
394
609
589
470
621
176
132
710
384
734
747
828
729
915
576
465
538
854
838
625
230
638
364
426
515
970
295
591
735
958
676
613
163
573
919
830
1020
356
535
844
674
970
385
360
706
635
307
786
747
443
731
682
829
480
1038
728
554
557
396
692
1104
1139
188
600
108
396
1152
543
817
186
1240
554
330
116
1046
532
587
612
415
827
602

27
200
13
11
6
7
7
16
7
11
15
18
8
9
19
13
15
6
14
19
20
15
20
11
18
5
16
6
12
10
15
16
11
7
14
15
20
20
18
16
9
20
13
10
7
9
20
10
17
18
8
14
19
10
19
16
11
10
8
15
18
6
14
11
18
14
12
17
14
18
8
5
8
14
7
15
9
12
16
18
10
8
8
11
6
11
20
15
11
15
17
7
8
14
15
12
7
11
5
7
14
18
5
15
18
10
8
18
19
16
10
8
6
18
11
20
17
8
11
16
14
16
16
5
5
17
16
19
11
10
5
14
18
15
18
14
19
11
12
6
16
18
6
9
13
15
14
8
14
15
18
6
13
9
7
7
19
5
17
16
11
8
8
7
12
9
14
10
17
20
12
18
10
18
18
17
16
12
12
10
5
6
11
17
12
19
6
16
15
8
13
11
15
19
9
8
14
12
13
11
11
11
0
440
626
407
297
590
203
329
143
332
570
548
279
337
407
100
368
257
96
141
443
534
156
208
213
455
222
389
201
185
586
281
542
357
368
420
536
624
25
230
495
225
380
53
117
89
169
58
601
31
111
432
349
63
324
59
278
621
341
4
391
2
582
147
475
226
615
359
464
45
16
217
72
207
325
474
185
325
6
262
567
461
496
188
141
43
71
263
112
269
601
282
380
96
88
459
254
175
510
430
243
414
69
137
124
470
619
69
179
222
17
583
180
66
164
298
467
585
487
240
345
193
38
482
31
405
78
347
118
275
1
312
374
392
572
249
28
516
386
356
129
480
157
42
5
465
102
486
414
162
626
459
363
497
395
588
174
494
125
618
328
533
480
408
428
159
509
597
445
418
194
422
401
157
246
602
629
58
211
577
38
31
35
538
203
594
433
56
79
182
295
601
531
271
358
593
311
153
624
376
170
642
788
500
736
1072
806
559
288
696
1148
1050
658
790
440
616
937
744
469
487
1078
722
690
250
623
471
350
605
482
634
853
746
1053
796
951
970
1184
990
155
672
904
480
558
318
348
100
667
270
842
91
665
876
829
260
912
417
524
852
777
592
645
70
1104
395
775
624
1249
883
943
318
143
859
257
726
414
1102
224
451
572
720
1173
932
775
313
688
211
213
487
529
305
815
922
910
338
526
614
527
714
865
577
648
737
576
182
272
1038
914
614
750
747
525
630
693
338
482
789
637
908
1086
862
969
625
538
1105
493
946
317
765
688
310
568
571
958
586
949
414
374
906
689
687
533
1097
609
680
101
907
385
725
741
651
691
881
979
937
1000
850
543
635
713
1024
396
1004
844
949
632
655
1140
997
657
1015
649
822
760
193
611
1162
767
133
220
599
412
194
343
739
376
883
1033
109
353
577
438
1153
724
535
668
745
416
350
742
912

28
200
16
14
5
20
11
18
7
15
9
6
8
5
6
12
15
11
13
8
9
18
18
14
18
14
17
11
16
10
9
14
7
9
19
11
12
14
14
15
19
6
15
18
11
15
6
11
5
7
12
7
14
17
19
6
10
18
18
6
18
7
5
19
14
20
8
19
11
14
20
7
10
10
16
17
5
14
8
11
15
11
16
10
20
6
11
12
18
10
19
12
11
16
9
16
6
14
15
16
13
8
19
9
10
12
18
19
20
11
15
9
12
15
8
16
16
6
9
12
10
8
11
16
13
12
12
7
18
12
15
8
16
19
11
14
19
5
11
9
12
6
6
7
9
6
13
9
12
10
10
8
14
12
14
18
11
15
14
11
7
13
13
16
9
10
17
18
15
10
17
18
17
12
15
15
11
11
14
16
19
13
17
10
7
16
5
17
14
6
6
11
15
12
13
13
15
8
8
12
6
9
0
367
335
463
523
159
534
122
122
189
542
199
271
274
451
232
121
105
202
594
140
611
189
118
365
28
476
402
225
58
5
213
280
119
6
157
317
37
45
425
330
279
143
49
58
325
526
223
516
335
70
374
108
517
441
42
493
299
333
184
594
321
364
288
75
99
591
356
582
562
75
428
124
604
212
549
387
544
281
2
121
420
495
573
576
441
399
334
446
166
486
589
118
49
432
145
103
32
590
158
475
95
140
506
391
509
391
454
205
532
452
603
310
100
566
375
441
142
320
373
386
530
241
150
264
548
143
133
88
286
298
70
486
412
7
279
571
596
266
544
414
216
174
455
393
367
547
373
550
327
98
21
265
457
79
43
127
369
301
465
159
8
567
153
581
529
309
468
508
251
599
540
154
471
66
322
83
379
30
99
609
174
491
241
438
271
426
385
133
239
107
603
232
220
342
26
207
409
81
423
467
495
581
817
1051
205
923
353
249
744
948
696
698
715
505
249
564
422
625
840
344
1224
455
624
395
148
854
511
376
413
468
818
737
357
476
783
554
470
455
445
750
372
663
261
569
646
538
239
703
660
435
428
416
887
881
619
739
424
422
528
626
667
733
374
378
151
1205
750
1157
981
317
512
162
649
613
1065
635
1154
349
201
146
487
1004
1025
1126
466
1022
820
624
271
589
868
340
143
616
409
370
278
1192
218
918
446
442
522
712
787
448
862
555
1096
551
967
374
660
984
795
963
506
692
782
504
1057
626
351
811
806
741
719
431
594
586
304
570
680
619
792
1102
630
860
833
783
603
456
620
633
719
787
690
1061
380
269
387
442
497
274
661
444
975
922
811
499
386
642
560
1057
1065
497
784
872
721
657
668
779
1093
481
722
320
905
90
159
900
739
576
479
650
667
1032
702
299
822
321
1151
707
788
686
332
379
1023
260
884

29
200
17
10
7
6
10
11
18
16
9
11
17
13
13
19
16
14
18
12
8
9
11
19
8
10
8
15
8
15
13
12
8
5
9
17
15
13
12
16
13
9
18
7
12
11
19
15
6
15
19
11
14
17
8
8
10
7
12
8
13
9
14
13
16
14
13
19
8
10
9
13
13
20
14
16
18
9
18
20
13
17
9
12
14
7
8
12
16
9
20
17
16
15
14
19
19
14
14
17
7
15
18
16
8
7
16
7
19
9
12
11
17
17
11
13
13
12
6
19
5
12
14
17
7
11
19
18
9
17
9
10
17
16
12
18
8
19
20
6
7
13
9
19
6
12
11
15
15
7
15
11
5
9
6
15
16
13
20
7
14
16
19
13
11
8
12
19
16
9
18
13
6
16
16
8
20
9
19
19
7
6
19
8
5
20
13
15
14
9
12
6
9
19
15
12
20
20
11
14
7
19
0
229
287
177
450
380
146
298
374
316
170
19
99
622
90
512
509
621
236
426
602
85
332
557
345
127
137
397
131
56
574
295
185
213
467
54
335
489
417
606
242
30
541
220
520
81
405
278
333
0
114
471
271
632
564
375
290
578
548
162
235
193
314
634
459
115
246
505
399
163
395
134
343
218
491
608
387
537
364
301
544
558
400
352
478
69
35
574
284
522
343
455
128
59
359
289
155
629
279
362
440
171
518
305
435
472
118
403
270
446
248
536
141
299
150
482
146
501
321
453
17
406
276
466
469
415
520
636
456
293
602
330
437
90
279
225
139
162
188
52
272
298
39
560
561
231
375
569
311
269
119
216
326
454
476
615
164
191
304
94
474
3
624
408
550
244
156
551
221
368
193
587
37
38
59
209
523
491
171
261
257
391
402
328
620
26
448
613
236
350
204
562
467
431
417
537
478
413
327
269
36
256
588
587
492
748
493
538
919
682
776
466
207
694
657
754
692
827
605
548
1211
126
752
903
906
240
221
1008
242
545
604
859
213
623
509
480
608
621
1000
938
587
201
675
846
656
571
701
556
373
529
533
1130
336
1011
750
935
367
1108
921
574
365
624
434
936
1036
756
488
692
675
381
604
637
481
271
1014
888
555
956
707
711
1014
909
559
802
663
167
421
614
432
962
473
833
269
396
864
816
739
902
777
863
873
516
783
610
466
996
409
508
488
1059
700
752
483
374
619
769
280
1051
608
894
468
656
419
650
1044
792
668
1278
564
860
1014
483
1059
402
495
513
748
805
748
146
754
346
112
738
837
763
689
770
875
876
307
671
877
632
1093
742
255
379
623
383
855
650
839
860
856
268
667
1076
605
876
766
758
89
348
398
616
658
889
766
463
602
958
452
680
1143
243
878
1031
350
523
852
594
975
459
636
640
864
540
948
417

30
200
12
19
10
9
7
18
6
19
11
6
13
10
16
9
9
19
11
8
15
18
13
9
16
5
8
19
6
11
5
7
14
14
18
5
20
20
7
7
14
9
10
12
16
8
10
17
19
7
9
7
11
7
19
7
10
7
7
9
6
8
16
8
6
12
17
6
17
19
12
7
11
18
7
16
6
14
11
11
14
16
19
8
8
10
13
5
15
11
12
9
18
9
5
17
7
12
7
18
15
14
17
7
8
14
15
11
7
7
12
7
9
16
12
18
13
13
14
7
13
10
6
17
19
7
11
15
6
20
11
19
12
13
8
10
12
15
15
15
11
11
5
9
15
13
20
12
17
14
16
17
18
17
13
13
5
10
15
13
18
13
5
9
9
19
17
9
20
14
13
13
13
16
8
6
18
5
8
19
13
10
19
13
11
8
7
13
14
7
19
10
18
8
8
15
5
6
9
12
9
12
0
331
237
127
342
58
69
340
229
439
473
160
245
181
75
171
44
579
466
256
559
333
149
2
208
480
317
462
68
226
481
103
367
423
322
25
47
196
53
577
153
515
194
309
234
214
208
163
391
28
439
81
524
156
272
460
521
383
536
359
57
150
77
135
552
482
469
441
251
401
487
478
410
433
239
526
476
496
133
348
260
4
352
268
46
570
238
103
8
116
301
356
575
164
317
255
355
260
384
26
393
129
182
201
78
137
335
582
25
452
538
593
203
195
107
71
319
521
388
433
244
448
426
529
351
70
154
188
152
566
163
424
450
192
414
220
260
31
10
265
254
266
422
485
416
155
589
549
104
310
562
302
77
233
335
380
434
436
415
572
557
298
293
322
343
381
177
137
518
391
367
573
105
290
65
522
150
501
103
399
481
405
96
61
376
574
436
24
35
212
238
577
49
4
462
212
533
58
342
464
71
524
770
280
595
526
508
687
324
972
800
292
361
443
286
571
526
651
818
462
662
640
207
288
538
604
476
481
306
771
581
360
502
1014
920
56
157
448
277
1024
711
1117
518
552
771
294
633
634
927
178
488
518
839
735
622
548
866
689
971
605
461
488
550
173
953
811
917
498
496
936
1046
1010
742
768
397
627
785
719
469
785
636
344
883
603
349
1062
800
207
509
270
684
625
682
668
579
347
560
608
766
149
952
673
506
749
321
552
648
823
310
511
801
696
228
239
312
147
580
784
574
599
471
737
464
580
566
533
255
606
490
817
645
559
747
474
684
430
394
260
449
337
325
569
440
703
821
437
821
1007
409
586
589
742
498
824
777
564
733
859
568
683
1155
427
325
934
817
884
219
259
634
584
950
750
539
328
141
579
384
720
484
915
981
867
449
244
769
827
529
94
519
369
272
982
521
567
950
489
735
418
889
484

