1
25
11
13
13
20
15
19
17
18
19
17
14
18
15
19
17
7
6
20
9
7
6
20
19
19
6
0
66
46
0
63
40
89
76
87
63
26
23
0
50
83
30
58
16
12
16
86
41
41
43
88
59
166
136
74
163
74
111
110
125
94
56
54
77
110
146
65
94
90
79
98
116
125
87
132
181

2
25
20
12
7
15
15
6
7
5
7
13
20
13
17
11
17
16
12
7
10
19
17
7
7
18
15
0
63
28
61
39
17
34
16
31
27
37
3
26
40
19
29
14
11
65
18
40
70
42
33
27
35
99
104
152
64
44
97
33
103
83
88
62
70
128
41
51
100
22
126
70
66
111
99
61
114

3
25
13
8
9
8
12
12
10
7
7
5
19
18
5
15
10
9
8
6
10
19
6
18
10
16
16
0
20
64
15
1
8
33
42
12
14
55
68
59
26
30
13
31
30
46
41
53
31
4
64
55
45
36
74
63
22
79
84
50
42
77
76
126
75
60
60
73
88
41
114
78
101
63
74
134
128

4
25
8
12
10
6
13
8
16
18
10
15
17
12
6
17
11
18
8
15
6
10
7
12
19
18
6
0
18
39
70
56
15
33
48
46
43
53
52
53
55
1
8
34
62
6
53
59
3
2
48
9
22
76
80
84
78
44
75
111
96
114
87
113
101
106
78
99
108
95
56
128
118
61
86
135
36

5
25
9
17
11
11
18
20
15
12
16
8
18
13
5
15
17
5
11
13
7
16
16
9
11
9
13
0
16
77
49
15
32
21
62
34
61
62
34
48
78
78
29
8
58
48
29
17
64
49
69
6
9
93
88
122
51
61
79
109
61
104
112
59
99
94
171
101
19
105
132
109
56
93
109
139
34

6
25
5
18
16
14
7
8
17
5
18
19
7
16
8
11
7
7
9
11
17
20
16
11
7
18
10
0
32
59
23
52
67
6
70
22
39
9
26
29
0
64
6
7
36
70
31
72
32
9
13
69
34
52
136
38
94
93
95
145
72
101
89
79
91
53
103
31
37
111
98
91
101
95
78
89
91

7
25
7
15
14
7
5
9
11
12
16
19
13
14
9
5
10
8
6
5
19
14
7
10
8
13
7
0
45
47
35
12
5
47
51
35
31
24
60
61
43
26
17
29
60
56
4
44
60
5
11
60
52
81
115
98
49
71
123
116
72
55
89
99
123
62
73
65
66
105
82
23
98
128
56
58
126

8
25
16
20
8
16
9
10
13
5
20
16
9
17
16
18
16
6
18
14
16
7
8
8
16
20
15
0
82
6
2
45
7
9
65
78
40
75
51
46
7
9
53
20
42
83
38
55
60
33
51
27
54
166
47
18
108
97
101
148
148
118
104
110
86
34
108
70
80
56
181
50
72
122
114
114
58

9
25
6
15
6
13
7
9
15
17
13
20
14
12
8
20
17
6
8
9
12
12
9
16
7
20
7
0
25
40
44
68
33
16
61
55
67
63
50
71
72
20
2
15
34
34
33
5
26
48
18
69
8
89
62
128
133
103
81
89
93
101
84
96
94
151
56
51
76
84
116
105
45
72
80
58
123

10
25
13
19
6
20
20
6
13
17
17
13
13
15
20
10
8
18
17
14
14
10
16
10
12
18
8
0
50
28
78
41
78
47
35
33
43
31
44
29
22
8
69
23
69
3
37
43
43
56
71
51
55
112
95
144
124
118
87
77
61
136
75
133
115
37
86
90
66
167
26
62
99
120
117
154
131

11
25
9
18
9
16
9
11
12
13
20
19
16
6
18
6
19
15
18
11
20
19
8
7
7
17
16
0
59
9
25
14
63
57
73
68
43
25
40
82
78
58
80
67
19
83
80
47
25
66
45
5
32
103
38
84
77
133
149
95
159
121
58
50
107
158
119
100
113
72
103
105
123
50
97
89
60

12
25
17
16
11
11
19
14
10
19
10
12
20
19
12
20
13
16
14
14
13
13
17
17
8
7
19
0
53
11
61
41
54
77
16
77
64
54
86
2
11
26
84
52
35
67
68
53
54
9
24
37
81
74
46
102
70
85
116
84
119
159
101
134
39
65
90
172
83
115
133
109
132
87
62
82
100

13
25
9
18
17
19
16
19
18
17
8
12
20
10
16
19
12
11
14
14
10
7
16
12
11
10
14
0
13
46
32
16
47
80
28
32
27
24
49
9
80
58
81
86
52
66
67
31
63
73
49
46
65
70
97
89
70
89
111
67
96
119
96
75
76
119
94
92
119
140
104
134
51
122
94
110
76

14
25
8
20
10
5
16
17
11
15
9
15
19
14
9
14
6
8
9
9
18
18
7
15
13
19
17
0
48
61
68
24
23
41
79
23
5
61
72
23
69
11
11
64
5
21
59
13
50
61
13
79
53
122
85
101
100
79
125
96
41
47
113
144
51
129
88
75
111
52
39
136
52
144
114
86
171

15
25
12
11
17
19
8
19
18
8
18
6
13
14
17
17
17
5
9
14
15
16
17
19
13
6
7
0
59
26
1
40
42
4
16
12
54
81
16
45
19
23
26
44
64
41
23
51
28
10
71
4
81
71
73
72
72
101
38
34
112
79
107
63
63
82
43
103
78
130
57
68
128
63
47
108
11

16
25
19
15
10
12
10
14
8
8
15
15
14
10
15
12
15
13
17
9
17
6
11
8
18
17
15
0
73
32
33
4
4
3
26
54
58
59
30
36
45
60
46
42
14
53
50
71
79
59
47
30
65
96
104
72
65
32
34
37
87
131
100
107
122
128
141
103
66
84
87
131
128
144
99
111
55

17
25
5
16
10
9
6
7
9
10
18
13
14
19
15
12
16
10
15
17
6
13
6
10
12
12
16
0
32
61
58
59
33
63
62
9
40
58
13
20
66
59
49
8
57
71
67
68
55
56
29
61
15
106
144
105
86
56
102
84
69
103
130
70
95
102
109
114
24
118
81
124
77
100
108
111
90

18
25
17
18
10
8
7
13
7
19
14
18
19
17
17
11
19
11
14
13
7
17
6
6
19
9
14
0
51
16
45
58
76
74
45
72
40
10
50
81
65
59
79
47
8
71
53
19
66
17
60
15
58
129
56
71
118
89
135
76
167
134
111
145
147
135
145
143
133
36
101
101
31
78
117
99
106

19
25
13
8
11
18
10
15
14
11
7
10
18
6
13
13
8
15
12
15
16
10
12
7
5
13
9
0
21
34
18
69
8
12
11
72
43
26
63
70
23
34
36
1
72
9
8
32
44
9
46
20
41
71
100
69
128
54
54
91
102
83
47
94
116
84
104
60
51
99
84
27
50
56
41
111
58

20
25
9
12
18
13
19
8
14
17
6
12
10
20
18
16
12
16
12
6
14
11
7
14
13
11
19
0
61
6
39
11
5
41
19
33
66
21
27
11
7
30
8
64
65
74
46
66
26
76
41
61
88
94
62
73
62
61
77
93
85
103
41
123
109
46
109
94
121
98
169
117
112
76
100
81
96

21
25
11
8
10
9
8
10
14
7
8
9
11
13
13
17
15
6
15
18
9
20
18
7
18
7
7
0
56
23
68
29
33
34
67
23
50
71
3
63
37
24
68
42
41
28
53
19
29
2
72
15
56
96
53
129
99
102
114
138
36
129
112
56
93
111
49
96
71
122
86
104
39
52
69
138
50

22
25
13
9
14
6
19
19
10
14
11
13
8
9
19
7
8
11
10
10
6
10
6
19
11
18
15
0
37
6
38
48
38
47
63
61
46
73
30
51
37
51
1
35
58
32
25
52
60
71
36
40
38
111
38
45
86
126
63
111
89
116
99
39
110
45
74
55
106
126
99
72
61
95
107
100
91

23
25
9
15
12
6
9
8
9
16
15
7
12
6
12
10
5
6
10
8
15
16
9
19
17
9
6
0
19
48
62
9
11
21
36
22
37
43
60
31
30
53
7
58
51
15
4
56
23
34
38
15
69
45
63
124
52
84
78
100
64
87
84
128
58
74
68
19
127
107
34
43
99
97
78
100
63

24
25
7
5
8
19
16
15
18
15
19
8
15
17
7
11
11
13
15
16
11
12
17
6
17
9
8
0
29
67
53
51
4
39
70
3
42
77
1
78
65
23
35
37
0
68
50
61
71
39
42
14
69
81
146
84
91
50
133
135
58
69
124
24
151
136
55
119
61
84
141
67
137
113
113
78
100

25
25
17
7
5
9
9
6
14
15
18
17
8
11
16
18
13
19
6
10
12
5
8
9
15
8
18
0
42
25
49
2
57
9
53
8
30
34
60
50
31
26
15
61
37
7
17
24
34
39
16
7
39
100
42
74
74
82
29
83
84
96
54
102
99
79
84
95
134
65
54
60
66
115
68
52
67

26
25
12
6
13
5
8
16
12
8
7
10
20
19
16
6
12
6
13
9
19
10
18
5
8
8
6
0
32
25
56
68
23
51
47
29
47
35
28
18
52
40
10
55
66
29
55
7
13
32
11
52
35
74
74
68
87
83
119
61
62
92
101
110
47
82
98
67
78
84
57
89
59
24
68
25
118

27
25
9
13
12
14
10
5
19
9
6
20
18
8
6
16
6
10
7
19
11
9
20
14
16
20
7
0
29
15
4
70
31
2
26
4
71
65
12
29
52
2
14
4
13
70
16
42
68
22
50
7
23
114
27
65
120
37
31
105
83
132
114
42
88
79
83
27
31
66
141
53
93
125
98
138
31

28
25
20
7
11
12
13
9
6
14
10
15
14
18
5
19
17
11
8
13
16
5
13
18
10
14
11
0
19
17
47
51
8
57
0
63
61
25
55
8
39
44
76
8
41
43
76
40
4
60
63
69
33
29
48
114
102
76
112
84
88
88
101
140
56
96
135
110
18
70
69
150
124
83
140
81
132

29
25
10
14
19
16
15
5
13
6
9
12
18
15
20
16
8
8
16
16
10
5
18
8
9
13
9
0
26
23
51
60
42
71
11
3
35
7
35
8
38
1
73
58
63
52
59
30
61
38
62
50
24
99
96
96
121
96
145
20
20
63
37
77
82
87
75
93
111
116
78
97
72
82
65
86
111

30
25
9
11
8
14
7
10
6
9
10
10
9
13
9
11
9
11
7
10
6
18
11
16
11
17
6
0
24
53
18
64
28
23
36
28
40
25
22
24
7
23
6
47
58
38
5
13
46
61
15
0
39
57
72
78
96
89
72
64
81
63
86
62
89
55
40
39
54
114
49
62
44
68
72
48
65

