1
250
20
12
9
7
11
15
14
6
6
15
10
17
12
14
19
20
6
10
6
11
19
11
18
17
10
6
17
6
15
19
17
12
20
13
10
20
16
18
13
10
14
11
19
6
11
10
10
12
19
8
11
15
9
18
18
20
8
9
11
17
11
7
9
20
15
14
15
7
5
6
7
15
13
18
17
7
16
18
7
15
14
5
14
16
14
10
8
13
9
18
20
10
12
12
12
8
18
11
18
19
7
15
9
14
13
14
7
14
11
13
18
17
16
17
16
9
6
14
14
12
16
19
18
18
11
10
10
9
9
7
16
12
13
19
14
16
7
6
12
10
14
17
20
6
20
17
8
13
8
10
10
18
13
16
15
7
10
19
14
11
12
9
7
7
17
19
9
15
16
8
9
19
8
14
12
14
19
15
12
10
19
19
14
19
13
16
19
12
13
8
15
19
19
13
7
6
8
10
8
5
17
8
10
11
8
19
20
17
20
9
9
19
14
13
20
15
14
16
13
14
19
18
11
5
7
19
6
16
10
17
18
11
13
12
14
9
9
11
18
19
14
15
9
7
5
7
19
10
12
18
0
303
762
601
478
424
75
312
560
132
198
14
512
421
457
66
610
53
537
159
276
8
171
759
334
449
257
254
344
337
78
577
431
529
240
502
468
268
345
707
370
53
222
596
4
768
176
469
77
751
201
358
47
106
81
218
102
156
325
67
11
86
197
723
268
508
72
494
777
629
329
612
43
361
773
193
667
541
92
800
626
455
137
589
413
397
776
525
668
378
638
243
140
269
19
358
179
597
202
138
495
384
352
57
494
129
790
571
636
675
33
163
296
393
99
173
376
26
165
58
634
656
352
285
804
63
597
570
339
469
195
131
156
563
767
617
441
175
451
590
300
209
659
10
593
301
273
378
381
286
233
351
449
655
669
27
280
796
583
752
344
733
45
693
118
299
333
553
445
632
364
246
679
328
231
103
9
42
462
372
697
577
560
438
789
169
792
438
712
277
272
222
17
505
177
753
559
65
260
480
487
144
757
675
190
324
269
126
506
414
93
463
606
18
752
86
129
736
356
391
25
85
793
648
215
647
636
376
673
55
169
125
774
715
671
104
308
18
702
495
223
724
639
476
22
687
439
603
410
783
254
1019
779
1322
553
827
497
845
844
914
493
215
1034
1194
600
519
1001
387
1255
742
969
762
955
1180
1112
1021
574
599
447
1150
658
1072
563
640
909
1279
559
435
650
1170
394
287
904
695
160
1119
195
1228
703
980
310
815
220
450
829
870
496
574
526
580
211
291
761
879
387
570
266
651
1194
1199
936
673
413
984
1259
959
1070
1359
610
1620
690
1086
370
839
1222
652
1342
824
1315
404
1354
1037
602
987
613
531
952
1351
857
327
1189
969
1033
745
1162
203
1412
1041
792
1437
372
872
593
681
338
457
551
652
289
864
1322
1179
582
853
1418
160
865
894
960
744
900
337
707
1232
861
1225
1121
477
683
1013
1097
575
1464
633
677
964
983
1006
1156
953
526
846
526
801
881
517
695
893
830
1217
626
1020
485
833
572
716
579
1181
1067
755
1024
1041
1140
832
481
225
235
389
924
596
959
938
1158
667
1244
870
1121
631
1173
1010
864
818
790
846
782
1188
639
218
629
541
776
420
1439
1287
767
713
772
581
859
1089
615
666
940
393
1517
285
766
1002
406
991
585
480
1580
1459
504
966
761
826
1458
210
890
928
1516
941
1172
398
460
758
1032
1091
731
815
789
1033
346
1222
1188
1330
1087
1274

2
250
11
19
15
15
15
16
19
13
8
6
17
15
7
19
9
15
7
19
17
16
12
13
12
15
6
10
12
16
18
17
10
7
9
9
9
9
17
10
12
12
8
13
11
18
8
15
18
16
10
9
11
16
18
6
6
12
18
12
19
8
11
14
10
16
13
19
12
5
13
12
12
10
7
9
11
16
6
17
12
19
15
18
17
13
19
12
6
16
5
7
18
14
9
9
15
16
13
15
6
11
10
19
16
14
17
20
15
8
10
11
15
10
13
17
5
14
11
7
15
8
17
19
16
10
13
16
10
16
13
19
6
19
5
14
18
7
17
8
18
7
14
12
9
7
8
18
19
11
6
13
15
18
6
9
17
14
13
8
8
17
16
18
10
6
15
14
15
9
13
5
20
10
19
10
18
9
13
13
12
11
7
10
8
9
15
20
10
16
19
5
12
12
17
7
18
7
13
7
17
15
7
9
17
11
14
11
12
18
8
16
15
15
7
11
6
10
7
17
17
17
15
15
19
13
12
8
15
8
9
14
9
11
12
11
8
18
8
8
14
12
18
11
13
13
17
15
15
10
17
20
0
481
600
758
565
769
279
28
131
647
385
649
514
485
26
287
431
133
182
363
336
295
53
494
607
152
762
157
231
617
10
566
349
129
462
183
37
284
447
579
558
303
7
247
716
784
379
188
333
492
705
473
12
319
73
521
779
519
778
477
453
618
386
634
614
753
73
219
467
402
229
397
171
367
542
172
208
24
44
309
368
444
92
790
774
663
259
622
582
61
368
500
750
465
225
571
188
383
14
113
363
266
21
65
583
158
282
221
589
713
389
694
598
6
72
276
400
283
776
503
306
480
157
135
18
505
263
731
576
232
1
123
726
228
545
784
759
600
603
412
424
247
731
427
21
8
718
486
745
138
529
488
757
341
693
299
438
715
770
505
642
750
467
730
312
271
469
419
187
269
436
194
770
392
710
787
525
518
451
37
625
25
323
727
101
606
82
555
363
700
755
692
555
39
189
268
369
7
365
615
451
141
222
30
437
174
286
513
564
44
776
137
560
161
495
408
182
680
306
686
641
487
338
338
217
177
241
450
690
258
335
473
495
423
323
605
729
619
531
539
694
283
757
639
405
393
122
127
203
782
122
1196
1277
1292
1331
1471
344
147
183
708
799
1349
533
1006
605
857
679
606
903
390
812
353
471
1092
782
197
908
369
432
938
693
941
899
163
1202
274
441
730
647
966
1090
768
341
845
864
1048
1054
211
534
1209
1048
705
251
737
582
853
1096
733
1438
743
861
1033
649
1147
822
1474
570
687
809
901
760
1170
340
449
1181
632
417
706
519
969
699
808
607
1161
1048
1150
987
1110
1363
145
955
618
773
967
732
1261
959
637
496
327
775
1056
679
368
1127
911
314
635
607
885
621
1095
1295
176
707
1061
961
767
1324
976
688
899
437
614
217
1004
566
1173
1271
572
595
780
1481
504
1243
1154
1518
1124
1102
647
909
394
1404
813
527
370
1016
1127
1374
640
1255
1041
892
904
907
451
466
827
1442
620
1371
1251
515
1098
586
412
967
480
847
376
637
293
1249
633
1425
968
1007
1098
1162
365
941
443
512
893
381
768
266
1258
886
1198
1523
762
1306
532
745
1032
889
589
802
655
465
540
803
630
1194
896
816
681
1015
750
900
789
1124
921
1258
827
295
1270
444
862
1263
748
597
1049
783
494
1019
925
930
328
932
672
602
569
370
1000
777
709
604
1269
903
311
780
1093
686
683
166
159
712
1115

3
250
7
8
12
8
7
6
18
8
11
8
6
5
5
14
15
18
11
7
15
17
16
19
9
13
13
16
9
19
6
7
17
13
10
13
9
6
10
9
6
14
13
6
9
8
17
6
6
13
20
6
6
15
17
17
7
7
5
19
20
15
10
11
12
17
7
9
6
12
11
19
15
10
10
6
11
19
8
14
15
12
10
7
17
7
8
7
9
17
16
10
9
11
16
7
12
5
7
20
7
17
15
17
7
14
13
15
13
11
19
8
15
9
6
17
17
13
11
14
6
15
8
14
10
14
18
5
12
11
20
20
8
7
19
12
16
16
11
17
7
14
12
18
9
15
19
20
14
16
16
18
15
11
7
19
18
15
19
13
6
13
13
18
10
11
15
14
14
10
7
19
5
9
16
16
12
17
18
7
19
15
19
14
10
15
11
5
18
16
18
9
16
20
16
5
6
9
7
5
20
13
7
6
12
18
14
19
8
6
18
10
6
17
13
13
6
15
5
8
17
15
7
17
19
19
18
6
11
9
6
11
16
10
20
15
6
16
10
12
10
7
9
6
13
14
15
11
17
15
5
8
0
384
87
17
644
739
427
80
311
451
433
79
359
665
299
315
645
664
659
16
473
547
727
351
293
400
119
191
69
351
302
606
316
205
458
267
42
21
427
3
644
299
213
210
95
130
338
250
168
318
144
242
394
714
592
713
721
291
311
512
278
591
562
606
511
572
270
486
101
185
589
130
574
726
143
319
131
276
431
574
682
413
241
438
303
454
83
326
658
740
45
69
69
336
696
485
280
19
304
42
622
496
272
296
27
629
677
755
369
65
83
677
405
398
507
604
394
136
563
606
610
421
453
218
119
34
319
72
326
434
413
324
670
146
566
455
89
736
582
85
737
667
535
68
241
33
333
476
126
57
571
46
727
596
219
538
366
57
16
76
232
210
284
179
97
536
499
681
731
563
740
416
425
139
201
654
737
147
463
292
498
442
380
298
41
555
141
344
11
709
590
564
749
330
200
472
294
718
69
404
49
696
346
553
167
271
748
663
565
358
716
26
257
687
477
93
270
657
90
212
562
701
15
202
748
565
276
287
399
429
250
696
341
508
708
561
722
497
260
718
318
591
744
151
451
114
41
561
494
52
539
845
606
218
930
798
712
324
782
1187
772
181
1071
1144
824
774
1344
913
1263
214
559
610
972
683
338
536
761
465
821
1028
516
1093
573
579
1108
310
597
572
939
509
1192
662
262
298
676
395
966
751
692
981
726
397
619
995
799
809
908
956
710
820
968
871
602
795
646
1067
537
746
301
894
633
650
703
1245
402
999
812
1036
834
773
896
748
1010
799
469
539
588
1094
1018
1406
104
175
509
426
987
1228
428
398
519
74
958
911
363
849
220
1401
880
1302
971
503
778
834
843
967
973
1351
780
738
864
1048
886
776
492
452
150
235
455
359
433
461
1008
1063
1433
604
624
843
104
1140
1230
705
805
901
1040
612
407
141
891
853
152
806
1275
643
1027
1002
961
949
841
123
686
327
605
946
301
874
827
762
952
804
965
1300
866
609
1029
522
971
946
1173
626
900
830
1224
781
526
1039
647
1021
446
637
725
1453
967
689
1193
811
345
844
766
1435
782
594
617
1230
570
599
269
794
1266
831
1214
1068
957
201
795
768
1019
763
696
1392
799
437
1218
1122
397
646
1119
620
686
488
845
483
894
1229
913
1133
957
646
1210
876
992
1238
332
861
939
576
480
138
452
1065
873
390

4
250
8
14
14
12
19
16
6
19
10
15
16
9
14
18
12
20
11
8
7
16
15
14
17
18
14
7
19
12
8
18
8
14
18
15
13
16
11
7
19
13
17
7
7
12
7
13
18
13
17
7
16
12
6
8
18
8
16
8
15
16
17
12
19
13
14
13
13
11
19
16
14
17
10
19
10
12
15
18
16
14
14
12
16
16
7
6
10
14
5
6
18
12
20
18
19
8
8
11
12
13
9
18
7
12
10
7
19
13
8
12
13
15
6
16
18
17
8
11
12
20
16
18
11
10
18
17
7
6
10
7
16
14
13
10
15
16
6
19
5
17
7
8
14
8
13
11
6
8
8
12
5
6
10
15
9
7
8
12
6
8
18
16
17
7
10
10
19
13
6
9
17
17
10
14
6
8
8
17
12
11
14
10
16
5
8
9
20
19
8
12
11
13
13
19
15
16
5
9
11
13
15
7
17
7
11
11
17
8
13
7
15
9
12
7
5
17
19
15
9
18
13
16
10
12
9
11
10
9
10
9
12
5
12
8
19
13
10
16
10
13
17
15
11
15
8
13
6
6
18
13
0
767
241
445
587
677
135
679
676
264
544
372
464
187
600
723
178
249
614
488
247
202
141
337
279
600
517
720
553
746
737
489
454
388
529
73
243
673
288
242
590
248
177
280
101
469
360
458
669
231
73
304
76
533
562
654
178
56
374
182
75
331
326
588
293
236
498
340
471
714
404
390
401
211
89
235
17
188
223
24
477
439
464
180
390
502
343
387
109
722
381
175
451
30
6
652
298
172
757
381
211
327
556
331
361
358
631
149
671
464
97
658
704
74
533
224
284
705
191
683
674
214
180
427
374
112
708
391
763
274
497
510
254
410
549
71
653
339
734
341
527
712
397
542
67
91
685
186
704
33
551
402
93
217
301
309
387
674
17
308
371
66
566
680
164
154
694
407
613
21
219
1
672
176
500
190
295
123
674
222
602
286
61
741
363
321
627
368
579
107
645
160
43
58
395
483
588
121
269
621
279
258
567
267
193
241
292
142
730
18
375
129
10
17
176
609
330
333
388
23
579
483
420
498
628
209
304
689
175
704
596
19
384
580
301
374
33
585
163
192
647
613
555
112
46
690
546
477
305
276
484
1419
586
1081
1360
1050
731
1390
1421
448
757
969
899
446
662
1476
561
996
1296
1221
498
372
172
1003
851
622
1133
1253
1115
838
1276
893
837
545
632
816
739
1019
942
612
1315
767
885
892
647
1125
1015
1153
999
886
697
1064
456
1188
850
1286
817
157
714
835
186
1034
751
964
723
966
937
398
985
1025
1043
989
546
866
604
875
738
808
592
645
1038
1015
651
817
567
1268
823
887
449
967
915
645
801
612
51
757
649
520
1448
1147
853
449
912
994
959
1003
929
553
1096
766
522
805
787
681
568
350
789
1101
572
1098
862
985
647
441
1014
390
900
879
1522
746
1018
748
749
857
858
149
1338
612
976
570
973
1394
830
1193
416
573
1034
552
1133
250
972
1138
832
269
826
983
463
1063
89
631
436
746
1222
979
306
614
819
493
1299
429
372
260
1190
624
1180
855
871
495
801
268
899
454
300
1291
787
1080
1255
978
1165
877
974
320
677
210
1002
807
769
223
408
1252
508
354
628
741
296
838
944
602
880
59
546
855
181
230
275
1279
419
920
585
101
1313
1005
1180
1259
993
243
501
927
360
823
1238
329
960
874
665
1089
748
1228
633
725
732
1105
627
863
687
1038
819
1024
971
958

5
250
16
19
12
11
11
6
12
12
11
17
9
15
10
10
6
6
9
17
15
7
10
6
19
20
15
16
14
16
8
18
8
11
10
10
16
5
10
19
9
5
19
11
6
15
19
11
9
13
17
13
15
6
19
18
11
12
8
15
15
8
16
10
16
19
15
18
18
13
7
13
16
17
15
10
20
9
15
15
12
14
16
9
18
6
12
15
9
18
12
18
16
18
5
7
6
13
12
8
15
18
9
19
15
11
6
17
7
12
11
11
19
14
9
17
17
15
15
8
12
14
12
11
7
18
19
17
8
18
9
11
12
6
19
13
7
20
5
13
9
13
8
8
7
13
18
19
16
10
10
13
8
15
17
19
19
11
11
7
7
7
14
16
12
6
11
6
10
8
14
7
14
13
16
19
16
16
12
6
14
14
6
19
14
10
9
20
17
13
7
6
19
6
16
19
10
19
16
12
13
10
13
7
10
14
16
17
10
9
12
11
20
6
11
6
7
16
9
18
8
14
16
19
6
17
8
14
12
16
19
19
9
6
16
15
20
5
17
9
5
14
13
19
6
9
18
16
12
10
12
15
0
756
530
653
244
782
110
711
119
674
550
684
69
199
563
530
516
782
35
335
776
616
594
687
416
538
693
563
180
194
126
50
211
678
92
643
69
264
323
166
636
217
676
309
552
198
37
161
718
243
731
34
20
671
230
22
547
328
443
215
734
309
615
428
211
151
160
67
317
722
337
705
401
45
335
169
683
193
329
435
749
462
777
765
517
490
248
762
635
345
2
554
466
752
240
676
89
731
201
718
536
551
434
93
2
170
478
757
757
286
546
283
71
100
440
338
352
500
355
46
0
464
728
66
174
108
289
281
8
552
496
374
499
633
531
362
642
332
507
126
503
700
214
533
337
702
15
437
195
463
672
63
153
290
63
315
93
237
105
625
745
628
564
678
199
398
171
706
199
788
634
199
659
204
68
757
662
389
608
305
150
263
168
170
69
732
204
427
678
762
236
259
542
126
733
48
639
186
108
643
321
736
309
458
609
58
472
60
778
162
197
685
544
697
592
44
124
65
219
241
240
635
73
418
620
308
572
770
679
460
724
10
115
680
584
312
747
65
632
231
244
754
726
674
346
318
171
471
526
235
792
1088
1008
1175
470
1079
575
1310
590
1014
748
930
534
749
666
599
694
1471
160
495
959
848
636
966
652
634
1034
748
893
402
652
609
427
1023
220
1028
182
461
462
276
667
286
732
532
1093
556
653
600
899
269
1071
413
756
800
359
479
1232
560
1146
852
1220
948
1382
491
240
882
698
435
709
1433
707
822
864
517
930
615
899
436
579
1118
884
1145
881
884
890
775
616
1221
817
1107
296
1192
998
1139
369
1332
256
942
317
1408
1094
996
531
853
650
556
1208
1067
1527
810
1128
509
473
309
1129
809
1143
1128
770
744
754
937
1267
851
970
846
815
351
626
1204
1147
492
1022
1266
1000
762
932
465
977
219
1244
983
837
1116
940
1480
464
693
313
1086
1204
627
689
769
821
566
858
340
600
1069
1351
1280
777
1418
789
900
285
921
883
1563
1418
412
1327
707
134
1393
990
948
925
348
233
291
217
900
94
930
635
1137
1095
1194
1038
807
690
442
970
847
1385
576
720
1035
1079
881
802
877
1304
140
1191
615
812
215
870
1161
1010
1188
1040
91
694
643
306
1021
371
661
479
849
698
774
597
973
1244
600
947
801
406
1408
840
886
1368
705
958
504
420
1183
1228
1465
1011
415
892
679
892
357

6
250
14
20
18
17
15
17
14
10
18
16
6
18
9
10
17
8
7
18
17
8
12
9
13
13
17
11
14
11
13
11
20
13
9
12
7
12
17
18
18
13
11
17
13
9
6
14
6
6
12
7
17
8
18
14
16
10
16
6
8
18
16
19
6
16
14
8
6
8
19
16
6
20
15
16
8
11
17
14
18
10
19
16
6
19
18
10
10
8
18
14
13
7
13
6
14
15
11
6
9
11
19
7
9
9
19
7
15
15
12
19
7
17
12
9
11
8
19
19
8
9
8
12
18
13
15
13
9
5
15
6
18
19
11
10
18
5
14
15
6
18
16
14
16
7
10
9
9
6
19
13
20
12
18
13
8
11
18
17
6
11
18
11
12
7
18
12
20
16
13
8
6
11
7
12
11
18
19
12
14
19
17
19
12
18
10
17
18
18
11
5
18
11
13
12
10
14
11
5
19
16
18
17
18
18
18
19
8
14
6
19
18
15
5
16
12
9
8
8
19
9
12
19
14
11
15
16
6
11
6
12
7
10
17
14
8
9
19
7
6
15
18
14
19
15
20
19
17
11
14
7
0
617
216
39
2
194
614
301
727
66
150
486
515
628
672
82
747
223
94
264
619
752
303
465
688
372
492
713
374
269
766
602
767
392
109
652
233
621
632
145
606
42
593
432
192
284
198
527
235
764
255
440
246
665
760
686
3
332
446
504
544
791
353
161
175
503
344
217
431
181
493
672
227
255
313
161
423
193
496
532
263
412
109
6
642
640
391
467
513
312
25
746
570
530
286
659
531
213
107
577
111
536
252
299
507
580
693
564
348
712
695
487
669
663
214
720
777
737
21
761
370
403
777
227
262
258
61
580
120
22
523
172
122
145
699
91
67
514
217
742
446
607
657
203
609
211
648
124
151
235
403
324
278
314
542
783
765
776
712
251
586
49
625
492
229
721
124
533
75
790
119
426
109
288
168
523
174
602
206
427
409
54
596
562
256
185
718
39
527
485
776
227
465
37
579
430
727
774
780
723
211
147
345
785
68
187
552
99
388
584
428
435
496
328
392
686
451
585
609
287
140
235
329
483
38
159
73
316
20
453
806
792
282
175
362
391
775
763
636
227
784
137
763
390
696
414
315
134
329
90
665
1050
958
147
196
622
1145
516
1483
386
425
1244
1212
929
907
561
1527
301
902
348
1418
774
533
958
884
738
710
1222
393
465
1075
740
1581
1147
817
813
500
1081
662
557
1113
431
736
661
226
914
285
789
333
1202
286
698
752
1080
866
728
416
561
818
1314
1204
1543
409
302
740
1126
989
749
840
619
1295
1276
262
591
723
904
1217
362
568
1332
650
780
601
231
1419
793
716
535
764
837
664
1480
687
818
562
1433
1045
220
134
1140
504
970
683
532
834
1167
1507
684
1130
1489
1149
1041
1463
783
967
1229
923
1393
154
1417
826
1171
957
805
499
1063
158
1288
933
339
1004
593
839
913
1325
116
349
1128
984
988
653
1082
757
211
633
844
1312
235
439
530
916
1028
811
644
838
1388
1118
1208
1151
940
889
414
732
766
447
1064
921
845
834
1254
377
1032
878
1059
513
658
499
823
846
883
790
196
704
907
502
1000
1165
378
1052
1249
1505
455
1040
428
1381
810
754
1488
1273
927
728
216
941
1527
179
351
833
747
586
841
1228
964
826
971
563
810
1006
991
1169
379
904
683
806
585
381
634
195
461
460
918
995
871
521
916
713
559
1355
1335
1357
356
951
442
943
597
1511
498
752
384
635
466

7
250
11
10
8
18
8
18
9
14
9
17
6
19
14
19
8
13
11
7
13
8
8
20
8
16
19
8
19
8
19
14
10
8
18
12
9
16
13
13
13
8
14
16
16
18
16
9
20
7
7
7
11
15
15
13
16
11
10
11
16
14
11
11
19
18
7
7
17
9
11
15
15
18
7
10
14
9
13
7
16
16
19
16
19
10
16
15
13
9
6
16
6
18
6
13
19
10
15
18
11
18
19
10
18
16
11
6
15
15
9
8
6
7
16
14
16
16
20
16
18
18
15
7
9
7
8
8
14
9
16
7
15
8
10
7
11
18
17
10
16
13
11
13
15
18
5
8
9
15
9
13
10
14
9
14
15
13
10
12
13
7
9
15
20
9
19
9
8
20
7
16
16
17
11
16
5
10
5
8
19
10
13
14
19
15
12
7
13
15
5
15
15
7
15
6
16
9
10
11
12
15
6
15
8
16
19
6
16
14
14
10
19
5
18
16
7
5
17
17
20
11
6
16
11
10
8
19
6
16
6
15
17
9
17
16
17
16
18
8
19
15
9
7
14
12
12
12
16
10
9
14
0
60
651
283
144
495
405
601
50
169
406
109
646
174
701
113
382
22
456
178
299
119
64
184
336
738
399
695
672
64
122
499
546
581
230
785
783
415
211
630
110
156
501
358
141
199
342
581
468
221
219
114
309
250
334
250
725
779
361
468
274
574
611
172
140
666
387
169
567
577
748
387
734
775
381
143
403
566
463
595
536
687
122
744
423
598
723
7
315
523
631
278
32
604
210
56
174
131
299
317
340
223
554
517
187
347
556
495
118
695
643
42
330
20
629
77
513
170
473
356
531
616
255
33
415
521
379
693
15
291
147
89
575
487
358
605
692
268
184
204
750
325
286
115
408
679
68
180
83
654
225
357
461
56
76
554
734
223
43
777
624
28
339
39
591
463
716
756
563
286
217
543
247
301
202
160
565
328
136
97
627
122
448
371
4
128
369
423
721
715
320
306
628
511
713
57
125
350
437
15
498
76
255
550
121
215
238
41
621
491
389
566
124
115
654
487
660
470
58
703
523
176
577
583
254
472
544
159
118
668
520
305
434
24
119
172
731
764
73
137
419
259
605
88
117
132
181
528
14
645
659
293
1366
549
163
792
950
760
171
666
767
811
876
324
1041
571
1031
292
960
791
1089
696
688
422
1139
1184
626
1482
1246
120
534
649
1283
887
924
1338
806
582
402
1116
834
667
773
1143
339
296
539
593
977
458
825
419
451
617
668
371
1094
1151
794
1102
1058
1255
878
930
792
1450
689
358
790
1291
1027
1175
1443
1371
835
189
527
1072
1246
1055
751
1091
434
1442
853
1282
966
383
881
842
1030
410
480
1250
590
273
424
229
851
539
444
794
904
780
443
825
945
803
440
1337
1211
329
773
422
688
721
1164
201
785
947
1022
667
470
78
996
773
394
873
337
970
706
485
1083
969
1098
1043
1218
1060
929
722
901
612
710
452
962
692
794
241
474
1232
714
608
675
344
434
1271
1175
567
82
1400
956
462
948
86
1186
592
979
1145
1091
995
466
1309
601
823
598
676
707
1045
615
878
1311
425
1241
755
82
368
515
818
1408
1398
869
974
1402
979
1334
424
190
840
543
701
821
384
657
1202
857
795
872
767
1196
661
603
800
899
165
1071
820
1277
556
191
731
776
944
659
734
995
979
699
683
200
1373
1206
570
606
621
912
283
844
1008
527
886
693
341
1095
204
642
522
412
726
230
714

8
250
14
7
9
16
12
12
12
11
20
19
6
13
6
12
15
11
16
8
10
16
5
11
10
19
18
6
13
6
10
19
18
16
8
17
5
19
20
11
6
17
15
7
19
16
11
15
15
19
9
17
16
19
10
17
10
7
18
20
6
18
17
11
5
17
9
13
11
18
19
11
10
20
8
10
13
12
12
9
11
6
13
20
6
15
18
15
8
12
18
9
10
13
17
12
14
19
15
6
9
12
13
18
11
6
9
7
11
7
19
15
10
16
9
10
5
9
18
9
20
15
15
16
10
12
13
18
15
9
15
15
7
11
8
8
13
13
18
12
19
20
12
19
7
20
12
17
6
14
15
20
8
16
15
12
18
15
9
8
15
18
7
5
10
6
8
13
9
18
15
16
9
18
17
7
18
19
16
16
10
11
15
19
14
16
16
7
11
17
7
5
8
5
12
7
18
9
18
6
12
17
17
15
9
9
16
9
17
6
10
18
17
19
7
9
6
19
9
14
9
8
12
16
8
7
15
12
15
16
15
17
8
7
19
13
16
10
5
10
14
17
18
10
10
6
14
19
19
18
9
11
0
459
651
439
526
678
694
73
734
376
535
55
597
20
752
290
655
29
721
346
761
785
681
512
610
329
398
341
615
607
7
202
138
126
275
579
95
574
732
639
587
498
45
368
553
414
279
633
471
389
330
703
755
156
47
296
70
305
346
137
536
291
139
134
164
542
43
284
188
448
168
246
474
302
362
296
333
553
549
412
182
100
794
183
710
495
312
283
550
285
632
253
255
688
194
467
69
458
712
664
59
348
646
528
460
586
85
262
463
642
351
272
433
613
346
305
242
770
1
332
289
184
118
328
264
525
216
470
658
47
377
468
479
548
749
363
139
383
722
710
602
312
189
489
598
22
128
230
482
173
146
722
235
539
575
23
182
341
377
627
673
100
45
60
554
748
778
639
223
144
328
519
335
217
695
167
377
226
213
731
100
505
314
566
68
122
316
617
352
105
172
256
768
438
448
626
110
78
361
283
154
143
660
184
761
436
234
428
587
562
402
222
78
610
196
195
587
713
565
230
246
10
22
689
333
711
453
193
488
277
48
234
497
484
19
226
519
477
480
426
777
192
220
322
528
350
403
360
527
736
694
656
716
924
1006
1185
1375
475
999
1185
1112
194
1114
294
1312
599
1083
430
1292
435
815
1332
716
1025
1139
625
1102
954
703
1274
563
249
688
402
978
1132
701
847
959
1028
1134
1002
821
606
725
991
1006
788
870
866
518
1494
834
931
175
586
343
530
884
256
635
571
145
804
726
779
676
572
579
660
318
840
638
908
948
897
1060
721
704
790
811
346
954
563
926
1231
1099
882
1113
464
1377
426
875
1149
422
990
131
1156
1316
1442
813
517
969
1280
542
604
365
949
519
748
1058
700
1126
933
789
366
481
1254
486
1016
912
513
444
1088
639
992
639
971
1144
764
894
628
833
931
913
836
326
471
760
901
707
561
766
793
1322
599
222
705
544
687
495
1151
444
1339
1199
497
782
1099
531
1204
1290
222
242
817
914
1522
974
1365
297
719
1054
1089
938
296
1389
823
936
298
698
796
619
607
632
907
454
311
802
1131
619
771
262
732
1351
859
633
986
582
114
853
1016
843
614
671
549
1325
778
907
788
1138
866
932
944
243
1178
777
951
937
1016
882
939
313
738
469
1311
531
1430
590
345
978
802
673
570
796
879
246
963
1250
1048
971
975
799
579
861
852
627
852
529
594
1163
1288

9
250
13
11
20
10
8
13
16
8
13
19
12
8
15
5
6
8
13
17
13
19
13
14
11
10
12
10
18
13
16
11
18
12
10
14
9
18
6
18
11
10
17
16
8
16
12
6
7
15
13
7
16
13
11
9
11
19
6
5
7
16
19
7
14
7
19
6
8
17
15
15
18
10
9
18
7
16
5
17
11
14
20
8
19
14
11
10
19
9
17
9
17
5
16
20
14
6
13
16
10
17
18
13
14
8
6
6
15
9
10
5
9
20
11
12
17
15
6
9
18
11
18
17
16
15
11
9
9
14
6
18
9
10
19
17
16
19
10
8
9
19
19
13
17
16
9
18
19
17
11
11
13
9
10
16
7
12
15
6
10
8
12
17
17
8
14
16
18
15
7
11
16
17
17
17
17
16
19
13
9
14
18
17
20
6
8
9
9
19
14
9
14
11
15
12
18
16
19
9
13
13
11
7
18
12
8
6
16
7
16
18
18
9
7
9
19
18
9
6
15
18
17
14
8
14
9
17
15
18
12
6
14
13
19
8
17
8
17
12
15
17
17
12
18
13
13
13
17
18
11
6
0
635
626
99
356
8
367
8
122
296
115
28
594
714
806
391
416
455
558
723
640
203
699
192
347
474
376
489
698
427
215
179
232
399
463
791
56
536
368
303
124
364
350
32
430
562
31
578
384
488
105
741
539
766
316
56
736
480
732
326
449
683
177
331
233
547
631
74
385
286
179
676
553
390
228
140
442
35
728
142
515
313
246
681
400
635
398
154
382
423
89
278
442
61
0
358
617
331
351
491
370
767
309
612
739
162
587
455
519
473
691
262
700
454
413
25
372
375
256
335
746
153
709
209
481
163
716
594
583
741
76
74
473
796
484
325
242
399
276
604
374
522
156
427
252
757
471
192
425
276
32
371
291
454
445
311
188
707
155
492
363
476
690
406
174
521
457
760
459
335
183
539
350
160
192
53
324
385
709
512
355
347
700
767
125
620
803
300
624
323
205
234
416
777
279
175
388
621
5
368
596
135
15
540
612
703
281
89
682
241
234
642
586
324
35
339
775
76
493
214
256
591
359
734
623
595
581
8
243
692
542
748
85
91
709
410
345
770
734
607
512
546
194
567
559
470
674
247
579
788
279
1070
1243
504
502
431
665
634
675
366
429
87
894
920
1009
1018
838
749
738
1057
931
1009
744
239
909
1081
741
1271
1156
1204
752
201
737
426
1039
1569
759
580
914
362
475
1163
503
208
1141
743
52
1246
503
1094
645
1383
632
1339
829
875
826
1053
1390
468
881
1178
381
1108
619
557
1160
107
1201
569
525
1318
1130
995
1025
744
497
484
1193
210
946
869
335
1001
946
1218
587
374
819
1071
491
674
534
424
237
937
936
484
999
754
431
916
772
831
1409
762
1259
1093
1188
1133
943
706
1462
894
937
120
815
968
1018
954
1152
663
1428
942
1047
556
1392
887
945
1237
199
116
955
976
798
1127
723
1057
696
728
430
991
928
709
438
843
628
619
664
576
172
805
354
609
618
1113
786
1297
351
565
561
1107
1095
510
281
542
784
1216
733
468
738
729
922
351
573
696
928
826
1030
1198
743
475
1198
1412
845
1350
1194
335
1167
369
309
481
1127
1250
601
269
622
675
354
1011
1366
459
580
653
1200
783
387
357
968
636
845
1421
1141
729
207
1099
845
566
873
979
1060
785
669
1163
1431
873
736
174
781
1291
1018
1263
767
550
1294
911
480
1128
1122
1093
902
1283
576
910
1041
1093
843
617
845
1215

10
250
16
9
8
19
8
12
17
16
5
9
19
10
9
8
19
6
15
6
5
11
10
10
6
9
13
11
18
8
7
5
17
9
13
10
18
17
6
19
20
18
17
17
17
6
6
15
15
17
11
14
10
19
17
12
14
9
18
16
7
18
16
13
9
20
7
19
14
9
16
19
17
10
8
5
19
20
20
14
7
20
9
18
10
7
10
6
6
10
19
20
8
20
9
19
5
20
10
14
5
17
8
15
5
20
15
16
6
7
9
12
17
9
15
9
20
17
13
11
6
18
7
9
18
10
18
10
17
8
18
15
16
16
17
11
19
8
13
12
6
11
11
5
16
15
15
17
13
15
11
18
14
6
14
11
17
19
10
8
20
18
8
18
11
8
7
14
12
15
17
10
15
15
7
7
13
16
5
8
8
12
6
20
9
10
9
19
19
12
14
17
11
15
13
16
16
10
6
20
18
14
8
8
16
14
14
18
10
9
12
17
7
16
8
12
10
12
17
18
7
15
17
18
12
16
18
12
13
9
16
9
6
12
12
11
7
18
7
11
17
13
11
13
15
19
12
8
9
16
17
6
0
154
51
364
141
63
329
97
688
424
655
466
280
415
200
727
134
624
770
245
103
103
245
26
138
20
387
28
113
324
665
324
8
74
147
279
494
559
549
635
355
418
721
281
313
155
283
549
170
484
306
81
409
2
487
242
748
436
563
164
413
342
653
597
578
612
336
422
241
259
663
234
262
281
202
21
498
453
418
594
779
457
363
547
192
549
761
792
657
464
622
507
515
478
127
508
2
167
64
263
372
368
432
601
248
700
414
704
365
534
746
642
440
539
351
432
105
776
195
517
362
408
652
201
10
565
580
543
196
336
295
293
411
129
735
95
671
2
216
391
362
46
139
296
535
755
401
338
131
138
624
468
84
593
665
200
205
65
649
222
419
362
327
430
4
5
390
77
26
513
774
549
268
646
178
579
584
357
570
296
377
101
232
729
566
578
601
94
145
449
90
477
455
303
180
23
514
81
125
147
511
612
3
480
779
443
382
748
631
211
43
558
280
170
706
414
690
738
321
490
589
434
570
479
604
244
591
230
247
74
199
524
76
288
510
508
333
350
592
681
443
416
317
14
196
270
79
55
654
681
426
795
95
1128
254
94
448
408
1329
486
692
596
687
883
588
1087
209
1012
1445
369
292
194
562
333
580
189
1009
786
803
334
1062
370
605
863
453
447
714
884
864
1244
483
739
1505
1068
355
791
684
623
500
576
792
797
852
85
755
255
906
779
1089
975
835
805
978
670
1066
1251
445
653
611
1059
1347
740
596
716
599
694
857
1173
858
871
1279
1064
523
860
754
561
781
1303
1396
563
1299
529
1158
1100
766
937
474
249
779
848
684
1100
865
815
394
816
459
1057
847
786
1311
901
956
1294
585
1199
221
1446
852
932
560
1202
988
997
723
874
1034
569
232
404
647
734
594
142
857
792
1374
19
489
500
1093
213
649
464
752
1173
936
637
675
400
1208
1180
568
671
1123
634
452
861
817
440
582
521
814
687
378
757
1144
718
746
784
902
1130
372
1097
744
700
753
786
835
1074
827
897
525
825
798
1134
1170
659
187
1228
809
1202
683
438
572
155
586
186
876
423
908
1034
363
943
1119
549
1129
1030
733
538
362
1076
635
302
749
823
1131
1022
609
614
968
782
984
1029
883
1049
801
785
596
672
785
1212
774
533
776
981
614
669
1394
747
856
1017
452
637
491
1017
669
417
1056
1409

11
250
9
5
10
9
13
10
10
5
9
6
8
17
15
16
6
15
6
7
19
15
8
14
17
13
6
9
17
8
6
10
8
13
8
20
18
9
7
15
9
17
7
5
15
7
14
11
7
17
8
9
12
7
13
7
11
19
15
15
13
14
9
14
13
14
9
9
14
17
6
13
17
8
11
16
9
8
8
10
20
11
7
11
18
13
15
7
13
13
16
18
20
14
9
15
12
18
13
15
14
8
18
16
15
10
19
6
6
10
16
19
10
9
17
14
9
14
18
19
9
20
8
12
15
10
15
7
15
9
11
12
9
12
15
7
13
14
17
7
12
15
6
17
20
11
19
10
9
16
7
19
17
12
7
12
17
19
16
12
17
20
10
11
10
12
7
15
18
17
5
19
7
7
17
12
12
10
16
16
19
8
19
12
5
9
16
13
17
7
10
9
12
15
19
18
6
17
18
10
7
17
20
15
10
11
6
12
11
15
9
12
14
19
15
6
17
6
10
15
13
12
6
6
8
7
20
16
6
17
17
5
14
19
7
10
15
18
19
11
7
12
6
13
7
16
9
9
20
15
14
15
0
310
253
49
385
187
320
392
338
302
520
621
578
426
605
29
250
104
611
585
712
45
620
407
558
587
81
157
407
145
245
47
432
20
620
182
187
765
718
423
671
348
287
166
452
87
77
386
424
103
171
638
561
294
250
300
158
107
361
598
311
36
383
513
117
419
635
77
748
473
264
292
402
72
476
86
451
254
13
336
390
376
725
746
384
204
617
370
550
227
702
664
376
37
723
300
511
368
58
640
310
162
456
320
303
433
710
161
651
120
715
713
157
324
408
529
744
587
244
610
398
522
258
3
303
463
519
301
669
580
23
204
218
607
697
177
12
394
443
681
382
348
388
158
139
431
271
113
687
644
186
369
318
112
327
312
590
14
11
758
57
541
726
687
302
201
608
425
350
0
503
126
538
757
535
513
393
725
423
127
56
271
170
651
562
739
494
710
219
399
426
492
89
49
651
661
415
348
26
205
233
380
7
566
498
324
568
663
613
4
39
167
256
66
141
273
254
606
179
54
505
174
127
758
280
756
429
745
434
66
544
319
531
663
215
723
434
265
112
378
130
464
430
335
407
552
263
484
465
541
181
328
740
192
402
815
882
403
864
830
789
1251
715
590
818
338
934
707
1172
783
1270
382
865
1179
997
1062
520
803
554
493
619
204
766
496
1367
421
587
807
1194
516
1116
434
895
267
483
835
263
973
442
803
457
1024
976
814
550
946
428
254
614
1319
694
605
702
625
450
641
988
437
1061
1084
1046
778
728
105
1094
487
623
430
263
366
902
861
1386
1072
1114
521
732
504
1270
425
1313
971
616
484
1011
948
976
545
789
928
843
392
758
591
422
1099
998
411
1377
628
1279
1287
612
1031
796
682
1202
1345
890
1003
516
956
966
415
1058
627
1206
1048
735
736
252
763
697
1346
1302
525
381
934
837
1301
871
395
622
760
386
726
824
843
981
1298
396
903
810
530
899
758
673
65
790
1280
690
1060
1043
736
895
490
1193
815
1041
226
669
205
621
1081
767
860
532
978
1126
643
487
776
732
677
1170
936
722
1175
671
914
660
825
502
632
810
1329
1192
526
313
593
805
1154
447
814
761
1006
1033
1029
825
515
424
419
689
230
233
439
830
936
681
579
975
749
812
887
821
907
929
1130
762
388
765
968
538
1360
724
1054
988
832
554
1119
518
1234
1176
877
539
926
867
756
852
878

12
250
19
15
14
7
11
8
14
11
16
8
11
20
14
9
14
16
14
9
16
11
7
12
13
13
17
13
11
13
14
19
16
10
9
13
11
19
6
10
9
12
12
9
16
6
6
7
7
17
13
15
11
13
15
18
17
9
14
13
15
16
7
17
6
16
17
18
19
9
12
14
14
8
18
16
9
7
17
19
20
7
15
10
18
18
9
13
13
16
19
7
13
11
9
11
16
7
16
12
13
13
20
14
8
18
7
14
10
13
14
15
11
12
8
18
12
10
10
9
16
6
9
18
18
8
13
11
17
12
11
16
17
7
9
8
12
13
9
16
11
5
17
18
9
6
11
16
5
19
18
7
9
9
11
6
18
16
20
19
7
10
19
9
14
17
15
19
13
20
11
5
10
11
7
9
11
5
13
11
13
20
13
16
14
16
18
5
19
6
8
12
11
7
15
10
6
9
6
11
12
13
18
7
8
14
18
8
11
18
19
8
8
18
11
6
8
16
12
18
18
7
8
6
6
17
20
9
14
14
16
17
18
7
15
15
11
16
6
8
12
19
19
9
16
6
5
12
6
6
17
16
0
495
156
583
772
201
770
120
171
727
613
437
607
309
419
157
201
405
159
722
308
547
199
661
615
671
225
480
528
177
227
584
444
440
453
719
11
778
763
482
219
68
156
24
194
233
28
518
199
441
268
388
174
39
285
109
636
607
330
683
723
263
397
13
203
172
636
346
233
43
557
610
349
243
191
57
480
526
480
293
22
572
606
166
425
109
438
178
222
690
360
7
621
688
428
345
479
360
449
419
323
760
618
76
481
126
395
133
525
307
715
520
643
407
201
49
493
322
602
450
35
682
446
596
220
99
681
684
260
334
539
750
258
74
367
35
464
368
571
267
485
85
184
705
627
554
540
447
126
71
455
536
666
565
60
333
610
85
476
159
22
423
118
9
335
406
515
108
72
281
641
107
52
196
407
376
24
284
116
625
167
139
182
68
296
537
354
631
87
509
418
256
166
395
74
393
386
118
726
717
565
175
649
492
15
29
299
646
365
640
657
260
217
356
483
261
148
241
264
201
374
284
68
154
242
236
641
618
560
514
397
753
15
578
762
342
699
358
66
313
776
553
123
225
194
386
230
16
594
313
425
1013
568
1080
1059
819
1290
284
803
1329
1169
847
833
1008
746
853
701
958
584
963
738
1095
518
1401
1116
929
569
990
906
794
616
648
1194
752
645
1217
86
859
1135
1066
707
722
515
743
791
484
200
1205
446
523
385
482
453
223
574
648
1371
1083
751
711
734
461
894
570
789
508
716
564
784
179
1271
1198
407
988
475
780
625
1262
1038
476
572
1208
908
359
982
532
808
519
956
1350
874
435
963
773
764
1083
590
521
1153
683
520
813
1401
354
514
580
601
391
801
639
1495
1135
1136
883
411
663
913
495
789
1152
510
927
708
1296
944
168
1418
1279
690
920
1263
979
586
757
932
743
971
948
864
803
1111
496
315
1170
717
1120
744
980
417
764
495
655
776
1138
435
775
862
819
621
441
472
871
748
376
828
1001
1230
201
165
1027
894
417
576
965
542
411
250
1039
303
1081
475
298
376
450
950
895
692
1233
149
835
494
456
879
990
545
1094
1069
775
999
1420
1225
432
764
945
657
516
981
1263
731
1167
992
1010
594
981
502
646
269
496
987
657
675
555
436
351
615
936
1269
989
1246
786
948
1155
300
932
990
473
1224
558
110
886
860
1106
538
267
305
728
635
44
1175
836

13
250
6
17
5
14
6
11
9
7
9
17
19
12
13
12
11
11
14
18
11
16
11
6
17
12
14
19
13
17
16
9
10
11
13
5
12
19
12
5
13
6
8
10
6
12
10
14
17
19
10
7
17
19
12
10
11
17
6
10
13
16
15
15
19
19
7
14
17
11
9
17
14
19
11
8
19
15
13
18
13
9
7
9
9
17
16
10
16
9
19
18
14
19
7
19
15
10
10
17
18
18
18
15
20
11
19
12
18
10
11
17
19
20
6
10
18
10
15
5
5
18
12
20
17
11
18
6
15
19
18
11
5
10
15
16
10
17
9
18
17
18
7
18
7
12
15
8
12
11
14
17
11
20
9
16
5
17
13
10
12
18
18
9
10
16
18
13
13
19
10
19
11
15
17
7
16
12
15
10
12
6
14
9
9
17
13
6
15
7
16
9
13
15
20
17
15
7
15
17
12
20
10
19
18
5
13
15
11
9
13
9
18
11
18
9
9
17
16
17
18
10
18
17
14
12
8
10
9
14
7
14
10
18
7
6
8
12
7
6
18
17
18
7
11
12
12
7
5
7
17
9
0
340
304
297
771
475
605
689
781
215
156
192
203
322
805
618
156
755
386
406
64
62
295
623
727
385
252
208
132
360
339
49
684
545
151
386
162
419
631
642
386
297
51
702
265
107
186
631
766
313
434
278
561
157
764
602
219
104
124
89
144
458
706
201
466
595
659
323
167
465
171
177
423
751
287
659
585
102
17
93
646
349
152
248
219
375
779
572
631
37
105
614
150
453
146
401
238
276
256
184
760
85
203
594
414
788
205
622
489
113
272
83
787
509
804
757
335
254
322
786
593
466
358
692
394
616
461
281
500
707
622
776
529
491
520
298
514
148
788
271
335
73
551
397
393
161
453
557
15
261
611
216
169
590
262
771
542
539
658
607
768
312
236
411
707
600
537
437
699
715
621
17
708
41
71
352
101
10
415
745
201
183
64
578
57
136
30
417
487
748
170
51
385
462
23
550
338
263
96
71
771
61
736
191
1
200
95
398
375
484
416
729
454
741
756
691
774
168
705
732
346
280
474
37
128
640
126
161
302
264
278
199
355
320
575
248
60
55
700
507
695
117
208
647
557
362
350
509
245
665
136
680
776
1029
1022
1183
1211
746
1501
786
269
908
384
866
1326
752
584
1142
934
464
851
240
673
1032
1116
967
789
241
311
679
597
583
903
694
778
952
378
503
1249
688
754
852
301
915
364
428
713
895
1330
983
957
1022
1024
188
892
731
945
579
729
908
489
1178
1499
1001
913
872
1460
1128
869
1066
584
262
531
1246
1006
1394
1391
819
285
477
1165
711
234
636
517
587
1318
774
913
319
541
1354
762
681
184
997
611
967
661
396
838
205
276
719
599
1457
249
955
732
921
569
836
1434
723
1200
1370
794
642
682
1293
1077
1090
1080
1016
778
709
527
723
855
1207
1304
816
856
596
797
1015
553
617
1041
713
356
892
685
863
917
264
833
1315
767
841
1251
804
594
1044
1015
1037
780
864
991
1123
1539
678
961
521
1379
1309
1311
904
1497
1535
980
174
1287
515
876
373
633
658
451
1008
799
451
646
1125
71
401
129
941
919
1150
298
807
815
524
634
863
1076
1083
378
218
1121
225
1165
531
323
877
757
805
674
1248
794
1066
1111
873
809
906
1556
666
809
1170
1158
445
642
851
690
701
773
888
891
696
869
442
1006
398
1285
636
601
228
1066
1256
979
225
415
1319
944
698
692
1245
509
1314

14
250
19
9
6
15
8
6
6
20
16
18
18
18
6
8
13
14
7
16
15
15
11
17
7
18
9
10
14
16
8
16
6
9
17
10
13
13
15
5
8
9
12
14
14
17
9
17
8
12
8
15
5
11
7
11
12
12
13
19
15
6
13
12
8
8
10
10
20
17
17
11
16
8
10
16
11
15
16
15
9
11
9
6
18
8
15
13
18
9
13
16
13
19
11
13
16
16
9
20
8
18
15
11
11
7
17
19
14
20
17
6
9
6
18
15
6
8
19
17
7
12
18
19
15
8
12
19
16
19
17
9
17
14
20
18
18
6
15
19
19
18
16
19
17
17
14
13
15
18
14
9
19
7
12
20
7
5
11
12
11
17
9
8
15
7
11
9
18
7
6
18
14
16
10
15
12
7
14
18
14
7
8
18
20
9
14
12
12
6
9
12
16
7
10
7
11
7
8
18
7
10
9
16
12
12
9
14
19
10
8
18
7
10
20
5
6
18
17
6
14
12
10
19
19
16
19
10
5
15
14
10
12
12
5
20
17
9
6
12
19
15
18
7
5
8
20
19
6
16
16
15
0
241
473
302
458
196
192
322
360
173
99
421
213
566
278
143
790
415
696
760
728
43
171
511
166
562
716
751
280
597
388
478
333
471
301
26
606
669
202
137
104
61
310
522
598
581
505
793
327
786
269
740
33
88
8
453
711
67
778
422
616
12
684
549
328
123
64
571
375
787
201
44
197
214
562
384
462
320
730
758
6
104
109
649
544
683
792
91
107
458
309
82
244
605
291
513
26
142
305
507
284
776
498
102
652
786
585
221
156
513
551
654
567
320
125
162
261
81
17
790
18
115
391
651
570
735
356
300
625
304
303
613
580
95
537
598
21
768
432
71
554
326
285
522
493
628
550
366
88
532
661
168
647
225
47
494
347
376
365
67
273
16
450
697
444
610
478
452
153
365
479
596
669
539
173
628
771
644
351
588
657
342
70
34
727
13
213
184
435
320
522
190
417
692
670
398
369
239
409
394
641
206
630
693
33
368
384
669
131
405
406
775
739
220
278
42
708
715
555
120
627
589
165
476
245
200
414
766
578
104
342
585
407
544
317
674
289
642
216
563
603
373
328
699
418
110
69
66
368
16
289
779
925
752
607
363
857
347
625
486
342
995
433
1189
377
627
887
1111
1136
1401
1221
512
550
1164
227
1326
1031
1538
824
818
798
1278
816
1150
1041
767
1056
969
513
551
389
559
900
922
1293
896
949
1093
360
1476
1018
1158
373
800
148
577
1353
452
1515
1036
942
806
740
1335
530
551
529
1357
550
1358
542
585
317
504
812
1179
1228
800
1491
1495
540
562
607
750
992
1008
1495
631
378
848
476
533
600
1371
552
1044
441
437
998
1204
1031
854
921
846
1170
827
1326
827
296
1100
1012
1209
1308
756
316
782
857
194
625
870
671
785
1172
942
1288
847
848
490
648
878
989
1234
926
649
927
804
165
1491
553
339
602
681
969
1073
584
668
702
921
587
836
822
674
1263
346
539
726
960
976
720
422
879
670
608
1427
668
1349
634
572
538
1123
618
861
723
990
456
927
1534
791
705
644
1265
939
586
93
865
657
366
546
1196
609
912
635
561
1193
846
834
379
689
980
906
1230
981
1337
994
487
605
1044
1326
598
1041
939
939
1252
273
876
606
998
727
860
917
851
1207
602
810
337
919
1147
1523
614
556
595
824
793
987
979
783
945
710
339
1044
1047
796
488
996
893
536
350
345
450
608

15
250
13
6
12
6
14
10
16
7
19
11
15
9
10
8
15
5
7
9
5
15
10
17
16
17
20
19
18
13
11
10
13
15
15
19
6
14
16
7
17
16
14
9
7
8
10
20
16
13
16
14
8
6
16
6
14
18
16
7
16
17
5
15
10
12
13
17
16
6
9
10
10
16
18
19
14
8
6
17
11
6
6
17
11
13
13
13
17
16
14
13
8
9
12
15
10
9
10
19
18
11
15
16
16
20
10
17
6
12
10
11
17
8
10
14
12
16
10
19
13
6
15
11
10
10
8
9
5
10
7
15
17
17
13
18
18
8
9
9
12
10
6
19
15
12
9
19
8
11
17
13
11
12
11
9
19
12
16
6
8
10
13
9
16
17
13
16
6
17
14
18
15
14
14
7
18
7
11
15
9
17
17
20
9
9
7
14
18
12
19
20
20
7
18
7
18
7
15
18
19
5
19
5
12
7
7
10
18
9
17
13
11
9
9
15
14
13
17
19
18
13
14
14
6
5
5
16
9
19
19
8
14
18
13
9
12
9
7
10
12
15
9
13
5
14
10
10
8
9
19
16
0
395
38
677
14
315
196
498
297
684
329
456
396
456
51
173
194
225
385
278
394
662
736
243
510
444
517
270
336
154
50
614
523
245
506
695
636
343
646
0
462
476
248
779
612
559
193
464
367
299
503
381
524
522
362
731
618
291
618
575
594
173
313
150
225
568
246
44
111
773
408
10
662
179
393
550
554
250
574
667
453
107
644
396
207
738
319
716
767
521
403
92
597
212
400
556
189
65
227
696
527
226
696
196
522
329
128
306
364
83
517
679
183
657
323
404
176
88
566
515
202
464
521
203
304
592
326
422
159
487
77
62
482
758
215
742
473
611
599
708
599
145
729
126
91
540
60
608
16
7
112
174
538
158
273
67
89
389
715
411
682
388
422
355
549
63
619
778
189
634
51
196
667
62
189
708
736
617
592
552
509
688
136
254
291
346
747
528
738
558
461
138
766
591
550
12
157
52
271
730
151
715
67
456
392
557
47
734
360
111
533
682
510
298
86
265
344
137
122
209
331
28
626
511
227
287
745
710
710
613
485
757
81
318
110
171
14
327
499
588
350
519
280
8
69
446
20
231
40
131
718
597
536
1072
570
931
678
657
1049
1043
465
853
466
1210
575
572
845
724
575
1023
415
1062
1311
398
977
1243
964
994
950
850
376
699
874
404
624
1132
803
364
1229
25
935
552
881
1468
1374
898
635
737
391
654
924
705
541
1276
458
1066
943
987
763
808
1371
525
878
568
435
1174
355
63
125
1183
832
416
766
549
594
1326
797
656
994
1396
1127
461
1275
710
375
1229
717
1502
920
1204
874
837
681
970
595
1303
328
739
415
845
1025
276
1417
406
1312
590
440
563
1082
133
813
858
813
1100
696
1067
952
552
1178
877
648
693
547
678
531
674
539
1022
359
855
589
610
729
821
827
1325
502
1095
1168
1302
888
591
1407
183
526
1252
456
695
432
491
808
389
886
680
424
331
522
527
814
614
1363
995
513
837
641
590
667
1090
393
982
213
663
713
170
856
863
832
1177
905
1322
1095
816
759
849
307
873
991
1026
1235
690
586
631
1277
686
1242
328
838
529
887
1102
943
720
341
861
471
1029
197
958
975
427
673
1163
796
518
483
423
958
235
267
531
391
543
1181
1292
620
1065
1321
1478
859
834
1207
952
780
907
280
682
374
637
1102
1285
419
942
583
491
777
1012
42
811
412
904

16
250
7
19
8
19
8
11
15
5
5
14
12
17
13
16
17
8
11
12
17
14
13
12
18
17
7
19
14
18
11
12
7
11
19
5
7
20
7
15
14
20
13
19
18
17
15
7
19
7
19
20
16
6
11
11
10
8
5
5
14
18
17
10
6
15
7
15
16
10
20
16
6
18
16
7
10
17
13
8
17
10
14
11
11
7
12
20
17
14
8
15
16
9
9
9
18
9
12
13
16
10
7
10
7
17
13
15
15
16
7
18
6
18
11
13
19
18
14
11
19
9
10
5
14
14
5
5
13
16
11
11
12
16
9
6
6
6
10
12
10
10
16
17
16
18
8
12
8
6
5
16
17
14
15
16
14
16
8
9
6
18
20
16
9
8
18
12
13
20
6
17
14
19
12
16
8
17
7
17
16
6
15
20
14
5
20
17
18
12
5
15
20
13
15
8
6
19
13
19
12
8
11
12
15
13
14
7
20
5
5
12
20
19
16
6
17
8
12
16
13
6
16
16
5
19
13
6
16
17
19
20
19
13
8
13
9
17
11
14
19
9
7
16
7
11
10
17
10
20
19
9
0
189
426
504
636
140
133
27
580
656
290
578
619
363
570
104
431
98
66
123
274
229
222
224
405
112
592
497
683
181
246
634
577
427
428
10
198
582
535
286
208
515
599
452
397
591
718
227
372
505
260
150
580
315
60
688
686
600
38
690
738
680
264
682
536
595
291
178
236
203
782
86
9
290
663
162
185
645
214
231
511
5
134
683
725
789
604
602
311
395
768
217
407
698
258
424
155
771
781
506
58
481
630
348
602
714
80
309
770
763
144
247
649
184
715
436
780
49
477
304
63
539
649
94
40
183
578
604
597
60
793
517
493
723
763
29
538
747
570
724
467
607
125
34
119
60
361
543
736
707
24
555
251
307
464
561
709
108
104
792
155
583
544
560
700
461
391
100
288
772
386
462
712
64
694
571
169
71
351
564
515
12
512
147
709
393
724
288
220
73
235
184
642
298
774
207
560
249
442
363
647
200
700
201
469
45
119
71
779
483
90
87
757
228
142
689
1
518
68
364
294
701
99
796
203
181
353
654
678
68
379
246
340
661
12
643
225
86
783
360
654
586
306
317
435
649
430
225
207
231
60
514
617
968
1189
429
647
266
856
1396
1088
717
1212
777
599
528
984
231
473
886
694
739
661
537
1067
224
647
1308
1317
607
790
1144
962
888
1096
408
360
1291
874
591
668
607
1159
513
1169
895
1372
982
634
712
782
580
619
1093
304
848
1209
1279
843
1115
849
837
798
1220
964
992
338
386
283
763
1182
889
548
1058
1000
667
941
1294
539
609
1309
36
180
812
746
1086
1191
1134
918
558
1418
481
1149
1043
315
555
319
1258
1311
1146
652
836
786
781
1282
825
541
1061
1272
941
801
473
1029
621
1495
731
833
216
1130
1098
602
1166
1300
638
611
907
644
1161
629
420
1069
758
1292
971
924
112
1318
954
911
1029
579
1025
554
278
246
700
771
1301
1473
1086
794
740
727
557
672
631
854
779
390
1263
387
1047
1106
723
1230
478
905
614
745
798
539
973
1276
223
967
795
258
776
958
608
961
511
1307
264
1005
752
965
565
339
840
1009
951
1295
744
965
447
1126
895
460
994
1309
321
1464
699
1081
237
543
634
816
1177
604
148
1569
748
257
970
391
1266
849
804
804
1120
342
1381
353
199
650
1117
938
419
606
301
787
967
593
1115
929
254
1354
1084
928
1315
1110
829
865
764
445
392
325
656

17
250
9
6
16
10
9
13
14
14
11
10
17
8
16
15
9
12
11
5
17
7
19
19
5
7
15
16
13
7
15
17
7
6
5
13
18
16
7
19
18
20
12
9
14
20
7
16
6
9
18
16
10
14
16
15
17
17
8
14
13
8
13
7
19
9
5
19
10
13
13
6
14
18
18
7
11
7
14
20
18
15
17
16
15
17
19
15
19
6
10
16
9
13
12
18
15
7
20
11
19
8
13
5
19
6
13
7
19
13
16
5
20
11
18
12
18
10
17
12
13
8
11
19
13
17
16
13
7
12
11
12
10
14
14
14
14
8
10
16
8
14
12
9
14
12
13
13
10
12
6
7
8
13
19
9
12
8
19
10
17
8
18
19
12
8
16
11
8
8
9
14
9
11
7
18
13
16
10
17
14
17
17
17
8
10
7
6
7
11
8
11
16
9
16
17
11
6
7
16
18
18
19
16
10
9
14
16
7
9
13
13
9
15
12
6
14
20
8
6
19
15
5
12
16
15
10
11
12
14
12
17
10
5
7
12
18
10
18
15
13
5
12
7
9
17
19
14
19
18
9
7
0
209
656
155
193
122
313
647
279
4
667
713
412
41
471
247
277
316
104
549
35
323
761
184
290
343
422
505
511
391
250
285
349
676
171
52
49
71
421
285
472
461
370
747
495
132
410
778
148
538
585
774
196
188
184
754
259
14
582
166
284
213
677
315
403
383
515
241
87
206
108
755
230
725
424
401
474
340
585
420
95
456
623
114
250
32
696
473
241
210
608
612
475
644
745
164
79
79
422
16
274
44
243
435
701
696
549
714
567
209
203
179
438
99
334
766
77
410
40
34
708
498
426
690
40
309
65
407
194
636
610
556
404
398
150
765
111
391
97
691
35
583
65
200
146
397
253
539
171
42
689
54
782
568
380
348
114
703
625
764
223
695
645
222
99
243
745
759
48
739
403
440
320
469
211
558
762
55
546
699
66
512
436
296
592
231
448
636
94
696
520
95
643
588
508
47
380
637
618
141
750
436
85
385
339
172
706
469
130
250
227
478
699
783
235
446
487
206
237
572
771
460
218
323
582
772
600
597
525
18
733
131
323
654
528
488
408
511
73
644
234
714
297
208
477
335
278
120
251
549
567
489
1086
843
415
297
502
916
458
420
1111
1194
942
361
710
593
684
563
791
1023
832
493
907
708
907
902
1211
1238
526
834
931
946
638
871
448
266
297
696
1001
826
927
1148
975
1450
692
317
1004
897
507
801
908
1109
819
543
910
1194
890
131
1042
287
727
268
1110
368
682
670
1107
987
159
432
870
815
972
1314
1001
1037
506
1080
768
1171
758
1105
1344
217
776
178
1379
1008
508
401
1138
925
752
1393
1462
878
333
128
1148
616
523
684
1009
986
1436
1095
1081
748
860
746
525
929
897
394
1045
1060
761
1147
572
317
1321
534
729
1180
638
550
709
474
494
751
1188
736
997
682
169
1519
688
1105
528
1359
533
1048
286
546
217
1161
779
941
692
163
922
71
836
1348
835
685
262
850
964
1096
436
1321
1370
588
253
862
1297
1034
78
813
527
581
518
974
320
1218
1017
842
805
1104
371
665
1180
491
1085
998
1168
729
133
1123
617
844
782
1049
1253
291
723
1358
1321
581
816
939
115
882
882
732
1114
1039
743
442
797
1273
957
991
341
1088
878
412
917
1045
1429
636
693
987
1254
1179
664
783
809
364
1280
427
786
1059
944
859
734
1001
296
1320
596
1424
714
455
1171
784
771
599
396
958

18
250
14
12
6
20
18
11
14
20
10
10
17
19
13
17
18
6
16
14
19
6
13
7
19
14
7
10
11
7
12
15
16
17
7
19
8
12
7
6
8
18
14
11
16
20
8
6
17
8
13
14
17
16
14
14
8
10
18
16
11
19
5
9
16
15
10
19
18
10
19
14
6
9
11
18
6
20
13
10
15
19
14
15
14
5
10
13
5
13
14
17
8
18
19
17
10
20
14
20
14
19
7
15
5
18
8
18
16
9
18
7
10
5
11
16
18
12
13
8
11
20
7
10
12
16
6
16
8
5
12
10
6
16
18
9
12
15
6
6
17
5
17
7
9
11
9
9
10
11
12
8
6
20
6
5
14
7
15
17
11
12
19
18
19
20
11
13
10
8
6
20
10
12
6
19
11
12
6
13
15
20
16
8
9
7
16
6
7
17
7
18
16
13
19
20
17
18
12
15
8
8
18
14
9
14
18
14
8
5
15
10
13
11
6
5
15
12
8
10
16
6
9
18
12
15
8
5
13
14
5
7
18
18
19
14
17
10
13
8
16
10
14
8
15
17
14
15
13
11
11
11
0
742
357
29
13
271
592
159
535
546
17
213
329
49
9
511
326
66
480
568
707
364
38
274
192
627
774
490
213
533
692
50
321
367
193
640
466
510
170
113
421
148
125
568
273
582
456
34
58
171
127
334
121
386
116
748
276
606
736
677
134
364
89
467
229
746
516
143
71
188
589
66
553
616
628
134
603
415
57
758
194
328
514
673
382
330
75
291
760
311
311
173
637
567
603
205
417
88
641
2
99
374
400
657
779
263
532
530
570
431
276
52
221
710
530
424
477
300
578
238
182
412
32
708
644
669
727
67
234
534
593
338
381
210
32
6
675
552
331
467
328
360
547
590
137
736
553
209
299
36
260
187
722
40
356
318
760
609
57
684
328
343
323
712
89
31
235
754
332
626
446
440
153
350
624
180
454
630
107
90
643
472
419
349
380
694
105
391
150
742
67
171
294
140
492
121
78
590
511
682
353
435
445
379
445
183
576
370
634
640
206
346
82
615
326
763
16
773
373
186
447
275
205
382
240
577
121
128
546
708
679
523
290
732
601
438
160
55
11
192
649
257
227
697
438
665
350
516
222
263
629
1501
642
442
267
935
612
946
1052
726
283
637
437
127
237
1252
678
285
1223
1150
1134
440
263
847
455
934
1312
957
622
633
1246
803
544
598
941
1006
715
667
906
759
960
847
551
705
1060
1060
1165
507
630
460
700
781
600
655
429
1064
600
711
817
948
828
934
342
1146
288
828
1236
762
714
417
739
178
1106
1410
663
846
992
838
554
1530
752
1019
1072
956
1114
392
195
929
1089
777
793
896
861
1101
1279
331
564
549
1378
485
642
839
819
1398
858
813
1122
808
1346
1156
689
161
505
821
681
848
989
453
686
581
339
834
184
1282
1234
1386
1295
781
658
686
1300
774
631
511
348
155
792
830
855
1000
552
853
784
779
581
1310
1018
981
519
325
713
782
1113
60
1090
851
1432
752
798
931
1106
888
998
1344
383
610
900
1460
368
1180
1215
891
605
576
878
505
546
1073
541
214
1237
507
735
595
1135
994
188
584
510
1521
238
565
504
211
1238
167
104
972
995
801
1052
959
490
559
857
398
1049
1030
1198
1249
838
1119
401
965
458
1315
99
945
493
465
1159
788
888
918
1025
1096
538
557
1182
893
769
541
811
1142
912
740
238
682
669
791
1395
904
450
716
1229
1141
408
909
546
590

19
250
14
13
19
8
19
6
17
6
6
6
15
11
10
14
9
17
14
10
16
18
10
11
10
11
5
9
15
9
20
10
8
7
9
18
14
14
6
19
6
6
9
18
20
8
5
6
13
9
14
18
9
7
6
6
9
14
10
9
20
6
12
18
17
18
20
18
13
11
13
14
8
19
19
17
13
13
13
13
8
6
9
10
20
9
17
5
7
15
12
8
19
10
16
17
10
9
17
16
14
6
11
11
12
20
20
9
11
7
18
9
17
14
16
14
12
12
15
14
6
7
7
14
18
7
13
18
19
12
20
19
8
18
9
15
6
20
13
6
8
14
16
13
5
12
11
5
17
19
16
9
9
18
19
14
13
13
11
17
13
15
18
17
6
15
11
16
6
19
19
16
20
9
11
13
7
14
13
14
11
12
14
10
16
20
15
6
7
7
13
11
5
13
18
19
10
9
17
7
11
6
13
7
6
6
18
15
14
9
18
17
8
16
13
10
11
19
12
5
9
11
16
13
8
17
17
13
14
9
19
8
6
19
20
17
8
6
17
7
15
18
6
13
11
8
12
14
8
11
11
10
0
746
469
311
722
617
537
361
363
659
733
162
371
674
342
749
571
526
572
361
294
317
258
37
286
557
84
756
537
637
308
664
165
442
642
562
430
315
480
619
742
342
356
349
373
347
500
329
379
48
486
642
614
732
477
719
298
170
319
224
125
736
91
214
408
712
676
360
232
424
215
751
647
125
530
192
577
351
741
313
106
284
709
381
614
180
66
698
116
308
710
244
426
116
98
238
465
172
264
43
83
496
506
212
353
160
228
643
652
316
41
93
226
9
464
559
650
116
285
264
607
112
143
471
346
700
187
572
240
80
481
459
739
10
6
132
543
132
580
56
295
575
697
729
74
638
352
339
326
369
286
608
724
593
440
290
369
456
437
400
49
456
682
636
652
699
690
210
766
46
217
401
0
613
567
303
172
22
30
167
46
698
214
714
606
747
149
374
225
386
369
579
621
86
49
112
626
346
98
265
204
220
706
276
286
618
59
118
678
206
538
224
239
11
432
461
31
662
750
350
446
641
497
534
768
397
702
486
713
538
640
239
3
511
341
340
145
706
571
51
611
449
416
424
580
249
744
628
739
743
466
1116
524
843
743
1211
1044
396
1077
1427
963
637
673
881
521
1083
933
745
732
522
921
423
447
372
656
979
870
939
956
1208
544
825
572
727
1006
617
1048
743
689
888
1047
815
385
371
729
665
862
464
626
78
595
1100
1102
1107
486
1227
447
528
877
261
552
1259
395
939
435
1190
1131
1049
638
1002
954
1141
963
506
762
764
593
487
1344
1061
222
675
1358
1142
1300
519
404
1100
225
437
1133
1018
918
182
121
893
565
462
440
793
824
694
725
944
972
413
458
943
876
380
659
285
930
158
520
664
1012
480
578
792
1044
253
306
622
844
1173
675
668
742
431
654
504
876
111
294
563
700
499
771
510
894
1240
1171
1387
281
793
930
913
796
499
466
804
1126
1107
786
825
941
478
474
639
182
687
1038
1220
1073
1129
1385
689
816
775
545
1010
212
883
1290
331
746
298
582
443
657
958
932
1241
1203
1081
171
678
506
599
939
850
692
116
702
583
1157
1022
133
883
632
484
754
582
974
1068
792
474
1137
261
1244
618
849
704
1121
1125
753
1430
1349
487
626
1000
1016
1017
1203
730
933
545
1106
1018
1042
419
526
538
755
894
881
1258
853
213
1267
794
644
863
1091
976
841
682
1026
1113

20
250
12
16
10
17
10
18
13
19
17
12
8
12
14
10
7
19
7
19
6
6
12
16
10
8
17
18
16
15
7
5
8
15
6
18
19
17
16
10
15
13
10
7
9
8
5
7
13
16
10
8
9
8
20
18
16
18
13
14
14
14
5
18
12
5
11
19
15
18
12
12
14
7
18
8
11
17
7
17
8
14
12
12
15
15
10
5
11
11
12
18
9
7
9
5
16
15
10
13
10
18
13
11
12
5
14
15
16
11
17
7
9
14
20
15
16
10
9
17
12
14
15
16
17
7
7
12
15
10
19
6
20
14
15
12
11
9
13
14
13
11
10
9
12
9
10
16
10
7
9
9
20
17
10
7
15
10
6
14
11
12
8
16
7
8
19
13
10
14
17
17
10
6
16
15
15
18
7
9
11
7
8
6
14
5
12
17
15
18
11
20
5
7
6
16
11
15
6
15
16
10
14
7
8
7
10
9
7
8
17
19
10
15
13
19
18
20
10
14
16
18
16
18
11
6
14
8
18
13
9
13
6
13
6
9
6
10
8
13
9
20
19
10
16
7
8
10
6
6
6
7
0
225
498
309
574
90
513
726
78
453
135
170
193
455
695
289
592
439
436
592
15
693
277
142
704
335
80
555
657
233
166
2
750
643
581
78
473
474
737
139
272
193
246
208
114
172
565
652
165
267
692
84
6
744
155
95
14
511
242
139
565
336
110
236
433
215
630
109
615
65
511
334
590
464
582
155
63
544
28
577
737
318
450
574
18
9
33
328
674
659
511
87
364
88
113
240
206
563
499
272
65
345
103
688
65
581
367
265
220
465
330
296
282
53
755
621
25
266
52
607
546
579
166
476
9
567
156
259
276
501
161
85
462
368
281
603
681
71
451
439
317
172
187
69
485
659
505
699
306
107
91
724
446
282
119
274
520
418
718
564
23
565
462
222
727
532
40
261
571
185
294
223
393
494
326
176
690
510
227
171
694
226
529
493
362
748
644
362
199
386
502
691
268
749
98
247
91
312
382
621
66
120
228
320
36
585
454
167
170
463
567
314
572
394
725
510
211
146
619
509
679
297
222
202
249
503
151
124
359
533
538
401
184
40
703
325
656
185
22
370
397
75
20
538
386
218
536
635
596
636
566
374
628
893
916
301
1171
989
405
686
759
522
442
1073
1057
631
619
690
631
982
513
1090
788
775
944
1007
229
1221
980
238
711
73
1078
1225
615
785
758
756
1306
759
665
751
514
443
571
185
1278
715
553
713
1359
686
47
1340
473
698
692
646
373
367
729
379
616
478
1112
742
1294
879
1351
149
1038
506
901
489
1095
691
468
966
545
606
1062
559
1079
651
349
616
344
487
883
986
715
379
1025
736
232
453
404
1164
857
962
691
359
348
1426
164
786
980
900
766
1089
855
795
1052
117
1195
767
585
406
235
1099
613
1318
711
1048
630
879
607
951
915
820
195
303
585
880
401
1166
1368
105
569
988
619
414
824
497
955
1418
526
1195
689
458
386
1422
531
804
209
873
641
919
962
954
71
932
567
680
1375
1055
517
631
661
572
709
321
790
887
1013
694
1300
1054
595
803
1406
449
690
577
599
1512
1027
866
685
858
931
1152
697
1027
713
339
413
843
447
951
270
364
395
789
521
1284
881
289
376
800
1062
972
1267
657
748
1002
801
778
858
741
1184
538
594
233
344
515
498
747
439
814
1094
500
220
580
1313
730
1415
272
350
760
1029
714
517
1019
1098
411
1293
735
1184
1126

21
250
10
11
9
17
7
19
14
19
18
13
16
11
16
10
9
11
10
20
12
15
20
11
12
8
20
18
8
16
9
13
16
12
19
14
8
8
11
14
8
6
9
17
17
13
8
8
5
15
10
18
15
7
15
20
11
9
14
20
13
14
17
7
8
17
15
6
18
15
8
17
5
6
10
6
12
13
5
6
10
9
13
18
16
9
16
13
19
10
17
9
11
14
14
10
19
16
15
19
8
10
10
12
13
19
6
10
13
7
7
13
14
14
9
12
12
16
12
13
13
10
10
17
5
13
10
5
17
18
9
6
20
11
11
17
9
9
19
15
13
9
8
14
9
12
8
19
13
7
20
5
17
12
11
10
7
9
18
8
17
9
12
5
12
6
20
10
19
8
16
16
13
16
20
12
19
9
11
9
19
9
9
5
13
17
12
12
8
14
17
9
8
15
12
9
16
14
14
18
11
12
17
20
11
11
6
14
10
20
11
8
15
19
9
6
15
15
13
14
11
13
14
17
10
8
6
6
11
9
15
12
15
7
15
16
13
8
19
16
13
5
19
12
6
19
18
17
9
6
20
18
0
312
724
616
619
551
482
148
230
626
363
345
419
717
35
411
766
770
93
771
771
349
261
377
249
262
71
610
175
526
383
437
189
549
609
546
285
763
133
346
593
676
364
94
512
377
318
615
466
453
80
403
530
342
383
493
749
216
186
534
529
175
734
334
339
294
66
458
15
762
493
548
0
184
525
643
602
660
18
269
142
551
134
577
329
683
408
403
247
258
230
104
540
390
770
142
737
124
677
478
398
530
248
215
263
148
388
445
65
509
164
376
101
337
290
604
86
247
9
504
78
471
144
464
86
175
559
633
47
348
150
663
685
174
57
685
684
516
297
219
59
547
641
694
479
376
607
504
722
368
51
733
628
672
676
349
43
212
582
555
657
229
114
215
346
698
213
494
394
192
622
611
400
737
191
522
464
186
388
221
256
166
254
564
554
408
259
757
728
529
178
532
111
317
665
601
629
116
643
52
693
149
198
634
345
389
306
251
629
576
521
408
47
440
754
567
680
519
467
276
337
493
656
726
455
121
364
100
662
454
132
87
372
313
222
8
149
490
555
591
600
527
358
84
110
552
541
68
102
16
572
860
1138
1008
1248
626
947
601
382
669
951
1102
649
811
432
762
1132
1508
390
1376
931
590
882
697
324
813
763
1392
761
808
481
1210
818
1325
963
1119
953
873
389
580
746
777
1087
257
1020
1012
1075
1030
765
472
764
775
784
873
1117
1217
1335
866
865
1236
1228
536
897
804
1052
399
657
491
217
1179
1101
1095
596
846
608
935
845
940
549
673
667
1044
805
972
448
1452
480
1107
820
1002
972
164
862
998
1251
574
913
882
847
637
1050
599
804
822
389
670
633
985
716
763
320
1127
870
358
897
1192
275
862
681
1011
323
843
364
725
197
217
773
802
753
479
912
829
1400
223
552
788
1247
1210
943
660
302
1061
1321
719
503
690
902
691
1284
377
604
850
1282
1163
915
843
403
581
1318
1010
797
538
394
356
644
757
910
574
977
764
795
1025
698
1311
866
967
876
811
912
380
399
183
891
589
1064
895
822
843
914
996
288
813
324
457
711
926
1097
281
1069
556
1187
415
464
840
468
656
348
329
806
764
1254
1190
694
880
901
1013
798
938
877
291
1040
825
809
1379
808
853
1132
355
1077
1148
528
369
978
888
477
504
455
1002
690
1153
1322
1000
954
189
390
1186
990
626
689
297

22
250
20
17
11
9
8
5
5
5
10
13
14
20
11
13
14
18
14
15
9
9
15
9
11
15
5
9
19
9
13
6
18
19
15
5
9
6
19
13
10
16
16
16
18
17
16
6
14
14
17
12
12
7
18
9
13
8
18
9
11
5
11
19
6
8
10
12
11
18
8
15
16
7
17
19
17
20
14
14
9
16
20
12
12
16
16
17
9
15
15
6
5
10
10
7
16
16
9
6
13
11
10
12
15
10
15
7
12
14
7
10
7
17
10
6
18
18
7
14
11
17
7
19
14
6
7
9
13
9
15
16
14
14
14
11
12
10
16
14
12
8
7
8
16
13
12
18
7
15
14
7
19
17
9
20
13
11
13
14
5
9
10
18
8
19
19
16
15
19
12
14
19
14
5
15
14
10
7
17
7
18
15
13
17
7
11
17
14
19
20
20
17
7
9
15
14
7
7
13
15
20
19
17
13
7
9
5
13
13
12
15
9
11
11
13
6
5
19
20
10
14
16
20
11
8
13
17
10
13
17
9
7
7
9
17
10
13
19
7
5
12
18
14
11
16
16
12
17
13
17
9
0
504
716
581
577
503
600
662
676
580
566
158
128
393
785
728
412
113
683
745
345
656
308
726
716
94
574
340
394
725
637
87
434
769
493
686
103
110
750
705
561
357
592
402
114
308
57
510
710
150
547
15
163
513
256
516
780
278
478
8
218
508
583
164
768
288
774
541
526
512
645
632
278
611
60
484
587
330
599
376
95
192
729
477
190
183
239
210
326
513
22
590
151
59
159
617
593
274
479
432
400
734
256
732
730
397
429
155
133
178
296
571
388
480
703
759
24
278
190
205
713
62
39
571
216
289
757
621
218
782
425
472
371
615
265
729
587
761
333
566
213
386
107
774
387
99
264
100
568
648
753
336
278
181
109
624
166
565
544
360
74
715
171
602
24
18
494
565
213
19
298
337
445
725
132
100
583
125
312
715
94
383
141
657
627
180
130
463
271
276
763
239
717
176
384
590
249
403
690
407
94
54
381
275
176
202
394
245
22
480
495
713
535
167
426
657
342
579
321
414
528
409
220
97
463
477
478
35
93
109
529
640
56
17
175
230
55
211
58
766
228
716
778
394
409
712
457
46
487
738
452
1156
1392
992
596
1290
720
865
871
1312
1271
822
537
705
841
1013
802
792
1155
1350
934
1318
808
757
1381
770
917
742
993
1062
1332
543
984
1098
644
1198
490
339
1354
1420
923
697
1158
818
740
529
195
530
1156
459
1282
461
355
1217
489
867
1547
987
1106
771
531
617
1238
833
1012
378
1290
768
1201
1004
1250
1249
839
919
337
648
1220
994
1102
819
213
237
1414
913
365
523
774
366
736
794
593
830
757
552
440
1085
841
604
1164
1039
615
1460
753
1295
1431
714
591
845
731
703
982
1368
651
1093
1389
1235
218
1059
480
858
776
655
807
982
247
837
1064
686
238
1328
514
903
953
928
1055
1519
812
1471
617
1031
838
912
455
1523
908
338
278
609
1207
986
818
674
797
448
830
1179
392
860
605
508
180
1512
416
642
166
440
1042
974
668
46
728
683
1169
752
160
490
606
192
395
1229
306
1080
675
1136
1132
329
612
1200
650
1044
1345
455
1332
385
448
1163
563
472
1203
898
792
655
473
668
238
353
814
477
635
807
925
1179
1242
754
577
1079
1000
709
923
665
915
484
833
299
854
580
986
140
235
192
1296
817
592
666
277
971
136
934
809
1165
727
997
1102
799
1121
1263
1127
753
824
1420

23
250
16
5
7
14
17
13
8
5
19
16
7
19
19
17
18
16
9
18
15
8
12
17
15
16
11
11
10
16
19
18
5
16
14
8
6
15
14
8
8
9
12
8
17
7
20
10
18
17
18
14
13
11
12
13
14
8
20
12
9
6
5
8
15
19
19
7
19
17
7
14
10
16
12
6
14
15
16
9
9
6
5
9
8
6
11
10
8
7
7
16
13
8
16
9
17
12
8
6
8
15
10
17
16
10
18
19
20
15
17
16
9
12
9
7
8
5
20
14
18
15
14
10
5
6
18
16
9
6
9
8
10
9
14
12
18
14
8
13
8
13
7
9
11
14
5
14
16
12
19
7
11
18
16
12
11
15
11
20
9
9
17
19
14
18
8
14
16
18
13
12
10
6
18
19
14
19
8
18
8
18
8
8
19
12
12
11
9
10
12
19
11
11
8
13
9
7
15
18
17
9
18
13
13
10
6
11
7
14
12
10
17
18
5
18
7
19
14
9
9
18
11
18
17
14
10
11
12
17
16
11
16
16
13
13
17
12
8
17
19
14
6
11
13
12
13
11
17
13
10
11
0
542
30
449
683
705
480
689
759
148
57
244
706
608
11
635
92
740
156
605
697
8
603
18
381
352
755
238
653
395
376
610
109
763
137
470
243
433
166
42
495
339
276
261
458
386
408
365
154
658
248
318
676
772
475
671
26
334
699
650
501
736
445
375
579
271
583
185
153
27
630
628
681
25
256
774
161
693
422
759
468
129
760
750
377
648
354
669
409
215
75
692
652
257
362
592
469
752
413
304
43
15
483
558
141
581
761
471
35
280
84
349
157
411
459
325
27
714
328
725
369
550
538
284
750
215
468
441
87
691
460
97
738
461
508
20
72
181
429
508
716
563
40
528
717
343
675
720
269
22
314
502
331
259
53
255
78
620
148
399
551
65
207
517
352
184
538
498
128
52
461
600
129
144
762
72
538
257
614
605
596
285
58
176
744
533
714
769
676
233
179
671
653
339
145
297
539
664
232
78
772
569
718
583
522
293
206
616
383
409
483
334
136
406
698
435
519
145
146
553
308
483
388
412
778
560
198
634
246
573
644
487
145
466
495
417
650
248
66
401
254
199
709
388
777
389
75
137
154
139
115
564
321
1229
1128
792
1038
1179
1291
669
458
727
1034
681
350
1401
193
941
636
962
1012
548
799
555
766
946
897
807
1221
627
555
1330
325
1248
906
503
821
1062
574
629
1181
917
1053
695
1200
1154
698
395
199
755
596
800
1393
1035
705
1308
392
425
846
1414
907
1293
804
788
899
520
1359
820
270
442
644
1092
1178
82
1021
875
253
1088
990
1444
730
583
1028
780
496
799
799
1163
564
734
109
1094
751
1022
833
637
939
848
895
891
605
655
1123
981
911
1234
972
650
357
669
294
769
343
568
1125
632
351
1217
510
1507
688
1036
746
1025
1431
411
796
820
287
837
1008
655
829
1136
944
751
235
413
539
661
765
894
641
1239
905
909
704
1299
857
564
629
1024
1127
575
804
516
777
883
716
936
1344
710
646
1288
973
606
1252
1267
861
804
827
1198
243
510
789
715
656
1053
978
1024
611
325
304
411
946
962
1262
832
788
786
447
1003
1257
705
180
448
560
944
703
698
795
922
1190
660
852
598
904
1388
407
497
720
838
821
455
812
831
1036
740
641
609
552
875
487
710
1387
1156
639
994
884
941
924
826
634
893
845
991
1067
788
263
444
423
381
842
658
1357
930
236
713
942
851

24
250
11
13
18
12
19
7
12
12
5
8
19
16
19
17
7
8
11
14
17
12
19
13
10
16
9
10
17
14
16
11
11
20
9
7
7
7
16
8
16
13
18
11
6
14
8
16
11
12
12
7
12
12
20
19
10
6
10
15
20
7
6
17
7
8
18
19
7
13
12
19
12
6
7
9
13
8
18
6
9
14
7
6
12
7
10
13
11
20
14
19
7
9
13
7
19
18
13
11
15
12
6
15
7
9
9
13
12
11
19
11
7
7
12
13
11
14
19
15
5
9
18
19
17
13
14
12
15
12
5
12
11
10
14
14
10
13
11
9
17
14
8
9
13
12
18
7
19
13
18
11
19
18
11
20
8
10
13
19
13
15
15
11
15
7
6
19
18
12
6
6
10
18
15
7
9
11
14
19
8
11
7
19
7
20
7
18
14
13
19
10
6
9
10
17
16
16
14
13
6
16
10
16
11
6
9
12
12
17
8
9
11
8
18
7
5
18
10
15
16
16
7
13
5
8
10
18
11
10
9
12
9
9
19
15
11
13
19
12
13
15
18
18
9
14
8
19
7
19
20
19
0
234
126
555
230
290
429
528
71
453
113
179
379
157
13
754
489
312
267
582
259
147
211
149
62
416
77
177
46
315
662
408
404
621
589
160
185
397
493
595
273
540
586
486
298
756
163
134
538
136
219
580
133
306
692
352
332
414
481
157
225
743
272
693
663
340
58
130
706
25
666
450
759
50
422
520
611
664
137
598
328
285
553
9
758
302
39
297
739
371
670
242
150
196
269
468
507
173
250
154
594
637
623
489
540
594
401
461
198
335
317
415
594
295
530
507
513
546
313
195
64
265
130
624
216
10
709
531
54
735
291
720
129
42
160
742
491
517
260
514
193
439
431
592
63
309
691
639
25
119
594
671
501
680
402
743
743
191
219
546
511
145
593
16
291
140
743
103
250
316
247
131
104
317
332
221
99
298
540
541
628
642
85
437
686
479
438
66
430
187
648
585
304
228
525
128
439
724
87
200
549
323
342
339
144
300
764
356
58
65
88
375
481
80
434
166
343
684
472
405
228
440
90
359
493
314
738
69
633
257
674
751
107
695
259
640
451
164
271
139
385
19
627
325
770
491
312
167
286
593
484
747
383
626
884
1062
572
880
145
882
218
711
858
507
302
1412
721
885
603
1271
894
831
512
561
159
1029
380
466
121
712
768
541
556
1291
1091
864
822
417
646
679
480
797
856
901
928
1034
599
154
735
564
747
1094
737
695
777
851
348
1095
571
542
368
1167
718
1229
1149
816
243
492
774
639
870
1110
941
236
670
1105
761
1383
346
1356
949
867
754
83
1398
700
402
526
855
390
993
662
517
429
1041
1118
1136
427
987
494
1217
1423
924
1240
938
705
957
848
625
1072
684
438
764
929
1277
541
1090
1290
820
253
685
719
517
841
868
269
735
1139
325
1153
694
1345
373
816
924
1123
654
1214
390
654
867
973
869
840
380
497
1093
1102
332
408
832
1035
1211
1428
691
1333
1022
725
831
983
904
736
1084
658
338
577
1411
284
324
654
374
520
359
1071
569
779
815
766
933
668
1277
1304
379
951
777
934
476
333
632
907
1228
1313
413
670
1183
174
995
747
241
830
1033
871
461
667
290
427
1469
1069
833
398
471
702
732
834
694
672
866
1388
766
907
917
603
723
741
1133
730
1234
289
664
486
1187
1213
793
1206
611
839
1181
266
1017
418
805
312
1313
592
902
1210
1081
342
680
928

25
250
7
13
17
7
9
13
16
9
11
14
20
16
9
16
14
9
9
12
7
9
12
9
5
5
5
7
19
10
14
19
7
15
5
9
16
19
18
9
17
12
11
12
15
10
11
9
8
15
17
5
14
14
17
16
16
7
7
10
9
11
16
6
18
7
15
10
11
10
15
13
13
17
18
12
10
14
20
18
16
18
6
19
9
13
18
12
11
9
11
17
6
19
12
18
14
12
12
10
20
12
8
6
6
19
18
14
12
11
8
20
19
19
6
13
8
6
18
6
15
10
18
14
10
7
9
7
17
9
19
12
12
9
12
10
9
16
12
5
13
10
16
5
7
6
13
14
14
17
10
19
14
19
12
20
7
17
20
14
16
8
11
19
10
19
15
13
14
17
13
9
10
13
15
19
11
11
11
6
18
17
11
8
6
19
7
16
17
10
18
15
9
19
19
10
18
10
14
17
8
7
18
8
15
13
11
15
12
6
8
7
14
14
12
17
12
8
13
16
17
12
14
15
17
7
17
15
18
17
12
17
19
12
9
16
16
11
18
18
14
11
13
10
12
11
11
11
6
12
12
8
0
639
580
219
464
516
418
783
717
20
205
597
235
145
528
207
314
443
713
207
706
611
463
750
390
255
678
383
392
395
611
331
486
430
757
259
171
449
759
337
481
232
128
342
446
101
535
380
562
474
130
276
760
562
721
635
498
164
116
248
310
244
738
741
592
753
494
523
125
37
159
759
362
612
358
685
623
406
329
267
487
267
727
152
46
554
560
312
104
226
3
776
94
447
734
324
522
98
569
454
618
178
62
273
361
569
495
654
720
608
672
149
243
347
333
227
741
559
255
730
501
701
543
763
399
24
586
110
543
237
601
604
192
712
363
187
697
426
559
388
517
774
774
227
205
575
355
423
117
280
106
398
49
396
783
114
132
87
302
266
349
697
626
266
371
416
190
155
236
628
199
348
412
699
656
631
182
145
252
195
8
727
438
117
486
606
186
631
392
692
707
95
651
340
314
634
143
163
275
547
434
166
273
523
628
697
366
629
203
740
690
107
497
271
21
616
616
385
215
493
528
44
283
405
11
516
541
66
685
558
585
82
597
521
480
437
428
20
765
201
522
225
388
256
704
169
19
180
252
485
389
1219
1102
246
1163
879
804
1126
963
429
863
965
565
721
800
357
472
1176
1201
231
1089
665
500
1284
457
530
1063
1008
447
592
838
551
1114
900
889
928
651
1051
1512
952
813
864
192
749
748
660
1290
1150
1185
1229
637
475
871
1362
958
1194
564
266
752
1006
837
577
1536
1295
1108
868
1066
649
659
190
509
1454
948
683
735
1179
1178
552
806
553
934
505
1524
709
145
1164
999
425
470
1027
99
1012
404
735
791
603
1319
645
1086
736
858
476
270
328
749
1304
1013
785
1057
709
1077
822
489
1082
1067
284
1261
1318
485
1437
1074
1281
895
1545
1072
395
894
730
863
999
1390
942
775
1419
375
848
1043
628
1353
539
1086
1116
933
299
438
816
655
986
889
369
273
439
748
764
1219
874
680
205
398
857
1018
773
1141
311
553
572
629
825
944
983
756
668
959
1466
1065
1367
421
332
332
656
312
1190
694
761
897
1194
219
1179
822
1195
1271
213
1398
809
520
1046
197
675
289
1249
980
366
854
648
1047
1014
787
876
740
1518
1180
377
638
871
764
1067
1202
820
403
812
615
135
1019
1186
621
861
720
730
1144
968
1267
836
725
1193
1133
805
789
321
1260
504
767
375
598
488
1252
812
495
885
371
676

26
250
9
19
7
15
16
13
19
19
16
14
7
20
16
7
8
17
12
20
15
11
12
11
13
18
7
11
9
18
8
12
19
14
6
16
10
9
12
6
15
18
18
7
6
7
16
16
9
6
6
6
12
19
19
17
11
13
6
9
11
6
17
7
16
18
11
5
13
17
16
8
15
11
9
10
19
20
5
7
10
6
15
16
8
11
10
9
9
5
17
8
12
9
18
18
17
13
15
14
12
6
10
13
7
7
14
18
5
11
8
20
17
14
6
12
7
18
6
11
7
14
16
6
19
10
6
19
18
15
6
18
7
17
11
19
17
19
7
19
18
8
7
20
16
18
5
16
15
15
5
9
14
19
6
12
9
20
11
13
9
14
17
6
10
13
11
11
19
9
20
12
6
7
19
6
16
11
18
12
7
16
7
17
15
7
18
16
6
20
7
9
16
8
14
18
19
19
20
6
12
18
6
6
6
17
19
9
17
10
19
8
6
7
18
10
19
15
17
15
18
17
17
15
15
16
6
16
19
9
8
8
15
20
5
19
12
14
18
17
13
20
7
8
17
16
17
7
12
12
14
17
0
172
3
151
489
770
545
497
613
221
713
191
220
358
155
255
698
669
132
521
35
94
188
200
318
739
164
675
633
783
618
357
329
615
720
331
788
787
147
324
591
788
89
568
719
167
383
177
422
717
557
465
411
185
228
684
327
743
276
134
13
520
265
453
271
153
655
687
733
548
504
297
34
90
15
341
682
715
213
578
44
227
387
128
719
56
622
240
352
295
569
193
494
143
194
675
87
119
754
161
530
426
696
201
571
551
528
388
48
5
294
510
236
543
529
145
39
288
611
546
307
647
650
651
493
636
25
778
706
288
308
292
509
423
127
443
398
669
9
225
464
419
10
432
608
663
237
583
740
303
553
731
623
705
48
742
137
237
492
343
417
460
113
468
331
168
105
460
600
547
721
384
535
10
649
630
496
399
271
151
569
730
332
546
668
187
593
712
465
772
273
363
397
460
102
298
573
502
676
313
409
311
104
35
571
418
658
429
548
379
526
152
559
249
156
358
328
420
85
239
269
529
746
73
764
138
132
406
353
315
627
676
369
115
274
156
216
537
386
558
349
465
31
530
286
331
554
360
11
383
214
207
52
757
946
902
1133
674
1408
291
1215
708
881
836
911
407
813
1050
174
1004
551
892
203
761
440
1409
411
1188
642
1369
1280
1030
522
796
1137
427
1386
975
339
763
779
1112
458
1352
896
210
1149
756
1197
1214
1256
1235
852
912
371
1223
785
890
527
821
491
584
785
748
1055
399
1192
853
1106
1117
989
366
358
207
272
874
1193
1016
343
658
265
848
1021
877
1391
603
927
594
1009
673
819
658
775
226
978
1352
360
153
1235
915
581
1030
1180
809
1359
717
1056
674
224
489
978
996
474
753
1311
380
530
612
1193
1324
526
1258
969
1262
928
757
793
896
737
599
757
1001
767
668
679
902
648
1282
191
495
804
786
815
909
830
1244
854
783
1012
1004
1342
924
803
1035
677
1496
869
535
793
428
1029
958
888
1271
664
215
835
832
1129
798
1327
693
685
390
852
978
761
473
772
642
1278
1323
779
725
1405
990
1323
832
904
1345
830
855
449
746
423
1009
1321
927
697
726
535
791
345
695
1188
434
1340
870
901
820
699
709
1011
537
565
374
694
785
365
997
1045
1255
761
584
1079
443
568
882
1026
341
968
1277
1088
671
1042
540
952
676
989
879
774
949
301
841
314
1066
998
885
690
1129

27
250
16
12
6
11
6
6
7
17
9
16
13
14
7
9
18
18
5
16
16
17
13
11
12
5
19
5
11
11
6
9
6
18
5
10
8
13
10
20
14
7
15
13
18
6
19
8
19
16
19
12
17
14
12
7
19
17
6
13
7
12
7
20
18
7
8
17
6
10
18
10
20
19
18
14
5
7
7
15
19
8
10
8
20
5
12
6
14
10
7
11
9
16
12
20
6
14
12
12
18
14
11
8
10
9
9
8
14
7
17
19
12
12
20
18
15
9
6
17
6
8
12
13
19
12
9
12
10
14
6
14
6
5
10
15
15
10
10
20
14
9
13
7
8
18
16
18
13
10
12
20
15
9
14
13
5
16
16
15
7
17
15
5
14
19
15
18
18
15
16
10
12
13
16
13
14
8
15
11
17
7
14
7
18
17
11
10
14
11
11
17
20
19
17
19
19
14
7
18
17
7
10
20
5
15
11
12
8
12
7
19
6
6
19
5
19
7
15
14
7
7
14
8
8
9
9
9
16
18
6
19
7
16
20
9
13
9
7
7
7
19
10
13
8
14
15
9
19
5
12
11
0
538
213
269
188
128
179
59
229
173
481
387
190
394
667
709
109
469
405
175
10
605
144
728
683
452
654
535
466
5
400
19
258
421
98
200
159
744
360
257
738
725
230
99
20
372
181
294
704
260
484
531
287
166
64
474
112
41
552
351
629
119
706
526
469
352
492
475
387
552
764
242
514
681
172
193
427
362
574
625
425
123
334
91
499
364
573
157
755
581
698
96
522
196
604
747
699
456
451
285
427
314
66
345
291
336
374
656
106
630
478
624
393
719
460
600
214
391
453
553
479
222
693
392
3
79
754
429
356
398
397
88
625
721
226
250
442
299
739
443
80
600
277
101
603
722
432
466
555
132
238
254
628
497
737
62
493
309
495
210
22
159
583
81
582
86
350
528
212
723
230
548
631
391
570
520
692
649
422
139
371
170
675
275
651
180
95
737
364
586
152
81
687
29
329
198
693
492
527
336
20
539
716
167
525
53
636
397
700
565
432
569
66
246
429
217
405
659
166
712
316
538
262
151
680
611
320
107
608
109
295
485
697
523
58
534
91
328
739
669
313
75
295
143
71
32
678
566
155
564
663
871
523
769
240
782
456
592
546
936
494
507
372
773
1093
955
668
799
870
546
614
705
543
1368
1148
510
736
1205
989
408
979
408
563
834
415
904
644
1152
512
470
1395
1232
351
152
176
656
229
597
1221
489
939
1275
417
775
738
665
503
514
1103
485
660
569
1161
636
498
1133
833
1043
838
1170
1385
710
1270
1222
817
389
800
983
670
744
755
814
813
545
744
806
1074
168
972
1084
1164
287
794
969
1079
853
1247
648
878
495
993
684
159
379
909
571
976
1382
619
997
1200
823
691
1094
643
1344
747
647
890
764
1108
785
1047
607
210
118
1024
659
466
645
987
503
791
1095
727
590
555
565
1238
668
469
752
473
668
1085
1427
457
913
605
166
925
676
1246
514
1470
360
1073
431
1081
890
689
870
764
497
901
765
651
1310
661
938
368
816
718
1166
835
534
747
1217
902
779
712
826
964
865
1193
450
783
1167
1138
1267
473
499
806
397
375
260
1446
1192
1198
625
371
788
817
224
1167
74
1390
1161
998
707
920
605
183
333
678
395
1013
834
177
1267
747
1270
510
397
734
1341
623
844
1292
851
423
941
1424
711
307
783
348
762
1135
1371
365
130
891
486
658
253
1120
1112
216
1161

28
250
7
15
8
9
7
15
12
6
11
17
10
14
18
6
19
13
13
18
13
6
17
11
10
19
16
7
7
20
12
10
11
17
7
8
19
18
19
13
6
7
11
9
19
12
8
15
7
11
15
12
15
8
8
14
8
19
9
7
13
20
20
15
10
17
17
18
8
19
11
7
7
8
14
17
11
13
15
15
6
12
14
14
8
16
16
20
13
19
7
12
9
9
12
15
9
18
7
9
14
17
16
8
5
19
9
16
17
16
14
15
5
10
9
17
18
14
16
11
18
10
6
18
6
19
19
15
10
16
5
18
6
6
14
16
14
14
16
12
12
9
15
17
19
6
13
12
17
17
9
7
14
11
6
7
6
7
18
12
14
18
12
19
16
9
10
10
15
7
10
7
8
13
8
13
17
10
12
19
10
15
17
19
17
17
17
19
10
11
10
9
14
10
10
16
7
10
15
17
17
8
12
19
16
18
18
16
6
14
7
10
20
14
11
18
13
6
10
17
14
8
16
14
19
19
18
12
5
8
18
13
8
6
13
16
10
5
6
14
9
5
11
18
16
7
15
12
12
9
13
9
0
538
266
278
366
714
760
731
186
326
25
701
149
119
579
763
446
433
607
485
766
357
149
384
412
605
13
556
539
43
132
233
488
511
503
540
211
432
437
566
760
493
61
30
721
329
561
214
180
59
56
739
678
526
433
357
185
401
43
108
609
474
165
535
156
732
118
720
632
560
305
262
438
212
630
183
187
550
219
733
358
764
24
735
619
491
105
347
659
560
241
113
392
131
361
541
136
170
48
569
223
21
653
726
626
176
638
717
67
349
262
384
699
450
720
37
520
659
495
486
60
313
747
337
779
459
510
292
503
370
563
252
250
709
711
531
299
514
679
40
628
690
347
398
61
380
122
198
628
480
306
147
467
684
258
181
628
375
131
639
471
744
487
354
729
416
228
633
716
4
690
114
99
13
643
461
371
466
255
48
728
19
329
297
747
564
733
248
684
193
45
100
752
136
337
304
425
692
249
441
704
2
726
182
171
510
265
282
342
60
129
404
133
737
299
357
476
631
326
770
441
57
19
361
415
755
753
736
775
556
769
173
589
512
181
684
498
275
415
381
181
300
444
144
52
785
465
558
728
218
463
596
770
1012
705
1505
794
1055
339
686
431
1144
891
197
1221
966
603
575
886
862
1236
883
182
595
881
745
456
1072
574
423
290
694
804
1226
720
983
441
1168
509
1264
945
1096
661
601
1082
752
766
495
450
638
624
869
941
1008
1157
911
511
493
831
161
883
563
620
851
938
1071
908
1097
825
957
491
300
738
460
1225
432
610
1251
430
1380
647
1342
432
998
848
560
796
1140
988
702
340
292
1002
906
489
1120
611
182
725
1349
740
804
1362
1389
673
963
1420
883
669
802
942
996
798
1124
1473
561
984
1329
1120
1074
153
359
831
1083
1023
874
1255
966
1052
889
713
400
634
1269
1066
892
999
746
921
84
963
713
1144
900
567
624
590
716
663
1072
664
779
615
1436
662
753
1038
521
786
897
1152
1389
1137
1110
1028
1171
314
956
1185
155
1459
361
441
566
1059
549
428
1151
596
488
844
532
789
542
1118
1103
987
987
1209
543
529
859
1405
544
1063
1050
931
801
285
828
791
192
1277
339
493
603
405
409
917
678
840
735
908
1046
907
877
1198
1015
1038
1299
982
707
818
1085
819
996
847
1190
945
1038
1009
764
971
871
593
1225
920
890
927
404
275
1017
1055
187
345
1489
898
1029
1285
372

29
250
5
17
7
18
14
13
19
9
11
6
15
17
18
13
19
11
19
14
16
9
12
9
18
13
9
6
16
7
10
6
7
8
19
6
8
7
20
13
10
20
8
11
10
8
15
12
18
10
18
12
14
7
8
16
16
14
6
18
7
5
12
11
14
10
7
18
17
8
13
18
7
15
11
11
7
10
10
12
16
16
14
16
10
6
7
12
15
12
6
14
10
14
7
6
17
20
16
12
12
17
15
17
16
19
7
13
14
14
16
15
10
18
18
11
16
15
14
18
18
7
18
9
17
19
13
18
12
8
7
18
12
13
12
17
19
20
6
9
19
15
10
14
12
12
16
11
10
15
17
14
12
20
8
12
12
6
15
6
12
11
6
19
12
7
9
16
13
14
9
14
7
6
16
5
7
16
16
12
11
16
17
15
19
6
10
18
8
6
13
18
5
14
17
7
8
9
20
15
12
20
8
13
14
11
9
19
13
11
17
7
15
14
15
8
18
19
19
15
9
7
5
6
8
10
20
18
14
17
14
18
20
20
15
15
15
11
9
14
18
18
9
12
15
7
9
17
20
14
5
19
0
559
273
625
478
424
543
509
268
539
349
53
120
270
722
773
401
126
490
733
552
565
760
731
554
469
22
359
114
100
527
88
464
193
753
455
525
389
190
157
332
639
33
64
267
795
497
601
228
435
663
320
34
518
780
652
415
131
170
730
307
302
235
39
163
163
119
753
621
635
114
411
658
104
370
273
526
464
418
82
31
17
617
578
652
381
690
441
455
703
425
246
680
739
104
93
182
469
168
311
602
253
47
674
39
360
474
351
490
693
422
398
455
329
170
660
361
106
37
64
179
682
710
135
141
99
285
796
680
37
331
238
530
54
147
677
286
166
279
689
776
631
75
659
375
162
758
442
531
568
386
609
510
683
175
753
216
383
554
625
46
711
64
771
693
179
196
472
640
398
544
10
630
347
163
304
86
424
653
521
364
371
536
296
604
251
388
784
264
527
314
773
481
71
443
477
4
92
401
436
170
66
456
154
319
37
300
686
507
154
545
623
84
640
505
65
240
249
551
434
664
391
190
364
26
210
176
241
793
182
594
473
161
294
27
491
334
20
525
296
786
509
351
401
139
230
738
378
615
472
689
1208
703
1397
923
879
1096
1071
668
620
396
233
372
296
870
1124
507
455
1100
1483
1066
912
1473
1521
574
702
441
879
629
536
896
532
522
836
1133
592
661
1184
692
429
976
1366
543
746
285
1213
731
1394
946
893
1121
702
362
1283
1427
1438
713
551
356
1329
620
848
580
236
454
612
900
1106
978
1334
730
1001
1168
546
790
366
742
610
820
429
397
62
878
997
1149
584
720
481
848
1069
1023
760
932
1280
520
401
917
1198
663
490
859
830
681
820
427
977
1094
439
1281
1105
861
1025
1224
868
793
754
729
169
543
276
508
918
1308
536
236
711
568
1037
1354
586
576
313
703
437
245
1123
1000
325
840
769
1257
971
846
1246
827
316
1500
772
1019
1003
727
918
626
797
320
1274
1011
795
838
677
330
1156
221
1429
778
567
980
810
988
716
1259
408
721
525
191
829
466
625
734
1129
615
541
585
894
1254
1044
638
1293
815
1327
874
1038
1018
163
1024
753
412
481
723
1247
727
709
686
886
1117
572
984
1111
1244
472
1245
1146
353
654
1234
436
663
840
1091
515
1041
866
498
707
839
939
690
821
1131
694
739
626
422
925
45
546
597
693
752
337
913
600
442
991
915
505
882
520
934
644

30
250
6
18
7
7
7
10
15
10
19
7
11
12
18
12
19
14
13
18
15
9
19
12
12
16
19
17
6
19
17
9
15
6
14
18
6
19
13
16
19
15
18
6
14
5
17
6
9
11
14
10
6
20
9
18
9
13
18
18
19
19
13
16
12
6
15
9
7
14
17
19
8
8
6
5
15
14
8
17
6
10
8
15
9
9
12
17
17
17
12
6
13
19
19
9
6
15
18
10
15
6
7
18
17
6
10
15
14
20
18
8
6
10
15
9
10
18
14
13
12
12
18
13
9
19
10
9
17
9
7
13
15
20
10
7
7
8
18
17
9
11
14
10
20
10
13
14
6
19
9
7
16
13
9
18
7
10
16
13
18
8
16
11
14
6
7
6
15
16
20
14
17
11
18
7
16
6
16
11
14
6
8
6
6
6
9
13
12
18
6
18
15
17
8
17
10
15
19
13
17
10
12
6
19
19
18
5
7
9
10
12
15
9
14
14
19
15
15
11
11
17
19
13
13
8
8
13
13
12
19
7
7
18
8
15
5
13
15
6
5
13
16
17
15
17
15
16
17
8
13
8
0
403
518
628
302
684
344
718
524
180
381
166
75
93
737
435
578
655
719
76
93
266
324
559
438
296
459
205
763
156
156
295
126
633
416
701
104
93
382
475
378
759
191
371
272
260
131
772
0
556
249
610
452
39
234
167
775
99
581
29
439
610
165
630
306
721
630
153
8
568
178
721
257
695
497
246
335
287
6
262
177
418
280
64
423
87
412
397
448
639
690
366
292
87
521
619
225
779
238
377
734
140
344
601
579
498
752
63
427
662
662
552
285
560
49
138
595
413
259
109
722
671
4
618
743
656
702
451
296
551
205
243
381
2
635
258
317
309
726
706
443
330
759
374
403
148
682
8
499
261
670
735
629
155
415
17
377
489
115
538
268
196
247
15
701
586
733
62
135
687
508
536
7
613
449
246
736
337
484
245
184
470
112
10
111
250
209
757
642
135
445
725
14
291
397
573
38
781
246
599
32
255
505
95
44
502
596
127
42
343
432
467
211
332
119
590
15
177
346
158
369
169
166
294
316
262
223
270
388
286
278
324
135
403
660
536
424
584
423
192
339
583
255
118
90
733
579
649
526
362
540
493
993
1038
341
1012
864
1462
939
614
732
568
381
372
1446
1037
1039
1164
1480
771
757
334
965
897
1239
352
1092
455
1305
316
554
376
159
1264
435
1398
840
629
441
888
735
1390
773
432
738
374
637
1465
464
1336
597
1288
801
393
281
209
819
236
608
595
937
688
195
1209
1034
883
798
238
520
646
253
1441
838
969
1201
885
418
838
61
463
964
877
915
449
511
408
596
1000
698
714
773
673
437
99
1295
1029
389
819
483
423
1404
829
649
1022
966
680
820
405
1204
767
1413
1164
597
1335
449
679
959
660
658
277
808
903
40
1073
1368
1262
891
520
388
1191
274
758
511
395
1169
497
459
493
829
1254
556
1048
962
1071
957
627
1196
268
525
889
877
1203
690
897
814
461
1081
839
729
1054
548
792
1025
610
743
1188
1479
595
665
1432
928
878
351
1198
474
667
979
796
514
512
402
1091
881
495
381
1045
845
1305
1227
441
1068
1482
757
1037
494
872
779
1352
447
1086
241
842
832
470
522
998
1022
309
794
1025
483
1034
646
712
410
1032
329
396
1056
388
835
350
646
478
624
417
419
631
473
828
932
858
661
1038
1095
1056
670
1256
594
970
1012
729
902
481
172
998
745
783
629
581

