1
30
11
12
20
11
9
12
17
5
13
18
13
19
18
13
5
9
9
17
11
9
11
19
13
12
11
17
7
13
7
13
0
85
36
82
16
61
38
30
29
79
11
10
2
11
15
2
24
31
44
21
0
42
67
62
26
36
79
82
80
28
42
178
109
132
117
130
77
109
90
152
108
53
28
113
73
88
38
139
60
103
88
61
88
165
61
132
126
109
144
112

2
30
20
7
8
17
16
16
20
6
15
15
8
19
18
12
6
20
6
8
9
8
17
8
8
8
12
7
18
9
15
10
0
59
62
59
52
71
34
91
13
48
90
15
19
82
21
13
84
64
43
82
45
27
10
50
43
91
81
20
57
46
41
106
112
108
124
95
63
159
107
113
119
57
98
127
114
48
95
152
85
104
75
48
65
140
142
163
167
43
112
89

3
30
18
8
17
15
11
15
20
10
19
14
13
19
15
11
16
14
8
13
6
13
15
7
7
16
17
16
19
19
9
7
0
74
62
97
12
5
44
98
11
64
15
97
23
58
97
34
70
25
94
75
66
74
95
77
97
92
40
60
53
18
39
129
179
212
70
78
89
202
41
110
93
190
53
131
142
146
148
54
139
151
111
100
106
141
117
195
90
122
116
89

4
30
20
15
16
19
8
18
8
7
17
10
11
15
17
19
15
7
13
16
13
10
10
16
11
16
11
14
8
9
13
5
0
43
45
90
33
94
29
80
45
94
56
81
91
21
41
71
29
88
24
78
66
9
12
73
81
67
24
40
33
90
61
101
102
123
62
126
132
160
116
152
85
149
173
101
104
157
53
196
59
159
124
111
85
119
94
139
90
88
66
168

5
30
17
8
5
12
17
12
16
12
10
7
16
10
19
14
16
11
14
16
12
15
14
18
5
15
9
11
15
9
7
14
0
77
18
4
11
72
39
63
93
35
78
8
49
89
89
1
49
73
36
60
67
29
41
61
77
53
92
15
83
74
73
162
23
99
73
176
67
136
176
135
103
50
74
167
149
71
117
93
98
116
162
55
128
140
138
68
185
79
163
162

6
30
12
10
7
15
9
18
11
12
19
16
13
7
19
11
7
15
19
9
19
8
14
5
8
8
13
17
16
18
19
8
0
3
55
27
41
76
83
76
95
82
22
58
32
11
87
48
90
95
25
9
52
24
82
51
49
61
23
40
84
18
63
16
76
108
127
152
119
102
132
162
127
127
142
54
169
119
151
147
52
78
146
69
114
90
64
154
89
121
126
60

7
30
13
16
20
15
18
17
16
6
9
8
16
18
9
15
8
16
15
13
10
10
13
7
13
15
11
12
20
17
10
15
0
27
60
30
74
50
28
37
36
38
59
1
59
96
7
3
91
42
62
76
96
56
39
74
49
39
93
8
53
42
66
133
82
67
152
72
143
117
46
89
122
105
99
128
51
101
185
153
98
86
121
150
107
142
131
122
196
66
108
119

8
30
18
12
20
17
9
19
7
16
18
17
17
11
9
6
16
15
8
15
10
13
16
8
15
6
12
6
7
7
9
12
0
80
43
39
64
72
24
87
14
26
38
34
23
44
35
77
81
52
41
23
16
63
76
35
25
84
48
27
27
30
61
180
96
61
91
146
122
136
50
89
101
75
69
129
136
135
179
100
141
113
101
92
138
109
85
109
77
111
89
73

9
30
19
15
15
6
17
8
14
11
16
20
8
13
13
18
7
10
8
7
14
6
6
18
19
11
8
7
6
10
7
15
0
67
29
80
26
34
74
28
61
51
24
51
56
40
60
62
76
11
28
63
41
19
14
55
19
36
40
22
17
39
91
157
46
149
87
104
111
39
122
114
59
82
95
127
78
145
130
50
79
83
121
96
69
111
106
58
114
111
91
138

10
30
8
11
18
8
14
9
16
7
9
12
10
16
6
16
5
18
5
18
16
17
5
7
12
14
14
17
14
6
15
8
0
11
8
0
25
56
83
51
32
22
41
80
45
61
27
15
42
49
70
59
70
5
14
34
8
30
36
38
6
53
61
54
49
87
112
103
107
86
98
59
64
97
78
117
63
108
90
90
90
120
157
31
60
60
68
93
69
48
62
72

11
30
19
8
19
13
8
5
16
5
13
8
18
11
19
11
16
5
20
8
11
8
7
6
6
14
8
17
19
16
19
17
0
50
63
61
80
13
18
30
77
78
2
83
45
6
76
7
30
15
41
2
18
9
7
52
78
35
41
28
70
15
78
117
101
144
167
39
122
56
145
87
52
136
115
33
140
61
124
45
76
56
64
81
31
112
116
85
72
86
117
86

12
30
18
7
6
7
14
16
8
9
19
6
10
18
6
11
12
5
15
14
18
8
8
5
11
5
16
12
15
15
15
9
0
35
42
0
38
8
14
56
31
4
78
24
45
13
59
78
79
41
61
16
26
59
65
57
29
49
44
19
64
84
92
103
73
76
65
25
88
83
114
71
96
84
69
68
93
104
121
101
128
104
52
111
143
101
53
122
110
116
115
115

13
30
5
15
11
7
9
10
10
17
15
7
6
14
16
12
15
8
19
5
17
20
11
7
7
8
6
12
11
19
9
10
0
56
34
73
10
75
16
38
50
40
29
35
68
30
55
31
52
43
75
84
10
37
73
65
82
60
48
76
26
83
44
92
71
145
37
147
47
66
135
83
114
105
134
81
112
46
133
104
125
157
36
123
122
115
113
117
84
169
46
104

14
30
19
12
19
18
8
20
10
5
7
6
11
9
14
15
13
5
17
18
9
15
6
13
16
6
11
13
20
19
15
9
0
41
44
47
44
47
70
8
11
39
2
16
80
88
33
40
82
25
20
42
50
24
65
59
46
18
64
38
27
11
78
87
156
66
96
113
163
98
23
133
82
37
181
196
111
122
151
64
60
131
64
96
167
74
114
113
109
83
122
43

15
30
13
11
14
14
6
12
15
15
16
11
10
11
20
8
17
13
5
6
7
12
17
9
14
16
7
18
15
11
11
16
0
62
4
24
18
33
15
86
34
38
1
7
66
44
3
69
37
69
10
37
22
64
48
55
67
58
34
40
3
39
66
80
43
47
37
106
49
167
126
128
49
24
167
82
39
158
133
118
60
103
50
125
96
102
108
149
88
135
64
72

16
30
16
19
13
6
16
5
8
5
17
19
5
15
9
18
18
19
15
7
10
10
8
8
11
11
6
13
19
6
13
7
0
42
85
46
64
17
80
84
14
14
71
74
64
0
81
54
75
72
42
47
44
82
7
46
23
2
86
41
10
68
81
83
175
112
119
72
136
112
90
98
97
108
128
79
110
142
154
98
63
136
122
146
63
84
49
35
143
75
62
93

17
30
11
11
18
18
14
19
13
13
15
9
8
5
18
18
9
10
15
8
19
18
14
14
17
12
7
18
18
9
9
19
0
19
51
2
92
1
65
77
38
19
60
82
39
87
71
45
89
68
14
13
80
8
29
16
53
62
90
72
82
82
62
47
150
91
110
32
114
146
144
87
97
150
107
204
156
137
177
121
64
123
109
112
144
51
98
131
184
127
140
102

18
30
5
11
20
13
6
15
7
8
12
12
20
9
10
8
12
15
8
17
6
7
12
9
18
15
18
8
5
10
14
16
0
23
20
21
71
57
52
23
77
39
7
72
26
26
2
42
26
32
64
23
20
68
69
5
3
32
42
38
39
3
17
77
45
100
157
156
123
81
134
60
57
116
49
96
48
76
99
125
127
68
74
112
103
95
62
115
123
64
132
50

19
30
6
11
12
11
7
6
7
13
14
17
11
15
8
17
7
9
15
8
12
6
6
14
14
17
11
11
8
7
12
12
0
70
14
70
7
52
35
63
67
13
73
33
33
15
16
58
4
6
27
61
62
72
57
35
14
19
28
15
45
77
32
139
93
134
23
75
46
154
157
37
97
119
41
105
65
128
49
42
40
113
117
154
99
119
99
103
45
87
125
141

20
30
11
13
7
14
12
5
9
8
10
15
15
9
16
12
12
12
10
19
6
16
8
13
13
18
13
19
6
16
18
9
0
71
43
9
59
59
28
4
8
42
52
88
67
47
51
77
53
60
6
85
34
35
49
41
26
30
34
76
65
59
45
120
135
65
160
144
37
23
34
133
103
125
147
63
87
160
115
91
28
172
81
105
126
134
109
84
93
94
136
150

21
30
15
15
11
8
13
20
8
20
7
7
16
14
19
8
15
15
7
20
19
19
16
18
18
15
12
7
12
5
14
11
0
38
36
9
22
49
37
18
19
82
67
50
62
59
65
1
39
12
5
14
97
45
2
5
55
39
24
98
22
89
101
141
49
45
120
98
124
97
68
131
155
73
101
113
145
73
124
72
101
78
141
65
96
29
143
84
81
165
110
163

22
30
12
10
6
11
9
12
6
12
7
16
12
8
5
6
19
10
15
14
11
9
6
15
14
11
17
20
20
10
18
18
0
43
57
37
43
18
42
23
73
67
55
16
13
17
75
25
25
20
18
40
81
28
21
81
39
24
71
61
39
12
16
134
73
123
64
111
129
77
164
164
137
80
88
50
109
96
50
78
38
88
109
123
93
94
75
89
98
118
116
63

23
30
18
7
19
11
19
8
7
6
13
13
20
19
13
13
18
6
10
15
8
11
12
5
11
10
10
12
14
20
14
15
0
31
10
81
37
74
10
61
4
62
33
30
63
15
73
86
22
59
31
27
41
59
60
87
38
60
28
44
12
25
38
95
37
96
90
98
107
157
51
88
127
93
115
71
143
138
101
106
95
111
73
147
133
134
89
145
48
129
86
122

24
30
5
10
18
11
6
20
19
16
10
7
12
5
19
11
9
9
13
11
18
19
13
19
7
7
15
18
20
19
13
9
0
44
41
66
40
31
96
9
20
84
58
60
30
32
50
6
2
9
26
33
59
88
54
87
62
84
10
26
84
10
95
89
65
92
63
70
167
105
117
140
134
114
144
75
63
93
66
85
139
100
75
145
100
147
131
166
56
74
112
98

25
30
13
13
5
7
13
11
10
8
7
11
12
17
9
12
9
15
9
12
14
11
16
9
11
13
11
7
6
17
8
16
0
61
18
41
57
7
31
9
16
25
65
82
64
44
41
60
59
81
14
13
52
81
67
56
46
21
16
53
74
66
40
123
83
84
141
79
108
71
90
48
138
145
128
86
94
135
73
158
58
91
76
133
113
109
107
34
79
133
106
124

26
30
15
8
9
15
7
6
16
15
19
19
6
18
13
17
5
18
5
9
6
6
19
14
7
12
17
15
12
7
10
7
0
27
78
27
27
62
37
84
43
20
14
78
65
78
43
42
79
55
54
28
5
11
87
10
34
52
40
33
60
7
99
77
162
62
34
88
127
160
134
99
93
134
111
111
101
144
170
114
130
96
109
57
149
92
52
153
77
53
111
73

27
30
11
8
13
10
12
14
13
17
8
11
16
19
10
18
19
9
16
6
10
8
15
6
17
18
8
17
12
18
15
7
0
78
90
24
64
79
32
61
47
45
94
34
0
89
71
31
57
91
17
79
94
41
1
81
6
43
20
55
68
48
38
171
145
57
96
134
66
136
89
87
155
86
81
111
152
46
97
137
49
162
196
90
71
101
104
132
81
120
149
87

28
30
10
9
8
15
11
18
10
16
16
15
12
13
16
5
15
14
14
16
5
10
18
10
8
16
15
17
8
5
18
6
0
33
57
32
81
64
76
82
30
73
58
5
48
87
47
75
71
17
0
8
37
76
79
24
74
41
41
11
34
27
51
132
118
136
115
133
102
121
65
121
113
25
82
101
136
133
135
33
28
63
140
123
130
108
94
106
132
106
53
117

29
30
8
19
19
10
20
7
16
16
5
14
20
17
16
10
9
17
19
20
8
20
14
13
15
18
9
7
7
11
15
18
0
59
101
70
29
60
100
58
25
18
80
21
69
35
66
85
46
19
15
30
67
10
3
26
17
21
87
94
71
34
26
139
208
168
76
79
175
139
63
134
143
78
133
79
157
176
163
139
41
59
91
31
113
52
120
44
180
120
156
112

30
30
9
8
14
13
14
9
17
16
12
12
12
11
14
17
16
20
13
15
9
16
5
16
16
13
14
7
19
14
18
17
0
81
29
6
39
6
82
57
91
70
69
87
71
0
27
52
61
53
67
74
98
73
11
29
48
3
64
69
39
94
42
136
49
86
148
75
167
107
111
166
128
191
179
110
143
73
128
133
122
167
173
138
70
131
111
10
122
98
100
163

