1
300
19
5
18
8
7
18
12
16
16
13
15
7
9
14
17
8
19
7
15
8
16
12
19
8
14
7
18
18
17
17
19
16
14
16
18
11
7
15
9
11
20
15
16
6
14
5
14
12
9
7
17
14
11
18
10
15
7
11
14
7
15
7
20
17
5
7
20
6
14
11
9
12
20
16
8
14
16
13
20
9
13
18
9
12
13
14
6
12
17
20
16
16
5
10
13
15
14
8
17
6
10
18
12
15
16
17
9
11
17
8
13
9
15
15
9
16
18
20
8
15
15
19
13
6
8
15
11
19
17
16
5
9
16
6
19
11
12
17
11
9
12
8
13
6
16
17
8
11
12
18
14
18
19
8
15
13
5
13
8
18
7
12
16
17
15
15
10
15
9
14
10
10
17
11
5
14
16
12
16
14
7
12
18
13
16
11
19
15
5
20
13
11
7
5
9
5
15
11
9
7
9
19
7
16
15
18
18
14
15
17
18
17
19
11
11
14
8
11
12
10
7
9
12
20
12
20
8
9
16
15
19
9
16
11
6
18
7
7
14
14
14
15
17
11
16
15
12
18
14
15
18
11
19
8
6
19
14
17
11
7
9
8
12
18
17
13
15
7
6
8
16
12
16
7
6
7
16
15
19
13
7
17
15
19
10
19
8
7
8
16
7
10
10
6
17
17
17
19
19
8
0
744
385
388
953
189
886
465
767
695
231
602
673
141
203
45
205
889
936
324
52
912
212
737
814
525
834
414
291
70
830
872
856
34
455
541
506
123
746
172
316
103
643
46
917
867
166
188
535
824
297
849
865
521
304
54
615
961
500
852
323
828
584
52
183
224
579
930
76
723
306
486
840
697
549
504
588
720
898
680
512
701
301
928
495
668
122
20
909
307
358
331
525
528
341
77
195
246
349
136
307
297
78
114
689
938
962
144
608
59
603
415
806
671
734
480
383
155
614
919
118
645
173
765
211
506
183
938
196
509
708
382
551
66
483
919
285
759
397
774
609
235
280
483
315
434
811
177
679
700
714
420
665
721
97
6
290
203
103
11
600
6
104
789
792
321
890
225
201
604
646
142
850
704
839
319
11
203
137
482
237
204
225
313
312
755
676
508
376
53
3
716
49
167
262
272
682
421
577
437
200
468
46
595
302
953
214
591
54
700
634
683
469
446
787
730
821
515
923
665
716
518
658
8
222
46
413
419
504
717
657
380
193
855
208
424
487
496
95
313
755
272
764
820
532
349
100
154
254
279
239
587
264
169
828
885
61
169
176
685
213
626
229
115
242
857
250
593
676
806
160
697
648
665
344
725
213
788
585
222
672
840
342
169
528
490
144
844
582
614
525
314
393
560
224
933
561
76
641
894
787
1244
1361
729
1305
492
1439
496
1677
1455
968
1527
1121
765
675
115
986
1008
1024
868
135
966
1132
1007
1163
1491
1375
981
856
638
1168
1798
1205
185
535
565
1122
1078
786
210
1076
319
1488
626
1887
1314
371
906
1398
1411
380
1751
1672
1056
487
385
1548
1342
1429
1655
1057
855
1139
83
727
553
1324
1731
515
867
1079
1417
1331
830
726
1194
1491
1468
1434
1094
881
1303
757
1147
895
1442
615
82
1721
585
512
1239
1305
1121
399
343
497
978
707
301
1174
1008
361
848
1179
1485
1773
252
633
543
1479
561
1239
1453
1230
1415
859
180
1153
1686
299
854
874
1096
785
557
1078
1531
299
600
772
1060
796
257
824
1058
1107
1318
1256
1648
791
365
385
1163
1227
1292
1148
1101
1546
1605
1075
1053
1541
1457
272
797
391
756
774
712
709
45
1060
1153
1674
871
1092
840
453
867
919
620
1356
1362
1188
984
378
764
178
765
854
989
611
830
834
1304
1563
879
860
988
291
799
234
508
375
649
1133
762
1095
936
304
1226
889
1127
546
1616
531
1020
934
1341
1153
1003
1317
890
1253
860
1097
768
1162
996
816
1020
710
937
1019
855
777
697
1117
1327
1044
1226
604
1108
632
442
1226
688
1061
433
1107
1155
1448
1506
1393
547
971
1031
275
785
630
879
637
257
1501
1242
215
426
749
1491
501
1573
457
666
1098
1737
882
706
1283
1624
982
1323
853
823
655
1088
372
1654
903
317
896
900
821
304
1441
539
523
960
1531
1093
989
426
887
1088
1132
1142
1374
1001
726
1271

2
300
13
16
16
16
14
9
6
13
9
19
17
16
7
14
13
20
14
9
15
17
17
11
15
12
12
20
16
8
9
14
8
14
10
14
18
18
9
7
13
15
6
9
18
14
12
19
13
9
9
8
13
18
15
18
16
13
13
12
11
17
18
9
11
18
6
13
19
9
15
15
8
14
12
9
10
10
17
18
9
17
6
17
9
11
10
18
6
8
7
16
20
20
19
7
6
13
19
10
19
6
20
17
13
9
12
5
13
10
9
8
13
12
8
13
15
10
10
10
6
16
6
5
20
12
11
14
9
9
8
9
12
6
18
13
16
7
12
20
8
15
14
17
19
14
8
13
20
12
16
9
20
12
6
7
9
17
19
5
8
18
11
6
11
18
17
18
6
16
16
8
11
9
9
14
6
16
12
8
16
9
7
16
19
10
8
10
8
10
16
18
17
15
7
7
18
18
18
18
14
5
18
10
15
18
12
13
11
17
17
16
18
19
7
16
6
9
12
13
11
7
18
13
7
7
9
9
16
8
15
14
12
7
13
11
18
5
18
13
9
17
7
16
18
15
14
11
9
14
9
6
7
7
17
13
18
5
15
17
5
19
16
8
12
13
16
6
10
19
18
13
5
8
11
10
12
8
11
18
13
19
5
18
17
19
18
10
18
10
13
16
8
15
20
16
13
20
10
12
18
16
0
593
640
749
636
768
158
872
239
743
198
515
184
279
291
378
39
898
423
617
386
83
502
226
46
175
382
370
451
638
398
548
169
794
870
669
193
716
493
769
172
779
661
45
460
846
416
241
641
554
475
814
840
711
87
407
275
632
410
618
331
927
63
923
887
847
350
716
34
676
102
159
180
173
488
608
260
677
694
107
797
4
64
866
608
101
913
473
473
410
34
845
164
734
189
20
372
794
140
800
662
325
196
397
238
195
864
787
272
792
205
122
310
81
743
165
804
855
169
547
510
138
456
539
773
676
111
75
701
353
378
743
948
436
590
373
111
834
154
24
505
457
436
816
674
335
287
865
907
19
298
185
47
119
54
49
400
571
615
865
889
813
283
279
31
31
656
314
305
804
552
525
280
38
527
255
327
945
305
277
663
491
447
285
440
330
87
586
401
383
144
646
693
286
52
2
167
181
267
833
172
394
483
605
141
50
122
694
348
808
534
377
87
565
269
225
933
419
895
419
501
226
495
917
614
361
863
416
78
206
754
77
754
516
300
391
895
205
321
19
658
400
744
200
411
586
870
723
564
659
945
582
693
361
171
707
944
397
122
38
655
523
151
382
33
803
386
869
767
364
828
307
20
817
729
593
282
94
63
31
64
47
636
116
284
250
77
385
819
378
17
144
203
749
797
668
538
563
205
88
162
1146
1558
982
1442
1705
480
1296
765
1442
1128
1117
1097
396
699
1223
805
1356
1114
1339
516
1003
1382
259
206
842
1183
618
1246
1331
604
1319
833
1690
1196
1384
571
951
819
1110
476
1072
1021
523
1026
986
1111
875
689
1280
571
1738
1254
1102
264
1190
570
775
1036
1327
387
1691
914
1688
1249
1614
631
953
743
1426
716
1087
218
975
1024
643
342
711
785
315
961
32
793
1490
804
742
1102
1030
1142
639
392
1066
381
811
927
722
842
1414
749
1335
1329
679
369
1173
618
641
1222
811
569
1130
282
243
853
377
1518
963
1441
1200
559
841
1181
295
990
732
895
1116
525
258
1208
463
1057
1604
1769
849
1427
664
481
1318
296
653
1435
799
678
1707
1547
1134
1093
1754
1692
740
569
987
936
433
368
600
733
1024
1044
1488
1229
1750
670
1143
628
110
1326
1059
569
1155
1297
1027
769
891
718
324
499
1874
1251
1001
1068
1233
715
1221
726
574
422
1189
604
735
583
1108
738
492
176
547
320
230
925
1261
747
1065
1135
1227
310
545
691
1519
916
1060
1435
917
139
1507
1148
625
1871
1022
1659
508
1320
1147
580
1849
1561
1223
1625
735
464
915
1561
535
937
772
1063
784
1828
606
406
556
1298
747
1600
1114
458
1179
1625
1434
994
941
1311
647
880
1139
229
1034
1768
704
972
103
750
740
394
1253
191
1734
956
1509
1448
792
1188
596
251
928
1286
1542
768
652
498
471
496
311
979
201
1153
332
133
1034
1380
1201
427
1075
920
970
1758
1337
1390
1451
314
668

3
300
19
6
8
7
10
13
9
7
10
11
13
19
5
15
12
6
12
14
17
20
11
7
19
16
14
6
8
15
6
10
18
18
6
13
10
6
11
16
17
8
9
9
15
13
12
18
6
9
7
18
8
8
17
17
12
11
18
18
6
15
14
14
19
12
9
14
13
19
6
6
11
13
15
6
12
12
11
10
19
14
19
6
18
6
14
17
14
12
9
9
17
9
17
10
18
19
10
17
15
13
8
19
5
16
18
10
17
18
15
14
12
6
16
19
17
11
17
8
12
16
12
14
13
7
7
7
19
20
7
7
13
12
6
6
6
18
19
7
9
16
12
14
14
8
6
19
18
17
18
7
17
13
19
18
14
15
11
19
15
19
6
13
7
11
7
6
10
11
13
11
15
5
7
7
15
6
10
9
18
18
10
19
15
13
17
15
9
10
15
15
10
12
10
11
9
17
8
6
12
10
10
14
18
14
13
11
16
5
15
14
17
19
8
9
18
18
6
12
18
11
10
15
14
15
7
17
19
6
9
5
9
18
15
18
14
7
13
14
9
16
5
11
15
11
13
14
15
19
12
6
15
6
20
6
17
19
8
12
7
12
16
8
11
15
17
19
17
11
12
7
9
12
7
16
10
13
19
18
17
16
15
7
8
12
14
13
15
8
8
18
17
10
8
20
17
19
13
10
10
18
0
898
519
296
716
502
400
931
467
117
51
521
475
802
46
671
514
277
575
535
673
475
79
79
599
508
935
79
108
606
117
160
10
708
597
439
584
431
736
568
341
101
237
791
9
175
600
702
289
598
105
304
186
253
751
940
451
883
846
366
146
577
86
209
241
16
216
337
412
930
833
269
97
212
723
11
332
514
496
706
515
339
937
306
693
438
382
626
730
811
543
319
349
676
612
463
810
142
347
130
13
914
419
149
566
73
49
914
59
564
906
218
2
483
355
461
788
781
888
208
342
49
50
100
465
18
826
4
13
792
231
458
522
35
776
353
611
514
662
151
68
747
802
681
293
398
491
248
387
832
102
784
923
498
479
373
623
332
476
759
758
56
190
580
636
557
44
114
883
749
457
516
678
339
709
749
22
656
803
587
726
872
232
662
265
564
267
419
392
321
869
928
224
49
698
256
372
780
743
576
70
255
295
599
712
290
833
46
556
214
898
76
606
37
343
61
768
797
819
18
667
363
166
617
206
329
494
684
132
676
364
90
529
655
245
430
311
406
114
103
353
173
527
633
148
78
119
168
45
132
867
390
840
628
907
904
526
719
342
741
699
15
780
799
769
75
521
540
3
285
931
603
601
17
529
915
796
661
799
318
324
587
228
436
688
144
608
75
920
366
217
744
415
238
719
174
151
667
546
77
712
1163
1163
618
1250
952
420
1016
1090
432
542
1358
1400
1502
806
1170
895
842
814
760
779
1045
334
663
1440
1215
1407
509
883
761
962
749
868
1180
629
1306
789
953
860
1176
1218
252
944
928
144
347
1267
1172
720
1081
492
893
636
315
1431
1543
572
1459
1771
1314
1028
841
246
510
519
835
727
487
956
1439
1059
1037
502
382
1504
503
1177
1391
738
1458
1368
519
1402
828
1171
1089
442
1386
1293
1452
1342
554
851
852
860
1301
879
234
691
887
534
964
1247
423
852
234
722
1332
299
837
1701
563
100
1205
780
767
1316
1443
1708
756
524
666
370
692
981
306
1009
512
795
1397
521
1118
1396
877
1465
634
727
1143
1590
474
162
1493
888
1352
1095
466
1373
495
1215
1413
963
1675
1088
1403
860
954
1434
659
590
779
1297
810
978
1232
1027
794
632
668
1686
767
1328
1176
907
595
1394
1539
373
1370
1032
1269
1304
1079
312
1072
458
1329
848
1066
598
560
1218
1504
888
604
783
884
954
1277
1248
1018
904
560
699
658
1097
1102
1453
328
799
486
1199
185
1398
541
775
163
1113
1006
1044
383
923
650
572
755
229
1125
1290
1164
185
1077
937
810
1481
1110
302
1306
497
1302
991
277
825
974
1257
1433
649
968
352
677
210
1043
998
642
1422
651
1781
1804
1236
867
820
930
844
894
922
1557
1154
230
577
1398
132
482
1661
675
1120
448
1350
1298
1318
717
1588
1121
799
1180
1053
1314
1349
386
1219
925
1404
1242
420
1388
623
543
1298
641
785
1437
818
646

4
300
15
14
13
7
8
18
13
9
15
16
16
15
15
13
15
20
19
6
13
11
10
9
15
20
13
6
14
8
17
15
9
14
6
11
17
5
16
15
10
19
14
9
15
9
10
17
11
6
14
18
16
11
14
9
10
7
7
7
18
20
9
17
9
15
15
6
7
19
16
7
13
20
19
6
12
9
15
11
13
19
18
10
11
11
9
13
8
7
8
13
11
8
17
20
6
11
14
12
13
15
9
12
19
20
7
18
7
18
7
20
10
8
18
10
7
11
12
13
5
8
15
15
8
19
15
16
8
14
18
14
17
12
16
13
8
14
15
15
18
20
16
5
13
16
14
8
10
17
19
16
8
11
9
8
13
15
12
13
18
6
12
20
9
6
7
20
12
11
17
18
19
18
16
16
16
8
19
11
17
18
15
6
15
19
18
7
18
13
9
11
17
12
9
7
7
17
13
10
14
6
16
5
16
9
19
8
20
12
17
15
11
5
7
11
9
19
8
15
14
6
13
10
13
16
6
20
19
14
16
17
6
11
15
20
6
15
11
9
7
10
18
7
7
13
9
12
8
15
15
9
14
12
6
6
7
15
12
17
8
18
17
11
7
5
14
19
14
19
16
11
15
16
16
7
10
19
9
13
12
10
19
17
14
10
7
5
12
7
6
6
17
12
7
5
14
17
12
9
9
12
0
830
136
580
505
880
245
215
437
852
886
798
282
257
335
614
907
385
443
928
157
436
492
558
779
657
126
825
415
50
706
195
235
201
520
779
633
919
459
354
814
177
555
518
783
26
222
908
935
881
468
676
577
899
235
656
939
717
169
157
809
177
348
621
730
464
557
666
107
172
926
409
348
607
244
533
274
371
97
799
668
189
865
426
457
825
539
333
443
23
278
237
840
472
380
31
64
845
929
318
807
762
213
214
717
167
463
488
54
454
828
743
851
74
330
566
750
412
104
908
280
557
389
547
408
523
387
838
642
9
225
433
879
21
914
689
333
89
575
648
511
289
722
406
845
808
172
220
555
713
716
80
51
918
233
247
386
771
222
897
664
769
596
443
377
839
243
80
933
105
679
11
178
745
234
538
512
216
558
69
885
807
659
404
804
88
276
58
736
629
3
93
713
672
221
397
329
371
381
542
48
329
668
75
442
719
85
158
213
274
504
472
900
630
369
816
318
255
779
374
505
362
111
339
929
474
839
23
851
388
12
615
414
317
228
131
839
901
318
310
810
514
706
524
729
27
541
398
639
225
855
326
655
146
251
872
71
368
217
606
203
692
908
867
561
6
723
92
931
14
299
306
840
853
710
877
531
638
258
263
547
126
353
603
293
69
393
137
220
932
623
283
444
56
399
130
462
658
487
484
326
1297
750
1132
795
1545
1056
1143
947
1118
1646
1541
560
738
1146
1264
1365
522
1228
1426
360
747
861
1211
1625
1591
924
1042
1019
216
1185
778
726
977
718
1416
1207
1511
575
1030
1668
512
1241
905
1304
308
915
1365
1209
1145
488
1347
841
1671
570
752
1610
747
1054
407
845
705
835
867
908
815
703
1004
886
943
1326
1141
1237
973
1108
1307
918
1173
293
1543
1519
436
1612
920
674
1111
851
865
650
589
941
653
1110
875
495
949
987
1243
1845
780
1311
1545
597
679
1589
882
956
1273
517
1356
1043
1599
1313
864
570
1445
1147
1364
901
1582
965
1510
809
732
837
1213
1034
1743
1211
131
580
565
1685
576
1362
1476
535
757
1510
1017
860
990
1244
1254
1088
1397
910
291
1229
1274
931
890
576
1376
928
274
555
1577
552
936
1388
1314
946
921
749
1266
1059
497
1065
522
1630
594
350
1534
899
913
945
368
590
275
1355
894
1194
1307
910
250
675
674
1317
1170
953
790
942
1362
478
1318
656
513
902
1106
136
349
1207
816
786
882
1021
872
542
1102
1373
1222
1567
1557
1053
1394
1032
361
1367
1239
943
430
461
524
1691
973
1466
57
1221
1216
290
859
882
771
1121
462
1646
1055
777
1199
1035
618
1352
938
1502
140
903
494
1551
440
1579
1130
1525
1026
1115
1076
349
1048
566
960
918
855
1530
1809
1315
646
1400
922
1091
576
390
880
1270
971
1489
1704
1301
1362
1181
595
724
504
867
1168
1013
226
1261
388
716
952
1162
1047
628
75
1321
235
920
1060
1134
592

5
300
9
15
11
5
10
6
7
20
8
14
16
19
18
10
19
12
9
7
11
12
11
6
15
10
5
17
10
12
6
12
20
19
17
20
19
7
10
5
14
19
6
16
14
7
15
17
8
20
8
16
8
15
17
10
10
7
5
10
15
15
6
10
5
12
16
13
18
14
18
19
15
17
5
14
12
17
5
9
17
17
5
7
19
8
16
9
14
11
14
16
14
18
7
15
12
18
16
17
8
15
11
15
19
6
7
7
17
13
14
8
16
14
12
18
19
8
7
8
16
16
14
14
15
6
17
18
8
13
20
13
15
9
10
5
8
8
6
14
6
13
19
6
19
11
6
7
11
11
20
10
9
14
11
6
5
16
15
8
14
20
6
6
17
19
10
15
17
20
20
16
8
14
16
7
17
10
15
8
10
8
11
18
20
18
6
11
16
6
13
19
7
18
9
18
6
18
17
9
7
8
14
15
10
10
16
14
7
14
17
5
11
16
10
17
5
11
19
12
13
18
5
9
14
6
9
7
13
6
11
9
20
17
8
19
20
18
14
12
16
15
11
17
7
15
19
7
17
10
7
13
7
16
18
8
6
14
10
9
5
20
16
6
10
6
13
11
16
5
6
19
18
6
6
7
17
10
10
15
20
18
7
7
16
17
17
16
19
13
9
7
10
18
12
19
13
8
19
11
16
10
0
834
666
23
514
777
193
448
771
697
173
474
414
11
397
576
813
648
677
788
188
417
870
760
537
254
178
107
655
151
646
125
875
882
699
43
927
284
370
53
747
280
351
562
505
369
701
601
381
297
870
652
95
641
374
748
559
772
844
17
223
610
411
626
586
40
687
905
414
560
555
138
563
219
756
737
835
381
926
495
517
505
44
675
778
366
549
272
111
831
112
350
528
272
167
899
807
50
288
145
89
356
75
162
219
751
907
806
346
666
378
712
93
236
605
384
166
450
911
85
894
217
714
582
586
469
805
367
713
821
4
211
280
777
497
308
323
283
239
844
914
477
601
573
451
346
220
497
57
387
426
734
565
608
647
451
485
236
803
108
94
433
250
94
531
632
45
558
233
40
888
253
842
489
727
122
755
788
191
135
534
161
297
704
184
918
606
886
459
32
877
66
276
714
423
903
533
156
110
689
850
347
253
559
435
15
266
134
778
617
800
540
892
255
243
134
491
90
274
288
890
809
259
914
409
732
762
291
120
75
602
276
893
628
296
758
148
720
35
248
903
773
384
425
575
714
364
825
44
818
173
110
441
295
424
328
251
513
491
822
203
683
878
549
621
333
102
108
577
112
301
831
263
367
913
624
100
214
205
648
804
244
739
206
713
430
428
434
171
113
604
672
907
904
673
677
905
807
528
920
615
1693
1452
213
987
1183
748
841
910
1431
809
557
1124
210
878
1278
1484
1515
1327
1162
416
969
1036
908
1184
430
286
671
1097
791
1150
327
1085
1385
1338
179
1865
331
538
174
1300
334
417
831
618
1029
1242
702
709
1107
1752
1568
233
718
1267
1464
1319
1003
1436
828
604
887
1071
1371
974
865
1009
1339
1194
929
1079
655
1008
424
877
1120
864
1087
1140
1389
1315
1377
456
1458
1015
1054
1307
699
1003
1416
313
1263
1168
510
885
999
1286
451
969
770
711
924
538
826
1138
1659
1844
1043
581
1071
865
984
647
595
1323
755
711
1151
1307
440
1696
475
903
722
1404
581
1028
1038
1592
944
182
268
1089
1617
1066
1174
744
827
443
1272
1053
1235
1045
901
491
1196
1109
1282
850
706
787
1642
982
1257
954
849
651
681
1352
625
340
902
643
783
943
1130
509
1292
592
775
1584
649
1552
503
1648
747
1582
1561
599
264
850
868
518
1616
920
1795
1335
1408
898
958
1024
772
506
1282
930
1409
586
836
648
800
1224
1178
1123
863
1186
189
1074
197
1639
1481
843
592
959
503
562
490
623
609
354
446
1152
1077
479
1643
1121
1642
881
397
1059
827
846
385
1199
1309
808
895
737
1175
837
829
1015
1297
393
524
1224
874
439
1283
823
1415
371
640
1208
371
1326
696
1063
1209
564
1674
483
760
1599
705
753
937
790
662
810
252
830
1489
833
890
1839
1194
556
1001
799
1466
1233
1001
1256
1056
1553
524
866
972
887
612
1324
775
1410
1771
985
691
1788
1326
616
1145

6
300
10
11
13
20
15
10
5
15
11
14
7
10
15
9
18
6
5
6
15
14
17
13
19
15
5
15
20
14
20
18
14
10
8
12
7
11
17
18
13
8
7
19
15
7
11
14
10
18
10
17
13
7
13
11
16
12
15
18
17
9
17
13
14
6
18
16
17
7
12
14
12
17
18
8
7
13
13
7
13
15
15
7
17
19
14
10
17
19
7
17
14
14
17
6
19
8
20
12
17
17
13
12
6
19
14
19
11
10
11
14
13
16
13
18
7
9
18
8
5
12
15
6
8
9
19
12
18
12
17
7
8
5
19
5
19
17
17
13
8
11
7
9
15
8
19
18
9
11
9
8
17
7
7
7
10
13
19
9
18
8
9
20
6
19
14
10
9
12
18
14
9
7
11
18
16
17
17
7
15
7
20
8
19
18
7
13
14
16
20
13
20
16
19
13
12
19
18
6
12
14
13
16
7
19
15
18
20
7
11
13
15
11
9
13
14
10
18
18
14
14
8
19
15
20
8
9
8
13
6
8
12
19
12
11
8
16
18
7
5
15
20
6
16
13
15
6
11
5
9
16
15
6
20
13
17
16
19
13
6
15
16
11
13
15
18
10
20
14
18
5
18
13
8
16
20
20
16
9
11
6
17
17
7
10
18
6
12
14
15
6
16
14
13
19
11
6
14
7
15
18
0
736
448
20
623
460
593
627
658
216
9
853
602
710
700
282
905
539
718
423
841
689
208
762
748
351
488
170
850
100
464
528
198
823
931
240
736
854
679
694
644
76
807
737
374
830
159
272
694
824
253
663
638
850
657
749
856
194
286
381
874
619
118
610
593
518
490
792
375
127
125
155
336
366
701
226
945
678
856
145
720
735
875
655
856
719
40
74
961
201
105
938
565
17
769
932
278
378
612
370
793
579
26
814
385
347
217
901
727
411
619
834
367
417
451
259
219
490
922
9
396
675
243
224
169
708
261
441
713
138
388
2
122
301
538
503
743
398
391
857
829
823
219
272
266
168
269
698
146
25
81
768
705
134
540
895
690
894
351
903
724
658
396
137
161
926
879
845
669
84
841
521
208
434
457
177
346
437
195
680
874
793
143
531
797
156
386
182
8
386
884
113
378
38
758
652
556
848
296
461
661
87
725
716
520
342
224
239
811
854
607
279
491
49
855
299
822
531
652
559
643
598
767
624
16
409
173
845
742
63
6
791
522
274
689
719
296
340
381
58
199
234
463
930
750
535
56
12
234
231
786
44
51
672
875
51
250
174
761
411
913
178
286
273
326
662
924
199
769
858
849
111
228
448
202
584
282
778
463
488
700
319
752
931
327
386
176
766
27
798
314
406
77
523
476
167
423
450
196
193
56
801
1072
823
1589
1082
1378
1136
1084
1143
960
1378
895
787
776
373
1354
702
1309
635
1363
719
270
1118
1667
462
1421
853
1331
1045
1172
725
1080
1436
1557
684
1507
1837
1451
1073
979
837
1221
1474
597
1690
838
878
835
906
400
1210
857
1430
1381
884
940
685
329
1306
1256
1259
409
683
1548
1493
1392
1032
621
1065
323
487
1280
1078
1373
948
1033
976
1081
254
1583
1571
1709
684
1704
1223
730
144
1734
1171
274
1875
914
196
1015
1047
916
615
1112
686
1067
650
624
1657
1359
1267
931
1818
1424
496
1346
1383
1309
1328
1200
885
723
1390
1686
839
608
1187
1009
848
1017
1059
679
462
815
216
851
660
182
339
702
1369
1672
546
870
1586
1062
900
1068
627
724
496
1247
1106
598
140
457
1378
904
817
906
1702
1370
1016
568
1749
1000
1546
1307
413
193
1654
1325
1560
767
852
1779
943
276
765
1189
507
562
1181
855
896
1211
1312
516
1436
1230
901
807
433
868
972
1416
303
1306
762
797
1563
1486
1054
974
602
1134
994
891
914
1380
381
296
879
1640
1456
1513
1107
1464
813
1069
944
1206
1132
1129
1101
1365
655
1584
1482
598
691
1076
1227
1553
666
564
1032
1459
573
846
837
934
845
403
1004
972
1096
1393
1899
1367
1135
905
195
477
1019
906
314
946
1545
969
296
792
1051
1560
712
1892
479
604
834
482
964
955
398
1381
1154
1230
380
426
720
1147
844
931
1716
1287
734
758
877
1641
1793
590
1084
960
797
877
1353
1246
632
102
1278
1173
253
865
1403
1036
547

7
300
10
6
11
20
6
6
8
7
17
18
7
20
14
16
13
16
19
9
5
10
11
20
14
14
16
15
6
7
6
5
17
11
14
13
18
20
7
10
19
6
7
14
11
20
11
19
14
6
12
11
10
16
18
11
20
18
11
16
7
13
18
17
6
5
12
17
8
12
20
15
13
10
18
13
15
8
18
9
17
7
13
8
17
7
14
18
13
8
9
6
11
10
16
10
18
18
11
19
8
6
18
11
9
9
13
8
13
20
8
14
18
18
7
18
6
19
18
5
12
17
8
15
14
8
7
9
11
13
19
7
9
18
19
12
14
18
7
9
8
7
8
11
14
11
14
17
10
17
14
6
10
18
7
19
10
7
10
19
20
10
7
5
10
10
6
12
17
8
15
15
10
18
14
18
17
13
13
11
9
20
15
6
12
8
10
7
11
12
12
10
18
16
7
6
18
10
17
15
11
9
14
10
8
15
18
17
8
7
15
12
6
20
12
12
10
18
11
20
11
20
11
6
11
18
12
5
18
6
16
6
17
18
14
12
13
14
10
14
15
18
10
17
14
17
12
15
11
14
6
8
10
19
17
12
20
20
19
17
18
9
5
8
14
17
16
11
13
7
19
13
7
10
17
10
6
18
16
12
8
7
13
14
15
18
6
13
20
6
13
13
18
20
15
10
9
16
7
14
7
19
0
565
253
407
13
741
209
238
826
139
515
272
11
192
366
475
764
430
718
765
183
604
390
536
720
426
284
292
203
363
628
590
327
820
253
546
379
318
762
561
59
368
41
184
801
675
637
480
206
862
453
897
136
836
735
935
430
897
677
374
674
305
411
827
864
138
590
491
752
651
494
893
21
868
820
522
39
41
806
750
843
225
566
834
689
161
175
767
350
479
730
115
588
38
797
287
652
563
84
248
409
369
926
682
716
920
528
942
875
408
428
34
60
933
657
125
604
643
306
204
205
238
315
133
219
866
937
800
99
159
60
795
427
250
896
820
642
541
290
188
704
379
146
413
349
474
1
233
442
835
38
862
101
87
868
130
695
583
134
922
944
559
576
307
851
399
332
816
572
486
910
811
612
713
750
692
804
851
383
766
674
502
317
138
530
679
670
783
224
81
669
654
585
358
420
767
693
240
253
677
715
361
32
668
651
549
348
179
907
82
427
415
741
615
349
653
477
571
509
909
703
517
250
498
584
775
889
408
764
405
883
914
722
507
643
479
782
230
25
572
521
700
325
735
937
526
430
806
257
3
846
299
162
481
509
515
53
936
123
327
842
850
704
649
626
117
683
51
883
369
72
295
838
311
885
476
526
793
62
443
565
894
878
660
320
719
394
323
373
704
657
707
620
851
236
453
843
63
600
162
748
1469
1189
585
619
836
923
552
1412
512
1302
1149
621
446
795
1391
1701
790
1610
814
673
1302
1329
1363
1377
1336
432
750
495
436
1163
1278
387
962
608
1098
1208
390
1672
1493
219
684
545
270
1681
1182
1492
1384
885
1526
750
1199
789
1156
1683
1841
862
1702
979
715
831
915
654
1380
1180
567
1527
904
841
713
841
1132
201
983
921
893
456
162
1194
1319
931
566
1399
1139
1243
907
525
1032
687
1091
1450
395
686
51
989
945
752
1172
840
448
550
981
1368
1552
1179
1362
1136
1731
1358
627
1127
828
575
1205
786
897
903
676
710
386
856
938
934
159
403
1108
1374
1721
839
879
891
1653
763
447
1286
1614
1429
902
668
1001
1591
1101
445
986
772
1091
737
251
782
1657
164
1820
721
792
1174
899
1576
783
914
1322
1552
718
1023
1257
1224
1241
1262
1615
1416
623
1660
1326
1458
1153
974
1569
839
1737
960
1456
1271
1279
427
256
882
1220
921
1212
398
516
1309
712
1463
803
1353
1317
1082
839
847
1492
912
644
390
1050
1554
1325
559
948
1368
944
1007
657
1151
826
960
1566
1277
1011
620
1157
921
914
339
1366
1294
1307
1801
599
1596
534
1331
1686
965
1177
1482
991
874
346
687
905
1334
1279
1210
1151
1397
683
1064
1701
1199
813
1486
376
895
739
1284
589
177
1540
244
1261
1525
1715
952
1260
1020
577
858
588
1587
782
723
857
983
633
1681
1108
1390
1299
790
964
1200
1420
1738
946
1161
1625
595
915
1300
826
982
1260
899
1077
634
786
1745
107
886
786

8
300
15
14
19
15
8
16
17
17
8
20
8
9
14
14
19
17
7
8
9
16
7
17
14
7
9
7
5
19
6
6
12
12
6
9
16
17
18
14
11
11
11
5
18
16
11
9
19
7
10
13
17
13
11
15
8
10
18
13
17
12
18
13
19
8
14
17
8
6
17
8
12
9
15
17
10
10
14
8
12
8
18
10
6
9
10
5
10
13
13
19
8
6
10
15
10
14
9
12
20
16
14
19
17
6
19
11
17
18
16
10
6
12
12
13
7
8
13
12
14
10
10
17
8
17
11
20
8
20
13
8
11
6
17
12
13
16
9
13
7
17
6
17
11
6
8
6
13
12
13
18
14
7
12
10
12
17
17
10
11
7
7
15
11
10
17
19
19
18
8
18
19
18
20
6
11
13
15
15
16
12
13
10
7
17
18
12
12
10
11
18
19
11
10
13
15
18
18
13
10
12
16
16
9
16
13
17
8
19
17
14
15
12
19
10
8
14
14
20
7
12
15
17
19
14
18
6
13
19
10
17
9
10
8
8
6
8
18
6
18
20
18
7
19
18
19
14
18
11
9
10
7
14
8
19
14
7
15
11
20
19
9
16
12
12
12
8
18
19
19
8
18
17
16
10
17
6
13
6
12
16
17
19
18
18
12
7
12
5
10
10
13
10
16
10
16
15
14
13
15
16
0
623
722
649
36
505
839
287
425
721
76
418
512
641
725
204
587
748
619
89
630
548
510
499
471
601
8
174
93
293
537
432
463
765
524
927
946
744
317
920
442
482
117
298
221
590
714
861
188
367
914
199
38
712
473
819
878
821
510
852
492
484
575
553
921
79
717
547
363
455
37
46
578
562
51
827
836
818
510
173
932
424
805
710
677
481
398
114
84
149
809
186
191
593
654
188
61
114
742
460
491
1
107
470
365
683
956
947
959
943
530
18
312
18
351
721
674
897
287
541
523
188
188
564
937
437
606
88
686
403
314
803
198
140
425
815
327
476
324
712
666
16
17
18
665
81
847
444
596
505
896
74
809
524
130
670
174
224
50
673
816
390
380
900
784
94
678
332
55
447
736
327
545
364
894
428
506
493
5
243
555
165
843
209
547
654
461
305
670
550
319
106
425
392
231
228
213
437
343
834
134
45
228
149
733
856
55
208
306
81
621
631
216
169
463
185
337
946
314
380
893
480
613
70
482
634
394
338
811
211
611
913
214
558
957
683
916
751
927
875
567
469
951
347
714
234
842
834
809
715
59
32
783
432
881
955
57
289
702
43
599
774
538
754
940
293
538
659
326
661
947
728
857
305
481
205
810
469
930
734
695
151
332
475
793
252
863
893
180
365
297
235
38
24
893
213
98
357
708
886
650
1266
973
1286
820
590
1753
511
1170
1152
513
481
1211
968
863
404
1518
932
717
679
1582
1382
1042
532
579
708
324
933
417
1100
1136
838
644
899
1153
1065
1878
911
630
1437
734
1441
891
878
768
847
1332
1539
924
1214
1696
571
601
1275
565
1437
1237
1481
631
1431
919
1123
1121
854
1611
1032
1546
933
1312
1322
970
498
1290
1069
291
1644
885
1661
858
896
1211
789
886
995
807
781
1285
560
929
903
1227
672
374
1276
853
1078
601
550
1102
776
1022
490
562
945
1250
1389
1782
1892
1900
1891
623
234
425
183
1124
751
1483
1614
532
581
759
995
390
1519
1353
1165
1082
773
1266
608
694
1185
567
224
1095
1059
515
1232
721
1461
835
329
912
165
1040
187
1422
1346
1479
932
1480
159
1400
1198
278
828
194
672
664
936
1022
731
1326
1681
987
770
1462
822
530
669
1265
1010
1081
849
1079
1157
1252
973
849
1207
1157
1011
1583
670
1169
1269
1180
1088
1468
990
442
512
751
716
1135
602
992
689
572
1027
368
1022
809
1003
1673
955
557
570
733
1040
1428
1480
462
617
1266
381
843
1246
559
763
1659
669
1311
138
893
683
1206
914
1744
822
1294
1334
580
1042
1691
758
1306
1253
1740
1372
683
1138
1405
1212
824
711
998
1267
1762
1447
769
1005
1602
523
1348
1243
487
1068
779
609
1121
1308
754
1206
1352
755
1477
1369
1087
804
1268
1541
911
410
987
1159
1340
619
1284
1270
994
628
365
868
1755
674
1587
1247
1071
644
1047
372
416
678
949
892
480
470
1607
1767

9
300
7
8
12
8
5
7
13
17
19
14
11
20
9
10
16
20
8
12
7
15
19
14
18
16
11
14
16
15
17
20
7
10
12
19
5
13
10
6
18
14
16
16
11
11
7
15
8
18
14
9
13
16
20
9
7
12
12
16
8
8
18
6
19
12
17
9
5
20
18
14
14
11
10
15
20
14
18
6
16
15
8
19
7
10
9
8
20
6
15
12
12
5
5
17
10
10
10
10
17
18
5
19
14
15
8
6
17
13
16
16
7
18
7
9
11
10
11
16
16
5
17
7
5
9
13
19
7
14
7
19
19
14
14
13
13
16
18
15
19
10
17
7
9
13
12
8
6
16
13
13
11
10
6
18
12
6
7
16
6
15
10
18
9
18
7
10
18
12
19
9
15
8
10
7
13
8
12
12
7
15
10
18
19
17
12
17
18
18
18
16
13
14
7
17
6
10
13
16
18
11
17
8
15
15
11
6
10
11
10
16
19
13
8
8
17
17
5
19
11
6
14
20
15
19
16
11
16
19
11
11
12
18
9
7
17
8
14
16
16
6
8
13
6
18
15
11
13
10
18
6
15
10
14
19
12
8
11
7
19
16
14
12
13
14
17
9
9
15
17
7
13
17
11
9
10
8
9
20
9
7
8
8
11
13
15
12
15
8
11
12
17
5
18
14
14
9
7
19
12
17
0
624
881
437
918
218
341
926
402
587
576
878
516
149
840
661
597
55
660
738
696
59
592
470
124
163
689
939
855
899
240
196
735
275
941
825
542
2
89
335
461
208
450
296
570
903
793
936
679
696
334
185
22
676
852
615
580
195
176
859
434
926
354
405
704
292
652
2
208
68
597
181
477
865
146
875
910
792
534
855
92
70
436
914
36
694
393
101
162
105
723
227
376
917
237
432
76
833
724
783
186
781
63
456
710
131
587
79
902
70
476
360
192
940
457
927
376
494
193
934
617
541
620
642
827
672
729
820
279
668
367
124
423
653
363
474
624
788
256
818
530
906
941
597
598
914
267
845
357
485
203
680
70
769
423
673
666
18
697
494
65
13
114
427
542
107
459
758
774
469
839
144
396
787
283
154
136
927
121
140
851
164
282
934
561
554
128
566
334
697
803
528
216
525
881
121
785
540
169
211
918
131
643
554
778
58
532
705
603
534
655
906
527
941
202
731
512
163
113
359
888
713
680
377
719
593
201
253
126
550
161
825
21
290
236
573
688
33
805
428
175
727
64
320
551
489
589
314
371
362
201
830
238
923
813
701
767
49
696
723
44
650
76
151
21
80
573
402
698
171
132
585
4
176
690
63
828
277
96
189
738
533
591
664
676
333
658
545
641
166
663
284
750
441
407
710
176
75
164
37
122
1537
1171
1269
1366
1101
905
1610
1355
1462
702
1084
999
720
1785
904
1012
866
1192
909
1486
910
1276
792
383
670
1322
1536
1706
1327
972
414
1495
1106
1043
952
664
622
980
925
605
226
526
709
1048
1747
1099
1563
828
1151
981
251
832
1253
1567
700
1521
677
264
1803
1060
1704
966
918
1035
684
892
535
829
584
1049
1044
651
1080
384
1142
1756
1135
599
1700
342
336
619
989
525
953
648
650
326
166
1645
613
519
1353
613
734
1002
980
1052
1381
1019
1069
372
939
1310
352
1362
456
1765
557
514
1010
982
1217
606
1239
1098
846
223
1525
1226
1390
1044
1267
1054
731
821
1471
852
1310
1182
217
1227
810
1309
565
1281
1525
1114
1512
1468
1202
1426
1105
1162
1522
748
1048
987
1329
471
1440
927
1496
979
1458
1504
862
877
1009
793
569
311
1365
1186
974
876
887
941
1019
1323
634
1052
1087
411
858
989
1364
242
507
1282
544
915
1385
711
940
453
858
600
1423
1312
1068
844
1030
1553
705
1465
1368
1076
1053
1458
545
1168
806
1498
607
1430
1078
1350
1387
1391
1671
1028
1828
395
1464
682
752
648
1016
1538
1671
1052
606
876
774
769
811
517
1358
447
1212
49
434
1044
1273
762
706
1227
732
1068
873
163
1003
973
625
903
908
826
574
256
1744
801
1380
1210
1433
1481
307
1622
1437
426
880
663
603
371
616
695
444
1337
933
577
762
680
593
1369
648
1667
407
952
897
882
624
1039
964
1261
868
1324
762
1236
664
1498
545
1195
1320
845
1379
198
606
192
511

10
300
16
13
10
10
6
5
6
10
16
13
8
14
5
7
11
8
13
8
16
11
14
15
9
14
13
10
17
12
7
5
6
16
15
7
15
6
16
8
14
18
20
14
17
13
12
8
11
12
9
17
10
18
7
14
19
12
16
12
19
19
12
18
16
15
19
9
14
10
19
9
14
15
18
6
18
12
15
9
16
7
18
11
18
5
12
7
15
17
9
16
16
6
11
7
10
13
8
7
14
18
15
13
8
10
15
8
18
11
11
10
17
13
15
13
6
20
9
5
7
19
14
9
9
13
7
16
7
17
10
15
14
8
14
13
14
17
17
15
14
16
19
12
18
8
6
8
19
16
6
9
18
12
9
13
8
18
9
16
10
8
8
6
19
16
19
12
16
9
6
19
11
6
12
14
19
8
13
20
6
19
19
17
10
8
19
15
13
11
9
9
20
16
6
8
9
12
15
19
14
8
7
17
20
12
16
18
6
14
17
5
10
7
14
13
20
8
14
9
13
6
9
9
5
17
8
12
16
10
11
10
19
11
6
14
11
18
20
11
8
18
17
19
6
13
14
11
20
20
8
12
7
18
17
20
11
19
5
16
18
5
10
9
14
18
18
10
8
6
11
9
7
17
12
18
20
9
18
14
14
8
20
5
13
10
11
13
18
5
7
12
14
19
11
7
7
19
18
11
8
14
0
524
658
666
316
96
539
243
156
239
2
844
692
256
73
252
830
888
74
85
259
234
610
221
337
122
512
131
234
462
768
797
658
833
816
460
788
890
262
396
754
89
738
832
883
520
361
383
691
205
806
683
107
339
713
541
247
722
138
34
629
277
42
741
453
349
13
50
827
498
696
393
571
414
46
440
291
469
212
347
799
484
111
251
246
482
786
707
423
175
508
182
353
24
131
159
756
627
370
805
307
468
247
567
713
934
871
429
614
866
381
924
922
778
123
113
683
877
419
307
465
850
366
825
770
538
635
487
296
94
287
259
303
617
628
696
211
110
569
537
66
747
248
464
623
758
197
570
749
11
638
243
706
111
363
250
691
928
713
735
408
600
70
542
281
912
305
936
700
766
273
411
870
232
626
507
198
707
651
897
43
265
157
864
336
620
239
405
131
452
21
293
348
861
53
886
905
527
111
890
799
718
206
550
830
522
15
164
675
587
897
282
298
418
58
87
215
34
702
338
304
383
588
802
105
210
599
434
295
658
445
539
797
274
622
427
824
157
226
802
67
37
378
636
701
334
52
896
60
372
615
883
814
270
257
540
398
469
227
117
579
771
325
246
777
353
867
364
120
630
753
418
864
249
436
33
703
22
343
97
321
518
744
915
593
745
177
38
807
324
297
776
402
483
208
753
618
618
317
596
137
1311
1321
877
991
319
1116
462
188
827
708
1352
1001
1174
94
414
1550
1607
212
303
977
266
941
589
897
620
637
518
1171
874
1023
1145
1295
1342
1250
1251
1431
1390
590
415
1267
524
1202
1439
945
1257
547
504
1314
380
1182
1166
310
755
1516
1009
449
1430
696
668
886
907
157
1324
1217
1170
130
435
1586
867
868
438
1090
428
414
668
637
1181
447
681
854
649
869
868
378
627
1119
1446
1062
413
1164
736
1001
898
407
511
1574
671
639
1186
1130
1142
884
1409
1271
1811
1621
939
1401
1180
487
1203
1770
834
767
960
863
1255
827
1032
1118
1061
419
1403
1006
1034
884
968
772
514
349
919
739
670
1049
755
680
1059
1122
704
894
1314
962
705
1068
1019
1105
1319
1531
78
1319
1067
892
170
1130
770
1385
1259
1209
1482
977
1147
181
1144
1144
1491
395
1774
1026
939
437
552
1470
530
816
964
516
1145
664
1251
347
915
933
1289
762
882
856
992
793
1371
590
1180
687
1023
618
1727
1242
787
367
1553
1313
1234
679
1420
910
1346
445
287
961
914
1660
305
901
838
477
780
1110
549
1423
790
765
1003
604
1298
334
260
848
994
950
1157
1081
1189
1499
629
640
740
1702
472
813
1013
515
885
1149
1191
1278
520
292
1735
548
1055
1446
1053
1025
541
623
591
1328
678
533
357
1172
1320
1272
1141
1632
431
1563
921
769
1027
1490
1092
1098
410
507
290
1474
448
1270
974
561
1261
1021
1041
1328
1097
479
892
1417
1106
822
1548
994
729
230
1211
839
846
511
975

11
300
15
13
6
12
9
11
6
16
14
10
11
18
12
19
16
8
18
7
11
12
13
8
9
14
19
6
12
8
8
14
12
17
19
14
15
9
13
19
18
19
7
16
10
13
18
11
15
16
19
12
12
18
8
17
10
10
14
7
9
19
15
20
7
8
10
12
15
16
9
12
8
11
10
7
13
16
11
15
17
9
9
17
5
9
13
9
6
7
12
8
7
11
16
12
10
14
12
10
12
13
5
13
5
19
18
13
20
6
8
11
14
19
17
11
19
16
16
11
11
15
5
18
20
9
14
9
15
7
18
9
7
6
12
7
7
17
9
18
12
8
17
10
5
8
12
6
20
7
8
7
16
16
17
7
16
5
5
16
11
14
14
19
7
17
17
8
15
15
18
12
18
15
19
11
11
5
16
8
18
11
15
13
6
17
17
18
9
7
18
11
8
20
16
14
15
19
10
18
10
14
13
13
9
16
16
15
18
14
6
6
13
8
7
17
18
15
6
11
15
20
11
18
10
18
19
8
6
17
16
14
12
6
9
16
13
17
12
12
18
16
14
10
17
9
18
12
7
11
10
17
17
17
19
20
14
7
18
12
17
10
18
17
16
19
14
14
16
6
17
7
12
11
8
14
13
6
12
6
13
15
6
19
16
16
11
16
10
6
17
14
8
16
5
7
14
12
19
6
19
15
0
534
184
175
207
593
775
655
153
641
232
9
364
481
123
553
823
724
258
310
405
776
569
764
770
563
320
819
415
455
836
108
520
948
402
192
54
365
807
219
833
680
895
261
13
747
400
365
176
319
815
922
270
781
937
947
402
368
424
832
835
147
462
451
664
518
635
131
239
704
89
132
481
915
170
430
314
694
510
262
538
693
906
170
178
459
39
299
289
425
517
547
297
675
845
116
898
897
905
157
507
716
590
414
226
100
137
212
517
918
798
389
760
785
154
370
66
233
630
278
91
95
853
388
615
633
746
215
27
207
438
939
37
248
158
165
156
103
172
759
254
859
335
922
552
750
230
544
258
323
396
474
327
905
886
333
190
306
496
936
566
636
503
801
296
839
113
414
271
211
754
876
492
697
716
167
487
61
104
218
513
739
491
506
478
852
216
866
658
719
103
603
195
840
620
472
286
22
497
320
483
928
610
826
687
407
357
258
97
355
796
372
25
334
796
23
885
99
493
127
244
794
193
413
299
693
457
235
344
818
77
21
615
176
511
424
681
703
201
509
724
692
623
592
276
602
863
602
852
24
665
556
405
191
121
645
279
335
780
876
244
346
142
634
398
892
432
938
698
193
860
267
774
394
900
19
282
931
870
54
541
374
779
354
136
265
811
660
395
174
606
840
147
261
705
460
428
584
491
347
418
674
913
989
679
607
1024
867
562
1150
908
40
404
714
220
681
1557
991
285
1118
1234
1666
625
801
1386
685
835
1500
681
1290
858
1051
1331
1559
1119
772
934
710
1088
563
1246
875
1628
522
278
1533
1226
394
210
498
1682
1412
954
1353
1261
1683
1043
577
1230
1433
1155
764
824
1172
1076
1067
1081
1053
371
1256
918
252
979
1555
423
1002
469
1415
1142
965
629
1423
1339
265
1109
867
914
365
906
1036
1145
1032
1208
804
1049
276
962
1482
1085
491
592
816
623
1140
497
531
1093
982
1003
1752
945
888
1283
1320
426
452
577
1185
1011
673
430
361
1453
1063
996
1446
1000
391
992
394
1239
1153
644
832
1055
1115
811
851
591
1495
287
1177
491
1022
876
1619
823
1419
437
456
887
1246
347
1617
908
891
964
874
912
1279
1462
1162
526
908
804
934
994
535
439
885
1438
1226
798
1220
1384
926
1312
955
478
361
1150
1664
635
1281
682
1355
976
1384
937
1099
863
1303
1094
1470
1545
959
694
800
916
1231
979
985
1176
1292
1535
623
1214
672
949
856
951
654
567
1181
1178
499
1789
851
1052
1094
967
1392
745
1261
783
1001
993
1176
1217
1092
211
812
1524
593
1017
510
845
1026
249
837
1340
1030
783
1490
702
1136
1275
1059
1496
560
1267
969
530
1039
267
1544
775
442
1147
1008
685
677
914
1256
504
1107
1009
1060
1173
342
1432
659
1428
1228
1160
680
942
1838
1495
915
725
950
1593
642
281
356
849
1199
671
520
1183
1405
560
336
1084
1209
1379
1141
1032
959

12
300
6
8
8
6
6
10
5
8
15
10
13
11
16
12
17
7
13
11
19
19
13
8
7
20
7
18
20
8
6
12
17
14
6
11
13
9
7
16
14
7
14
8
18
9
19
13
17
12
18
10
15
16
10
13
12
5
17
11
18
10
7
14
11
8
13
16
15
11
16
18
18
7
15
10
11
8
18
18
15
19
15
15
10
8
8
6
16
11
12
14
12
9
11
13
6
11
12
15
13
14
6
10
11
20
18
17
7
11
19
10
19
7
9
10
19
8
7
9
18
18
8
16
10
11
15
13
8
11
14
17
12
11
17
13
8
12
9
6
8
16
6
16
17
16
6
15
19
19
11
11
10
9
17
9
8
19
18
15
17
11
17
8
17
16
5
13
8
10
14
16
5
13
11
13
8
10
9
10
16
9
17
12
8
9
9
19
19
11
13
17
13
12
16
5
6
10
6
10
18
12
16
16
19
14
16
17
14
15
20
7
19
14
11
10
11
18
8
19
14
18
12
13
17
19
19
17
6
10
17
13
10
15
9
8
14
11
6
16
7
12
9
8
10
18
17
13
9
17
9
13
11
7
20
9
13
6
18
9
14
10
12
16
10
17
19
16
17
17
18
7
15
14
20
6
19
10
19
12
19
7
20
11
15
9
17
10
12
6
5
15
16
13
18
8
11
18
6
6
12
9
0
90
453
673
721
31
408
733
140
143
301
252
585
770
359
874
937
860
509
751
258
589
148
512
675
816
826
502
730
119
236
608
738
929
211
333
781
159
224
112
664
260
15
580
320
126
695
790
594
862
717
560
74
843
472
409
96
62
646
515
470
407
568
612
847
246
468
379
618
36
744
348
50
427
261
80
243
164
874
214
872
634
478
420
788
886
556
822
459
290
202
792
56
174
712
801
605
17
220
296
133
191
616
91
701
254
570
387
383
99
666
65
186
466
96
595
907
734
590
477
185
828
804
459
470
470
572
757
555
725
139
184
197
124
632
21
819
667
272
935
795
936
108
470
270
91
608
83
847
313
89
123
76
447
737
196
843
377
317
212
801
412
690
762
770
189
909
20
45
160
368
832
626
776
439
764
537
563
29
381
113
401
711
660
494
178
900
362
335
768
377
921
68
324
254
544
904
650
888
121
400
424
712
747
929
447
345
426
900
498
865
782
121
750
620
311
417
495
106
52
17
550
512
89
398
208
764
544
618
743
276
502
644
715
18
82
909
692
654
25
832
773
718
258
434
82
125
270
268
375
723
858
46
422
741
707
572
191
190
509
900
558
921
548
36
669
547
737
741
284
581
274
306
769
744
274
646
790
736
933
23
114
212
289
611
52
411
274
812
785
55
804
889
93
239
732
216
305
601
531
632
826
1003
833
1457
287
426
837
535
634
784
290
763
1175
906
1110
1001
1773
599
962
1170
660
890
1065
1374
1035
1453
1241
1236
154
406
1338
1542
1564
506
1017
1045
464
448
662
906
702
462
714
1062
531
1320
1166
1104
1458
1269
712
259
1094
1008
768
560
780
1573
898
1185
1027
1429
965
1438
621
1228
561
990
536
1695
589
877
1334
370
273
624
798
1001
284
1218
1039
555
1289
1153
1040
899
1438
791
710
507
1370
283
585
1094
837
875
268
557
1194
316
994
1264
394
1623
426
743
651
521
178
1065
279
1008
1045
120
1059
1758
1631
1453
852
699
1669
864
970
1264
488
1486
810
728
1210
644
699
521
768
1029
575
1071
831
927
1475
1387
970
792
971
671
461
704
1012
1454
506
792
374
384
1041
1541
646
1756
807
987
578
1447
659
880
1402
1671
928
1029
570
538
1069
1252
1241
677
1021
468
989
927
1340
321
994
141
1242
879
1234
1372
294
1511
1149
845
963
831
1538
254
855
687
723
1621
973
1367
554
887
818
1197
1117
1021
1326
464
726
1144
1363
1742
1679
1055
1134
902
699
1070
1138
703
286
50
668
1420
215
545
564
1474
641
1532
1640
295
525
702
1025
247
191
1822
1269
1156
355
1189
1315
1192
696
483
597
1036
546
1147
909
1032
1261
466
881
1290
1386
593
678
921
1054
1195
1131
1810
1244
65
1071
820
1156
1187
534
1159
843
593
1326
1582
1139
837
1263
1543
1448
52
1001
698
590
875
970
948
312
1079
1516
514
1692
979
751
542
1421
463
574
660
856

13
300
18
9
12
20
12
15
7
8
20
18
10
7
10
18
9
19
14
15
19
10
12
17
7
15
6
6
19
16
16
12
9
20
19
12
19
6
13
12
16
12
12
15
16
15
10
10
18
14
20
6
11
12
8
7
9
11
16
18
12
10
9
10
18
15
7
19
17
6
20
12
10
17
10
11
19
11
12
7
20
14
14
5
15
20
20
10
16
19
17
17
9
11
20
9
8
17
9
11
12
18
12
7
19
15
15
16
17
10
7
7
13
12
6
18
19
7
13
16
14
7
16
17
13
18
17
12
16
5
16
17
7
5
14
16
15
13
7
20
17
18
5
6
16
19
13
10
12
16
11
14
9
9
12
11
7
6
17
6
10
7
13
13
17
15
6
14
6
7
20
17
10
11
14
11
20
18
16
12
6
11
9
7
11
12
13
11
17
6
20
8
7
5
7
11
11
16
13
17
6
9
19
8
13
16
11
15
6
8
19
18
11
8
20
12
19
8
17
6
7
14
13
16
12
16
14
16
11
16
17
12
14
18
8
15
9
12
7
10
20
6
18
11
6
5
8
14
6
20
19
19
11
20
13
13
20
14
10
5
8
16
14
12
7
8
15
5
9
16
10
15
6
19
18
12
9
10
15
12
10
14
20
8
14
9
6
11
16
19
12
11
20
14
15
16
10
13
13
13
19
12
0
747
837
895
112
760
656
952
333
234
770
529
917
439
296
673
206
481
905
828
337
652
243
549
797
867
81
18
336
791
793
475
88
133
118
411
305
932
294
92
754
738
413
715
40
519
81
243
77
897
780
895
473
19
440
720
517
131
109
459
206
793
56
48
819
146
405
682
293
309
813
156
139
108
907
273
65
844
788
668
850
631
447
699
238
166
254
947
490
242
419
181
888
471
639
357
537
566
682
216
18
257
259
550
507
164
853
761
373
640
205
225
285
913
281
313
604
326
316
530
184
167
527
878
408
258
524
55
658
248
800
653
529
742
892
469
686
843
680
187
498
594
329
808
588
134
565
79
782
238
688
474
651
815
813
691
759
141
946
450
359
944
521
81
154
323
579
815
129
201
722
647
120
947
678
276
774
540
537
610
132
150
868
616
702
257
613
897
266
612
661
733
401
613
472
681
241
935
446
363
827
148
271
685
25
534
204
103
481
583
302
875
75
818
739
588
731
416
129
172
265
764
728
838
259
111
235
121
372
242
92
553
621
710
439
69
192
611
157
598
933
655
831
111
268
638
575
764
803
379
429
330
335
193
679
494
36
325
258
163
281
240
463
698
846
33
339
746
752
75
265
906
158
224
139
691
521
423
81
357
656
219
580
587
199
916
436
172
462
258
900
927
807
562
23
863
597
115
903
155
87
996
1493
1832
755
1473
1591
1440
1142
793
1086
816
1581
493
819
1118
910
1176
1233
976
376
1526
768
1451
872
1270
595
935
904
921
910
1276
593
208
980
731
998
1593
388
581
992
1665
1206
1014
882
1448
174
814
974
1510
832
1354
1197
255
698
1432
694
544
287
926
319
993
695
664
1491
1084
1220
1169
525
911
935
214
190
170
1377
1148
975
1014
1738
728
1796
1049
1181
1664
619
512
450
1304
965
1019
1005
1069
1138
985
886
1101
925
1444
1529
916
751
371
877
1272
1163
984
1458
1165
610
1472
1047
375
515
1255
1250
634
908
644
644
574
684
474
1332
1329
1047
585
1033
687
1176
651
1518
1585
1044
1486
966
942
1361
1652
1619
1069
1249
861
649
1264
782
261
1264
943
1341
489
1257
786
1531
1029
1081
750
1419
960
1869
496
521
1421
1110
158
547
526
1332
1240
976
264
1354
890
346
1590
1450
1110
1258
629
811
1433
989
435
1619
630
1193
582
1366
1360
571
972
1606
1620
901
1307
1435
1244
1140
1029
504
431
905
232
482
769
878
858
821
570
1402
641
735
1053
670
1426
1342
774
988
1367
671
430
444
965
1616
1417
1221
305
1107
946
652
353
154
654
952
747
999
860
902
1180
321
1337
1442
1018
1192
707
975
1087
1272
1017
1100
457
711
1023
924
844
1641
1092
164
834
922
201
574
1198
1280
1211
1720
528
450
1411
1159
856
749
1331
481
1145
763
1368
1441
456
703
1165
1537
1132
1546
1475
724
1081
762
993
1056
1124
1042
960
1277
1050
446
1528
711
810
1449
791

14
300
8
10
17
12
15
8
9
16
14
14
17
18
13
14
7
17
14
6
20
11
10
20
11
13
20
11
15
7
12
10
6
13
6
15
19
6
18
7
13
17
14
12
13
14
16
11
14
19
6
18
18
16
8
20
7
6
14
13
11
16
15
14
9
17
13
8
20
19
15
7
10
16
15
5
7
13
10
12
15
18
18
19
18
12
13
15
9
17
18
16
10
14
13
8
5
17
20
12
14
17
16
9
18
9
6
13
16
11
8
8
19
16
14
18
16
15
13
11
9
18
17
18
6
8
6
13
17
16
8
18
13
17
20
7
15
17
16
12
10
10
11
16
14
14
12
7
7
13
15
17
18
6
9
19
6
8
11
10
10
11
18
6
12
10
12
16
17
13
9
9
5
14
7
15
6
8
10
10
14
14
16
11
10
5
15
16
17
14
18
6
18
13
7
14
18
7
11
15
16
12
19
10
14
18
17
5
8
7
18
6
15
16
10
20
9
6
7
10
14
15
18
12
19
13
18
6
7
6
7
8
7
10
16
7
18
6
19
13
11
16
7
18
16
20
12
20
15
11
10
16
15
19
20
6
14
15
15
6
15
11
8
18
11
17
7
9
12
9
8
11
10
7
7
12
20
16
10
10
6
19
15
19
7
8
6
17
9
20
15
10
15
15
10
19
6
6
12
9
6
7
0
462
230
88
196
334
469
649
662
90
482
207
451
314
36
122
607
939
50
664
224
724
521
267
686
260
116
177
354
518
662
95
201
733
358
205
662
872
688
890
740
186
472
374
444
875
117
510
580
814
875
163
23
425
409
567
562
88
681
238
539
888
161
21
618
210
529
594
58
663
838
709
205
197
796
235
213
806
310
226
746
853
879
278
671
835
709
533
624
869
484
89
325
801
317
121
699
135
87
622
514
171
708
22
484
814
568
790
776
136
766
941
113
481
129
99
411
835
281
39
538
54
781
926
152
122
823
603
59
9
769
43
171
480
118
553
431
36
353
588
102
457
722
452
795
218
143
41
119
875
852
762
238
919
496
542
251
283
460
639
470
425
86
884
747
459
811
151
110
740
268
453
684
203
391
252
440
729
100
907
463
133
394
508
867
266
944
899
647
500
871
259
188
232
781
831
915
541
773
362
801
274
936
647
80
317
13
800
748
940
630
101
12
299
694
778
54
722
162
560
213
607
894
350
572
319
425
787
86
837
859
748
264
866
644
872
370
472
804
573
846
866
28
138
912
847
729
145
422
329
471
365
452
116
343
764
410
776
872
152
303
183
62
786
307
160
72
267
587
18
229
800
128
673
873
135
373
925
452
878
128
117
911
590
769
104
4
319
646
896
698
599
564
877
241
809
169
678
405
247
514
1285
755
825
354
1014
1050
1205
803
408
1289
653
900
645
123
145
981
1322
765
1256
834
864
1403
682
1312
432
579
298
667
887
1158
828
848
1359
487
664
1499
1257
1520
1200
1507
516
1298
1275
498
1249
991
1133
695
1248
1321
371
834
1319
443
686
1481
727
1402
1003
1026
1034
794
124
981
840
918
1558
527
1069
876
1335
953
290
1363
722
952
1598
341
275
1455
1196
974
832
846
907
857
1216
1426
1643
631
992
1057
931
983
1052
1399
931
860
874
982
726
1621
283
722
1125
687
958
1569
497
1276
1058
809
1321
695
206
1109
1234
1137
601
861
676
1495
1446
557
740
851
1100
643
739
1563
113
782
1262
133
829
601
411
852
1413
756
1321
789
642
1152
641
1041
110
998
901
1270
1272
518
1776
1149
1003
341
406
947
881
1157
1072
1012
1042
1673
722
930
326
370
1067
1176
870
749
617
1156
260
1129
864
288
1531
882
189
792
1255
1209
1139
1059
1426
1258
669
1473
374
633
727
1517
1018
1710
716
1466
1195
888
1104
1509
1233
1040
445
458
1456
1354
1588
984
1016
239
1142
769
1676
923
1415
358
979
437
1147
1215
779
691
1086
1163
1459
872
1761
1623
1402
1114
1181
1253
910
1137
825
1070
1334
1510
1326
563
1079
1467
1793
880
184
597
356
645
1080
754
305
463
1712
1037
1524
1461
307
1104
427
897
1119
1049
848
358
542
621
601
1178
1048
455
1199
1716
741
1319
966
1318
1340
243
240
1179
1520
1338
262
40
1190
1491
1209
1554
1459
617
1575
1164
1719
768
1355
1213
1013

15
300
14
13
19
12
16
14
12
16
9
18
8
6
12
5
17
13
7
15
14
16
11
19
9
8
18
9
15
6
6
14
14
20
14
19
19
7
18
5
13
19
13
11
9
7
17
10
6
17
7
6
5
12
12
18
12
8
7
5
6
15
13
11
18
6
12
16
9
11
12
17
8
20
8
17
6
9
10
12
10
19
9
5
17
12
10
18
8
6
16
7
17
5
8
16
20
8
19
7
20
20
5
14
18
10
17
10
19
12
10
8
6
7
10
7
7
12
18
12
8
16
6
19
5
19
6
18
11
14
5
10
11
16
18
16
14
11
11
12
18
10
13
10
15
10
11
8
17
16
17
18
9
5
14
19
12
13
19
16
11
7
20
17
12
6
7
9
18
14
7
16
10
14
14
6
13
14
5
11
18
17
13
17
9
17
10
18
10
12
10
19
14
16
10
7
15
17
15
16
19
7
13
20
8
13
6
10
6
16
16
16
8
15
11
17
19
17
9
14
10
14
14
16
11
8
19
5
6
7
6
12
8
8
10
6
7
18
6
15
19
12
15
15
20
17
12
5
9
14
19
20
18
10
17
7
10
9
18
12
8
14
18
12
5
17
15
6
7
16
15
10
13
12
20
13
7
19
12
7
7
16
20
9
15
13
19
13
19
13
14
11
7
10
7
9
17
19
18
7
17
12
0
583
251
394
297
227
67
881
235
30
589
397
499
376
653
118
301
501
289
704
539
737
139
438
625
27
190
57
426
474
674
198
105
465
0
236
484
245
36
277
429
540
572
169
398
422
715
107
289
161
241
403
699
344
19
343
419
214
123
240
179
496
328
55
834
598
687
580
406
137
358
557
516
244
764
360
574
638
64
48
469
40
874
554
391
551
516
461
842
296
609
854
752
109
656
474
502
171
322
171
332
257
199
734
901
25
609
70
226
864
345
821
291
157
507
851
772
913
402
50
627
587
2
550
832
681
583
257
145
29
324
579
445
293
732
314
502
563
164
296
328
269
559
78
516
325
861
81
116
318
457
727
743
269
62
804
888
116
111
562
248
816
858
607
838
193
482
230
482
472
97
197
839
148
778
621
422
153
547
790
339
707
675
878
680
181
363
324
366
305
320
247
742
178
838
21
590
167
913
45
516
22
756
826
695
195
292
160
592
912
645
894
472
559
267
315
301
28
164
645
488
606
570
529
74
213
722
477
550
687
842
751
659
215
306
471
610
365
399
623
129
872
57
202
392
476
448
275
783
241
262
532
527
642
370
324
793
22
645
865
552
625
161
109
413
915
315
242
279
876
677
709
377
895
155
413
820
393
719
630
885
120
205
646
600
293
302
908
242
365
425
108
341
46
772
97
590
851
173
348
253
941
1123
950
573
947
209
1358
769
554
1323
1215
1187
998
821
876
1044
1154
469
1043
1344
1621
636
1325
1150
244
269
459
947
899
1496
313
131
929
817
989
519
1011
765
541
497
891
840
926
1020
1058
1591
739
1173
386
1083
1249
1261
375
43
647
1047
987
359
508
1020
1220
382
742
1739
930
1225
1159
681
533
829
1196
1323
877
957
1236
1150
1343
92
138
1356
683
1432
1109
1179
1321
1170
627
1025
1017
1439
1195
1440
932
685
1022
885
470
550
878
465
808
613
1350
1252
488
1219
301
1068
1105
869
1649
808
194
959
1705
1122
1157
1337
506
1036
834
579
1450
1371
1167
1291
1199
627
77
476
1009
516
456
1033
513
1321
737
950
523
533
597
891
964
901
853
1807
918
441
392
466
934
1396
971
345
1569
1204
335
939
904
672
1246
1653
1097
1701
912
1021
554
1042
805
267
1119
1459
1038
1557
775
499
932
1221
874
669
1417
1104
1298
786
1122
1197
579
635
637
964
340
910
857
1722
303
614
914
1161
133
1140
867
980
875
1391
941
400
581
647
1555
951
1433
830
1122
978
500
1013
94
666
799
656
1517
657
1103
692
554
941
1036
576
1072
937
1261
742
1140
983
987
982
714
1319
1338
768
1102
749
1123
1171
1088
1322
802
1377
490
758
1336
639
1561
1017
713
1447
150
1288
1649
617
1163
616
868
1164
1018
790
357
1163
1753
1449
814
622
1747
1039
849
1293
1133
1396
1267
1439
281
488
914
1193
359
1004
1842
277
431
809
960
909
70
1211
1044
1192
1770
755
1222

16
300
6
13
16
12
19
11
8
15
14
14
12
15
11
15
12
18
15
15
7
18
10
12
15
9
14
9
15
10
10
15
8
15
5
7
12
20
18
14
16
18
16
13
8
17
18
20
17
13
13
20
12
15
6
6
18
19
10
15
13
19
13
11
15
15
8
7
10
15
6
18
8
16
19
17
15
8
12
13
8
19
20
6
18
19
17
14
15
10
13
8
6
7
18
17
12
14
15
7
12
14
10
15
7
14
14
10
6
7
16
19
16
19
8
15
10
10
17
9
15
13
10
17
18
6
15
16
8
16
16
8
13
5
13
17
12
9
14
18
12
18
7
11
14
7
16
11
9
12
11
14
19
7
9
6
9
7
11
10
17
20
7
11
19
5
12
12
5
6
8
19
13
17
19
5
9
15
13
14
20
6
15
9
10
9
9
12
8
15
10
7
7
15
7
10
14
18
15
18
6
17
19
19
13
8
11
12
8
8
20
11
9
19
17
10
8
12
16
8
11
19
13
15
10
15
8
15
8
17
15
17
17
20
19
18
12
11
15
14
8
17
18
16
13
15
17
6
18
20
11
9
7
11
9
6
15
12
10
14
7
5
19
7
15
12
15
14
18
19
16
12
19
7
10
9
6
8
11
5
17
12
10
11
9
12
11
13
14
20
20
10
11
19
17
7
9
16
19
19
6
6
0
539
579
594
539
20
516
574
204
499
73
679
191
215
143
435
542
795
610
676
636
851
602
523
734
529
229
379
740
101
158
7
379
26
587
289
701
848
723
604
628
801
361
428
847
939
830
909
177
407
216
698
547
251
192
880
917
282
259
888
113
729
553
227
355
828
475
316
908
336
933
264
366
914
327
937
799
1
634
634
800
828
388
546
230
676
444
447
844
104
269
894
782
24
159
11
503
717
488
176
28
210
26
299
286
378
641
432
832
61
408
153
68
738
551
272
717
229
609
756
922
920
585
607
443
358
680
213
401
237
187
476
298
675
486
170
334
549
334
155
329
347
796
634
439
637
398
82
681
263
681
152
635
703
850
388
164
678
746
408
614
796
353
63
647
415
773
920
484
787
612
539
132
475
326
56
583
936
847
327
259
610
447
466
449
199
19
745
566
316
690
795
781
854
128
793
508
411
92
400
742
361
88
259
638
448
177
840
154
46
219
555
91
538
441
341
861
63
179
429
865
902
633
292
572
684
831
859
777
123
303
903
188
359
505
48
842
660
369
308
746
107
920
461
373
652
30
951
490
863
821
246
789
636
488
351
641
475
232
509
949
353
194
581
795
827
60
788
245
934
709
225
164
307
856
847
853
42
284
284
847
213
753
199
569
13
916
187
716
322
187
139
71
381
252
116
749
766
78
647
770
1081
1394
725
619
728
632
1341
1048
601
241
1461
810
639
158
891
1500
1681
1073
1290
1202
1097
1528
827
1307
1367
1000
1208
924
158
411
827
438
79
629
455
929
1151
1674
942
758
1469
665
1129
1256
1755
1624
1232
487
1092
535
851
1458
386
236
1618
1492
1098
1094
1718
305
1080
1084
925
452
1308
934
464
1329
1216
1078
1078
1311
1014
536
1799
1653
643
1422
917
1202
934
906
1426
874
1480
651
805
1515
851
587
1647
1746
434
331
829
1009
1046
574
722
547
519
541
1033
570
1306
730
1253
1576
107
1268
1072
672
1021
1420
952
1257
286
1146
943
936
1458
1389
1562
1241
1127
1311
1117
851
648
735
996
667
877
840
855
777
937
1289
897
1090
1286
975
742
1299
1388
454
96
1165
692
1095
545
827
1122
1593
861
1060
1616
1518
1230
1174
811
759
901
1462
570
886
1379
868
1610
1307
976
854
890
448
743
1178
1471
1198
1208
658
1117
872
843
880
322
373
1634
1148
660
1327
1373
868
1572
985
812
1342
1065
639
1357
1304
585
919
630
1033
694
604
1646
903
970
1137
784
302
1270
949
958
1331
727
746
1010
1026
1134
1234
645
1245
1372
879
898
1148
277
1061
1235
1124
1138
1265
743
1450
834
505
1043
1564
865
1705
799
1215
1125
883
1752
1020
1486
1010
710
1696
1405
797
804
1297
837
920
1178
1318
1205
281
1305
894
1118
695
1041
507
1761
1190
1054
994
491
1470
1195
1230
983
1221
1020
1265
1070
1458
399
905
197
1548
590
1514
905
686
570
904
487
338
744
1718
1546
446
1051

17
300
8
18
6
16
11
16
19
5
17
11
13
12
12
16
13
6
16
11
18
17
11
15
17
9
18
19
15
14
9
18
15
10
11
15
15
6
12
12
5
16
7
17
15
20
11
18
15
19
15
10
11
13
11
10
18
5
13
10
6
9
5
10
6
17
17
15
12
17
17
17
18
12
13
8
15
15
17
12
6
12
12
18
5
11
6
15
13
20
18
10
16
13
18
13
18
7
11
6
18
18
12
11
12
6
6
11
6
5
11
20
11
18
16
15
17
15
10
7
13
8
6
15
10
12
5
10
5
13
7
7
14
13
8
14
10
17
19
9
17
13
15
11
6
6
5
12
6
13
16
14
13
11
10
8
19
9
7
16
11
15
8
20
12
7
8
19
18
16
9
12
6
6
15
7
10
15
17
16
11
11
7
13
15
19
17
11
19
7
12
9
16
19
14
13
19
7
7
13
10
13
10
14
9
12
17
16
7
17
16
19
15
19
7
13
7
17
16
5
16
16
18
20
9
11
12
15
10
9
10
16
15
13
11
8
7
17
7
13
11
11
12
12
7
17
16
17
16
14
11
11
10
14
12
8
9
15
19
10
14
9
15
10
15
16
15
15
15
10
8
5
15
20
15
14
8
18
13
17
7
16
5
19
18
14
9
14
16
9
7
7
17
7
11
15
17
17
12
9
8
12
0
154
124
166
680
890
426
545
243
536
488
698
174
33
850
649
648
477
429
331
59
349
706
308
30
342
285
349
873
193
303
242
681
573
272
164
436
96
126
292
131
506
284
739
484
693
457
553
903
121
282
616
746
778
647
746
181
34
322
511
177
170
850
649
734
657
236
514
664
814
587
642
824
549
844
230
42
493
719
495
662
514
108
902
727
738
369
146
70
299
210
156
151
773
63
602
477
114
190
933
570
27
767
259
930
381
440
831
672
768
691
732
331
672
271
334
925
512
196
592
258
633
762
844
111
532
710
490
857
90
689
933
916
382
475
888
143
216
544
241
121
61
276
845
463
114
576
669
60
413
363
674
511
89
353
170
929
823
773
26
151
351
789
757
261
796
373
783
182
767
191
651
508
705
232
679
816
732
272
639
290
784
76
187
744
99
555
222
335
236
25
127
542
223
869
446
601
218
93
339
96
427
675
286
810
362
286
344
359
225
867
652
629
117
336
127
78
717
508
63
435
206
29
94
601
470
749
774
789
443
121
215
17
908
858
927
624
483
80
213
85
545
493
908
709
692
172
816
599
616
671
429
191
320
381
435
924
478
630
430
294
479
852
397
228
662
917
390
159
669
105
923
192
388
483
464
777
123
407
24
783
844
5
914
123
194
590
38
375
130
159
715
143
300
716
194
217
520
476
41
251
724
894
741
781
1731
1116
600
1018
1293
1337
1189
377
184
1533
1558
1091
899
524
1227
854
1111
1021
1164
147
1211
1174
481
1439
1083
796
357
1135
1317
783
457
720
718
466
497
394
757
526
1237
907
1248
988
1090
957
778
345
1127
1127
1183
1182
1530
736
330
845
528
275
908
1225
1265
752
1564
715
1129
1119
1707
679
915
1263
602
935
706
419
1345
1311
1118
1062
1138
813
1370
1049
1206
1049
422
678
858
857
1074
799
1323
997
1004
1141
877
1026
1320
1020
471
1647
643
1163
1118
1299
1028
721
1122
1132
1643
1047
708
525
1053
1009
1442
247
1298
1181
1442
1003
1214
483
850
1165
544
923
170
1362
1564
1189
869
805
1354
332
261
684
893
670
757
1199
1719
1289
660
1132
1195
258
853
558
1185
1455
299
497
1054
1400
1387
1286
856
406
868
1696
1515
331
1620
564
975
634
1239
255
874
788
1015
724
1468
1105
804
902
1009
683
1698
308
876
1429
914
667
762
697
630
205
182
666
1130
1349
890
724
1030
778
1285
1020
1198
1547
719
1440
1290
1050
1003
505
534
1157
715
1212
218
922
278
858
1625
1291
570
996
612
830
555
707
648
843
1331
1662
784
709
361
215
1568
1643
1139
919
537
91
523
308
703
700
1497
1516
1634
395
1257
1213
1335
1491
736
968
1003
754
1292
1263
535
1046
781
375
1178
1744
1032
543
1516
1703
1023
192
1088
726
1250
212
844
542
876
1069
411
716
103
973
1323
702
1615
1017
208
663
778
972
578
265
1004
486
1196
893
544
379
692
1268
291

18
300
16
14
16
6
14
7
10
7
10
8
14
8
7
12
17
18
20
12
13
11
11
10
14
7
16
11
8
17
8
10
16
15
14
12
13
16
17
7
13
14
12
11
7
17
16
19
10
6
7
17
18
17
17
15
9
5
8
7
10
11
14
8
8
20
17
13
18
9
19
11
5
6
10
8
12
14
6
11
14
19
15
10
12
17
12
10
13
8
6
15
9
9
7
15
20
11
16
18
20
11
9
20
5
5
17
11
12
8
14
6
16
12
6
16
10
6
19
11
12
9
17
20
6
11
8
14
14
13
20
19
11
13
10
17
15
8
17
8
11
19
16
11
15
18
6
12
16
19
9
20
9
8
18
15
10
12
6
20
12
8
10
19
6
6
16
5
6
14
12
13
6
18
10
19
10
13
11
10
9
13
7
6
19
7
19
19
18
19
10
15
6
12
14
11
11
6
10
15
8
14
8
17
14
18
6
5
13
9
5
15
6
20
18
16
12
13
5
10
6
7
12
16
14
18
17
13
9
9
19
19
19
17
9
17
11
15
7
9
7
7
6
11
15
18
15
8
14
7
5
6
15
6
13
8
9
5
7
5
17
11
19
18
6
5
12
6
12
15
11
7
15
12
16
6
20
17
6
15
7
20
8
17
17
14
10
6
8
18
5
20
15
18
10
16
10
12
11
13
8
7
0
439
159
620
759
523
484
285
899
438
185
593
334
748
718
886
333
210
375
370
630
781
249
741
715
679
657
241
557
33
650
246
3
538
52
608
157
66
331
341
542
845
123
716
795
401
757
156
695
209
368
665
19
337
97
670
188
519
86
367
134
427
577
781
128
540
347
884
571
896
534
276
413
57
637
883
340
624
189
666
884
50
151
18
597
320
276
223
774
706
108
148
77
831
780
476
89
17
735
781
599
196
707
577
190
177
180
520
9
333
674
389
866
56
791
895
637
703
182
521
236
15
97
781
646
688
438
207
206
45
31
456
905
729
34
282
259
274
861
783
191
403
724
383
413
240
664
236
477
696
604
336
674
534
362
657
546
488
118
311
604
481
706
887
597
868
905
616
806
15
284
20
624
35
241
262
907
304
894
336
712
554
92
622
364
412
334
805
547
864
871
585
300
870
723
245
850
35
749
446
7
566
614
124
393
385
516
9
814
543
820
685
377
678
394
885
100
207
379
354
769
776
601
290
835
445
795
247
374
513
198
827
372
63
416
181
652
32
600
882
215
35
714
689
578
699
118
95
482
166
891
160
681
234
413
867
830
849
758
707
854
192
365
458
587
864
100
99
90
415
28
879
806
266
881
575
859
394
163
311
94
223
480
89
5
295
83
500
522
691
473
450
604
733
125
222
44
480
103
608
387
849
801
808
1230
1126
1236
775
1025
1033
298
932
387
760
1237
1732
885
566
1161
841
1496
873
1003
776
736
999
1312
719
1225
688
1555
800
711
1343
240
870
643
149
1001
827
771
1285
1014
964
1150
1045
1298
423
1385
1043
886
1256
799
990
677
1493
797
1389
960
454
673
496
816
1253
657
1302
922
1069
717
1070
646
796
991
185
979
1351
1125
823
371
1402
938
535
648
166
1403
362
1110
711
1344
1575
305
303
336
1593
1266
1310
547
493
1268
1143
944
404
1126
1076
1034
192
548
1431
88
438
1545
1217
1122
107
1416
1501
1048
875
753
749
387
729
431
1099
907
1482
781
447
673
319
215
1080
1806
827
257
506
277
845
1519
842
532
960
1175
1305
919
610
1033
448
1101
1514
1310
592
1405
581
1125
1231
1296
1156
529
1101
1360
1116
857
1152
1100
1236
1780
932
893
637
748
355
1402
556
661
613
1148
943
1453
560
1229
1055
472
1324
714
900
861
1202
1393
1405
1254
1493
1220
1227
1350
1030
1196
389
932
844
580
586
1064
168
805
828
1022
220
859
736
1551
1213
1132
909
926
1594
1004
340
412
855
1127
1070
1511
1010
1602
664
1243
654
940
1347
688
853
718
640
1228
739
1431
559
1032
1476
1008
336
1609
1107
1447
1314
487
310
539
1053
1131
372
1404
605
1230
1123
1192
1044
1538
1147
999
682
870
916
926
1480
555
1010
580
1011
929
1485
1685
849
1491
1072
1085
606
1062
343
314
478
1181
187
457
323
895
932
580
1145
986
1209
1212
1148
980
420
870
931
656
1092

19
300
16
8
18
7
17
18
19
18
17
19
13
18
12
11
14
8
15
20
17
8
12
10
19
16
14
13
10
10
14
13
6
19
13
11
18
20
8
19
10
20
11
11
8
13
5
19
12
19
7
17
10
8
14
9
18
18
9
9
12
6
9
11
8
11
15
5
19
18
9
17
6
15
17
7
8
12
10
14
11
8
16
13
13
9
13
18
16
10
15
18
7
10
7
19
5
12
16
13
18
11
9
16
16
8
10
20
17
9
10
7
6
8
19
5
7
18
19
19
12
14
14
6
20
7
15
6
18
6
9
6
14
8
18
6
13
10
8
15
9
9
19
16
16
14
19
16
7
14
12
10
12
14
14
12
18
10
12
17
15
13
8
10
6
14
20
10
8
7
11
13
5
17
14
12
6
13
17
15
12
17
8
9
17
13
7
8
15
15
14
13
5
16
15
18
8
6
17
7
20
6
16
12
9
20
20
15
10
12
11
15
6
16
12
18
19
7
9
19
8
16
10
14
18
16
9
15
20
16
18
10
15
6
15
6
13
6
19
18
10
8
10
7
6
15
18
14
19
12
5
9
11
8
9
13
17
8
13
12
13
19
18
19
13
11
13
16
6
19
16
15
11
6
5
7
10
16
11
6
10
8
6
8
7
12
8
6
19
6
17
16
17
14
17
6
12
17
13
11
12
14
0
723
844
364
674
531
312
114
881
87
797
295
58
793
508
417
829
246
112
754
708
82
424
2
672
99
915
802
417
389
474
69
760
831
455
623
294
912
175
400
183
481
855
457
456
660
673
225
739
820
659
591
61
227
350
152
215
273
125
526
742
874
399
448
345
96
517
139
308
910
662
391
329
348
240
22
165
637
746
538
326
671
5
68
188
844
798
434
844
249
138
40
747
480
30
179
836
701
342
271
633
72
547
245
138
647
60
592
253
572
477
466
617
707
351
322
727
441
848
84
396
180
726
254
752
361
832
733
869
403
329
60
628
558
159
151
220
725
634
509
291
109
231
86
674
224
291
175
757
134
199
242
375
483
874
699
518
528
193
795
869
36
84
920
32
566
442
326
156
192
549
493
231
563
49
444
408
658
444
821
679
836
103
202
318
901
649
469
189
785
809
18
235
699
298
76
844
907
140
79
379
801
414
825
408
230
590
740
583
894
635
203
336
439
551
226
615
503
266
90
288
733
362
900
155
2
870
878
750
307
492
623
296
812
49
404
598
13
313
200
935
81
837
514
889
381
273
605
627
497
86
593
783
703
904
336
792
510
908
608
634
105
535
388
164
629
358
510
20
613
169
897
173
447
232
691
127
23
492
719
569
479
618
686
147
825
408
883
340
360
605
799
823
492
861
646
152
918
513
100
168
1378
1650
610
1364
1279
353
304
1814
497
1040
1231
633
1113
1160
943
889
346
410
1196
1383
860
743
685
834
632
1727
1635
770
1134
1254
599
810
1245
1071
1002
333
1803
807
1188
1061
926
929
1114
1109
791
695
979
1399
902
1338
1266
796
636
847
1037
860
1192
441
906
1471
1212
1015
1221
399
1005
1058
759
764
1064
1382
503
1139
1127
503
337
948
927
1377
1152
988
973
473
547
523
923
1650
1117
862
567
1014
711
1014
723
602
561
1754
865
581
623
921
960
628
284
154
1544
806
934
1061
1092
1230
1309
656
773
436
981
873
1281
1133
897
511
1066
1607
519
1422
634
1260
1028
1814
1042
1253
925
1257
619
638
285
309
762
802
781
807
925
941
848
786
597
889
318
1477
404
867
834
737
1373
1089
1295
1223
1112
253
903
1586
925
758
1579
616
1136
551
760
323
290
1203
1098
737
1017
965
629
1110
747
1305
1565
1359
1759
360
996
866
1102
1013
761
219
1354
1277
835
484
867
369
187
971
1745
275
639
1084
1677
646
1740
808
1126
714
1120
714
1627
965
724
763
1348
815
1033
1486
920
864
917
352
1621
1306
1080
1004
338
1173
1499
837
833
1370
1244
954
892
402
1211
1227
102
1248
489
1804
862
882
906
1152
833
452
1145
1563
550
905
1481
1064
1260
1763
539
1291
765
1235
1356
888
589
578
680
478
1503
622
1418
638
1550
660
1197
290
853
939
1054
521
99
1061
1079
1329
781
1195
842
202
1562
1132
1476
685
815
1319
839
1159
1351
1013
1325
492
1447
1313
949

20
300
15
6
17
11
8
13
18
12
5
14
10
9
16
9
6
8
14
6
8
14
5
10
16
19
19
9
7
14
18
19
14
10
19
19
7
19
19
17
12
17
7
7
8
14
15
14
6
16
5
8
8
19
14
19
9
7
13
9
19
8
12
15
15
6
13
13
18
6
14
18
8
11
16
7
11
13
17
6
7
13
12
10
14
18
12
7
17
8
13
6
17
9
19
9
19
17
12
8
15
8
18
19
13
12
15
7
7
14
16
18
12
9
17
16
14
8
14
16
14
16
9
17
19
7
16
6
19
10
15
9
7
11
17
6
12
7
16
9
17
16
13
9
17
18
20
8
12
8
7
7
13
12
19
8
18
15
13
20
15
11
19
15
9
11
17
8
15
14
12
14
19
14
14
7
15
7
16
13
17
18
17
13
5
7
15
7
9
8
13
18
6
18
20
11
6
8
18
18
12
6
14
16
8
11
17
8
7
17
16
19
6
11
15
6
10
11
13
15
18
14
8
10
14
15
12
18
16
12
7
14
18
17
14
12
13
17
11
18
6
18
13
20
7
18
8
11
9
7
11
9
14
10
14
17
9
15
19
15
15
12
10
12
14
7
17
18
18
18
6
13
19
8
16
11
19
16
10
9
9
6
7
16
14
11
5
10
19
18
18
15
9
17
14
13
18
9
12
10
12
11
0
801
132
685
792
589
272
472
830
304
912
451
8
509
906
39
236
215
895
21
80
506
147
259
779
397
552
650
662
864
354
579
695
213
554
250
624
535
874
95
838
810
608
701
835
200
262
399
856
407
304
549
407
224
515
479
256
618
85
649
665
155
23
759
531
75
435
907
680
718
892
134
750
46
233
457
527
699
233
254
875
186
929
341
856
128
575
886
444
595
387
127
682
251
436
638
221
661
149
820
51
300
229
169
167
400
464
770
915
552
669
289
378
494
188
726
533
284
361
658
244
58
606
923
184
127
153
27
575
724
812
678
709
253
6
876
143
844
822
467
59
113
739
387
903
753
47
802
475
671
178
71
15
74
634
749
572
570
849
784
57
360
482
844
856
511
660
231
339
734
620
897
801
603
826
581
690
775
358
294
799
226
598
503
618
192
156
791
424
378
669
163
489
46
811
402
622
918
45
159
919
767
863
231
308
297
634
100
387
758
768
499
700
651
557
624
570
350
547
8
252
160
874
320
393
649
391
12
167
278
82
834
652
121
447
117
531
237
132
223
195
333
717
487
354
705
210
208
792
871
125
834
593
436
141
707
699
567
457
6
634
159
111
674
711
264
913
925
599
422
508
478
823
470
385
904
917
11
931
126
812
564
802
623
117
686
266
927
941
489
136
390
342
139
687
151
876
196
741
795
635
1569
513
1236
1427
1225
986
648
1557
318
1480
905
682
1041
1390
253
623
522
1366
762
289
1053
411
1120
1287
1060
1292
1497
1158
1139
473
984
1447
363
1035
501
1020
1185
1351
274
880
935
665
1149
1717
545
918
501
949
900
522
574
1356
512
978
1203
676
780
494
1293
984
389
911
830
700
250
1377
1390
1085
1464
1100
706
866
722
872
928
1124
1608
945
708
1759
647
1147
1072
1248
717
801
1833
861
1400
469
610
1407
502
1355
1424
270
1167
334
1275
615
887
444
879
474
1324
1406
865
1322
1263
1452
466
956
784
663
925
638
1153
1033
882
1072
934
1059
1393
820
1007
860
328
1194
1428
1554
1098
995
462
579
1417
172
892
1667
1399
522
561
1527
1097
1746
1650
369
1494
708
1529
1031
781
154
500
1189
1627
1038
784
1394
1639
289
592
1151
1638
1319
586
888
900
949
1671
1073
1835
1276
926
1257
848
1210
1079
677
1095
1312
966
1137
965
1240
616
800
983
597
867
1184
691
611
399
966
644
1206
966
791
533
1491
1449
1015
356
958
1189
805
708
786
966
1074
689
882
727
830
683
1389
1125
867
909
463
728
1391
1181
992
1025
1037
450
796
642
741
1406
1004
211
1080
679
1272
495
400
471
522
654
1163
1117
1273
1471
562
887
1028
1192
472
1670
1206
1098
331
955
832
996
1415
342
807
889
272
1503
1137
1112
1819
1566
674
1102
1278
730
1024
737
572
1087
1080
310
1820
473
1121
1279
1654
1493
1039
1052
1189
1469
969
1072
340
1345
548
413
909
606
1212
908
993
1609

21
300
11
6
13
12
19
14
7
19
14
11
18
14
15
15
10
6
9
15
5
11
16
18
15
14
10
11
15
9
15
9
7
17
6
14
7
9
11
15
11
8
15
9
18
14
16
13
10
15
9
6
11
7
15
5
19
14
15
6
20
18
19
18
12
9
5
19
19
16
15
17
7
12
7
12
10
9
10
19
18
19
19
9
18
13
12
19
20
12
19
13
14
12
18
5
8
8
14
6
7
15
16
10
20
9
13
6
14
7
19
6
8
13
6
13
20
9
12
9
20
18
8
13
15
19
5
19
18
16
16
11
15
12
13
10
16
12
17
11
14
12
9
9
17
5
17
14
6
14
10
14
11
16
8
8
5
16
7
18
7
6
19
17
10
8
9
18
11
19
11
11
7
20
5
15
13
9
18
11
9
10
14
12
19
5
9
20
11
6
18
18
17
16
8
13
13
14
19
17
13
16
9
8
18
9
19
9
11
10
15
11
12
6
19
9
16
18
6
18
8
17
6
20
8
8
6
8
14
19
16
7
16
7
5
11
6
12
16
5
18
10
17
12
11
5
18
9
20
14
19
7
17
11
12
7
18
8
13
19
14
10
17
14
19
13
16
7
19
12
9
18
14
14
16
19
12
20
9
15
10
16
17
14
7
20
17
6
12
15
9
8
11
12
9
17
10
12
19
17
11
14
0
369
529
353
478
251
343
838
491
623
691
654
820
862
324
21
421
17
547
173
632
388
762
641
583
450
313
526
647
824
206
97
138
831
716
493
709
776
838
711
739
826
345
140
721
204
893
107
159
895
271
307
300
531
45
750
810
565
686
301
918
112
635
564
756
614
46
474
77
286
916
804
565
624
518
163
353
139
326
721
275
455
693
499
6
884
593
909
766
891
324
683
352
862
767
115
18
591
893
82
420
165
468
728
429
780
109
453
760
629
875
113
552
539
333
666
235
226
588
149
749
778
463
108
67
912
665
701
875
714
779
318
872
399
726
833
462
184
784
59
278
241
415
129
444
163
479
41
669
702
503
144
725
559
343
140
377
509
781
259
240
16
947
551
712
529
453
313
470
610
312
200
248
903
67
504
33
276
423
29
188
200
244
460
336
594
70
701
795
404
48
323
408
412
647
415
321
600
700
55
882
56
181
457
255
287
384
767
23
905
322
398
676
922
107
453
801
325
609
81
27
904
639
316
492
40
941
765
231
211
50
739
849
355
837
682
33
381
403
235
792
204
244
235
356
817
771
222
155
172
936
645
738
918
359
405
232
875
901
818
168
421
331
933
147
516
734
41
418
821
502
874
486
163
165
794
458
244
448
610
864
586
887
264
31
809
253
548
942
165
459
62
7
887
899
901
126
530
140
824
499
1173
1030
1001
1229
1162
1277
1600
962
699
1301
1017
1145
1020
542
914
1296
530
1351
679
1400
1300
1189
809
1317
1284
872
1231
1522
1248
397
942
571
853
1285
621
1647
1442
1275
1642
1680
1535
552
972
1043
526
1366
1043
812
1311
293
1054
640
906
579
927
1416
1470
1058
487
1128
351
653
598
1322
1190
420
1153
231
855
1199
1353
1258
851
1042
503
795
827
612
1685
1014
987
802
1130
963
1590
1045
1301
1664
1292
1175
1551
762
895
1332
677
451
893
1736
644
1354
979
584
745
1051
825
497
1263
1676
1477
938
981
1251
923
1131
879
960
396
1301
576
913
811
526
416
627
1828
1478
782
1516
1165
1303
1026
1610
1102
1114
872
1242
399
1664
204
915
727
597
948
776
1120
774
377
939
1662
1299
283
1678
646
576
700
779
637
1332
547
312
837
1121
1434
1225
1029
1009
933
896
915
936
990
381
1121
933
814
485
1167
518
669
1043
680
368
1079
551
1015
279
1343
1066
1114
551
681
993
1180
690
1070
1211
1084
1634
172
1774
463
747
661
800
975
773
790
183
1196
449
986
1224
1869
940
858
1568
722
735
418
175
1861
914
926
914
218
1675
1078
456
239
830
766
1633
530
902
1137
769
1077
1139
1162
1405
914
960
615
1250
1620
1029
355
992
1039
1488
756
1451
1046
767
1147
1036
1275
1294
1706
569
884
550
1162
929
1213
1595
535
660
843
1424
1327
729
569
848
1762
720
663
811
1378
1521
945
1373
552
383
1221
587
1239
1169
542
864
448
94
1137
1127
1729
850
1276
368
864

22
300
8
10
18
6
13
5
8
8
13
8
8
15
15
16
10
19
20
8
11
15
8
14
15
11
13
17
17
10
15
13
15
13
10
13
10
15
7
17
16
13
10
13
15
10
12
12
18
20
9
16
18
7
14
6
11
10
15
13
17
10
15
16
9
8
9
12
6
11
18
12
10
10
18
20
13
14
16
15
9
6
12
12
18
19
8
8
11
12
6
5
19
17
7
15
10
8
20
20
14
16
17
10
10
15
7
6
14
14
12
17
7
13
14
15
13
6
7
8
14
16
5
16
19
6
13
8
16
8
10
5
12
8
20
9
13
13
15
9
10
16
14
19
13
16
8
19
16
19
14
14
13
5
11
9
10
15
12
14
14
19
16
13
7
20
16
14
7
14
15
8
11
15
12
16
17
14
14
14
11
6
20
12
7
17
15
8
14
11
17
17
16
17
9
11
19
9
14
7
17
8
6
12
8
10
11
10
18
18
16
8
9
12
18
13
16
12
8
7
7
9
11
7
19
17
16
17
6
13
6
11
11
15
10
16
20
5
19
11
18
7
6
9
7
10
18
19
19
8
16
17
8
17
12
15
18
6
12
14
15
15
20
9
11
20
16
14
6
8
16
7
13
16
19
9
12
6
17
10
19
17
18
17
5
14
7
16
8
9
14
19
17
18
9
9
15
19
6
17
14
17
0
569
270
754
742
142
881
771
369
772
70
197
1
665
808
666
580
839
395
193
822
737
901
408
333
885
345
382
191
778
118
591
693
550
82
171
187
302
717
572
391
902
827
669
277
122
709
223
53
288
214
563
188
393
672
379
855
270
115
190
44
200
240
85
449
767
338
499
619
589
402
125
394
525
42
712
867
594
232
513
424
99
214
377
312
506
374
456
421
660
575
110
609
35
10
830
614
561
401
87
580
868
582
588
942
90
408
79
857
320
148
414
543
164
10
76
108
776
191
326
201
676
400
560
869
733
211
713
170
373
139
519
302
677
29
180
17
191
375
806
69
63
304
619
476
523
672
488
178
580
333
538
684
38
665
447
542
520
708
380
267
790
873
917
760
178
394
831
613
622
799
566
22
259
580
777
557
412
926
926
920
865
96
603
726
516
103
13
92
143
444
387
421
651
631
787
823
156
511
582
298
378
188
271
124
67
885
452
434
169
0
142
622
353
699
893
402
225
800
832
725
23
293
251
417
840
795
22
100
119
192
234
703
498
407
264
527
221
206
67
28
276
478
118
215
290
545
739
52
282
598
122
587
256
206
352
306
491
400
799
842
199
227
500
877
273
25
326
225
178
411
904
470
419
699
378
421
643
915
335
283
50
693
228
470
609
168
30
407
785
888
934
345
202
489
105
138
91
14
626
861
595
835
1122
1070
573
1344
1608
1188
886
349
946
88
1622
1704
773
604
1372
595
642
1184
955
1320
946
788
1458
1239
924
1124
1277
1035
1370
743
1004
734
680
476
599
780
1399
1128
1758
1745
733
848
850
1259
1164
575
373
544
1297
254
626
1132
454
1734
698
506
527
277
462
1122
829
1362
1657
1096
929
1043
708
687
199
696
1440
438
844
1188
744
683
1056
701
989
841
1327
939
1095
563
888
609
1168
1433
924
674
253
536
1748
1295
1010
430
217
639
1063
1140
1194
1267
918
531
856
906
441
185
1353
725
646
255
112
709
976
406
342
763
962
781
875
1702
1130
1147
872
293
1095
597
945
1032
1624
819
243
545
1062
947
1611
830
812
483
1304
1405
1310
948
1224
872
629
1027
991
840
785
1538
1403
864
568
1555
952
1090
992
1171
1118
1174
283
830
1120
974
1553
1162
1384
882
642
920
1421
740
969
1793
1780
1839
1159
492
1566
1433
1227
609
907
504
577
918
1204
713
1427
1325
859
1048
428
954
1230
338
979
213
657
1052
445
1384
629
546
300
318
244
1231
670
1213
1015
1298
768
1084
976
1098
145
811
1180
1054
1098
1655
672
678
561
497
1154
1250
579
554
1157
1396
566
398
968
813
749
1224
997
543
880
1350
1488
234
577
933
647
1315
974
493
700
1163
1337
529
1298
1133
865
302
785
1603
468
361
1115
1050
201
814
1029
678
723
1207
1159
1317
1404
1520
679
899
663
1478
1116
806
731
708
871
1141
1435
1522
952
617
423
775
323
290
597
332
950

23
300
9
9
16
8
18
19
18
7
14
15
16
14
9
19
19
5
9
8
15
16
17
9
17
12
18
11
6
16
7
8
16
14
19
8
10
8
9
9
6
8
15
9
13
14
17
8
17
12
18
7
13
14
10
20
19
7
14
18
5
7
18
8
10
16
17
19
16
11
14
5
14
8
20
15
18
6
17
7
16
16
17
8
13
13
11
17
10
7
11
8
10
10
8
18
18
16
8
18
8
14
18
12
17
7
12
7
8
19
14
5
20
10
20
18
14
19
20
9
13
12
10
10
14
11
18
11
7
13
16
13
11
19
18
12
5
6
11
6
12
13
8
18
18
14
15
15
7
16
15
15
18
7
17
8
8
19
10
15
19
17
8
15
13
19
6
16
17
19
9
7
8
16
13
10
16
17
11
12
8
8
18
5
18
20
13
6
16
20
18
6
6
10
16
19
10
15
17
12
13
11
6
5
11
15
9
15
18
5
18
5
10
19
18
17
5
16
13
7
14
19
13
17
13
15
18
12
8
11
9
14
18
9
16
15
13
5
17
18
16
10
8
12
12
6
15
10
17
7
5
5
13
14
7
13
7
11
8
11
17
20
9
15
8
8
17
6
17
16
9
13
16
16
15
6
11
7
6
12
17
14
13
9
19
7
9
17
18
19
15
19
15
14
13
19
8
14
19
13
16
8
0
796
822
361
148
933
126
45
895
526
742
601
739
823
637
614
224
313
630
643
543
656
573
497
849
528
256
435
31
933
323
469
344
154
809
82
277
945
221
159
800
506
426
852
904
154
192
64
856
470
819
563
534
669
948
828
754
467
180
559
703
271
53
719
333
799
42
388
820
859
45
872
504
111
337
234
410
758
918
146
533
668
764
610
40
535
841
602
702
374
860
258
939
329
343
687
793
189
654
850
434
166
406
1
116
211
20
357
397
401
196
355
55
651
524
850
60
358
178
277
520
57
244
199
882
918
83
122
810
349
629
115
552
539
350
641
132
510
599
948
10
942
336
692
615
905
784
421
552
511
946
815
419
71
725
127
583
211
222
234
814
230
487
680
607
95
29
669
482
505
6
812
209
687
928
710
924
755
945
403
424
679
506
823
45
762
548
770
7
468
904
830
666
484
420
297
897
87
698
376
528
436
619
692
913
118
759
470
84
272
79
950
409
816
189
369
388
359
494
21
935
397
512
314
618
601
293
566
677
127
898
561
20
337
669
407
42
945
673
540
449
270
753
336
193
192
518
28
914
699
63
579
287
885
444
463
352
813
596
256
67
95
272
622
51
31
922
760
198
369
711
85
942
404
428
684
329
252
258
885
523
546
334
398
623
223
336
696
894
191
537
71
51
139
523
463
193
89
862
674
85
1438
942
1058
1038
1067
200
380
1234
1343
988
1323
1160
1209
805
943
824
1111
1574
1599
1352
1127
1494
1256
1437
1216
901
946
443
1812
937
539
555
596
967
712
1178
1503
491
665
1369
521
891
1507
1178
580
1097
357
1537
937
1079
1251
1440
968
1218
1022
1288
968
896
1248
800
899
933
1490
367
1460
432
971
968
1596
452
1421
869
243
491
664
550
1513
1669
383
814
914
1063
1462
580
1501
1469
749
1330
895
895
808
1852
583
535
1531
1641
696
1125
1641
479
613
835
798
974
1008
580
680
871
645
628
493
715
1115
860
888
439
1076
1046
766
1064
146
1140
303
1087
1334
592
408
870
791
885
211
1047
727
1270
1300
396
556
865
1041
216
1392
667
719
714
1636
1531
606
1055
975
1402
966
1244
752
734
973
983
882
891
322
1473
474
1155
1378
1437
375
306
1212
982
1437
825
889
787
1444
1448
1601
1552
1718
1113
1299
891
1534
949
868
990
1003
1499
1705
574
777
952
1121
1499
1385
1297
839
1711
897
1007
1211
1065
529
752
812
1233
531
1499
1347
453
644
309
1341
591
1309
785
467
710
1160
1209
987
1032
779
1165
363
1157
1396
506
1511
1197
857
1549
667
244
521
736
991
543
1260
1065
660
632
641
1558
530
1107
748
916
339
1082
1530
363
705
1012
1593
705
875
966
1329
663
1133
546
764
832
1365
291
294
1652
1223
819
576
1184
730
1845
1089
1389
1193
820
425
1100
1609
1209
587
1182
419
1368
1179
545
1290
1779
1101
577
800
675
244
1449
862
447
766
1323
818

24
300
15
14
16
16
10
11
19
6
5
7
16
11
5
10
17
18
16
13
12
16
6
8
18
13
10
8
11
14
17
6
15
14
17
18
11
12
6
17
18
6
20
6
11
11
7
19
13
13
16
15
17
7
16
16
14
15
9
5
5
18
10
9
18
11
18
19
14
8
16
11
12
10
11
11
19
18
19
12
17
7
7
8
13
19
10
10
7
9
15
10
17
19
9
12
17
12
20
18
20
7
15
7
9
7
14
9
6
18
8
15
11
13
17
5
14
12
11
20
17
18
5
16
9
11
17
7
12
12
15
7
18
13
10
8
7
8
10
16
6
15
15
15
9
7
19
14
15
6
8
19
20
13
10
13
12
5
7
20
17
13
18
9
7
16
19
19
19
6
17
11
20
12
6
17
14
15
8
8
5
20
19
17
8
19
5
19
11
12
10
6
6
8
18
11
13
8
16
5
18
13
13
19
12
12
17
17
14
15
14
6
15
15
16
11
7
8
16
17
13
12
10
14
15
15
13
14
9
8
17
13
9
5
13
13
19
19
10
13
17
5
15
19
8
13
15
18
15
6
17
18
20
19
7
9
20
15
19
13
10
7
6
16
11
12
7
10
9
8
5
8
15
8
9
14
18
19
16
14
18
16
16
14
13
13
13
17
17
11
16
18
10
14
12
8
5
11
9
8
7
13
0
107
358
48
118
606
326
626
380
617
340
710
840
479
221
711
182
101
459
871
603
747
787
453
868
800
649
718
785
29
772
805
389
745
763
795
377
423
473
97
404
264
60
707
836
539
799
632
745
531
604
307
619
515
565
675
656
807
336
533
272
38
542
332
143
79
517
83
47
745
36
432
501
242
937
294
484
678
228
88
206
365
939
153
262
735
39
564
423
119
571
458
818
300
663
236
188
930
896
23
638
135
710
583
254
141
632
74
113
152
30
442
410
6
500
692
818
637
800
336
717
185
98
696
153
262
179
766
10
330
592
22
360
394
182
126
224
416
874
798
555
501
573
832
383
715
488
457
277
791
432
828
214
462
781
647
313
707
779
896
75
920
467
588
782
858
682
209
52
480
808
517
296
800
116
68
128
815
471
29
933
249
109
648
469
321
948
811
36
903
143
225
876
504
696
476
175
299
431
704
359
607
797
279
228
511
509
436
632
440
286
137
835
352
800
933
219
942
146
886
467
508
493
874
88
596
776
490
166
724
294
207
846
34
523
332
798
434
547
92
57
584
36
709
438
926
415
588
128
565
89
718
405
510
42
836
165
722
467
631
35
728
927
788
293
757
881
119
108
801
713
668
398
253
91
872
699
282
456
95
893
193
857
301
103
388
599
631
742
317
749
100
520
239
878
388
359
884
187
187
576
454
711
682
956
881
484
1482
617
1542
673
1278
1232
1228
1136
1458
517
118
1381
1335
1139
1384
822
611
887
1332
1047
1155
1637
368
1609
1095
727
799
1211
1729
935
835
626
169
479
288
206
1571
1158
735
1642
1038
1178
1103
1089
467
809
1448
1316
956
915
1197
778
635
872
882
1245
621
1062
450
1408
420
764
1090
349
1385
1254
1104
1746
797
1015
883
827
778
476
1155
1407
407
619
1093
933
680
1080
1037
1442
609
1250
541
1472
479
730
1155
1275
146
1192
773
894
939
786
574
739
617
962
648
397
743
657
761
1412
1558
1630
1510
1432
766
861
918
411
762
382
336
719
1103
783
1154
841
315
677
1197
704
189
250
1308
1312
1586
816
1166
1200
1733
647
1647
1165
1359
653
1282
789
1016
324
1198
889
1563
1137
1588
1287
1802
932
1860
1155
1097
1080
1125
1144
290
442
1427
967
1228
852
1033
333
620
876
1050
784
869
1713
274
852
1103
965
659
1342
1407
320
1094
749
755
1392
1149
1448
585
946
527
750
1294
752
1293
1028
690
1001
1037
634
701
1397
1303
489
909
1720
536
1665
1426
1064
1197
316
1329
929
794
597
1683
1025
1007
964
520
351
1650
999
1136
1143
565
1054
942
1655
1315
1224
363
841
1224
489
1235
1019
1585
452
1304
334
1229
213
1268
810
938
423
1441
194
864
943
1486
818
1265
1541
1427
1134
1142
1539
843
947
1353
1266
691
1246
839
175
1408
1417
342
1135
808
956
404
1573
952
256
1185
851
1482
1663
457
766
1059
657
260
1098
697
805
1400
249
1040

25
300
17
14
14
5
14
9
16
19
9
17
16
8
13
17
10
8
16
12
16
16
15
7
18
9
13
9
20
16
18
15
18
16
16
7
6
5
6
13
19
11
7
8
10
20
8
19
20
7
8
12
7
13
12
8
18
9
14
8
15
18
14
18
20
15
17
19
10
18
18
17
19
12
10
15
18
8
9
9
12
10
17
13
7
15
10
19
17
10
15
11
11
18
11
15
8
17
6
19
7
15
9
15
17
7
19
10
20
19
11
7
13
20
14
14
13
16
14
9
6
9
11
15
11
19
18
19
6
16
17
19
14
12
19
11
11
8
19
9
16
14
17
7
12
8
16
10
12
14
11
12
17
16
10
12
9
13
18
5
18
18
8
12
18
15
7
12
9
5
11
13
9
16
9
8
13
15
13
9
12
5
6
10
8
18
6
10
5
8
19
15
14
8
11
7
15
17
13
18
19
14
12
19
7
18
20
18
15
15
8
19
9
7
16
6
18
13
9
12
16
16
8
19
9
10
16
10
18
12
13
19
13
15
10
11
8
19
17
18
15
9
19
17
16
8
20
7
13
9
12
10
18
5
7
12
11
15
12
14
12
12
19
12
20
15
6
13
13
18
6
13
5
6
8
7
10
14
17
13
11
10
13
19
8
6
18
6
12
7
19
6
6
17
6
13
6
12
20
6
13
17
0
575
401
47
316
202
180
499
823
896
594
720
502
48
385
634
113
2
195
670
412
523
872
256
542
852
766
309
770
259
426
742
0
823
611
832
79
375
85
175
639
442
204
401
308
805
725
602
490
739
546
33
729
587
275
99
54
722
201
26
21
193
159
262
870
719
602
335
877
132
839
429
848
88
455
115
855
647
831
624
739
804
325
253
98
560
152
803
664
616
152
271
84
79
530
212
121
707
245
145
98
847
473
698
503
47
955
322
48
358
509
563
549
414
76
897
50
871
406
26
61
41
421
920
613
238
820
113
389
781
755
685
544
92
761
692
720
79
741
312
248
751
432
553
715
299
729
367
831
67
850
484
875
928
240
682
933
59
223
713
629
485
865
251
861
259
514
385
850
455
199
128
616
754
227
40
266
734
734
688
441
554
249
373
137
929
190
928
40
880
713
155
903
831
652
761
320
898
367
25
394
40
105
557
942
281
387
656
297
592
841
798
384
939
154
73
774
120
282
906
431
237
345
682
464
465
586
95
739
627
868
127
918
121
664
263
684
236
359
467
137
210
277
388
873
814
108
235
118
44
917
612
445
484
915
21
632
459
566
708
731
15
556
519
307
579
555
574
889
593
458
687
221
436
572
851
837
760
521
820
437
835
11
790
3
174
299
953
1
477
879
61
497
614
758
338
425
848
763
692
374
988
1322
931
508
919
968
1018
1624
1344
1370
872
834
332
1054
699
745
778
323
1470
618
1222
1176
456
1421
1037
1578
1234
1203
1142
1189
1325
451
1478
1502
1717
828
407
418
497
1568
919
311
1046
735
1273
1342
1265
1089
1618
1478
966
837
1424
1107
162
490
1047
1062
996
561
343
529
1177
1109
1184
1049
1146
1781
890
1793
533
984
688
1065
280
1444
828
1667
1419
1536
902
674
432
783
742
256
1124
972
1390
222
703
292
651
1307
491
532
1572
728
193
791
872
1426
1105
1326
580
1356
1080
857
1013
1335
932
1311
1348
758
1372
230
1274
1318
492
393
371
787
1407
1568
994
1539
980
791
856
1635
898
925
362
1689
1324
978
143
1142
1132
523
1484
871
565
1417
469
1030
571
1627
935
1584
1234
902
1617
942
1337
1519
797
479
1552
825
644
1310
561
1166
868
1437
1293
1033
1369
685
164
838
1484
1113
249
738
1113
1116
1574
556
1002
484
608
623
1647
1098
1671
957
1051
1474
195
1386
1184
1427
1314
392
1562
777
244
506
79
552
804
1110
801
1278
866
864
923
925
1303
1056
1392
704
732
1347
389
1020
1734
487
343
556
744
1088
1342
1106
569
1073
1179
1041
309
1077
280
1596
959
1358
696
881
510
347
921
684
541
1194
1611
366
920
837
212
1691
868
577
693
1709
358
1237
511
697
1555
1702
923
1041
830
429
811
1145
1467
1461
1073
690
1177
375
783
882
1108
1757
1694
814
1500
513
1174
584
1412
530
846
584
1035
116
533
1827
848
555
634
786
1201
869
1010
1604
1317

26
300
17
6
19
8
19
5
15
13
15
18
6
17
10
16
14
19
16
9
16
9
11
9
11
15
15
13
18
19
8
19
7
19
11
7
18
12
15
13
7
5
16
19
9
20
5
9
8
9
12
8
14
15
12
5
14
5
9
15
11
10
8
12
16
7
15
10
17
13
7
17
12
19
13
10
7
19
7
20
13
7
13
9
17
17
19
15
14
18
8
10
15
15
17
17
19
17
19
13
17
9
18
15
8
19
16
13
8
8
12
18
19
10
18
17
15
19
6
16
13
10
7
16
17
11
7
20
16
19
17
12
11
11
18
7
16
17
19
14
13
5
10
6
11
18
15
13
19
10
17
12
9
5
19
17
13
13
18
7
8
15
5
7
13
11
19
6
13
14
5
8
12
12
19
14
17
6
8
5
15
16
17
13
15
14
13
19
6
8
11
9
9
12
11
9
12
14
13
13
18
18
6
12
17
11
18
14
8
13
18
6
11
18
8
10
11
7
6
20
16
5
17
14
18
5
19
5
20
20
15
12
18
8
9
6
16
12
13
8
9
7
10
6
7
8
19
11
8
19
16
11
13
14
15
8
14
11
19
6
8
12
7
6
15
14
19
9
19
6
19
15
17
6
9
6
7
19
15
11
12
15
20
9
17
7
12
11
7
19
14
14
15
14
10
9
10
9
14
17
11
10
0
734
101
236
732
699
565
183
54
449
756
773
138
416
873
238
794
105
378
93
146
477
451
263
818
190
206
598
783
906
806
497
297
352
796
227
892
667
576
422
375
294
288
488
571
749
497
930
455
309
381
863
905
262
904
443
357
516
102
441
8
706
296
162
687
684
118
145
567
401
660
428
487
651
531
807
445
896
585
515
693
387
695
894
454
689
820
918
119
652
88
508
883
917
472
541
102
444
257
295
32
267
908
167
726
747
248
946
455
904
285
833
12
317
681
446
147
774
540
899
808
611
360
442
920
711
262
348
738
870
588
891
774
777
16
941
273
432
125
31
615
19
200
319
506
695
676
636
658
630
911
930
82
81
197
747
740
358
44
580
790
25
518
164
755
696
31
640
946
179
876
891
258
481
485
635
266
847
101
600
82
519
437
46
127
320
805
892
283
275
701
722
144
390
427
46
101
835
658
389
562
135
405
579
879
883
853
37
21
719
301
329
573
850
24
509
80
362
574
253
704
78
775
644
372
326
728
487
151
254
208
747
525
120
433
798
448
916
572
10
293
880
755
676
762
285
131
227
766
815
767
16
580
480
260
603
944
713
915
397
617
59
342
761
133
576
818
320
46
421
362
530
448
625
24
508
491
478
774
337
906
60
782
329
652
447
601
292
174
209
512
496
526
556
380
814
375
673
499
669
89
1072
616
302
1342
1521
1069
693
888
852
1339
1255
1060
1329
933
560
838
154
1296
837
1067
1423
481
743
956
505
369
1341
927
1126
1150
956
552
1144
1622
528
1531
781
1354
711
619
375
860
1131
614
867
1366
1798
1399
733
1169
1380
1020
1171
1834
1293
1233
1380
1026
1147
953
1241
593
201
1248
861
818
613
811
1004
1139
810
809
1319
902
1086
628
1707
1414
1450
868
433
1040
1350
658
1338
1752
1128
817
763
772
894
1199
1710
795
1263
403
1263
284
479
862
545
1069
381
817
1388
370
1110
632
945
680
1148
504
691
876
1297
691
1116
1169
1674
1450
1480
1126
1174
1205
1454
690
1152
1672
1319
732
1304
1469
1373
465
1055
997
915
588
567
1161
273
245
925
669
842
1196
1102
1010
1441
1549
1877
219
458
355
1024
1583
1112
692
1000
1187
770
582
751
1572
1502
89
954
1748
1016
1506
995
938
1232
815
1087
849
1021
186
982
536
1185
1111
970
854
1103
1063
1643
1028
1190
812
1293
861
1085
657
583
152
1602
1278
1352
734
752
790
1366
1551
1335
1680
402
610
1190
379
454
1133
916
471
1280
561
945
713
753
1212
1022
1583
903
722
691
1391
962
1009
1196
1127
942
1322
866
1350
976
883
1740
819
708
467
1110
1040
1241
960
1044
807
758
1346
1126
1043
170
968
715
1204
919
1817
1649
1813
430
1339
599
1075
1610
320
1015
966
347
678
601
510
1349
1054
1323
75
662
1012
837
984
424
1439
736
1531
1017
1114
1178
1284
801
519
1097
604
711
1271
908
1195
1689
1203
1603
771
1267

27
300
16
9
8
20
14
12
8
13
15
19
17
9
7
15
8
16
14
8
8
13
19
16
16
12
18
18
6
6
17
17
8
15
5
14
7
8
18
5
5
18
10
10
9
16
11
7
16
19
12
20
16
19
7
8
19
16
17
7
8
5
8
13
11
7
12
12
16
14
15
8
13
16
9
19
13
9
17
12
19
17
11
5
12
8
17
6
12
7
19
6
9
11
14
19
15
15
19
14
15
6
11
19
6
5
16
19
12
9
18
19
6
18
15
5
17
16
5
11
13
11
15
6
6
14
16
20
13
20
19
12
18
12
17
11
15
8
18
6
6
9
12
6
18
9
8
9
19
18
6
11
16
13
20
8
14
7
15
16
20
13
18
9
6
13
18
16
17
19
16
17
8
13
19
12
13
12
17
16
10
16
15
11
12
7
16
8
17
8
16
12
13
18
19
16
7
19
19
11
12
12
19
8
19
11
15
5
18
12
5
5
9
12
16
17
11
20
12
13
16
7
13
13
7
8
6
10
20
8
12
19
8
11
6
20
10
6
12
16
8
12
7
12
9
7
11
10
19
11
16
9
12
19
19
13
13
20
19
9
14
18
10
7
8
15
10
13
10
12
9
15
10
8
9
19
15
14
8
17
18
6
13
7
5
15
8
8
16
8
20
7
18
9
15
16
19
15
18
20
7
15
0
507
110
630
792
304
75
933
671
813
106
653
36
871
480
495
250
726
288
365
70
575
497
758
668
836
893
635
203
480
908
775
560
723
559
111
830
898
111
686
181
455
375
197
842
575
370
98
549
314
910
648
401
754
382
396
325
637
790
31
496
793
813
507
899
820
624
114
239
563
911
399
661
348
873
862
469
108
474
894
322
899
302
305
336
377
506
735
272
946
741
236
188
272
665
451
437
1
77
611
294
470
155
612
729
120
101
725
171
707
175
217
184
864
688
513
392
35
289
905
508
96
274
57
249
50
157
815
697
593
740
176
754
629
904
944
815
618
512
271
633
548
430
193
665
769
635
97
519
111
725
61
946
495
15
705
133
99
559
882
260
432
780
743
812
843
183
90
311
101
906
489
77
451
918
120
300
485
763
294
106
778
579
247
456
63
739
93
632
187
911
916
470
477
415
945
49
706
399
583
422
904
229
20
915
77
39
277
390
153
888
940
828
99
190
677
672
789
516
445
70
819
876
262
683
49
11
873
334
555
776
228
358
869
430
865
237
781
623
22
244
182
23
476
943
686
523
601
288
175
417
685
12
396
742
195
162
643
82
170
118
519
214
665
195
12
753
772
277
858
416
647
34
295
185
702
45
186
314
244
759
749
713
240
507
910
471
118
937
214
341
890
140
520
138
709
870
515
592
850
816
810
761
1267
1597
799
768
1063
706
1627
946
1478
643
1433
1359
1459
350
1078
944
792
278
1380
1162
1603
1262
1125
1593
798
595
572
1353
1601
622
1511
866
452
1456
960
146
1285
475
1160
517
915
991
1310
891
511
1085
610
1507
1214
1132
1622
464
621
426
873
1550
775
926
1267
1756
1386
1401
1750
1548
349
593
1065
1608
1069
1311
1080
1639
1090
1049
935
826
1387
505
1079
515
321
849
519
1164
1426
854
1594
1505
654
929
1144
691
1268
626
104
901
1358
1054
1174
661
967
1073
658
223
1399
310
1327
447
976
827
1120
769
751
624
543
1103
1541
1017
700
1102
71
1184
770
686
1714
1125
903
1627
665
1383
1381
1253
1145
1706
1148
578
794
1418
697
815
492
737
1286
1052
855
1073
406
773
878
1612
1384
771
1097
686
787
1260
1827
329
932
1465
1655
1346
949
442
365
713
1050
1145
674
684
1182
1776
766
1167
1240
927
502
221
800
1437
853
744
235
1686
656
1584
952
1713
1280
720
854
875
1616
76
1046
837
765
655
1699
1122
105
1329
152
213
1222
426
691
1706
1044
1132
571
391
1541
1600
1519
1053
937
607
1075
1205
1183
1255
399
109
1193
793
1043
1070
308
556
1717
449
1559
1198
804
1342
890
999
413
692
563
1478
1459
1411
635
1004
979
658
885
506
1022
1570
389
289
1307
160
674
380
1264
544
1275
744
659
852
1388
324
1582
738
1228
861
1185
731
1494
186
549
459
1183
808
1106
1156
883
1440
1665
629
1059
1156
594
955
1760
759
1220
388
762
1797
1063
981
1214

28
300
7
16
16
17
11
13
19
20
9
17
7
8
16
6
9
20
5
17
7
17
15
9
14
8
16
7
18
6
11
15
17
13
17
17
5
16
17
16
6
9
5
7
9
16
5
12
11
9
14
6
19
16
17
18
13
7
14
6
7
19
11
18
19
15
11
18
9
8
8
6
17
13
12
13
8
7
13
18
7
15
13
8
16
9
7
15
13
13
8
19
10
12
16
18
18
12
10
10
18
12
16
16
12
11
11
12
14
10
12
10
15
9
14
9
19
11
17
15
12
6
11
11
15
5
16
7
13
14
16
16
9
11
9
16
11
16
16
17
11
6
7
15
13
10
13
11
6
18
7
17
16
14
5
10
14
11
5
19
11
17
16
19
6
10
18
19
10
12
8
14
14
11
12
14
8
6
18
8
18
16
6
19
13
6
15
19
16
5
15
9
15
17
11
7
6
9
6
19
15
10
11
7
11
5
16
12
13
15
6
11
8
16
17
11
15
10
5
16
19
17
8
19
8
11
15
17
8
12
19
7
14
10
18
6
7
6
15
12
9
13
13
7
7
19
6
12
13
8
12
13
6
8
12
12
12
9
11
14
13
5
17
14
18
10
6
11
10
9
10
15
16
19
14
15
16
7
18
9
9
17
12
10
9
9
16
11
13
11
9
13
11
11
10
11
19
10
11
8
16
19
0
134
652
756
132
394
651
340
546
615
553
545
874
242
473
639
375
729
659
231
507
16
782
167
556
747
104
744
333
910
57
50
717
95
215
205
585
131
162
511
106
358
70
854
698
135
596
760
671
624
407
71
615
140
165
365
189
721
319
274
375
102
602
292
146
443
481
174
731
693
239
844
3
274
76
325
227
186
600
182
740
845
245
97
614
149
303
730
261
223
328
710
495
730
48
602
823
4
633
604
60
178
409
241
105
82
732
537
446
415
649
474
683
402
626
95
467
385
395
234
423
530
191
270
778
29
518
331
351
717
565
208
834
259
458
489
761
785
168
8
536
759
248
601
173
506
890
447
163
193
812
737
811
545
683
519
421
637
731
804
472
322
888
126
772
693
428
776
65
101
887
603
624
152
75
586
283
911
175
310
636
658
353
584
219
457
549
875
479
531
579
743
674
586
183
273
364
237
618
433
255
692
622
211
865
190
153
596
742
828
162
354
105
36
817
91
671
827
163
444
206
346
212
844
14
908
490
246
129
307
671
762
396
103
560
67
527
551
758
25
851
752
504
19
475
158
604
631
102
759
615
760
714
635
36
115
781
139
903
243
615
402
485
465
38
825
776
178
738
827
597
240
396
639
655
262
21
22
198
64
594
642
49
301
401
32
716
452
260
248
318
149
569
852
217
214
134
232
229
233
828
674
1129
780
709
1220
1450
1170
1260
1005
903
602
1028
571
551
1545
815
1490
1094
482
1318
858
970
622
1168
822
403
1577
634
1567
498
587
868
1008
707
286
891
290
1016
679
973
404
287
1429
1577
168
857
1132
871
953
777
816
1278
190
974
767
618
767
759
813
988
295
1455
421
959
823
641
560
1549
1310
882
1011
696
794
221
1128
1091
529
1486
1036
1633
1657
352
709
1005
178
794
1504
957
1081
1026
1117
1246
809
799
1109
1240
16
755
759
276
1107
1016
743
496
527
1474
652
892
792
881
930
811
891
1072
599
637
975
468
412
710
1162
607
1057
1634
113
642
445
587
1542
912
744
1520
393
591
1060
985
1019
273
732
1019
1339
1157
1276
272
818
1460
730
753
265
1010
1350
1630
755
796
857
1065
1025
1326
1528
1111
373
1081
226
1158
1120
641
1117
515
289
1166
1048
1120
961
858
1419
581
1136
1074
1170
688
1499
732
629
538
783
1135
1439
834
1081
1421
880
884
915
348
574
1003
935
1354
842
736
1233
1415
1074
1333
590
423
1477
954
933
353
922
267
176
1683
850
1115
1513
293
871
852
932
447
1259
332
1512
599
1153
720
514
1125
891
1041
633
1096
148
1403
1440
1227
440
1184
1383
789
637
703
343
1379
736
308
788
643
1549
1610
1443
766
687
1283
716
1038
1143
1319
855
1176
835
404
1038
1264
1077
1594
1351
1084
829
601
1240
1158
777
146
812
1058
707
1008
1300
89
1199
417
158
1102
666
613
1074
913
504
715
1355
936
987
204
695
273
1012

29
300
6
16
7
11
10
13
11
19
7
10
17
20
7
8
7
7
7
14
17
12
11
20
10
11
11
17
13
16
7
9
16
5
11
10
18
10
11
18
17
14
7
9
19
7
8
18
14
15
10
17
11
9
9
10
6
11
16
7
19
19
7
10
13
7
14
15
6
14
19
5
16
12
14
16
10
17
15
19
19
11
18
18
12
7
14
9
9
18
16
16
10
7
14
11
14
16
19
12
18
6
15
9
15
15
11
6
6
12
14
13
6
18
17
7
20
10
6
6
9
13
14
8
9
12
5
20
11
17
6
17
9
9
8
17
8
12
5
7
18
7
7
16
19
8
14
11
17
14
10
17
5
9
8
15
16
18
5
15
16
9
8
9
17
11
10
16
10
9
12
9
8
14
8
12
7
10
8
19
12
12
7
14
13
20
14
12
15
19
8
17
13
10
7
16
6
9
16
6
9
15
9
20
10
8
6
13
7
13
8
10
10
7
10
11
7
18
16
14
16
16
7
16
9
9
7
13
9
11
9
16
12
10
13
12
11
19
17
17
6
9
15
15
13
11
13
6
14
9
19
8
11
8
15
15
10
14
7
11
12
18
15
13
17
8
17
6
8
12
15
18
6
20
8
11
6
17
16
10
16
13
20
20
19
18
11
16
17
18
12
13
12
14
17
7
9
10
8
16
11
8
0
761
321
582
413
863
240
526
336
686
876
763
386
319
51
349
798
34
852
616
839
881
402
740
850
487
290
245
763
371
682
402
108
552
668
566
471
498
554
520
860
391
438
310
575
826
782
461
52
386
236
421
625
121
74
858
38
731
465
373
134
556
692
445
791
225
362
71
177
188
65
286
878
645
361
33
97
114
263
830
814
305
479
788
234
825
747
908
624
472
170
556
680
481
792
484
696
68
584
333
601
595
655
778
480
493
99
891
853
902
583
882
480
550
443
806
807
710
393
838
266
592
636
60
279
372
524
299
701
399
609
114
221
135
23
24
353
827
839
458
335
18
558
755
682
87
725
731
894
710
82
393
863
176
276
229
588
32
709
386
465
655
537
253
391
436
790
401
875
749
42
206
727
236
284
389
13
642
18
163
99
419
342
32
357
162
150
841
677
656
718
128
241
299
382
24
787
883
485
448
285
300
547
41
716
265
227
433
390
329
568
780
899
829
255
13
20
603
323
110
671
284
292
530
881
643
74
777
314
429
647
322
155
458
554
126
40
204
312
428
689
18
897
876
452
681
178
397
810
673
774
149
833
168
451
579
194
301
365
477
753
336
457
896
832
410
910
881
403
637
836
626
381
611
351
818
608
112
842
133
642
482
485
594
662
224
765
882
225
640
106
77
384
526
372
109
528
282
555
249
11
1589
969
762
869
1182
262
866
972
1346
1506
1487
1151
498
234
782
1511
897
1133
654
1739
1230
1199
1536
1223
999
614
515
1556
608
863
479
953
1022
1451
1307
1123
578
1443
801
1698
1070
509
980
853
1662
1275
1183
809
602
415
472
1509
926
259
1294
217
961
1046
1086
244
996
1036
1078
1272
946
1158
231
606
1056
286
1182
1653
1509
457
232
815
932
404
859
1541
871
737
825
628
1597
1269
1643
955
661
1054
1157
1000
681
1453
1124
978
507
1272
940
1320
688
1325
1626
598
1022
298
1049
1409
1254
1066
1742
1155
664
1099
1525
1013
1522
698
1756
857
983
1098
809
460
1047
1159
1169
1523
1221
1348
564
570
739
262
888
880
1264
1076
796
1029
636
679
1218
1499
395
769
1527
1721
1342
768
895
1725
652
989
1048
598
321
1320
935
601
1437
1307
807
959
1166
1297
528
1046
1632
433
532
1554
298
488
427
604
958
238
747
685
1256
359
199
649
676
807
1120
1364
927
1541
211
1145
976
1280
710
1258
1543
697
1253
337
1147
917
427
1023
1092
294
526
888
1013
1185
989
1161
1105
418
822
893
790
945
341
720
309
823
638
1388
1026
843
1199
967
1070
1400
1066
601
1121
762
761
65
722
1040
914
955
697
1019
1394
756
1229
406
1281
1019
1214
1149
809
1024
984
1181
1204
301
596
715
520
1278
1222
1165
1708
1667
700
1229
899
917
1044
1239
1073
1030
1513
1062
1138
1459
668
935
160
1230
900
567
1064
792
523
1268
936
326
1016
1008
601
441
1297
747
407
1367
445
1143
314

30
300
8
19
19
10
18
16
8
5
18
7
13
18
18
20
9
7
12
16
16
17
7
7
12
19
17
15
20
14
9
9
10
9
19
14
7
17
18
15
12
19
15
5
9
16
16
19
18
19
12
15
7
15
18
14
20
16
7
17
15
13
18
7
8
18
10
18
18
19
5
7
18
5
12
7
18
19
9
15
11
6
20
14
12
19
9
9
8
13
19
14
13
7
17
17
9
19
14
10
15
17
18
20
9
7
19
12
18
9
14
19
13
10
14
7
10
18
11
9
6
11
18
13
13
17
9
19
19
6
15
12
8
7
6
12
19
19
14
18
16
14
20
6
12
12
15
16
10
8
13
7
5
11
8
6
13
7
15
13
9
5
6
18
19
15
10
12
11
17
13
10
17
10
19
6
18
19
18
6
17
18
18
6
19
9
18
16
10
5
12
11
12
5
20
8
8
13
14
12
16
17
12
19
8
18
5
8
16
20
19
17
7
7
6
17
20
15
11
19
14
15
12
13
8
9
10
7
11
6
6
11
10
5
17
14
8
7
20
13
11
14
18
13
14
13
17
11
17
17
6
9
20
13
11
17
15
14
14
10
13
19
19
14
6
7
15
12
16
9
18
12
16
14
15
5
9
18
17
16
13
18
15
10
19
11
10
11
10
17
20
12
19
6
14
9
9
14
15
14
17
13
0
579
37
905
495
791
940
212
145
211
2
453
748
861
778
801
260
383
44
193
268
295
367
410
786
659
767
409
720
277
165
313
719
495
783
634
744
400
146
428
803
94
0
549
146
809
214
20
428
908
106
499
280
64
743
3
529
856
268
674
639
469
303
956
723
949
795
900
466
304
359
764
497
759
67
57
490
373
304
721
508
384
399
37
858
403
444
475
95
82
316
507
181
940
214
459
787
520
664
174
568
968
428
19
137
700
66
612
59
57
764
86
376
407
304
909
841
139
295
578
534
337
56
762
947
63
117
369
436
879
520
269
763
562
213
819
909
523
382
328
839
28
357
108
185
763
703
716
815
702
169
932
229
836
132
730
409
778
263
181
450
911
35
452
547
837
582
798
355
9
938
655
684
116
819
725
362
414
58
396
169
246
953
106
778
945
728
102
719
785
932
278
904
634
383
391
185
267
478
439
212
70
220
503
169
793
977
804
630
433
291
304
41
506
623
496
139
185
592
926
878
390
476
951
191
216
317
151
705
911
832
133
532
794
175
159
637
237
666
100
11
89
907
216
372
922
125
487
461
186
948
749
652
541
216
440
898
963
90
196
962
569
646
179
665
459
328
308
278
205
734
237
737
760
949
304
889
597
437
333
250
777
603
455
572
867
525
812
6
411
476
408
576
626
912
783
235
439
726
75
13
758
154
1700
934
868
1910
374
289
473
621
663
1014
1836
1632
1154
1227
1061
885
331
929
472
1190
514
1717
842
1480
523
849
584
1133
1261
1257
718
1438
897
1629
1073
211
1194
1139
386
702
702
655
1682
775
182
1364
1768
685
767
676
122
1715
905
723
1759
348
801
1154
1212
463
1837
1077
1087
1195
1865
709
782
1163
1267
1068
1510
870
219
818
1147
379
1673
895
433
641
115
1772
1380
745
1436
425
310
440
1271
1035
1603
1120
642
1533
834
949
413
1478
1500
805
222
846
1073
106
717
386
205
1076
428
1309
850
606
1186
1174
260
1013
1352
603
498
1035
1666
1842
134
558
912
1211
1727
860
493
1329
1542
679
883
1272
1017
914
1111
1220
568
1065
315
277
1752
1019
1225
1736
1387
861
1187
1130
1230
982
990
1091
903
670
343
726
1404
674
510
750
1066
844
1460
1286
150
1441
1549
1326
882
1084
1613
409
657
901
755
509
394
1168
797
990
1258
1637
576
1208
973
1020
820
1773
1223
625
1085
233
991
1002
512
847
1058
374
573
728
1526
1416
970
1432
850
779
534
461
575
1360
1335
1121
1065
1007
1061
1780
1136
690
1606
1133
442
595
237
1313
1079
1350
793
966
1187
900
894
1522
750
952
248
207
461
1788
730
761
1084
473
1302
617
963
1546
1400
1458
1015
333
1287
1609
1050
966
230
1716
915
711
505
738
782
856
698
879
526
1107
652
1486
1396
1632
775
1546
946
1027
499
588
1119
1362
888
918
1017
1111
1695
136
926
728
625
1112
863
1394
1057
320
872
1558
391

