1
40
11
16
6
19
11
6
6
18
6
12
12
19
15
7
17
7
18
6
7
14
19
6
12
8
8
8
14
6
6
14
6
16
11
11
15
18
7
16
15
15
0
90
86
40
11
57
109
57
22
49
111
65
2
87
106
76
37
51
102
35
1
114
20
63
33
16
98
85
2
1
7
65
34
47
71
51
96
97
62
2
21
126
190
157
121
86
169
77
35
71
160
167
85
121
198
152
170
78
186
146
95
154
74
173
94
115
206
174
66
114
86
136
139
114
87
134
188
180
80
116

2
40
17
9
13
9
6
13
8
20
19
15
17
11
17
10
19
6
7
9
13
19
7
16
18
9
12
8
6
5
19
9
18
16
8
13
17
20
8
13
19
16
0
45
23
67
91
2
53
121
105
65
106
35
78
49
99
95
2
52
97
17
40
60
74
1
69
100
11
123
108
73
6
99
24
73
118
84
87
85
127
61
32
153
136
86
102
90
83
232
212
206
130
122
136
175
240
176
55
126
189
61
118
114
202
93
189
122
91
172
137
164
83
182
64
137
152
146
138
191
181
93

3
40
12
18
13
10
16
13
17
13
14
11
10
6
14
8
17
10
14
15
11
7
12
14
9
20
17
20
10
17
10
12
11
9
19
16
9
15
19
9
15
15
0
6
70
2
85
26
96
84
77
76
5
11
7
30
93
122
90
67
32
64
94
99
2
122
25
98
70
96
22
19
94
123
101
75
41
121
33
56
4
45
138
52
113
140
156
92
238
217
131
163
27
23
107
165
164
161
110
88
87
198
107
169
22
168
107
180
105
225
126
44
219
236
250
118
101
252
57
186
135
163

4
40
12
11
14
7
15
8
9
16
17
8
10
14
15
13
10
5
11
9
17
8
9
17
15
19
6
13
17
7
7
12
16
7
16
14
19
10
7
12
16
19
0
34
89
119
83
121
4
112
116
5
101
115
93
64
121
69
88
74
60
115
84
28
54
41
64
58
23
66
103
103
62
107
34
37
77
88
113
40
32
16
91
131
128
193
100
190
105
160
156
104
182
179
216
125
147
109
175
91
124
231
128
58
180
83
107
138
47
108
170
159
122
211
143
139
193
188
227
130
57
58

5
40
10
15
15
20
15
5
13
16
7
16
16
15
18
13
5
19
14
14
12
13
6
8
9
12
20
9
9
16
17
17
15
11
10
12
17
13
14
19
13
14
0
88
87
1
97
48
21
123
130
88
0
89
54
130
55
78
39
133
65
75
6
112
26
10
80
16
132
61
31
79
45
74
41
3
113
41
8
132
58
74
126
125
116
104
128
174
150
255
152
180
62
224
91
206
125
170
76
270
100
120
45
150
150
31
107
151
179
77
155
172
88
163
160
116
163
143
152
179
194
134

6
40
12
12
17
17
17
17
16
8
7
19
16
7
20
14
13
8
15
9
18
16
9
12
16
12
15
7
15
11
12
16
10
6
11
13
14
6
19
10
12
18
0
30
31
57
47
3
32
113
112
79
94
38
57
124
58
97
63
129
119
55
89
19
99
24
103
102
79
69
92
63
43
56
17
95
19
99
56
4
46
81
112
42
80
114
106
75
176
151
199
212
230
124
165
250
107
115
99
147
204
97
113
127
161
164
182
194
209
109
123
194
128
73
80
192
125
167
188
77
185
192

7
40
15
8
19
7
17
13
15
19
13
11
8
8
19
5
14
17
7
15
16
8
14
14
7
19
6
20
5
9
18
6
18
6
10
11
15
18
18
9
20
8
0
17
59
71
111
8
108
108
123
126
9
6
8
15
46
87
23
91
16
17
19
45
32
87
77
103
86
3
69
91
41
76
70
105
97
76
84
87
112
38
139
135
183
94
245
66
184
197
181
173
119
18
73
106
95
219
32
154
131
134
136
153
50
181
108
168
138
50
187
134
179
175
173
153
186
141
220
127
190
111

8
40
10
10
12
16
7
12
14
14
11
19
8
6
9
12
7
13
16
8
5
15
11
15
6
12
13
14
14
8
7
20
19
18
10
9
7
9
14
14
15
10
0
31
22
116
67
38
91
21
57
15
85
11
99
76
90
30
46
17
102
95
7
42
6
83
61
18
34
65
86
89
25
32
22
64
75
112
38
47
87
12
18
133
141
209
170
98
220
142
165
107
93
113
155
148
121
128
154
120
143
124
42
121
110
127
173
96
113
131
130
198
136
159
84
133
157
170
142
134
206
75

9
40
16
13
15
18
16
10
13
7
14
18
6
18
18
17
8
15
12
5
5
16
14
14
14
18
9
13
13
16
18
6
11
12
12
17
10
18
14
11
9
7
0
61
18
19
60
107
36
39
91
101
11
108
39
21
1
21
34
106
50
1
85
27
54
80
97
8
95
20
45
78
41
14
27
38
5
100
37
43
79
59
100
202
70
120
164
134
176
136
183
217
38
158
164
50
47
40
70
112
71
45
171
78
135
216
224
101
140
43
106
161
98
58
43
168
91
228
166
134
145
163

10
40
13
11
9
8
14
16
8
10
18
10
7
9
11
10
11
18
20
12
19
18
9
18
20
13
12
16
10
15
14
17
8
7
19
13
13
15
19
12
14
14
0
0
81
34
127
41
43
18
52
45
58
72
108
53
68
113
68
112
51
40
126
33
101
126
125
92
73
30
26
73
66
94
9
131
123
67
74
74
3
130
45
143
171
55
189
151
153
59
142
60
91
164
192
165
183
175
159
253
103
183
139
140
153
249
176
156
202
78
70
217
91
231
86
167
219
205
186
196
21
186

11
40
11
8
6
19
20
18
7
18
14
6
6
16
10
10
6
6
7
17
16
9
18
5
11
7
9
9
15
17
17
6
15
8
20
14
11
7
12
18
20
6
0
4
49
108
15
108
5
41
60
92
28
3
86
30
104
75
39
37
82
45
98
60
37
18
99
77
85
23
80
28
86
83
18
9
70
31
109
58
19
64
15
79
125
135
61
218
53
133
115
148
60
23
168
72
135
185
64
164
106
159
154
71
60
97
162
112
143
52
143
90
171
103
101
49
89
109
211
163
146
98

12
40
19
16
15
11
7
12
5
10
19
15
12
13
9
14
10
6
7
9
15
20
8
7
19
13
16
16
20
18
16
7
15
10
14
15
20
16
16
8
14
6
0
122
121
92
80
22
40
35
65
24
31
63
119
66
49
50
47
46
43
108
100
125
116
55
113
127
127
43
112
32
53
78
75
96
23
124
37
127
51
78
58
221
202
117
154
127
55
159
104
157
117
104
201
164
126
132
151
111
133
129
128
240
226
92
190
255
155
110
144
56
178
162
209
158
133
257
171
234
165
208

13
40
12
19
9
19
8
11
12
9
19
10
16
12
12
6
14
9
10
16
13
10
9
12
12
7
18
7
16
11
16
19
17
18
5
16
13
20
20
10
17
8
0
62
106
10
46
36
6
31
45
109
98
112
53
53
26
99
99
90
80
93
36
21
123
40
49
43
83
95
54
121
96
75
110
50
16
45
51
61
11
96
96
161
126
99
82
142
144
56
166
235
170
150
115
178
157
132
122
128
204
172
110
98
207
110
92
143
133
193
137
209
117
204
117
116
146
116
151
199
135
187

14
40
6
6
6
19
16
9
10
7
8
9
12
18
15
15
5
6
20
14
8
12
17
12
7
8
19
18
9
12
14
12
8
9
7
18
19
18
12
19
8
14
0
55
34
62
3
56
4
89
64
71
15
93
46
63
107
116
10
76
103
17
26
42
106
1
70
28
106
44
50
112
28
87
108
51
9
106
52
78
71
98
9
67
98
173
63
68
107
168
155
183
39
157
85
93
188
174
46
111
209
94
56
121
116
98
89
71
166
102
173
134
150
180
162
73
132
226
144
202
171
169

15
40
19
7
12
17
11
11
14
8
7
12
11
14
18
5
15
11
16
15
8
16
13
17
9
9
9
19
12
14
17
17
20
12
13
13
17
20
20
18
6
10
0
87
46
42
79
100
4
12
24
100
22
29
87
86
8
19
106
5
86
81
66
73
81
18
100
127
116
124
83
61
24
12
45
60
75
51
58
39
79
91
31
141
177
115
167
228
38
128
158
235
154
111
228
223
72
78
129
83
175
211
99
171
135
33
124
163
213
189
230
102
147
80
124
172
173
170
78
77
165
233

16
40
18
19
5
13
8
13
9
11
11
7
18
13
20
12
12
19
19
6
16
7
20
11
18
17
7
18
16
7
9
15
6
19
20
17
19
20
13
16
13
14
0
48
111
43
117
61
58
96
40
73
55
77
80
11
36
27
117
32
55
48
86
88
119
58
53
33
3
38
36
136
75
105
81
94
7
61
125
97
4
73
36
201
126
145
197
191
108
161
67
125
194
117
127
60
121
125
231
166
207
99
214
184
163
152
171
150
59
86
143
276
110
191
109
219
137
92
266
217
67
110

17
40
15
11
14
15
19
9
16
16
16
17
17
5
20
10
7
16
6
7
15
14
10
6
7
9
8
18
6
14
16
8
14
11
8
19
14
18
19
13
16
6
0
98
115
38
121
47
124
21
26
99
12
27
94
118
17
37
101
16
77
23
89
125
52
46
13
97
76
96
50
42
0
16
22
105
106
25
47
51
35
39
30
214
131
127
234
130
255
86
48
126
113
53
162
209
102
102
168
35
179
123
188
161
117
162
92
152
146
225
88
130
122
139
123
211
228
86
105
126
72
103

18
40
8
16
8
18
11
17
19
14
18
11
17
17
17
18
14
6
5
7
9
15
19
15
9
13
12
10
19
17
17
18
13
17
15
10
17
19
7
12
9
10
0
110
57
128
34
49
59
4
19
63
122
112
74
118
1
1
15
127
31
128
130
26
117
79
5
109
92
45
96
89
118
84
2
123
57
74
7
96
23
34
127
256
141
195
80
179
128
68
146
186
201
133
194
158
127
110
154
185
41
170
206
128
135
196
86
119
139
122
242
219
181
191
53
234
170
153
69
158
85
134

19
40
6
6
14
16
17
6
5
12
17
7
8
8
5
12
9
11
19
6
7
18
12
11
10
14
14
8
12
5
10
15
17
6
14
15
16
5
14
17
17
18
0
110
12
64
45
31
15
79
27
66
24
7
57
110
78
48
36
47
99
42
55
24
64
25
68
57
100
54
19
27
6
53
36
14
40
3
52
78
36
63
87
135
111
123
100
91
95
202
147
140
82
91
128
227
149
115
89
165
108
62
180
123
85
89
169
98
129
59
66
105
61
73
84
100
65
11
165
199
161
128

20
40
11
9
17
5
13
8
17
11
6
15
15
6
14
19
18
7
9
16
19
12
11
20
8
16
10
7
18
12
19
19
17
8
17
17
18
14
18
12
6
16
0
84
50
53
112
86
46
1
3
89
3
46
114
63
112
65
90
12
38
100
93
111
126
25
97
117
129
122
35
85
132
122
43
102
38
19
12
3
35
95
84
202
197
66
157
192
167
86
56
197
120
150
159
112
159
158
173
89
150
142
130
163
249
93
120
131
252
244
69
122
258
253
94
176
153
35
48
122
73
155

21
40
7
9
15
18
7
8
16
12
8
8
9
9
9
12
18
10
19
5
14
15
16
17
19
8
15
7
15
9
15
15
11
12
12
15
10
10
20
9
9
12
0
27
76
21
85
96
66
82
12
98
9
90
101
35
15
30
98
45
45
56
120
42
98
41
14
97
105
51
70
111
29
52
34
25
31
34
35
79
11
73
108
115
157
89
200
186
177
122
89
223
96
109
183
96
150
130
152
124
133
165
143
126
177
110
38
196
176
141
204
158
55
163
80
101
123
68
105
125
112
100

22
40
6
7
9
17
14
12
11
8
13
12
14
14
13
7
16
15
16
14
13
16
19
13
6
10
18
11
14
19
8
7
12
19
12
12
13
6
15
17
17
6
0
15
104
52
53
95
33
6
99
96
37
83
15
38
2
104
97
73
46
47
84
14
79
89
63
75
85
64
91
87
11
18
58
111
46
71
115
102
35
121
79
66
196
188
164
181
122
86
203
134
119
215
134
79
118
209
157
89
127
100
213
102
159
212
114
135
181
140
117
198
139
88
136
164
111
128
248
162
168
251

23
40
12
6
6
8
7
19
8
7
18
18
17
18
18
14
7
19
8
18
10
11
11
7
13
16
18
8
10
19
7
9
20
7
6
9
6
17
12
11
18
19
0
27
118
34
3
45
112
5
61
78
15
17
75
40
22
107
77
77
8
28
50
12
40
47
58
51
54
90
69
14
44
54
82
37
95
92
75
34
10
20
43
145
210
129
36
155
194
58
113
174
128
150
152
168
87
157
192
106
131
78
180
85
103
67
87
160
117
121
110
123
150
170
124
50
195
209
117
147
52
152

24
40
8
12
17
10
17
20
19
9
14
13
16
6
13
14
12
10
12
9
16
8
14
12
13
7
6
17
7
8
15
5
18
19
11
13
8
10
20
18
6
14
0
47
119
61
33
83
35
62
63
64
117
16
0
15
5
68
52
67
99
41
90
31
3
96
49
31
1
97
105
46
70
52
119
32
40
69
28
79
3
90
44
90
242
158
102
126
122
170
157
190
182
77
33
130
122
90
161
131
211
169
210
88
39
176
132
140
56
212
157
132
143
127
249
64
154
106
105
111
52
171

25
40
11
19
16
9
11
5
17
9
7
8
14
18
10
8
9
12
10
16
16
6
18
17
12
8
10
7
13
6
7
7
6
8
15
15
17
10
10
10
11
19
0
111
14
108
17
44
11
56
106
55
65
70
44
40
21
31
63
71
47
38
42
52
38
62
29
2
80
31
74
104
42
53
76
47
19
16
33
112
8
111
34
225
136
138
121
69
99
106
153
152
163
130
145
108
115
44
129
158
163
115
62
75
95
91
89
17
177
61
115
139
60
174
155
153
145
63
149
216
133
188

26
40
13
8
8
15
16
12
10
19
16
7
13
7
18
17
16
19
9
7
15
6
18
10
7
8
12
9
7
15
20
17
5
16
9
15
9
18
9
11
18
5
0
11
78
57
112
33
9
68
52
42
21
9
29
55
39
104
46
55
88
60
92
104
78
44
49
88
98
111
70
7
56
20
39
80
112
90
92
117
3
119
85
19
147
152
153
164
74
90
162
91
44
50
134
86
166
189
65
108
161
113
116
168
194
152
75
194
126
237
124
61
147
154
134
187
223
158
119
148
135
153

27
40
17
6
18
9
14
5
8
5
15
17
8
12
11
12
19
11
5
5
8
19
19
11
8
12
9
9
12
16
6
10
5
5
8
14
7
14
8
11
8
7
0
40
82
8
25
47
76
86
42
92
100
27
21
86
92
77
27
15
34
14
57
66
51
102
78
105
32
41
95
9
81
48
25
65
15
66
28
92
63
89
31
133
142
37
83
152
98
133
65
148
205
64
136
144
137
98
111
65
91
115
81
141
96
193
129
127
144
157
150
28
89
89
129
112
59
119
119
112
92
143

28
40
13
10
8
15
16
17
19
16
9
6
15
19
12
19
20
17
16
19
11
16
8
10
15
15
19
6
19
15
18
16
16
7
8
16
11
16
18
17
13
10
0
62
119
85
134
128
129
23
46
35
46
131
6
37
70
113
34
27
4
52
78
92
28
4
91
66
67
141
60
113
44
90
23
40
113
16
81
79
43
5
32
185
251
235
243
250
210
89
116
149
133
168
149
129
171
144
102
145
122
149
114
160
45
89
215
179
140
186
78
131
141
155
37
86
189
61
210
131
154
148

29
40
16
13
6
17
9
9
16
14
14
7
7
18
6
20
10
6
13
16
9
6
5
9
20
17
18
8
8
12
8
16
14
17
14
10
13
7
15
6
10
17
0
88
114
34
100
61
22
59
109
2
108
58
3
100
90
66
26
69
35
63
97
18
73
25
107
60
93
115
0
73
70
93
74
17
25
44
60
74
12
61
51
187
120
80
172
110
66
88
187
9
126
92
46
178
174
129
127
92
112
168
159
50
187
79
211
97
203
209
19
204
108
127
99
52
105
62
102
179
135
114

30
40
8
7
5
5
9
13
20
6
14
17
8
17
17
5
7
19
10
13
17
18
20
15
11
20
18
6
6
18
19
8
13
12
8
18
10
12
8
9
10
11
0
36
49
17
100
34
29
44
48
54
55
93
105
88
49
2
45
103
117
114
76
66
107
116
99
52
33
40
115
74
120
68
97
51
51
83
16
60
64
96
40
109
120
82
204
166
86
137
112
176
121
159
217
117
150
106
85
138
180
147
139
122
202
156
140
75
106
66
164
94
142
81
212
179
106
163
41
144
88
184

