1
60
14
19
8
5
8
12
6
6
17
16
18
19
16
11
10
17
6
9
19
14
19
16
10
14
14
9
14
8
13
10
8
7
17
12
17
16
20
20
9
5
16
9
18
8
11
15
11
16
7
10
7
11
12
5
9
11
10
13
6
6
0
34
34
153
60
116
80
55
177
105
29
172
90
19
177
88
68
98
178
172
42
44
0
148
43
84
81
113
143
76
171
63
17
135
76
22
93
79
9
93
81
88
150
1
95
56
7
139
152
46
51
91
27
19
109
68
102
9
44
147
175
222
117
207
240
187
252
165
213
139
187
213
169
64
319
184
107
153
361
263
175
182
79
301
147
248
254
270
238
122
287
163
191
257
115
124
119
113
107
117
224
109
272
112
213
114
109
260
294
126
153
277
118
202
123
221
198
62
225
157

2
60
15
20
14
15
6
15
15
11
10
8
17
18
6
10
17
6
16
8
16
6
15
15
8
16
14
11
18
18
11
11
11
14
12
12
9
14
20
17
6
8
14
18
13
10
7
10
7
16
5
15
16
16
12
15
15
16
7
7
12
13
0
151
40
31
166
16
140
98
145
57
54
148
153
6
70
13
29
180
32
151
37
53
48
11
145
170
67
1
165
137
76
53
137
55
172
107
25
18
0
24
1
151
185
115
12
139
184
171
77
143
71
62
26
13
123
160
123
167
61
150
166
294
161
172
277
161
219
183
208
233
146
322
234
105
124
169
131
248
233
223
120
244
66
154
325
287
187
76
194
235
216
250
325
238
358
293
132
217
167
183
32
261
225
172
82
232
341
373
141
175
227
195
148
33
293
219
237
289
194
259

3
60
7
17
6
18
12
7
18
8
7
9
10
11
6
13
12
19
12
20
8
9
16
5
14
18
19
16
18
16
7
16
16
12
5
10
15
9
11
14
16
14
14
17
9
6
13
11
15
9
16
13
10
5
14
15
6
7
13
19
17
12
0
40
3
102
3
71
100
19
59
96
43
181
17
24
4
99
64
109
9
7
127
62
134
111
27
95
72
74
54
144
101
175
165
66
61
176
184
10
15
123
105
64
123
7
113
46
101
121
169
15
19
164
68
145
50
13
173
182
11
37
58
130
162
302
30
225
142
171
84
137
199
212
24
76
43
189
250
276
37
132
145
190
307
239
135
271
107
134
71
200
166
356
321
141
91
226
272
130
129
305
292
112
256
144
127
102
224
230
333
195
140
172
125
304
109
124
206
319
74
79

4
60
14
8
9
6
14
19
17
12
16
13
10
9
5
16
18
9
10
10
13
6
17
20
6
18
14
15
20
8
8
12
20
12
20
16
19
9
7
14
13
6
8
9
19
16
17
18
15
8
9
7
9
12
12
15
17
18
13
9
8
5
0
121
171
119
31
37
74
161
11
185
39
36
170
87
20
86
75
102
156
94
67
54
28
116
89
49
176
9
19
156
68
171
79
40
175
143
2
93
94
40
14
88
167
121
70
104
55
121
32
100
29
4
25
86
108
25
118
87
9
77
58
270
283
243
231
168
223
183
53
308
84
209
356
271
225
99
163
281
310
267
104
242
161
318
194
99
279
19
143
233
185
287
191
229
222
266
58
181
236
112
74
208
255
206
166
208
109
238
136
171
78
66
92
229
220
100
301
150
120
102

5
60
7
6
7
10
14
11
9
16
17
7
15
15
15
5
16
18
7
9
12
16
15
7
8
12
17
18
5
6
11
20
12
19
20
15
5
15
18
14
18
14
9
7
14
7
6
17
16
8
19
10
20
6
11
19
19
19
17
9
19
13
0
93
171
116
118
157
14
95
160
191
79
103
60
53
149
165
18
155
59
134
173
95
101
52
54
140
145
117
115
82
123
27
8
50
13
10
1
96
40
45
9
78
16
155
154
97
53
4
1
136
42
111
13
131
138
24
55
64
22
191
48
266
315
299
167
228
203
255
287
358
253
148
226
234
219
356
132
290
214
333
282
129
243
106
168
220
269
240
148
159
300
189
47
135
25
167
145
261
126
139
103
217
147
254
292
294
86
175
166
240
106
275
91
152
215
84
205
130
207
220

6
60
20
9
9
9
9
7
6
12
10
10
14
13
11
19
7
15
13
11
20
12
9
16
15
6
13
16
20
19
16
13
20
8
8
12
6
17
10
13
9
6
8
8
9
10
19
13
19
14
8
16
18
10
12
9
18
11
6
10
7
14
0
76
159
83
142
56
113
49
52
123
152
162
5
80
5
87
175
11
68
60
29
154
164
176
146
102
157
111
146
51
33
86
8
27
70
107
22
176
171
76
89
37
69
23
166
73
24
125
29
108
86
125
145
124
86
11
11
64
72
100
124
185
241
130
163
67
122
180
181
134
205
250
191
200
113
120
307
123
142
214
141
339
332
218
178
137
263
170
165
115
191
139
66
120
171
291
59
330
328
233
123
117
219
134
189
90
185
289
121
225
256
143
263
158
198
201
194
198
167
289

7
60
11
12
18
8
16
15
15
14
14
17
18
8
14
9
12
14
17
13
13
8
17
8
14
7
11
19
14
6
14
7
14
8
15
15
16
15
7
7
10
14
11
8
7
15
11
19
15
13
7
15
8
7
12
12
20
9
19
16
7
11
0
77
56
96
52
33
45
59
19
148
164
155
150
95
110
172
36
27
154
43
14
132
131
61
51
97
71
171
144
171
102
62
141
34
44
65
168
170
66
115
107
84
8
138
66
92
76
50
101
122
101
124
7
184
97
89
55
44
55
151
136
259
86
163
242
218
80
225
73
302
312
293
204
115
122
241
216
183
288
123
105
163
302
238
208
152
212
214
296
223
230
192
205
87
180
137
281
348
125
159
261
142
140
274
80
274
139
108
183
236
109
222
90
196
240
188
86
123
138
180

8
60
6
12
19
19
9
18
9
13
8
17
8
7
13
19
10
14
18
11
12
18
10
16
17
17
20
5
6
11
6
8
14
17
14
20
19
17
17
17
15
9
10
11
13
6
17
18
10
15
15
13
12
19
13
8
5
15
15
7
9
8
0
49
76
139
184
136
67
104
129
81
108
16
145
53
161
26
150
72
8
15
3
3
51
30
165
48
71
61
70
125
139
126
14
131
44
2
52
87
48
158
141
9
125
102
72
65
114
176
116
82
46
109
173
117
4
142
83
16
117
193
44
108
150
308
298
287
241
175
225
281
252
207
275
79
218
160
257
216
89
33
99
119
254
137
286
236
162
161
92
154
153
146
139
259
197
84
226
115
100
183
206
56
140
170
178
112
191
318
210
176
83
260
329
249
110
178
133
118
216
352

9
60
16
17
12
20
18
15
6
8
13
20
19
13
13
6
16
11
20
13
16
14
15
13
8
11
12
8
5
12
7
14
10
9
18
20
13
8
14
11
18
10
5
5
14
11
5
10
17
19
11
17
19
20
14
18
6
15
5
19
10
8
0
155
88
96
139
93
180
160
108
22
148
141
179
175
38
70
45
115
152
46
139
97
159
46
26
147
64
114
70
95
15
7
113
91
54
150
2
14
69
87
127
189
82
127
62
104
175
66
21
26
185
105
139
105
15
162
180
126
108
176
70
253
145
241
268
214
208
211
160
177
228
238
334
319
66
256
252
267
352
124
309
217
241
135
57
223
128
240
260
265
61
95
229
280
148
227
167
117
265
132
233
380
155
247
200
283
241
87
132
197
313
307
302
276
116
331
215
201
255
218

10
60
11
17
16
17
9
12
6
7
12
16
14
9
10
20
8
11
6
6
12
17
16
15
10
14
7
17
14
5
10
9
18
6
8
9
15
19
19
10
19
18
13
16
19
11
9
11
10
10
7
18
6
10
15
15
10
10
13
15
19
13
0
50
113
158
84
163
149
49
32
183
37
62
172
117
16
99
141
157
74
78
75
118
185
80
15
48
150
183
52
89
64
131
49
131
65
184
73
110
18
149
183
28
36
160
146
168
55
15
150
6
128
98
109
35
15
121
116
163
98
18
19
252
299
337
142
282
329
80
170
239
209
149
216
185
38
214
245
214
262
102
145
280
291
130
125
241
325
350
235
267
237
311
90
288
172
281
266
298
108
260
361
91
202
204
313
235
89
190
167
78
259
262
172
105
147
198
275
316
134
49

11
60
9
19
9
7
19
9
8
8
19
6
8
16
11
18
15
6
10
11
7
15
6
7
7
16
5
18
11
10
13
6
13
9
6
15
18
17
12
11
8
5
9
11
13
18
10
18
10
18
10
19
12
9
20
16
19
6
7
19
14
18
0
147
13
4
23
26
5
48
66
103
172
129
90
21
63
167
53
109
137
97
78
136
58
160
39
17
89
151
145
93
29
118
26
84
100
66
86
107
3
101
126
160
38
166
44
2
129
94
166
172
116
32
75
141
30
158
121
74
118
106
24
220
80
84
159
48
187
138
252
245
332
219
116
190
110
190
193
253
206
289
261
296
121
200
117
201
147
221
174
232
48
297
178
267
183
140
165
121
90
141
139
218
209
188
90
133
233
205
238
261
174
133
121
260
88
222
289
265
229
251

12
60
11
15
7
16
18
7
11
10
15
12
16
13
8
5
14
6
7
9
13
13
11
10
14
18
12
7
12
16
9
19
6
20
17
14
5
16
19
18
14
20
10
10
9
11
17
9
16
18
11
11
8
12
6
7
16
8
11
12
17
9
0
161
34
27
126
12
110
102
150
124
89
85
44
89
69
32
146
23
68
4
36
165
130
32
118
95
154
31
83
162
10
110
178
162
60
23
157
53
125
32
170
130
90
95
128
139
15
26
143
54
34
91
58
169
82
124
105
130
104
89
165
204
107
224
312
95
169
216
178
314
203
277
229
181
218
127
231
56
213
122
120
246
276
101
148
138
299
169
211
288
165
224
242
342
165
162
207
164
170
88
262
149
219
241
308
212
97
90
164
245
112
202
200
248
153
253
284
295
202
233

13
60
10
20
10
8
6
9
14
6
17
6
13
18
14
17
10
18
15
14
16
18
16
7
19
16
19
8
13
6
15
11
9
7
8
14
8
15
8
15
8
7
5
20
5
15
17
6
14
12
11
12
14
12
7
17
19
13
7
13
9
8
0
152
136
113
141
127
22
138
38
21
25
160
107
172
171
132
123
111
153
53
40
7
178
167
78
84
97
148
178
92
38
126
121
63
53
139
37
81
13
103
35
137
162
177
150
141
111
168
55
66
137
11
101
130
31
163
48
87
76
146
138
224
278
167
235
264
171
269
171
31
203
274
163
307
307
248
286
261
269
110
59
156
330
235
188
189
279
170
306
185
202
288
143
206
176
276
173
270
71
146
215
169
347
342
177
299
247
262
110
103
190
105
195
182
75
205
195
218
102
208

14
60
10
8
15
16
6
6
10
19
13
15
12
18
16
9
14
19
13
18
10
10
11
8
20
17
13
11
16
15
16
9
10
14
10
5
7
19
10
15
8
11
11
19
8
6
6
8
18
13
17
19
15
15
9
10
7
15
5
17
15
12
0
65
94
68
84
145
154
164
150
33
155
63
102
155
65
169
161
154
142
172
123
178
100
3
103
97
158
148
141
36
45
102
37
64
128
119
77
175
185
174
81
104
177
185
52
93
19
68
45
102
110
134
117
77
172
18
12
72
23
21
25
122
140
145
109
154
173
297
249
95
252
223
249
179
157
217
306
223
316
321
298
253
214
47
302
235
317
178
333
200
165
126
217
196
234
213
140
257
362
303
243
185
312
235
109
107
164
228
111
151
292
270
175
102
239
35
135
170
95
135

15
60
16
12
16
13
17
5
17
14
14
5
14
19
19
19
15
14
14
10
8
16
14
10
19
6
15
8
18
5
15
13
9
12
17
13
19
10
14
6
6
5
16
9
12
16
15
19
19
14
18
14
12
16
17
7
8
11
6
17
6
17
0
107
174
4
42
42
181
158
33
70
125
152
73
22
15
176
7
13
77
99
50
14
192
4
101
192
190
108
89
71
123
163
155
185
139
61
113
173
50
168
132
106
168
14
123
181
9
71
160
83
113
4
13
10
92
80
114
149
108
69
104
144
230
29
156
214
253
272
193
171
279
302
162
200
211
295
62
58
170
171
252
100
374
121
298
265
320
158
189
269
257
265
174
345
272
218
169
286
66
273
211
210
221
195
267
225
70
148
361
224
159
54
80
188
238
249
150
222
215
107

16
60
12
15
8
9
7
11
13
19
8
13
15
16
10
7
9
5
19
16
9
7
6
19
18
13
11
6
18
19
12
5
7
15
19
8
9
17
10
5
11
13
13
16
17
7
7
11
6
18
10
7
15
6
8
9
15
19
19
11
8
14
0
160
81
5
117
13
62
40
66
63
62
55
138
61
26
83
20
97
16
84
17
25
29
68
1
64
153
91
167
71
123
119
24
11
50
52
132
169
172
69
18
88
157
168
118
95
39
127
136
150
147
175
73
57
155
61
22
10
107
170
44
211
251
94
169
173
245
198
195
183
132
135
234
138
200
210
101
285
133
231
131
156
216
218
118
222
287
235
220
96
159
169
95
135
130
220
191
277
317
84
77
269
330
330
231
127
144
247
322
233
212
195
207
233
279
196
120
131
142
322

17
60
15
17
5
6
19
20
16
10
6
5
16
7
9
16
12
17
5
7
14
9
17
14
12
7
15
8
16
7
17
11
9
6
10
17
11
7
18
9
17
14
19
9
14
18
14
17
7
8
19
9
16
7
19
20
15
15
15
10
5
9
0
86
152
50
14
97
26
59
95
148
112
143
54
152
174
16
142
8
134
46
53
161
165
70
34
142
28
123
92
49
86
178
160
69
97
110
127
44
63
113
10
91
164
10
85
30
175
91
170
104
6
78
68
25
113
126
7
90
84
106
143
239
221
207
110
195
223
76
249
321
180
309
105
307
366
101
178
180
270
239
86
190
210
184
229
224
142
251
111
140
132
319
246
234
113
236
329
160
190
246
123
197
225
108
133
125
295
232
312
212
180
185
217
148
224
309
165
272
119
125

18
60
6
20
14
17
20
16
20
9
10
17
15
16
6
14
19
12
16
10
12
11
11
6
16
18
18
20
10
18
14
13
11
11
18
12
16
15
18
9
6
10
19
7
11
20
17
8
12
19
9
12
6
19
18
7
17
11
9
11
16
9
0
81
88
112
18
135
70
128
111
158
151
118
35
150
126
193
50
78
175
76
106
196
132
192
47
159
149
23
108
74
181
168
27
69
115
69
30
80
8
47
189
92
10
47
2
112
63
61
140
93
149
107
146
114
182
87
73
21
107
11
59
137
204
249
187
291
146
313
220
305
170
205
160
338
255
225
224
236
251
166
278
384
238
264
229
274
196
204
271
251
323
262
137
167
207
267
192
275
109
196
366
234
182
213
131
143
106
219
196
170
312
138
225
271
234
165
255
188
230
74

19
60
6
7
17
11
16
12
15
13
19
14
14
16
12
11
19
20
7
12
10
19
18
5
18
6
8
8
14
18
15
8
20
19
9
10
7
15
13
10
13
9
14
13
14
10
17
10
19
15
5
11
5
7
5
7
17
5
18
13
5
11
0
174
28
118
135
124
3
89
25
181
128
47
102
14
114
3
35
141
131
80
55
1
78
135
176
138
139
143
91
154
51
25
156
2
122
111
118
138
143
12
59
21
163
4
3
29
168
157
97
30
82
14
28
56
57
101
114
168
87
15
183
360
64
178
266
148
97
106
126
255
224
190
119
146
298
46
47
305
262
224
234
109
102
234
281
213
326
164
219
191
187
44
310
93
275
172
218
164
307
35
233
125
177
144
110
67
257
334
270
110
130
130
70
123
196
183
241
350
161
70

20
60
19
19
8
18
9
15
10
12
13
17
18
20
13
14
13
20
10
19
15
14
19
11
8
8
18
14
8
13
12
20
17
18
17
11
17
5
13
10
17
16
12
17
8
19
20
11
11
19
15
5
14
16
7
15
8
16
15
9
6
14
0
7
178
128
4
23
115
157
182
135
98
110
113
30
56
29
57
133
146
201
89
193
79
196
129
134
83
35
161
163
9
112
96
57
24
63
91
196
42
203
173
142
70
188
173
2
83
147
53
177
166
181
206
196
132
185
146
78
202
12
146
190
272
216
190
235
252
281
264
337
295
146
199
149
168
160
86
327
167
326
154
385
123
380
271
151
139
128
268
220
44
139
315
212
174
265
243
369
161
254
283
351
261
269
380
203
247
199
136
359
346
385
325
388
265
369
322
252
289
29

21
60
11
17
16
12
7
19
17
13
17
11
8
8
7
11
11
14
5
14
9
15
6
15
8
17
14
18
7
17
14
11
7
5
20
19
7
17
19
8
14
17
7
9
11
15
7
8
8
12
8
9
11
7
12
8
10
17
18
18
7
7
0
105
49
33
48
154
25
148
114
132
151
139
41
102
141
8
6
156
64
16
31
15
59
143
139
9
1
52
21
129
133
47
10
165
62
31
63
103
157
120
148
65
76
118
162
29
66
85
113
32
103
82
109
42
49
91
168
178
146
145
145
250
114
107
85
216
203
235
213
278
256
279
100
156
325
95
116
326
109
68
59
117
216
258
206
80
83
199
66
314
300
135
77
247
94
158
110
238
289
146
239
85
163
209
194
93
239
273
240
176
191
100
168
182
158
178
264
364
156
327

22
60
7
8
18
14
18
8
19
13
18
6
16
20
18
8
16
11
14
6
7
7
8
18
7
7
20
11
13
17
18
18
8
6
15
11
17
10
12
17
8
18
9
13
14
19
19
17
13
14
8
12
17
10
19
10
8
18
10
13
5
10
0
24
161
14
19
158
158
21
97
116
155
48
112
116
168
54
59
70
136
164
40
69
10
127
170
42
45
102
174
117
124
119
61
65
110
103
78
129
56
129
168
90
163
91
12
20
81
4
79
141
126
118
152
172
175
134
168
14
147
171
39
61
330
99
221
230
346
127
240
227
195
210
299
302
299
78
239
127
335
283
98
118
106
255
212
182
177
196
220
173
153
306
253
178
238
252
120
259
176
279
323
281
213
300
179
131
244
50
256
292
331
151
301
271
370
273
226
168
213
306

23
60
10
19
12
9
15
12
7
13
14
9
13
17
19
11
18
12
14
10
7
17
9
9
9
8
9
6
6
9
13
9
15
16
18
9
8
10
8
17
8
5
18
6
15
12
16
17
6
16
6
9
11
18
11
17
9
16
11
8
14
5
0
114
117
144
49
167
155
76
106
111
88
151
153
17
91
145
30
141
0
56
102
158
142
72
50
20
80
170
18
34
81
100
68
79
70
94
76
96
12
104
51
49
145
159
28
72
122
2
46
53
20
92
61
69
12
174
130
55
84
152
26
247
198
312
188
206
187
97
238
193
238
168
282
167
123
259
104
261
67
107
123
259
217
120
187
151
234
180
192
97
142
285
240
171
88
212
126
155
146
134
228
74
277
177
171
107
257
138
106
126
186
177
213
103
56
274
286
202
202
218

24
60
11
15
11
18
6
7
8
16
7
12
7
7
12
19
5
7
14
11
12
13
10
5
11
14
14
19
7
18
7
10
11
19
14
8
14
14
13
5
8
10
13
18
12
18
20
6
16
15
8
8
5
20
7
16
14
20
12
7
18
12
0
115
157
18
137
165
19
124
137
146
10
17
79
50
133
7
129
120
46
69
31
49
37
68
74
136
93
149
107
54
49
63
174
106
117
6
140
118
128
139
105
114
30
113
44
65
130
55
106
3
51
51
25
113
92
119
132
136
13
34
114
307
172
129
236
306
157
195
149
335
150
27
218
109
311
44
299
227
180
237
207
224
147
137
107
315
178
191
186
68
224
143
205
161
206
127
300
167
305
266
215
133
70
267
127
104
303
197
207
101
195
157
157
277
162
141
258
251
136
85

25
60
11
18
11
15
10
16
17
19
7
14
19
12
11
16
8
13
9
13
6
19
11
18
12
6
11
11
13
14
10
8
18
12
8
6
12
6
14
6
15
20
8
18
6
17
17
5
11
19
15
16
13
8
16
7
12
15
6
17
6
5
0
151
19
74
126
165
116
29
66
14
104
172
74
55
46
105
56
139
133
111
150
85
103
2
93
157
127
140
105
51
107
88
128
140
93
127
129
6
37
2
139
15
129
143
6
55
111
70
72
97
102
158
30
168
53
6
83
6
164
125
32
188
164
104
296
337
244
131
181
157
248
271
134
243
187
228
214
252
153
175
172
159
141
111
119
335
241
323
182
170
301
240
293
180
217
138
214
161
142
150
247
136
214
298
117
63
270
109
246
284
161
293
225
235
66
88
246
179
244
272

26
60
8
19
5
18
12
15
5
9
16
11
7
16
19
16
8
18
17
15
6
10
12
18
6
6
12
18
14
8
19
15
10
12
14
13
7
7
18
9
6
11
6
11
12
7
9
5
7
12
6
11
11
12
6
10
5
10
13
8
9
9
0
152
138
19
111
130
110
33
1
1
28
75
8
31
106
33
120
45
85
136
46
141
93
141
18
39
136
127
89
129
121
36
24
89
53
17
133
120
149
18
19
11
23
16
62
96
157
17
115
117
8
36
85
81
113
20
18
118
51
96
43
257
267
145
209
263
224
198
33
174
154
191
105
108
191
120
211
118
127
274
130
255
248
265
82
201
194
292
201
210
190
56
175
220
173
127
233
214
307
149
118
156
142
81
124
167
322
68
135
176
78
168
201
98
266
44
126
218
203
262

27
60
18
10
6
8
14
19
19
6
11
7
15
19
20
6
9
19
8
17
19
16
19
18
10
11
10
11
11
13
20
17
6
15
16
17
5
12
12
13
5
19
18
5
6
12
19
11
6
17
19
10
10
14
9
6
6
6
17
6
9
15
0
180
76
78
91
16
21
70
110
61
56
71
180
155
118
129
114
132
175
156
68
123
179
98
150
74
140
110
2
90
137
167
84
146
185
116
146
33
148
150
165
119
169
101
153
81
128
145
16
92
104
21
167
131
149
82
149
34
52
178
86
243
100
139
166
119
174
136
268
166
171
185
380
304
230
158
144
178
199
176
88
174
336
221
271
224
169
227
99
176
275
221
132
219
210
294
177
189
235
211
304
299
209
155
334
247
159
259
102
242
238
161
342
223
307
94
272
178
112
357

28
60
19
12
17
12
11
19
18
16
5
10
15
6
11
13
16
8
6
16
8
13
19
9
16
13
15
17
12
7
17
19
19
19
19
17
17
18
18
17
13
10
15
12
13
14
6
14
10
9
10
8
19
16
8
19
14
17
15
12
8
16
0
54
155
145
162
108
81
185
105
79
191
122
153
24
67
186
123
92
171
51
158
13
122
46
175
69
99
139
95
123
96
51
117
148
15
119
10
38
28
144
135
123
105
113
127
163
176
47
191
72
36
0
106
170
51
115
111
96
141
128
180
200
304
225
282
315
288
314
277
245
339
241
268
57
97
218
142
220
335
194
265
112
305
97
378
235
144
169
226
273
264
113
280
240
151
330
126
155
178
325
308
246
190
221
198
252
266
87
354
211
162
204
316
254
118
251
312
158
178
291

29
60
15
17
6
11
15
15
15
8
10
20
19
17
6
8
12
6
11
17
14
15
18
16
11
13
13
12
9
7
19
9
17
18
15
16
10
9
13
20
6
18
20
17
15
18
13
18
19
16
20
15
19
18
7
18
12
13
20
9
18
18
0
207
17
96
141
91
61
140
7
204
7
143
77
92
79
205
173
53
202
107
69
110
45
38
10
182
116
111
156
78
15
102
30
119
83
63
199
163
10
49
34
183
212
56
167
142
190
85
86
25
92
164
117
71
110
37
149
164
134
43
123
364
33
243
212
260
140
201
44
352
151
295
124
272
189
278
369
223
332
269
221
215
181
58
164
375
254
147
277
134
120
309
245
331
164
129
385
196
86
74
126
382
311
226
362
353
299
127
110
178
197
371
257
89
153
134
298
284
238
179

30
60
8
6
14
17
16
8
19
13
13
15
11
7
10
12
17
14
5
17
9
16
9
13
12
10
15
9
8
16
20
17
16
8
16
15
9
17
10
15
17
19
8
8
17
18
13
12
8
15
16
13
17
6
11
13
13
13
9
6
10
16
0
188
42
64
19
63
183
172
131
134
81
149
35
187
157
58
37
10
169
120
130
32
172
47
117
122
145
94
93
176
161
85
163
110
56
161
114
30
74
87
188
108
119
111
57
183
46
5
8
108
137
52
100
128
15
35
171
23
79
189
64
284
174
246
91
128
314
339
200
274
267
199
232
251
264
237
155
121
309
234
141
137
198
78
224
274
303
234
126
286
312
215
257
279
230
245
138
115
227
237
211
196
151
307
215
352
95
57
148
137
332
196
204
304
41
58
196
42
152
220

