1
7
10
12
8
17
18
8
15
0
21
7
18
2
3
17
26
54
29
51
25
23
32

2
7
18
14
10
11
11
12
12
0
21
6
20
15
16
12
35
40
25
43
33
32
25

3
7
13
12
8
15
8
8
11
0
10
11
7
14
6
2
20
23
33
33
26
32
30

4
7
10
15
18
7
9
16
18
0
12
20
20
1
20
0
11
34
46
43
15
51
24

5
7
14
10
14
5
16
9
13
0
13
1
3
12
1
2
16
30
18
18
34
18
27

6
7
9
12
10
10
16
18
20
0
5
20
13
8
0
21
30
19
43
38
24
36
46

7
7
9
16
19
16
5
10
7
0
12
13
2
8
3
20
28
47
49
36
26
13
45

8
7
16
16
14
20
17
10
14
0
6
7
11
19
1
2
42
25
47
31
51
35
22

9
7
19
7
19
7
16
7
17
0
2
17
18
15
20
6
28
26
54
44
43
43
24

10
7
17
8
7
18
9
14
14
0
14
19
20
9
9
22
17
30
39
39
34
37
56

11
7
16
6
14
10
19
11
19
0
9
14
20
16
20
22
23
32
46
52
50
36
50

12
7
19
15
7
14
13
19
16
0
8
3
19
4
17
15
44
46
20
57
26
37
52

13
7
17
8
6
7
8
14
9
0
2
5
14
5
11
2
34
21
21
28
20
26
21

14
7
15
19
19
16
19
11
6
0
21
4
3
5
16
13
39
60
34
39
48
30
33

15
7
15
9
12
13
6
9
9
0
9
12
16
3
15
2
20
27
40
44
22
42
14

16
7
20
12
7
11
16
7
8
0
16
7
5
18
19
11
34
45
17
20
49
33
32

17
7
11
18
6
5
14
17
8
0
5
6
1
18
17
12
14
34
17
21
35
36
24

18
7
10
13
17
13
14
11
19
0
4
11
21
2
17
23
26
22
28
54
23
36
45

19
7
14
17
14
5
17
7
9
0
9
21
4
14
8
19
30
29
50
23
34
28
31

20
7
11
19
14
13
19
7
13
0
10
7
23
5
3
4
12
31
35
59
31
27
28

21
7
20
15
12
17
16
5
8
0
9
18
6
6
10
7
28
43
40
41
35
20
29

22
7
5
16
17
6
13
11
19
0
7
7
12
9
5
10
19
33
41
22
28
34
39

23
7
20
14
12
7
8
14
16
0
19
12
19
2
19
17
36
38
30
34
31
33
47

24
7
13
18
16
18
9
18
7
0
10
11
17
5
8
15
24
40
28
49
17
31
33

25
7
19
9
8
20
17
6
11
0
3
13
8
17
19
3
23
33
37
39
43
30
24

26
7
6
11
7
13
7
18
17
0
19
15
9
18
8
4
21
49
37
27
40
29
28

27
7
8
16
17
20
6
14
9
0
12
8
0
21
14
12
18
35
25
21
30
33
27

28
7
14
7
13
5
14
18
11
0
17
18
4
5
1
8
32
29
50
11
21
34
24

29
7
7
17
18
9
17
7
14
0
20
6
8
7
5
16
22
49
43
29
35
30
37

30
7
19
11
10
12
13
19
16
0
8
19
20
10
4
8
33
20
44
45
39
35
39

