1
100
19
15
17
15
6
18
19
16
9
20
15
6
18
18
15
6
8
20
13
18
5
10
7
9
18
10
9
17
9
19
19
17
16
11
13
18
5
17
18
15
7
14
11
6
8
7
8
18
11
10
18
19
6
9
18
6
8
14
13
12
6
6
9
10
14
8
8
14
17
13
11
11
11
16
6
19
13
12
20
13
15
19
11
6
8
10
5
14
14
17
8
15
8
7
5
17
18
13
19
6
0
204
253
505
465
503
346
247
304
169
323
86
151
256
543
556
135
487
539
379
580
136
215
134
430
4
211
302
85
543
139
89
10
183
549
21
513
134
465
377
295
386
93
304
420
41
547
294
86
417
201
401
186
363
109
601
420
320
14
54
352
170
488
425
129
586
231
27
36
387
328
173
225
238
99
526
412
213
108
452
246
307
93
16
162
162
488
153
293
208
316
36
363
509
122
518
30
120
214
429
63
278
472
646
600
528
488
545
419
209
500
286
267
433
816
736
346
816
608
478
812
384
270
316
750
140
528
400
332
761
249
332
43
272
686
163
729
359
714
482
344
470
169
481
432
245
826
610
280
640
506
612
468
608
240
807
673
368
94
85
469
338
731
691
160
679
422
59
355
430
371
342
470
556
124
633
545
359
384
724
408
447
129
123
218
458
666
255
425
272
470
275
562
743
213
706
259
414
407
623

2
100
19
16
11
20
8
14
11
5
7
7
9
16
20
10
9
17
13
13
8
10
11
19
18
7
6
17
12
11
16
19
8
15
18
16
15
6
15
13
8
10
14
14
17
5
6
18
15
18
17
12
17
15
15
18
6
14
7
5
19
16
10
9
18
9
20
16
18
19
16
12
17
10
8
11
6
7
20
13
18
17
12
10
17
18
12
17
8
17
19
7
10
17
18
6
14
17
9
8
6
16
0
184
31
81
168
525
462
446
138
152
626
65
86
627
248
544
346
135
350
25
578
182
502
220
567
5
385
506
105
271
139
197
399
239
193
461
30
186
246
283
307
420
39
93
649
222
307
301
141
432
19
525
240
621
33
449
12
432
142
284
377
612
301
438
275
254
170
351
579
135
595
8
617
189
519
155
531
339
104
191
198
559
302
178
109
260
535
80
162
51
350
68
457
87
213
205
34
14
118
103
153
503
197
160
371
714
577
511
289
219
844
398
140
670
307
805
559
432
544
171
744
448
610
502
765
45
668
644
209
360
292
419
631
451
498
708
141
211
559
393
368
694
311
158
929
563
507
341
305
577
183
664
425
801
145
547
250
635
380
332
630
688
517
635
315
317
392
536
859
380
648
172
817
397
556
367
759
482
233
405
478
837
405
475
159
393
778
248
484
182
420
299
494
258
348
260
198
108
390
232

3
100
17
17
12
6
18
15
16
6
13
12
9
9
9
16
12
16
18
15
15
7
13
17
11
10
15
19
14
19
7
12
9
7
19
16
17
5
11
15
13
8
12
15
9
12
17
12
8
18
11
7
13
11
8
6
18
11
6
13
10
8
16
20
11
17
14
10
19
17
7
11
5
19
9
15
11
7
15
8
8
9
5
14
16
6
5
8
5
7
11
15
15
14
10
18
9
10
9
15
7
10
0
209
19
167
20
389
324
585
502
456
547
516
477
115
168
46
211
290
528
459
585
582
575
7
310
234
4
429
372
110
2
300
128
441
499
68
225
206
297
236
335
115
176
207
324
78
390
178
11
303
427
443
148
518
229
496
386
469
573
68
448
364
10
298
266
243
425
588
515
526
73
126
515
333
510
216
300
4
281
237
235
232
598
131
220
58
66
455
197
481
79
319
444
384
351
401
367
519
222
594
141
443
109
216
286
655
601
682
734
734
787
676
582
384
433
103
462
481
731
647
724
641
796
226
527
345
285
665
627
134
105
579
444
534
526
96
261
354
436
312
446
356
449
493
394
90
441
224
310
361
649
549
249
792
435
804
588
642
701
238
686
458
266
360
457
481
699
617
753
586
181
396
648
495
641
247
576
127
455
345
364
419
726
141
497
237
264
598
454
545
344
375
609
469
640
649
443
659
349
670

4
100
14
8
9
13
7
18
8
14
18
19
13
16
15
12
20
19
15
6
9
17
10
19
9
16
18
7
13
14
19
10
15
20
16
8
14
9
15
14
12
8
6
19
9
19
10
10
7
14
13
16
17
10
11
12
19
14
5
11
7
18
18
12
18
17
19
7
13
16
9
10
14
18
5
9
18
6
19
15
15
12
6
9
10
6
9
11
11
9
16
7
9
16
5
17
13
10
12
12
6
10
0
109
311
251
412
481
588
25
21
102
536
531
187
186
492
454
418
121
68
406
216
205
392
52
563
405
53
295
257
111
6
578
7
393
335
507
472
534
362
238
235
410
72
37
23
481
530
379
303
282
624
465
446
388
384
312
419
546
36
509
2
233
5
395
255
600
483
83
354
235
88
152
168
65
403
36
443
371
239
255
295
235
204
80
184
608
177
176
50
574
215
570
149
580
68
324
522
316
270
595
213
419
633
504
593
573
755
307
199
248
782
653
283
300
601
635
499
211
141
725
479
228
549
198
704
485
178
522
352
322
224
628
230
643
639
788
718
802
593
480
497
548
295
177
75
707
837
676
549
595
757
740
510
539
682
412
710
629
111
839
101
488
167
638
429
761
529
176
666
435
136
268
215
138
534
143
476
664
359
440
401
542
263
93
241
776
479
404
187
700
395
624
202
702
337
404
580
435
318
724

5
100
6
12
13
11
7
7
10
15
14
11
10
5
13
17
10
11
11
13
18
8
14
15
14
13
18
17
13
10
17
6
5
13
12
8
15
8
15
18
14
17
5
14
16
7
7
11
8
13
8
18
17
13
11
15
7
10
19
15
12
19
16
20
7
16
10
15
7
6
16
16
13
18
9
7
8
6
20
12
8
19
13
19
18
17
18
10
6
15
15
11
8
11
12
18
9
18
11
18
12
15
0
248
356
565
399
539
305
298
78
114
592
316
501
584
110
601
166
166
200
48
187
554
420
180
124
391
25
447
260
113
432
13
75
19
440
566
548
37
145
619
28
582
316
273
79
459
6
9
399
589
468
588
455
126
624
160
105
622
273
23
544
434
65
118
373
43
15
87
11
459
614
122
485
372
173
529
430
521
590
494
494
271
161
616
208
504
10
294
255
327
275
173
228
445
77
114
413
77
596
382
100
391
485
709
580
765
606
613
104
377
756
626
798
735
127
900
251
354
338
124
294
667
742
464
407
607
283
502
320
419
571
254
321
125
478
865
848
347
371
768
197
874
399
331
231
712
254
292
519
917
730
820
623
339
803
372
140
804
332
81
605
612
364
231
431
140
269
360
228
514
704
224
576
681
398
803
514
681
825
616
627
376
471
637
530
792
56
579
421
374
386
206
261
725
234
314
456
338
686
475

6
100
18
9
19
19
7
14
13
12
7
15
15
9
17
9
14
8
19
15
9
8
12
16
12
18
14
8
14
8
19
5
8
6
18
13
12
10
18
19
11
9
15
16
19
19
17
11
13
6
18
15
20
14
20
12
15
8
14
20
10
7
18
17
12
8
10
8
8
15
19
19
19
13
9
6
10
8
13
18
13
14
14
17
19
15
20
5
7
18
12
16
11
18
16
14
18
11
9
16
6
14
0
318
659
604
264
566
211
122
42
454
308
291
240
116
81
152
166
53
421
125
226
363
79
526
141
195
363
165
261
528
542
260
191
414
237
2
554
399
189
311
113
619
431
111
59
634
527
334
376
446
251
652
101
488
42
166
319
11
287
329
466
283
92
69
81
98
552
4
537
622
597
389
300
422
355
398
193
377
124
635
219
641
592
553
455
57
371
635
201
118
464
353
561
623
442
442
15
427
598
479
71
519
763
788
361
896
521
355
186
777
591
403
465
437
256
179
263
385
688
344
486
652
239
646
228
330
538
193
373
691
783
591
423
600
451
244
704
691
251
431
396
711
558
400
394
763
583
342
396
787
289
849
217
761
199
442
378
63
576
604
683
566
114
293
396
123
681
90
560
963
749
602
553
743
551
490
281
647
285
669
269
688
900
731
742
288
398
667
479
366
520
688
604
820
573
661
204
685
634
691

7
100
15
18
11
13
10
18
12
19
16
12
16
14
13
12
18
17
14
18
11
6
10
6
19
6
9
12
16
18
20
11
13
19
11
18
12
6
16
19
9
16
8
14
18
7
9
15
18
9
10
14
8
19
16
11
19
9
20
19
20
9
14
8
12
18
14
5
16
12
18
14
7
19
16
5
13
7
6
10
17
10
6
17
17
16
5
8
5
9
15
11
13
17
16
12
6
12
6
7
19
16
0
406
236
389
380
596
268
558
7
475
389
492
584
270
100
193
443
585
88
117
56
635
513
239
390
330
635
289
349
604
523
199
28
516
99
151
16
403
142
554
246
552
501
35
269
136
150
213
571
132
167
416
352
56
647
205
413
29
427
619
130
580
339
639
392
50
78
518
160
133
434
26
512
641
297
59
550
508
208
171
356
357
563
472
546
338
411
474
6
218
493
66
145
615
287
400
403
45
461
140
259
558
498
607
662
808
457
722
255
766
567
541
894
444
298
512
701
679
130
337
335
735
796
421
684
510
825
478
480
706
747
398
227
666
218
323
84
436
219
851
272
751
726
212
358
318
229
514
767
335
360
696
449
302
873
246
750
191
630
861
159
629
657
672
500
295
387
595
311
336
733
123
669
792
432
336
827
830
519
326
405
480
588
658
695
461
519
722
299
537
524
351
174
928
580
437
725
175
758
445

8
100
9
11
10
14
20
12
7
5
5
7
7
13
17
15
8
18
14
17
9
14
11
15
10
7
15
19
6
8
9
15
10
11
13
13
14
8
9
18
7
15
7
7
14
9
12
6
14
11
5
14
6
19
19
16
12
15
10
8
9
6
10
12
8
9
18
6
18
10
13
13
10
7
13
7
10
19
13
15
14
13
19
8
15
8
13
12
11
5
10
18
15
14
17
18
9
15
6
17
17
14
0
254
340
319
193
445
78
293
587
551
435
131
154
350
554
198
590
294
508
412
233
134
484
419
433
584
296
514
188
577
303
168
336
116
322
162
497
81
571
431
583
128
67
213
107
239
31
324
47
544
63
514
463
248
545
24
408
341
212
217
446
269
578
229
90
351
251
519
555
119
276
498
399
219
585
394
356
418
419
49
207
177
534
70
446
249
554
387
459
515
498
458
50
218
460
330
185
537
352
273
166
400
452
615
497
736
372
466
732
823
728
145
429
570
660
348
766
534
671
664
382
350
719
697
474
789
428
670
254
877
562
451
405
262
401
308
774
103
598
531
710
254
317
414
377
448
306
525
71
850
144
542
601
368
655
157
478
403
324
281
483
315
692
512
149
580
451
544
780
189
494
747
608
428
619
606
583
552
566
141
479
393
729
124
568
486
616
571
622
828
771
742
205
307
687
624
267
843
653
487

9
100
17
14
15
19
7
8
14
19
19
12
10
15
7
13
20
9
10
10
10
16
17
6
9
8
19
16
20
8
6
16
14
14
14
20
9
8
12
13
5
14
9
7
9
20
16
7
14
17
10
19
8
15
11
12
14
18
9
14
13
16
17
16
16
9
18
12
6
19
18
8
19
8
13
5
9
6
9
7
16
10
16
7
15
7
12
9
19
6
10
10
7
10
10
15
14
14
11
17
8
9
0
108
488
568
312
412
256
614
450
481
219
304
522
538
558
563
464
378
293
163
76
174
498
61
331
26
176
97
356
120
173
609
80
605
557
179
292
559
58
173
206
122
286
509
361
211
458
403
443
177
192
270
468
202
418
617
476
125
183
258
387
272
423
226
104
290
119
242
275
333
223
299
104
613
161
413
26
542
452
571
80
307
564
130
559
530
609
543
95
372
322
147
235
260
214
361
531
313
209
274
21
134
518
692
402
513
441
894
472
603
373
378
790
837
722
652
721
519
406
236
282
401
749
190
586
227
234
200
499
322
202
799
111
636
729
496
443
861
122
213
386
384
318
630
531
502
535
469
750
423
465
522
742
422
724
808
792
323
324
463
699
575
458
484
345
398
342
263
389
450
254
312
125
766
236
607
191
695
584
705
152
514
648
408
683
620
904
651
277
439
371
459
306
372
275
401
682
579
525
382

10
100
8
15
5
8
6
15
6
16
6
9
9
11
13
8
14
8
11
19
13
8
8
10
16
9
16
9
7
9
19
14
11
10
10
15
5
5
14
19
11
16
7
13
8
10
11
13
17
16
6
17
18
13
6
5
9
18
5
18
17
6
9
20
10
16
15
16
6
19
16
18
10
8
13
10
13
14
11
19
20
5
7
13
17
15
11
14
7
10
7
19
6
7
14
10
18
17
17
20
6
6
0
37
225
484
568
462
144
362
85
255
20
582
534
111
392
228
505
487
272
249
528
585
540
449
72
349
129
358
14
208
99
106
405
168
234
39
207
99
324
520
35
436
211
73
405
414
114
396
80
161
70
444
589
209
559
517
242
20
215
336
269
333
394
218
488
263
38
559
49
485
110
455
148
465
433
148
30
481
510
428
334
539
181
124
341
415
457
203
236
40
383
232
276
298
317
444
276
511
400
491
90
235
451
715
735
578
184
599
120
406
43
786
568
177
669
365
799
598
526
303
645
623
585
526
343
364
279
499
177
264
310
302
552
254
381
144
422
252
519
694
140
581
453
259
563
686
396
592
343
249
133
557
747
453
838
761
498
259
493
524
480
401
603
466
673
317
130
597
152
635
273
479
357
541
677
375
211
786
681
559
475
649
351
415
626
479
592
273
255
85
609
368
511
334
461
539
575
682
625
643

11
100
19
19
8
9
11
7
11
8
19
17
6
7
9
8
9
6
14
12
7
9
12
9
16
7
9
10
18
14
10
11
6
8
6
17
10
16
9
8
14
10
8
18
6
12
8
9
13
16
12
7
16
10
13
7
9
19
17
16
5
16
18
14
6
18
5
8
13
12
12
10
6
10
17
8
7
17
15
15
19
8
9
6
6
6
6
14
8
7
16
7
7
10
8
15
11
7
6
14
17
5
0
211
102
50
288
21
422
68
469
237
220
465
347
450
183
530
475
188
80
154
28
175
525
356
226
72
519
58
388
244
426
77
267
41
86
386
108
142
63
526
39
347
117
164
105
377
172
371
337
536
28
425
5
480
387
24
358
83
330
70
149
82
375
407
295
468
251
280
395
341
501
424
173
469
343
522
74
228
361
247
384
17
238
357
210
277
134
19
106
6
295
510
329
108
351
539
179
263
44
437
152
289
154
289
302
50
692
112
689
375
309
670
370
719
239
679
648
268
280
292
238
427
665
547
367
212
597
176
547
285
648
223
523
66
131
564
149
341
149
762
127
395
252
203
148
555
439
567
359
556
182
537
144
590
622
88
577
313
413
252
282
181
419
490
424
740
365
461
438
487
630
618
229
661
530
628
344
322
418
525
453
230
336
609
259
420
394
265
180
238
568
656
533
138
487
615
345
503
258
623

12
100
5
15
7
19
15
9
15
10
20
15
6
6
14
7
8
11
7
14
17
19
17
8
16
6
16
16
18
12
17
10
9
14
11
18
17
15
8
5
12
7
10
16
14
8
17
18
9
9
6
13
8
6
11
12
8
10
9
7
9
11
16
6
12
13
9
5
14
10
9
17
13
20
14
7
15
9
8
12
8
9
12
12
18
17
19
20
11
17
15
11
9
11
17
14
5
15
10
14
14
10
0
131
341
252
153
495
395
430
471
353
265
426
34
101
44
40
110
229
61
368
441
512
98
243
112
466
201
460
223
406
262
316
276
372
39
20
292
439
378
100
585
283
116
576
405
316
220
12
569
469
45
219
511
131
266
532
244
117
368
22
83
587
445
564
227
580
593
341
220
287
456
74
426
318
598
190
119
306
467
400
308
92
20
292
535
427
383
440
134
451
407
200
403
268
94
113
176
489
558
295
225
378
396
419
321
638
424
572
756
543
314
652
329
275
58
77
350
486
246
609
604
565
317
386
369
727
436
589
268
639
388
495
466
650
161
327
465
727
524
191
641
525
344
804
704
365
527
187
753
640
184
374
733
178
473
692
415
231
645
168
198
704
691
811
270
744
684
362
431
533
529
111
613
490
655
487
396
591
719
578
493
223
306
417
565
574
575
705
155
721
574
226
479
384
221
276
365
522
636
583

13
100
10
15
8
9
18
6
12
12
17
7
9
6
7
12
20
12
10
18
10
6
13
15
18
15
13
10
12
9
13
10
19
15
16
13
10
16
19
17
8
8
12
5
19
9
16
11
7
17
20
9
16
8
14
14
14
13
19
6
7
5
13
15
14
7
15
7
9
12
18
5
7
15
6
16
13
16
8
10
7
19
8
12
10
11
17
7
17
15
12
9
12
18
10
19
17
18
14
10
15
19
0
449
158
410
193
408
315
272
158
217
519
216
305
460
212
504
78
567
79
600
523
6
408
172
137
592
416
241
138
354
50
35
383
601
476
230
243
580
430
57
539
108
116
231
419
37
531
399
126
537
24
587
450
23
77
316
528
287
474
490
258
263
181
540
323
56
161
236
531
116
361
481
593
533
54
176
342
152
583
138
414
467
532
34
405
425
286
549
461
65
450
475
228
353
577
296
508
460
607
118
155
580
328
635
260
645
574
456
468
242
706
486
577
725
266
819
327
819
255
627
589
111
605
339
397
631
429
290
457
597
289
266
637
653
763
545
384
694
474
86
698
395
375
473
553
190
798
675
153
761
116
785
680
218
362
499
612
519
644
801
514
310
433
615
363
285
205
433
816
185
478
529
764
818
247
203
395
236
784
199
456
668
702
353
475
652
523
851
749
347
638
535
315
658
594
457
679
497
812
296

14
100
6
8
11
10
9
15
6
16
10
18
14
17
13
9
10
14
16
13
15
5
19
14
8
13
15
13
17
13
19
17
18
13
16
10
13
19
16
15
10
16
11
8
10
7
14
6
14
15
16
7
20
15
6
14
14
6
16
10
5
5
6
8
11
11
19
14
17
10
13
19
13
19
6
9
6
18
9
7
12
12
18
14
9
20
6
8
18
13
9
19
7
17
9
6
16
17
20
10
14
12
0
156
87
536
34
231
196
323
129
318
115
529
609
116
256
455
399
198
332
121
407
233
69
71
133
516
21
272
111
329
615
544
379
121
399
286
456
391
369
544
381
537
358
575
179
537
606
84
416
589
106
504
611
366
493
289
17
469
186
63
41
258
49
101
338
270
274
366
327
258
391
569
37
465
230
484
173
274
605
472
298
592
302
596
26
375
19
130
243
516
460
229
499
517
233
313
233
518
126
317
285
349
119
839
326
353
286
511
376
566
197
669
903
151
410
753
494
343
367
411
692
442
351
361
350
598
275
429
329
355
710
717
462
230
639
550
759
600
577
695
533
809
584
704
249
821
856
406
724
703
212
730
739
538
790
409
277
581
280
114
134
408
231
402
593
289
468
628
422
378
553
782
351
519
396
693
481
493
824
647
415
897
376
653
147
571
246
304
340
586
518
306
709
622
479
366
470
652
359
609

15
100
13
20
12
10
18
9
20
12
9
13
7
18
13
6
13
11
14
17
15
7
7
5
16
16
12
14
7
12
7
12
11
12
15
18
19
19
14
8
13
18
14
11
17
12
14
17
8
8
8
18
6
19
8
12
13
13
20
6
14
11
6
12
7
13
6
7
18
14
12
7
15
9
17
17
19
17
13
14
6
17
16
9
14
16
10
11
9
17
15
9
17
10
10
19
12
12
13
15
18
16
0
452
332
204
456
109
206
302
123
45
126
265
525
223
127
533
292
136
600
455
149
327
365
617
491
503
504
53
242
163
628
185
449
334
131
172
435
212
68
618
155
38
325
337
421
208
481
543
601
274
311
558
112
594
27
20
153
97
52
618
501
550
407
28
561
611
145
392
154
249
110
434
291
88
519
566
60
321
477
276
65
326
483
571
278
441
375
352
176
17
141
96
490
225
516
477
445
626
593
366
325
738
441
374
599
397
432
355
280
89
382
287
818
510
375
568
423
466
898
701
299
630
664
901
801
562
667
277
445
324
938
365
468
532
173
506
655
460
345
651
377
281
420
567
514
502
708
829
882
422
443
740
238
705
55
163
311
122
214
858
547
626
464
43
884
896
424
517
432
303
271
629
329
241
635
646
142
560
533
578
182
644
609
706
504
607
682
490
488
132
248
259
738
520
774
712
492
792
827
525

16
100
14
10
19
18
15
14
19
19
17
13
20
19
15
6
17
13
6
16
6
12
15
14
9
8
5
6
9
12
6
12
13
17
15
13
18
6
18
7
17
5
7
11
9
18
12
13
12
17
7
7
9
11
9
19
14
16
13
9
10
9
6
11
7
14
16
18
9
16
15
9
12
7
8
9
10
17
15
14
20
17
16
17
14
10
7
15
7
15
19
19
6
10
20
8
18
15
12
10
10
11
0
437
401
114
375
158
616
626
594
480
545
465
330
378
407
295
180
2
517
334
90
535
213
498
565
26
89
60
319
500
484
365
438
585
185
44
318
236
198
62
467
566
243
525
572
310
372
299
396
126
350
188
48
588
444
28
307
62
12
478
159
266
51
489
385
624
447
604
332
491
588
566
450
414
375
134
252
160
243
358
510
373
354
417
603
572
104
450
447
330
604
446
445
137
607
6
98
5
479
312
15
666
554
421
569
225
744
824
651
725
788
784
487
565
711
514
488
180
757
650
216
618
385
675
675
49
118
265
490
708
724
410
745
716
287
349
390
273
495
194
748
840
299
585
687
345
414
343
690
298
480
274
168
801
663
241
399
332
306
562
188
291
146
797
704
675
725
645
515
701
879
879
486
570
447
424
382
340
573
544
619
623
660
503
863
799
337
508
538
503
907
704
564
452
789
28
241
78
641
527

17
100
18
13
11
10
18
14
9
8
15
19
18
11
9
20
7
20
20
18
12
5
15
20
13
12
19
15
19
7
9
5
10
10
11
5
19
10
20
7
14
13
12
17
12
17
13
7
15
16
9
9
7
19
16
10
19
16
15
19
12
16
6
19
14
20
16
18
10
13
17
8
13
11
7
8
19
15
15
7
5
6
8
11
9
12
6
13
9
10
14
6
10
8
8
10
8
18
11
12
18
11
0
287
501
27
452
186
448
419
453
472
491
478
514
353
237
540
558
81
441
427
235
536
561
227
425
368
443
46
285
212
408
157
35
394
611
149
433
385
257
411
297
308
87
127
67
122
488
176
138
597
546
56
63
416
507
375
620
475
310
52
311
248
478
373
297
444
534
16
479
609
602
129
119
211
108
408
219
88
481
223
211
148
111
252
89
316
449
371
512
621
133
597
26
449
462
243
241
460
356
154
231
420
676
54
763
315
740
514
538
675
516
578
793
486
491
686
696
407
468
517
442
614
698
335
578
559
468
223
391
341
510
367
191
413
886
267
620
490
387
484
530
602
341
359
143
236
778
439
453
874
802
385
271
714
719
614
714
608
510
186
491
283
566
661
443
554
564
220
690
795
826
261
137
383
361
603
409
366
694
276
335
170
257
413
353
451
603
573
656
846
450
798
95
681
665
399
291
667
389
417

18
100
14
8
19
17
16
8
8
11
18
9
11
5
9
14
5
18
5
12
14
10
6
10
8
11
6
5
16
18
12
15
6
9
14
17
9
7
15
15
5
19
19
12
10
17
16
17
6
17
17
16
14
9
15
6
17
8
19
10
17
12
13
9
19
17
15
18
18
9
18
19
12
12
9
9
18
17
6
19
17
7
13
9
9
11
5
6
19
6
6
13
8
14
18
10
20
13
13
11
19
15
0
454
60
237
399
136
514
131
148
452
425
415
217
201
32
157
597
15
282
151
161
444
229
195
235
43
40
115
29
422
593
439
15
567
303
149
307
513
101
513
175
406
396
585
85
58
298
211
535
26
393
526
354
565
38
300
555
112
415
563
210
270
593
296
412
215
324
587
302
615
552
55
593
594
424
173
443
340
458
191
4
398
66
282
92
244
354
86
88
290
370
66
487
554
221
332
597
159
494
594
163
577
161
390
475
157
779
423
372
510
632
723
288
424
209
268
777
251
448
389
175
602
372
293
295
333
304
198
91
479
616
530
262
712
384
261
591
721
180
708
500
479
603
661
145
163
553
272
798
110
432
769
479
586
346
445
797
172
612
846
357
518
680
437
728
338
456
686
542
839
638
238
627
821
712
449
586
637
735
283
81
409
155
512
357
344
683
135
97
323
580
364
763
631
350
474
677
215
796
864

19
100
11
11
10
15
16
12
7
17
14
8
17
13
14
20
14
7
6
14
15
12
6
18
14
16
10
17
15
19
20
14
16
12
13
11
6
9
9
8
17
6
6
8
20
8
7
17
9
14
14
16
8
20
10
12
16
18
17
8
13
20
8
10
12
18
13
13
10
8
7
7
5
14
8
7
18
9
12
19
9
17
18
13
18
18
14
16
19
16
5
9
13
9
6
15
9
14
17
17
6
19
0
315
354
341
245
83
367
36
36
359
382
629
134
136
174
192
534
39
141
507
561
421
148
177
2
245
405
608
235
436
376
195
223
462
233
470
296
53
217
190
359
529
538
465
395
531
324
86
23
272
149
348
543
228
332
426
542
155
168
83
512
195
403
232
596
432
191
441
578
53
340
336
166
64
294
199
446
580
22
135
133
455
573
49
152
373
573
443
53
101
127
590
413
501
536
410
445
383
552
76
271
352
538
618
308
279
382
127
108
524
691
809
347
274
231
492
745
294
285
683
711
456
452
257
217
309
561
855
308
496
509
328
339
771
257
617
549
349
519
406
627
709
732
546
432
629
525
195
266
347
266
509
642
324
560
580
741
255
481
204
648
322
690
414
794
580
205
683
648
99
417
482
309
364
489
408
754
796
280
170
199
496
689
368
292
556
748
701
135
123
183
702
420
749
617
491
713
467
761
187

20
100
6
15
19
20
17
11
18
8
5
7
19
16
15
14
8
15
8
20
8
5
12
7
6
17
6
7
6
17
8
18
12
17
11
11
16
12
18
15
16
13
16
18
5
11
19
16
6
10
13
8
11
14
8
8
7
18
10
17
18
9
20
18
9
7
20
13
7
15
11
10
14
11
20
10
19
6
16
11
13
20
17
7
12
16
9
16
19
20
19
12
16
10
13
15
7
9
20
16
10
5
0
243
549
147
512
148
267
127
16
623
334
89
415
68
65
330
38
393
159
240
383
340
112
423
153
36
311
302
271
70
70
266
414
494
409
457
481
307
233
138
336
249
508
623
370
528
592
350
57
146
41
429
249
300
295
299
622
632
358
540
587
397
73
156
186
348
633
240
335
152
577
84
214
557
566
193
124
9
489
167
567
62
282
185
114
317
137
424
101
435
636
131
150
200
398
261
233
451
78
530
170
433
611
447
818
259
398
352
40
703
417
156
490
162
246
661
348
709
404
428
419
521
376
680
164
205
612
415
578
185
130
593
514
823
608
522
608
528
465
457
638
444
585
803
516
783
739
617
334
347
295
540
469
315
596
628
652
667
601
581
840
547
114
477
376
581
684
414
478
426
663
175
420
763
658
338
320
238
539
207
619
359
419
438
286
521
207
646
226
558
674
384
205
259
694
373
300
552
137
581

21
100
13
18
9
20
7
13
5
16
11
8
12
10
9
16
7
13
18
16
9
17
19
9
13
5
8
14
11
16
7
19
10
7
17
16
5
17
17
6
17
5
9
11
8
14
18
13
5
8
15
6
18
16
7
10
19
11
13
5
10
9
16
10
18
11
19
13
14
16
18
10
8
16
8
12
7
18
15
9
9
18
11
5
13
7
10
12
16
8
14
13
10
7
8
16
9
12
9
9
18
19
0
490
70
104
45
495
413
482
430
353
294
407
364
188
185
417
472
110
106
305
296
222
271
575
15
27
534
254
464
557
97
555
41
221
420
133
594
324
156
430
484
439
93
244
123
187
310
432
571
211
311
278
90
287
577
413
455
577
75
464
297
351
180
274
507
188
528
91
143
186
281
176
94
186
515
3
138
543
188
526
29
453
36
69
488
156
231
530
292
441
154
30
360
358
520
130
231
373
597
121
120
742
266
381
69
719
626
630
452
443
423
517
616
335
463
553
762
332
129
565
507
328
477
707
272
334
566
518
490
702
380
566
257
315
446
341
635
467
260
460
722
530
242
309
218
383
520
648
777
335
421
491
376
553
648
564
683
700
131
721
474
659
208
478
602
412
595
335
183
277
530
406
199
312
615
133
357
741
366
760
338
658
214
228
602
348
330
587
476
507
279
230
591
608
615
305
241
601
720
221

22
100
8
20
19
13
11
17
15
17
15
5
9
15
16
12
8
10
7
20
19
18
12
10
6
14
18
11
7
14
14
14
5
7
17
15
18
6
13
9
12
10
6
12
19
6
12
10
15
6
19
14
13
12
9
11
13
5
13
13
14
5
11
9
15
7
14
11
11
11
19
9
11
14
5
16
12
18
11
14
13
13
12
8
8
6
15
17
7
5
10
7
7
13
16
9
16
6
14
13
17
18
0
371
583
277
147
555
549
8
334
453
80
131
223
579
422
269
176
53
279
184
368
276
199
516
143
317
549
512
401
47
321
497
171
277
76
311
456
314
45
287
497
234
309
178
147
440
73
205
105
426
564
262
497
130
151
204
348
362
26
298
248
311
52
540
543
29
105
313
347
471
323
116
540
589
580
205
401
290
414
301
74
329
312
597
312
140
184
418
281
308
136
170
487
455
572
520
195
461
123
268
16
682
828
302
268
867
675
313
370
510
322
165
528
704
467
420
325
197
305
375
441
467
407
780
234
598
579
566
588
296
616
592
292
480
195
449
540
514
136
535
741
262
600
397
436
677
187
327
237
723
608
324
655
144
239
450
361
474
212
496
287
335
326
578
758
215
133
424
641
768
586
282
567
796
822
415
605
312
538
403
333
425
435
655
464
348
334
685
375
527
350
442
718
551
875
809
224
759
390
346

23
100
8
16
19
17
6
16
8
14
8
10
7
17
10
8
18
18
14
8
13
17
8
20
18
17
15
5
19
19
12
7
16
6
11
14
7
11
17
11
8
17
19
12
8
12
9
16
16
19
18
6
9
8
16
10
14
20
15
13
9
7
15
16
6
11
5
18
12
7
9
6
18
7
17
9
15
19
19
7
9
17
14
15
7
5
17
11
16
12
16
18
18
17
14
17
7
11
8
15
17
15
0
232
213
362
561
47
79
320
627
406
52
583
139
311
567
195
631
148
517
62
539
174
616
310
28
497
328
312
355
192
605
442
588
509
86
481
566
231
172
109
141
271
248
232
378
457
386
373
602
489
461
456
166
152
242
283
88
548
251
569
32
140
272
118
465
176
437
24
359
487
476
545
269
225
145
237
519
527
259
271
489
15
299
510
231
563
355
475
207
195
152
113
347
126
371
58
625
247
302
126
271
489
346
498
679
176
98
614
734
663
272
901
263
493
802
437
753
438
751
92
830
357
674
444
115
788
564
603
555
397
709
500
642
595
317
560
843
330
350
439
176
578
432
535
598
721
489
691
911
602
715
670
228
409
389
505
369
682
506
759
210
276
324
136
621
344
493
194
573
771
723
849
454
249
479
498
741
557
409
342
609
265
480
683
391
669
611
584
420
252
390
132
592
450
511
76
747
322
583
162

24
100
16
17
18
7
16
10
16
14
9
15
15
8
11
20
13
10
8
8
6
18
11
5
6
13
9
14
16
13
18
12
15
10
18
14
13
7
10
10
9
6
14
17
15
6
11
11
7
9
16
12
13
20
11
10
9
10
7
10
19
8
12
18
12
11
7
17
14
16
9
6
18
15
16
12
13
18
7
15
11
10
14
6
14
11
14
16
11
20
11
10
8
15
11
9
14
6
11
15
7
16
0
135
535
343
278
410
379
360
528
58
576
136
66
105
475
92
87
203
226
358
583
141
237
47
464
176
602
272
427
381
355
367
93
219
383
168
50
363
136
241
335
66
453
159
509
15
228
83
166
302
440
272
163
443
246
141
359
153
475
607
259
547
427
391
141
212
305
364
568
393
16
515
309
385
0
592
259
406
292
554
45
335
429
320
369
38
66
430
186
11
469
70
582
149
72
147
181
243
66
574
27
153
774
383
446
613
410
552
668
277
786
168
371
269
679
139
194
343
276
620
668
396
396
186
680
417
870
481
704
471
513
530
130
503
679
366
195
562
340
282
372
277
565
328
683
260
303
190
314
338
477
326
448
585
537
243
563
321
720
732
440
624
443
476
255
395
363
419
703
588
316
636
395
456
276
747
424
569
489
863
238
420
553
482
665
99
200
743
367
237
683
168
661
164
259
434
463
336
310
778

25
100
15
8
12
18
11
5
13
9
17
8
10
16
7
9
11
7
7
17
15
10
17
12
10
11
17
6
11
6
10
10
7
11
13
12
8
5
18
16
13
16
12
20
10
6
20
11
11
10
12
16
19
8
9
6
11
7
12
8
6
5
20
7
13
5
13
20
14
19
10
8
19
18
15
13
19
6
17
6
13
20
6
18
17
7
17
16
9
8
12
18
16
18
17
19
20
10
12
5
10
13
0
228
13
415
578
458
566
574
525
562
407
595
582
131
372
78
182
377
400
331
239
175
549
488
263
213
175
345
277
69
92
347
315
88
45
426
342
186
567
288
76
141
338
404
339
194
556
244
544
444
131
285
27
279
513
80
269
593
323
155
511
307
404
598
227
271
94
474
344
590
455
64
262
208
128
306
206
594
161
237
464
471
438
192
377
463
404
607
192
349
94
537
100
488
179
324
216
452
68
379
44
411
67
680
623
619
613
673
583
854
624
699
758
153
546
159
463
426
684
365
339
410
758
562
401
319
284
540
440
128
349
613
505
134
173
727
446
402
817
535
107
188
564
626
573
355
585
349
845
628
322
432
132
495
694
360
526
773
500
179
727
460
479
890
459
509
210
608
609
703
703
236
435
374
279
513
353
821
393
408
504
589
545
388
466
585
544
774
485
412
219
576
234
548
259
444
379
668
175
457

26
100
12
17
14
6
8
11
12
13
16
5
20
15
5
17
8
12
14
9
18
13
14
18
14
9
7
8
17
11
8
12
8
6
14
18
19
18
5
7
19
9
10
9
10
14
13
13
18
9
16
14
12
11
18
15
15
15
20
12
19
10
10
16
12
20
12
8
11
8
9
8
13
19
18
6
9
5
19
8
14
17
17
10
19
9
7
15
13
16
19
10
16
9
16
8
20
10
7
18
15
11
0
285
208
283
154
421
417
220
287
358
372
5
76
423
539
548
306
58
47
391
165
476
511
135
196
313
481
179
587
202
469
288
360
232
219
267
159
508
576
115
286
169
493
233
479
37
262
35
33
425
232
614
338
564
411
309
212
35
344
218
11
436
233
283
470
67
154
457
249
128
237
234
258
29
571
287
406
275
528
143
5
62
59
67
123
418
142
435
150
41
490
454
138
362
565
272
568
21
107
93
177
475
302
465
362
498
515
413
336
378
583
69
165
717
858
588
415
109
242
710
425
642
791
293
382
356
539
252
880
465
613
301
661
346
366
417
274
626
710
299
577
474
778
454
697
301
572
206
149
492
353
792
557
739
521
392
393
122
540
410
189
554
401
370
549
301
274
676
472
247
504
498
319
323
717
470
703
575
843
320
58
198
368
261
251
652
424
476
449
257
604
596
300
632
894
317
736
294
198
116

27
100
15
10
11
7
11
14
16
16
14
14
9
16
20
9
9
11
13
17
10
16
19
18
8
14
9
17
15
15
9
11
19
10
8
17
5
6
14
9
19
7
10
12
8
10
14
19
6
9
11
20
18
10
11
6
14
6
12
5
12
9
11
6
18
9
8
11
17
13
8
9
17
14
13
12
10
7
5
10
15
12
10
12
12
16
8
11
15
17
12
13
12
19
8
7
8
16
10
8
5
20
0
520
214
422
129
335
464
156
165
460
206
549
236
347
22
337
6
572
400
73
420
320
388
569
109
216
519
455
386
217
261
44
310
492
212
465
529
396
504
494
356
457
262
323
244
109
311
376
47
277
280
248
495
537
17
173
46
579
68
575
492
453
399
304
387
383
443
447
399
5
267
7
238
181
566
469
549
106
89
181
136
16
121
357
132
405
328
27
111
329
362
551
131
13
447
34
280
186
478
8
200
728
410
712
297
377
773
347
290
619
334
679
348
456
43
466
302
856
527
365
623
345
646
704
353
389
773
646
573
295
459
240
568
690
421
749
650
484
649
663
438
750
283
578
470
275
599
441
95
439
304
499
510
755
59
427
214
748
150
629
558
515
710
401
527
611
533
582
646
115
565
288
261
275
613
694
656
116
299
197
409
107
183
587
304
519
470
126
255
428
592
844
411
141
628
165
465
434
536
321

28
100
9
9
20
13
9
7
20
11
15
17
15
13
11
20
18
18
19
6
15
12
14
17
9
9
20
12
17
19
12
13
15
11
17
10
17
6
13
6
8
8
14
7
10
8
18
10
11
12
11
11
12
17
6
8
6
15
8
12
18
14
9
13
7
14
18
10
10
15
12
12
15
16
16
16
15
19
13
17
11
8
15
10
8
10
20
9
16
16
16
16
15
15
9
10
9
15
11
12
12
9
0
391
514
372
516
67
536
386
227
389
571
433
370
84
112
19
479
313
522
611
245
277
122
15
164
461
158
94
497
78
125
456
180
435
171
244
143
144
562
466
557
288
614
262
297
350
460
614
260
475
410
592
337
426
6
293
582
613
443
19
228
22
339
287
635
229
31
513
41
144
529
313
273
229
180
14
517
191
80
462
207
615
214
632
194
180
549
180
614
202
555
310
598
501
536
516
141
236
144
548
179
636
543
413
733
294
566
468
476
493
894
714
435
228
267
292
815
535
789
812
376
345
420
141
251
641
461
337
654
239
389
736
513
744
264
415
421
417
666
475
734
581
696
470
402
453
585
720
283
736
504
694
581
720
281
564
602
930
745
300
510
174
540
409
959
401
238
701
344
224
570
532
474
284
287
86
725
518
241
690
232
646
262
950
331
496
765
263
767
310
700
544
682
542
706
595
186
467
390
784

29
100
12
9
9
15
13
12
19
10
17
17
5
12
16
13
15
7
7
17
7
9
13
9
12
13
6
10
8
14
9
8
13
10
17
12
15
19
6
18
11
17
8
6
7
12
6
15
13
20
16
20
6
20
16
8
11
10
12
19
8
18
11
11
12
14
18
11
5
14
7
19
9
19
16
8
19
15
5
13
18
13
9
19
7
14
11
18
7
6
8
18
8
17
16
6
9
10
6
13
18
5
0
497
447
326
604
597
376
204
310
550
468
68
322
415
178
524
392
162
397
454
119
417
66
266
205
288
357
63
125
474
259
494
507
161
537
390
599
137
496
143
325
37
273
98
354
342
373
475
574
50
242
582
104
45
356
214
460
68
484
374
427
503
453
151
38
529
314
245
409
232
160
249
411
14
140
197
14
60
320
154
365
485
319
466
90
51
193
90
367
157
81
482
33
458
64
314
564
99
187
32
198
515
600
508
653
755
485
307
623
613
681
251
639
586
487
714
421
215
506
756
345
632
243
294
294
527
417
337
423
731
411
573
568
296
554
484
707
241
615
229
441
119
516
387
599
512
447
590
797
143
465
862
169
144
520
284
523
293
690
521
723
721
680
459
175
659
453
261
439
382
369
450
684
194
315
333
301
129
406
209
519
555
493
714
214
130
208
237
471
185
172
580
346
690
171
545
647
276
325
106

30
100
10
6
20
10
19
19
15
5
15
7
14
16
16
9
20
14
5
14
15
12
6
20
17
10
11
7
7
10
11
6
13
8
13
13
14
17
18
18
19
16
12
5
10
7
14
14
7
5
5
19
12
9
14
10
5
13
19
8
11
7
10
17
12
8
7
10
11
16
15
12
9
9
6
17
5
18
18
17
9
17
14
16
5
9
17
14
17
14
12
11
20
15
9
8
20
10
6
20
16
9
0
79
343
221
292
423
305
510
461
88
142
320
277
226
419
308
232
252
516
559
155
101
214
224
89
131
363
471
381
301
224
290
563
552
375
105
550
352
181
255
46
555
555
132
308
17
403
342
485
545
555
192
21
348
486
246
583
9
417
380
605
515
233
46
420
207
451
356
60
231
341
585
321
201
286
376
202
419
414
235
116
314
133
554
279
268
419
342
1
150
600
204
176
508
80
304
563
368
428
323
171
89
604
281
368
563
389
525
546
307
434
553
488
337
707
515
516
519
564
823
342
205
423
460
183
278
636
551
511
498
522
596
738
772
590
214
741
635
246
525
181
774
776
382
510
87
605
494
709
585
663
419
163
437
620
474
786
19
429
478
699
575
402
334
540
475
764
415
245
329
614
709
622
408
446
524
524
643
704
394
151
571
353
647
477
320
685
393
268
173
650
298
233
713
158
432
632
471
675
334

