1
10
19
13
15
11
15
14
6
15
10
15
0
9
52
13
66
1
53
60
44
30
29
28
77
49
87
30
64
87
87
55

2
10
15
20
13
20
8
12
9
7
18
12
0
50
10
61
57
33
19
13
46
41
44
92
39
112
70
58
58
45
75
79

3
10
12
13
8
15
8
10
11
16
10
18
0
47
44
47
24
4
29
45
29
56
24
68
76
71
50
15
67
73
65
80

4
10
5
13
7
6
10
12
6
13
18
17
0
37
5
44
26
39
30
49
19
42
24
57
34
72
49
62
44
68
45
59

5
10
15
16
16
19
12
10
19
15
9
8
0
52
23
66
66
9
16
59
31
25
47
84
66
89
85
30
56
75
67
43

6
10
16
16
19
10
7
14
16
14
8
5
0
53
10
10
28
9
48
3
11
9
17
83
48
30
65
24
84
27
32
14

7
10
12
11
15
18
11
5
12
7
14
19
0
38
62
45
50
35
15
7
2
22
42
60
88
93
73
63
35
33
32
55

8
10
13
17
10
8
9
8
19
12
12
17
0
54
37
25
19
32
58
19
26
46
18
101
74
43
37
54
83
60
68
69

9
10
9
18
6
11
16
16
14
11
13
17
0
59
15
41
37
19
13
42
7
56
36
90
51
83
63
61
34
83
45
100

10
10
17
12
19
5
7
11
11
9
16
19
0
16
51
49
48
4
62
25
19
44
40
48
74
78
80
20
93
53
53
70

11
10
14
12
16
14
10
10
5
19
18
16
0
67
35
32
39
2
54
43
35
36
35
85
70
77
66
40
65
81
80
66

12
10
15
20
14
7
12
12
9
13
17
15
0
35
9
25
13
38
16
24
34
19
32
84
44
49
37
75
45
58
65
66

13
10
10
10
10
15
18
18
15
11
7
11
0
62
59
30
33
26
7
50
17
13
36
92
74
69
57
51
32
67
38
36

14
10
13
16
16
11
6
10
20
7
11
17
0
50
33
59
29
34
7
12
18
31
27
68
58
90
37
74
35
32
60
63

15
10
19
8
5
6
6
5
15
12
7
10
0
4
41
26
43
6
32
30
35
19
25
27
65
40
60
18
58
54
56
31

16
10
7
8
9
15
15
11
19
6
19
15
0
11
43
45
59
37
20
50
5
34
12
19
62
61
74
56
53
56
53
68

17
10
19
17
19
18
17
7
13
6
15
6
0
60
37
48
42
39
25
18
26
62
28
82
70
86
60
48
50
25
64
79

18
10
8
18
10
9
12
16
16
11
11
13
0
40
56
4
56
37
40
22
20
50
27
75
81
42
92
60
64
57
58
80

19
10
20
16
8
14
13
11
17
9
20
16
0
17
49
32
4
42
7
6
51
5
55
50
87
76
17
81
30
17
106
40

20
10
13
9
13
11
19
19
17
12
15
18
0
30
35
49
22
26
7
15
16
58
38
45
53
65
55
68
56
32
57
82

