1
150
19
17
15
12
18
14
18
19
18
8
13
7
17
13
15
12
14
11
9
7
17
5
10
18
16
16
12
11
16
8
16
17
19
16
9
14
19
16
8
8
10
14
10
18
6
6
19
16
20
16
18
9
10
12
17
8
17
5
11
20
17
13
17
5
11
16
16
16
15
13
6
11
20
9
15
11
7
20
16
17
12
18
5
16
16
13
6
8
18
19
17
6
10
18
15
19
13
17
13
13
6
9
15
12
13
14
14
15
7
7
12
5
13
6
16
20
12
6
20
19
10
13
15
7
12
6
16
12
18
8
20
13
19
10
10
9
5
10
20
12
7
13
14
17
19
17
14
10
5
15
0
543
390
37
378
625
208
378
966
859
560
625
682
85
691
461
812
791
179
217
717
390
111
406
822
100
694
168
12
70
723
935
24
115
934
455
373
291
915
205
336
2
438
532
382
699
821
625
887
43
438
302
352
296
653
48
815
118
546
225
25
413
653
803
720
277
971
573
822
915
659
147
791
451
429
801
830
466
297
529
531
288
579
26
254
857
769
286
85
96
244
587
588
625
363
217
213
921
87
894
467
607
429
434
909
814
36
218
7
765
149
285
637
81
267
645
842
77
788
378
118
749
843
301
866
501
714
781
825
246
977
472
418
217
879
338
160
958
883
60
231
790
83
36
37
220
303
984
967
667
369
858
573
106
695
1092
438
699
1112
963
997
965
990
525
816
662
1002
876
624
246
1140
475
263
677
1063
586
916
576
356
272
1170
1050
122
264
980
691
830
571
1029
365
426
75
676
1018
847
791
1239
903
1303
153
638
544
747
744
836
381
972
248
776
349
278
776
759
1283
954
644
1255
755
956
1311
965
515
944
604
797
855
947
504
577
976
970
710
975
518
708
931
1245
671
219
200
566
637
611
814
847
269
495
1092
534
1214
651
1012
633
831
964
1057
350
420
420
1076
237
484
1060
297
404
920
1062
230
868
464
443
1246
1049
495
1247
623
1047
983
870
484
1061
703
488
377
1247
435
540
1178
918
273
363
1106
502
478
373
447
669
1190
1372
862

2
150
8
18
12
20
6
9
9
18
7
14
9
14
9
8
12
12
8
11
7
20
17
5
8
9
7
17
18
9
7
7
15
17
6
17
11
13
20
10
9
7
15
6
6
8
6
14
15
7
18
15
14
5
13
11
12
9
20
14
18
12
8
15
15
15
17
15
15
19
9
10
16
15
19
7
6
17
10
15
19
12
6
7
10
11
20
18
6
6
18
10
11
12
16
19
17
11
7
17
9
15
18
8
15
13
20
16
13
17
16
13
17
11
15
12
7
20
13
9
6
9
12
19
8
18
10
13
6
8
20
12
17
6
19
12
10
8
10
15
10
19
17
18
19
8
17
11
11
16
15
12
0
835
378
938
22
318
213
479
917
635
625
732
613
475
614
201
611
60
847
870
421
15
597
88
369
100
699
175
211
213
668
702
738
857
254
89
70
740
145
639
291
26
820
356
129
311
850
502
632
420
221
932
462
752
578
875
250
216
435
727
164
355
781
885
706
717
286
699
311
56
269
179
712
598
494
940
449
795
317
541
682
137
370
245
848
516
474
577
805
404
273
22
166
235
144
391
183
197
425
330
762
331
275
267
791
169
782
261
11
262
474
878
259
8
82
798
553
738
931
321
773
909
654
731
904
852
703
206
213
166
178
692
295
484
822
103
343
470
493
240
810
490
930
102
69
35
526
256
226
646
377
954
442
1078
347
458
239
524
1258
792
744
1095
870
539
824
236
976
410
1048
1167
847
200
1040
152
565
355
787
367
493
436
838
759
1045
988
711
511
454
837
482
686
389
281
1246
433
137
387
1098
567
987
472
401
1219
789
1006
1007
1011
456
436
836
918
393
720
849
1124
880
891
697
972
341
325
292
201
874
917
572
1324
785
1190
657
814
940
169
772
650
984
966
580
976
1125
474
596
260
206
659
453
403
507
365
706
415
820
736
689
531
945
361
911
368
120
553
916
1273
294
216
457
1178
786
868
1006
485
1186
1255
930
899
1242
1316
1025
435
469
612
303
1045
325
935
1222
573
515
600
829
300
1133
662
1358
129
132
445
730
273
581
943

3
150
16
19
16
8
15
15
10
14
18
10
15
17
7
13
13
6
11
10
16
16
9
10
16
9
6
5
14
19
8
10
19
12
16
12
7
13
12
12
10
16
14
16
7
11
19
17
16
5
15
10
16
10
6
19
14
6
16
8
11
8
19
15
13
15
17
10
17
13
14
18
15
15
19
11
17
9
14
7
12
17
16
8
16
8
12
6
5
17
5
15
14
19
15
7
14
13
8
17
14
20
6
6
18
9
19
16
14
16
8
8
18
19
10
18
19
14
7
6
8
20
14
7
20
14
16
19
13
17
8
14
10
13
9
12
20
14
9
19
14
5
10
17
16
9
19
6
18
15
18
12
0
16
418
232
112
701
268
752
441
394
533
686
222
898
768
589
611
498
384
452
633
741
325
632
839
462
194
870
50
803
339
948
794
704
432
234
597
766
144
620
298
818
265
382
707
318
145
15
302
539
509
749
294
177
698
260
580
823
382
340
695
319
623
884
948
187
703
782
358
264
218
512
175
903
879
755
865
470
16
586
361
713
402
261
916
919
152
467
257
240
953
162
650
802
333
425
860
785
353
861
737
272
422
876
917
300
744
128
131
373
655
750
822
194
843
783
271
166
518
864
308
571
474
13
157
798
182
589
640
469
846
216
798
924
595
487
605
151
573
504
526
45
297
203
897
616
89
8
660
14
325
217
606
388
540
880
326
1180
856
764
821
1026
303
1072
902
814
866
678
593
552
890
1127
749
896
848
896
668
1009
398
953
437
1281
889
765
507
426
806
957
175
872
691
1054
281
554
982
587
353
498
683
916
821
1049
337
449
915
705
975
851
598
729
1059
740
835
1057
1312
448
1006
932
811
339
334
684
450
1220
1195
1248
1229
894
157
982
824
865
783
363
1041
1002
315
628
520
361
970
433
933
1112
713
562
1256
968
743
918
983
462
669
1368
1140
532
797
480
555
486
926
818
1056
623
1092
925
441
596
653
1296
356
686
744
152
200
1012
285
961
1051
767
1305
382
1166
1287
788
578
966
340
738
993
766
177
545
331
1280
887
390
331
749
329

4
150
14
16
7
7
19
10
12
16
10
6
7
13
11
6
14
13
6
13
14
6
10
5
13
10
7
13
6
17
6
15
18
7
10
8
10
11
10
14
11
18
13
14
19
16
17
6
12
18
11
17
7
15
11
10
10
16
6
10
13
11
20
9
20
5
6
11
7
13
6
13
19
19
16
15
10
7
17
10
6
16
19
15
10
10
18
8
15
11
14
5
10
9
15
17
13
12
9
15
6
14
13
19
13
18
13
16
11
16
8
14
14
16
16
6
6
16
8
9
15
7
15
20
11
15
13
10
19
15
18
9
12
16
11
11
6
8
9
8
7
5
6
6
16
12
15
16
7
16
7
17
0
848
440
819
669
572
174
106
187
853
351
389
537
532
478
249
755
696
477
686
492
259
607
507
530
340
91
129
438
226
381
398
434
395
674
480
662
767
594
221
491
690
333
298
870
486
618
170
716
308
870
599
232
604
606
893
315
862
641
321
227
2
223
137
589
483
52
417
436
684
174
704
779
6
12
444
711
367
262
151
298
767
496
185
777
848
246
758
172
262
114
53
832
819
810
353
121
23
269
245
478
877
164
710
226
602
477
475
443
144
614
389
27
718
57
249
836
605
12
672
409
525
842
611
408
369
339
417
240
82
139
165
406
25
279
429
274
167
826
628
474
603
442
326
7
68
59
390
43
303
331
1087
456
1033
929
724
548
490
615
1228
779
552
583
573
875
413
1002
805
567
859
932
679
794
843
815
573
507
584
850
638
772
547
651
422
815
918
714
1102
1050
409
556
740
607
656
1025
712
798
298
774
561
1111
821
335
967
883
915
435
1099
1074
431
568
235
665
546
890
710
155
649
689
824
214
825
1134
23
67
802
1114
655
574
613
556
826
759
236
1242
1086
574
824
573
382
475
470
1028
1192
851
495
560
73
387
667
779
931
193
912
669
850
493
586
694
299
843
734
325
1066
78
401
1048
1059
154
928
512
877
1166
883
716
805
764
692
397
203
332
389
811
402
311
833
336
490
972
756
896
645
681
569
236
316
153
653
264
666

5
150
19
16
9
7
12
7
19
17
8
17
19
13
8
17
13
18
9
13
19
17
13
14
11
6
12
10
12
13
18
15
16
6
11
19
12
16
10
19
13
18
17
17
10
16
16
20
16
9
16
6
9
8
17
8
6
7
9
20
8
6
10
20
16
15
8
11
9
20
9
15
12
8
11
12
10
16
13
12
9
16
17
8
12
11
14
14
18
16
15
9
14
14
12
6
15
8
8
9
14
13
12
13
13
16
19
13
19
12
17
7
17
13
13
12
19
8
8
13
13
19
12
19
19
17
16
6
14
16
5
13
15
8
20
6
10
17
9
14
13
8
8
9
17
16
10
11
13
11
7
10
0
471
587
662
440
643
376
889
427
345
177
481
167
773
884
174
203
227
588
243
185
750
299
787
533
356
906
380
363
365
72
689
577
68
168
137
394
545
306
573
73
454
924
393
9
780
714
10
330
415
864
819
754
526
264
440
55
526
478
50
669
731
315
591
438
291
701
783
160
663
647
677
252
326
217
567
768
635
907
944
219
813
90
27
691
42
738
337
277
76
345
635
533
325
498
95
338
15
25
659
29
355
670
735
675
106
748
872
186
610
896
111
40
191
273
753
244
721
586
268
144
492
145
576
61
33
127
925
160
793
462
738
207
216
761
794
481
694
63
246
731
282
260
935
353
959
199
136
533
402
395
754
1054
748
524
783
510
932
826
612
285
551
251
840
1300
265
458
464
688
685
294
1035
774
1024
873
671
1010
644
506
459
420
737
789
99
375
224
546
632
321
1014
264
774
984
446
404
1172
1173
179
622
804
1175
872
1224
915
359
602
84
894
926
460
919
1205
639
644
836
333
1017
968
255
998
750
817
616
662
234
899
1142
1071
1105
1067
644
1043
199
340
1048
501
1093
459
478
272
518
1034
848
620
650
581
542
305
122
874
63
537
935
889
711
392
972
1169
241
888
959
398
224
507
590
1023
536
1209
937
703
592
661
477
606
85
178
341
1284
556
815
932
1143
614
578
1084
928
751
1073
195
448
965
768
646
1139
499
975
221
476
687
425

6
150
9
8
19
16
12
19
15
8
16
11
17
10
9
17
5
11
7
16
15
8
17
11
9
11
6
20
19
18
19
15
9
7
12
13
5
10
18
16
10
13
17
12
9
6
20
10
18
19
11
16
5
12
17
15
12
19
13
19
18
18
10
18
12
11
6
10
16
11
8
10
9
13
8
16
9
8
7
8
10
19
17
9
9
13
10
20
17
19
14
7
16
11
14
13
15
5
5
12
20
17
10
13
12
13
9
7
6
9
10
6
17
7
14
18
11
5
6
7
12
15
16
16
9
10
11
14
8
7
20
20
15
17
12
18
14
17
11
19
5
12
12
8
13
7
6
10
11
20
17
12
0
536
394
81
111
451
839
908
702
34
878
535
257
890
291
313
614
870
586
722
705
639
352
44
672
351
685
132
537
455
72
871
142
611
583
856
21
453
74
829
550
856
657
321
925
109
675
847
915
455
432
490
400
718
127
703
570
759
620
829
869
24
441
219
229
25
590
269
408
516
257
110
370
129
639
678
65
557
899
621
675
794
639
655
83
108
416
740
508
2
663
167
910
498
804
796
456
593
805
180
591
111
411
47
245
639
174
59
682
922
461
442
507
272
677
231
138
686
491
705
933
703
644
758
528
638
440
332
405
74
716
495
155
719
57
447
55
181
507
565
442
39
289
562
825
691
48
14
281
739
68
841
523
345
333
698
1247
1059
746
379
1087
832
652
956
702
441
692
1167
804
1178
777
887
397
367
1114
709
1154
514
631
826
325
1162
404
1016
727
1082
447
853
190
1024
998
1013
915
400
1205
413
1096
1082
1050
483
823
940
560
1124
422
1157
781
1211
1006
1150
1151
114
487
542
497
116
610
432
824
678
463
158
787
578
973
812
305
901
1162
856
916
1159
856
1011
344
389
620
783
694
333
746
294
1333
867
1048
1081
718
1004
1279
457
782
321
615
370
383
1000
447
152
799
1348
752
666
709
397
823
521
269
949
544
910
1361
1151
929
829
835
680
723
432
602
328
1000
628
351
942
285
748
68
387
800
937
620
327
749
959
913
818
120
262
759
1026

7
150
14
13
14
19
12
13
12
12
12
11
12
7
20
7
18
14
7
13
12
18
6
14
13
7
18
7
12
6
13
19
8
11
6
7
16
11
19
8
6
8
13
10
16
8
7
15
19
6
8
8
15
13
19
17
11
17
19
19
13
9
17
8
13
12
19
5
5
11
18
18
6
12
11
9
15
13
17
18
13
18
17
12
20
9
6
9
15
16
18
8
5
20
7
8
12
11
6
8
14
14
20
12
8
11
6
13
8
11
12
11
18
5
11
13
12
9
20
13
6
19
16
18
8
14
11
11
15
14
11
18
10
16
16
6
9
6
16
17
20
12
11
16
6
9
13
13
16
7
6
15
0
306
356
900
106
908
912
201
48
684
311
293
264
482
266
352
900
858
246
839
720
917
632
619
816
186
431
232
886
677
880
421
550
294
908
194
198
553
376
111
13
393
775
320
896
897
854
880
401
94
814
348
298
794
578
167
456
493
233
694
257
134
130
88
678
758
449
338
596
863
486
308
732
369
221
356
494
61
746
251
205
543
580
195
448
647
121
501
853
252
194
513
204
76
503
626
208
645
529
603
26
353
390
816
519
373
522
545
701
647
450
859
738
245
130
704
432
161
439
160
161
621
762
424
600
195
391
642
790
773
767
521
125
798
531
538
134
194
698
368
540
287
847
287
261
31
880
613
574
431
173
444
783
929
344
1169
1192
549
261
886
355
372
630
891
699
751
1308
878
269
1142
1029
1173
694
1020
1049
455
646
620
1137
1078
1099
570
938
678
1111
498
448
631
471
286
325
811
1237
608
1241
1202
1063
1016
687
357
985
574
324
1260
855
567
890
811
570
987
358
349
439
527
892
1027
760
747
642
1315
867
491
989
811
377
447
548
157
1180
601
440
715
1008
484
680
666
322
636
1053
384
271
715
305
85
515
695
228
689
681
657
175
746
826
1079
974
474
758
952
716
710
840
955
1019
411
195
1150
749
281
516
500
424
1070
1018
527
957
320
639
754
1244
1094
1048
867
220
809
623
640
265
225
997
711
841
467
1152
432
482
145
958
811
1015
652

8
150
13
8
10
19
9
6
18
8
9
6
19
11
12
8
15
20
11
8
6
15
10
17
20
6
7
7
20
13
16
19
17
17
12
12
7
10
10
7
14
9
15
19
6
9
13
20
14
12
12
19
12
19
7
9
19
16
8
10
13
12
9
14
11
15
19
14
16
19
13
12
17
19
6
19
18
17
5
14
15
14
13
9
6
16
20
8
11
6
17
6
17
8
18
9
5
17
7
9
11
12
7
9
8
7
6
10
10
13
18
14
13
14
18
16
15
13
14
17
7
7
6
6
19
12
9
7
16
6
11
15
16
9
9
15
13
5
12
7
15
15
14
13
16
8
19
9
14
13
10
9
0
655
154
462
488
411
831
729
204
471
732
296
553
652
453
455
844
373
42
177
824
732
228
372
912
711
140
252
318
625
868
116
787
663
743
437
237
311
885
519
593
272
456
424
275
726
173
220
251
312
870
257
560
694
27
208
558
881
660
566
41
863
517
668
705
572
834
616
492
866
734
235
510
814
898
611
531
734
72
424
0
677
660
893
777
121
550
518
40
523
299
792
852
867
42
387
300
719
561
821
176
18
345
205
118
918
305
831
714
894
643
744
378
842
597
600
643
820
284
553
915
716
652
57
88
585
754
169
791
437
321
97
540
682
405
442
529
240
860
281
701
881
336
536
777
97
285
796
733
373
149
747
248
787
903
611
934
904
254
774
1084
712
948
857
750
787
1093
702
109
286
1037
819
678
748
998
1060
469
466
588
785
1020
340
1019
1046
918
545
313
458
1065
933
996
336
603
473
312
810
506
608
685
425
917
399
930
1110
150
671
567
1309
812
1016
283
1259
934
781
980
875
1002
779
538
981
899
415
907
1054
928
667
666
1055
447
686
348
1137
989
1274
888
175
606
671
292
689
391
1074
1140
1081
407
533
310
937
982
1184
423
422
487
366
427
1109
469
1200
767
1185
825
1052
774
1163
772
627
732
1089
541
616
986
1176
1005
170
322
740
1112
474
844
800
750
229
841
714
432
820
818
291
1203
737
838
1210
565
690
1185
360
471
873
958
446

9
150
6
6
7
11
12
14
8
17
6
16
18
15
9
12
18
16
17
7
17
12
15
10
20
17
14
8
9
14
8
8
8
19
17
8
12
18
20
10
19
9
13
10
7
19
17
17
17
7
13
7
7
7
16
13
14
6
19
9
8
11
8
7
14
7
8
6
18
9
16
6
9
13
12
15
12
5
13
16
14
12
11
20
9
10
13
7
17
14
19
19
16
9
18
18
12
8
13
12
5
7
11
9
6
8
17
10
10
5
12
14
10
9
12
9
15
18
15
12
13
18
18
5
15
5
15
7
13
14
10
17
8
15
13
9
10
10
19
10
18
15
13
15
16
6
5
5
14
10
16
19
0
110
329
351
723
414
289
181
582
67
878
759
669
522
667
767
382
423
10
731
185
882
336
724
891
468
643
70
563
65
787
332
666
902
666
594
799
464
343
844
2
500
216
670
350
12
816
893
797
168
435
776
648
388
175
294
613
739
58
75
809
778
339
314
44
894
763
385
283
849
74
423
641
640
352
260
245
204
284
613
684
369
146
90
108
664
774
193
612
16
211
49
53
498
311
340
840
162
615
877
493
571
888
388
139
515
519
231
287
616
740
606
50
323
572
67
69
158
654
541
761
729
407
486
685
466
849
194
291
860
359
68
388
251
238
416
601
407
95
864
779
570
809
672
636
491
556
764
584
755
381
402
759
414
782
697
302
604
1028
382
943
1198
815
572
788
938
761
536
230
1170
408
987
642
789
1217
794
881
424
1023
524
923
602
1072
1143
963
700
1160
852
486
1132
433
753
246
719
757
416
1112
931
853
386
731
1202
782
583
543
724
637
926
157
108
1190
1085
748
767
121
1112
1010
645
340
1031
259
610
1070
972
746
519
571
570
597
846
843
794
273
347
254
863
1181
527
776
347
417
419
200
742
632
588
1177
512
641
1333
953
999
1170
708
498
542
555
646
555
976
1133
798
206
460
704
197
310
492
1041
921
1110
956
738
770
1037
789
1042
388
388
1166
661
344
610
549
518
787
1014
631
202
1273
981
713
849
862
892
696
784
1113
1040
874

10
150
6
11
5
16
12
11
16
20
7
13
19
12
14
15
15
9
11
16
10
19
15
13
10
10
14
18
8
8
15
6
19
12
9
10
14
11
7
11
17
14
10
17
17
13
7
19
20
6
13
11
20
12
16
7
14
11
7
19
19
11
12
11
18
11
15
12
13
12
18
6
19
10
19
14
13
10
9
9
18
17
18
10
7
5
15
12
13
13
17
13
11
5
12
11
9
15
19
9
15
19
19
7
6
12
9
11
10
7
7
18
19
17
15
20
19
15
13
9
16
10
7
11
13
18
6
19
19
10
18
20
9
19
10
15
9
18
19
7
8
12
14
8
20
19
14
12
6
11
11
16
0
882
874
955
18
183
961
745
16
601
10
7
689
427
451
42
942
801
915
228
833
693
784
491
78
37
569
765
775
907
464
123
427
923
856
708
641
739
333
733
123
443
800
97
258
880
712
946
628
255
552
558
140
78
609
553
514
150
650
736
661
531
910
605
24
844
435
84
377
323
921
237
907
588
461
351
284
25
838
882
564
142
183
891
448
219
460
429
850
594
609
392
624
594
942
587
521
821
293
184
40
612
840
316
398
404
168
394
196
788
38
523
908
231
749
587
40
691
889
650
707
811
425
40
954
466
755
700
274
214
658
566
231
47
168
1
776
376
641
246
177
920
459
454
152
440
797
369
866
735
274
1235
1352
1168
325
383
1357
841
309
869
439
253
871
547
650
355
1430
902
1233
333
951
865
894
873
293
153
1046
1192
969
1106
875
248
444
1375
1254
748
737
1034
790
894
458
693
863
250
557
1115
1048
986
858
588
926
863
465
309
636
690
591
245
852
1088
1147
647
1105
941
506
1123
751
430
749
406
1424
364
1078
1064
559
576
427
50
865
1256
941
242
275
1204
594
666
560
478
1337
923
947
567
997
993
1395
726
584
1217
411
369
230
645
1079
785
817
520
429
841
556
876
165
849
957
427
935
796
528
834
1380
907
827
1265
646
228
1103
738
1062
1112
350
587
942
695
573
361
448
38
1096
601
1053
648
604
1101
863
689
493
806
1237
468
957
1066

11
150
13
13
10
6
12
11
17
7
10
18
17
10
20
16
18
14
8
17
5
16
7
11
6
15
6
12
17
16
16
11
16
12
15
16
14
8
20
10
19
18
17
14
19
12
6
9
15
8
9
8
12
6
14
7
10
11
6
16
17
15
8
16
8
14
7
11
13
8
10
8
18
10
12
16
10
5
14
15
9
18
8
18
12
11
19
14
7
12
15
18
5
18
14
17
13
10
10
13
14
19
9
7
12
11
15
17
18
14
17
15
11
16
10
20
11
11
18
13
12
19
14
7
16
12
18
14
9
10
11
14
9
7
15
13
18
14
11
19
10
18
6
8
11
6
18
12
18
19
13
18
0
887
449
232
446
400
423
948
183
397
634
465
827
36
487
831
702
40
687
419
840
693
262
86
525
39
673
562
922
314
491
319
577
526
92
778
509
440
817
326
740
576
790
268
258
515
596
372
454
221
883
435
72
924
305
824
878
691
777
243
599
411
677
918
941
921
211
297
546
316
526
513
699
897
686
355
333
315
903
46
500
325
823
779
596
23
286
616
750
298
954
281
343
721
898
348
357
292
638
489
480
495
299
459
570
67
608
102
293
32
818
906
789
739
534
653
257
869
433
942
726
213
252
904
667
899
517
755
288
239
635
931
863
520
792
345
58
176
276
589
11
291
618
445
464
449
431
9
400
623
451
1239
751
431
467
518
840
1268
554
776
864
476
1253
68
506
1303
1040
366
1156
908
1225
1089
739
496
775
179
1055
1008
1118
575
569
484
946
986
232
944
569
897
1135
631
1108
622
1119
423
391
914
943
545
655
269
1050
790
403
1107
509
986
1149
850
830
289
886
779
744
940
1368
947
606
312
882
638
818
766
965
1302
1127
554
521
435
1161
218
683
682
972
875
1011
408
343
878
1139
692
1435
538
704
1188
1280
775
456
636
868
984
698
861
712
538
636
254
796
173
788
492
1156
1177
1229
1155
625
972
572
1016
721
1067
792
332
387
1042
1095
1013
575
786
507
663
939
1102
1064
707
924
501
226
359
438
976
224
494
649
763
586
478
659
489
786
1081

12
150
20
8
10
11
16
19
12
11
17
16
9
16
18
15
20
11
9
17
20
16
9
8
10
19
7
11
12
8
16
13
12
13
6
11
9
12
12
16
11
7
8
7
10
19
17
6
6
14
5
12
16
15
17
18
17
12
6
12
14
12
17
7
8
15
11
13
11
15
15
7
18
18
10
13
6
7
12
9
18
12
10
9
7
15
15
14
9
17
16
16
15
10
15
11
19
15
19
14
11
14
15
13
16
16
17
9
18
12
16
12
6
8
13
6
16
13
18
19
14
15
13
18
12
12
10
7
6
17
14
13
15
10
20
12
19
17
20
13
20
10
17
9
16
19
19
18
19
10
12
17
0
195
267
700
785
695
849
81
825
334
971
744
314
542
943
317
316
963
717
783
725
692
279
15
97
368
387
67
536
984
340
642
742
668
850
983
342
86
797
335
593
937
877
474
885
293
947
448
804
816
126
851
273
85
289
868
640
798
274
472
193
153
211
879
802
162
339
844
416
163
858
650
942
463
40
521
318
83
105
373
271
756
303
470
546
159
548
22
261
343
943
196
837
519
825
711
563
168
428
391
936
401
878
752
970
876
716
287
647
968
429
225
538
501
364
565
6
838
545
239
788
673
593
944
565
128
384
840
135
608
617
376
873
182
980
518
301
592
8
814
974
951
261
291
4
171
196
731
109
965
44
447
589
1159
885
778
1096
535
1006
425
1054
1166
428
671
1071
714
612
1465
771
999
1097
1112
504
485
201
391
673
218
780
1110
534
793
793
1119
1197
1258
552
476
1153
672
804
1265
1277
750
1002
310
1434
654
981
987
615
1119
555
444
386
1188
701
821
605
876
511
626
378
1091
818
521
548
1089
832
434
1078
757
1270
736
419
948
571
333
223
432
407
1207
400
750
967
377
727
428
364
384
1073
218
1283
749
1107
1162
784
353
813
416
1299
813
1293
810
1153
944
874
474
993
988
921
680
826
604
621
822
409
1192
659
258
1212
702
1014
1314
703
604
688
947
238
823
764
843
972
484
1061
997
358
1062
97
1308
1063
1283
493
667
408
629
288
1143
310
1389

13
150
20
17
17
5
12
6
13
10
7
15
12
14
20
10
6
13
14
8
16
14
14
6
7
7
16
10
16
17
20
10
11
18
19
13
7
9
15
13
10
7
18
14
17
18
11
16
20
19
14
8
11
19
14
11
13
16
20
13
13
18
9
9
10
10
12
14
5
7
14
8
20
13
11
7
18
9
16
6
11
18
11
10
14
18
10
8
7
13
11
18
13
9
20
9
13
16
17
8
7
7
18
11
14
10
13
10
14
19
14
15
13
18
10
14
5
14
17
19
11
7
10
19
10
8
11
12
6
18
10
12
9
6
14
18
7
6
20
9
12
8
6
11
11
8
17
9
14
10
11
14
0
700
913
880
93
924
184
521
165
735
331
523
368
501
636
470
780
229
835
496
661
838
670
860
292
629
816
237
172
610
524
82
627
187
898
531
703
597
756
803
334
396
501
762
915
384
41
738
807
407
584
6
508
763
67
337
13
898
446
112
303
669
757
326
808
592
696
505
126
747
744
295
242
359
291
561
60
522
286
204
898
899
674
238
419
330
101
139
439
548
241
825
445
589
796
186
378
657
582
210
375
237
64
417
516
831
247
384
373
892
737
63
495
813
287
148
30
864
761
536
58
618
121
56
327
479
548
175
832
786
511
14
576
56
641
289
303
882
591
723
609
802
909
141
353
916
149
586
754
223
177
931
1197
923
412
1018
459
885
204
932
501
660
446
668
991
745
1201
467
879
666
823
962
861
1244
539
1019
1167
673
525
903
629
228
1099
273
996
781
752
1007
1064
835
591
607
596
1229
1214
704
375
937
824
468
901
315
927
977
127
643
99
1348
541
136
342
709
1018
475
901
863
946
713
257
1058
769
471
387
564
402
904
519
737
376
425
1197
1292
880
328
660
779
181
339
853
997
616
1060
913
606
835
602
654
692
856
242
734
352
83
844
958
873
571
442
712
1022
1183
500
691
1200
310
191
77
1087
1168
789
424
969
576
189
713
719
970
556
1254
1088
866
211
920
186
1059
391
365
1151
697
919
657
1092
1174
262
460
1278
463
714
811
514

14
150
11
15
7
17
13
6
15
13
6
8
6
16
18
9
5
11
17
6
15
14
18
17
5
6
13
8
5
19
16
11
17
7
18
16
9
7
17
12
9
10
14
11
9
11
7
9
8
12
16
15
13
13
6
7
5
10
9
18
20
7
9
5
19
17
9
5
19
9
11
15
19
18
10
8
14
6
8
17
11
7
16
8
20
7
16
8
10
20
6
12
12
14
14
10
6
11
12
20
15
9
10
17
16
12
20
12
12
20
6
18
11
9
15
12
9
15
5
10
16
15
7
15
19
9
11
11
9
15
12
11
13
16
7
16
10
8
9
12
13
15
9
13
16
14
9
9
17
6
15
17
0
750
162
606
222
844
334
730
882
374
468
698
374
366
735
561
17
108
279
642
609
393
156
483
352
454
83
167
843
272
591
703
655
669
179
580
410
306
825
398
649
842
721
143
268
526
125
104
136
49
87
774
830
21
246
174
17
447
523
67
803
416
379
700
745
274
458
5
626
48
277
203
887
852
378
104
637
358
804
250
274
715
738
74
250
290
116
790
584
144
894
358
832
217
711
511
647
895
823
535
619
154
449
468
842
202
275
86
506
317
728
184
415
593
724
602
86
459
420
598
305
531
255
501
80
653
676
399
693
863
227
153
386
852
886
93
460
171
384
403
49
107
123
350
343
550
357
746
17
824
257
776
580
869
426
1234
669
817
1257
428
534
1159
563
547
830
929
391
179
488
1072
977
604
455
720
657
792
360
309
1296
585
1041
725
746
1058
633
786
622
546
1023
835
686
1146
1062
397
364
893
386
239
368
167
191
869
1014
125
309
418
328
714
750
489
1238
518
461
939
1036
448
910
169
797
344
344
513
904
1132
529
432
927
771
977
306
349
878
806
238
415
686
355
934
610
407
928
598
1189
396
730
569
1019
1072
841
982
749
278
892
915
1232
608
433
234
797
342
1061
270
594
1003
828
833
396
630
490
643
376
936
389
780
493
1107
862
781
736
1255
273
493
515
990
1082
452
525
540
431
715
150
333
157
589
500
854
537
881
284
1101

15
150
13
10
18
5
16
12
18
17
9
16
10
11
19
14
13
13
9
7
6
6
14
19
10
12
5
9
16
18
8
7
7
10
16
16
15
19
20
20
7
11
5
7
6
18
5
10
7
18
12
7
11
18
17
17
7
6
14
18
16
7
7
6
14
9
16
19
13
19
8
16
11
11
8
12
8
14
16
9
11
17
10
8
10
16
8
15
15
8
6
16
6
12
9
15
7
5
6
18
19
17
10
20
7
8
16
9
10
9
6
11
12
19
12
17
15
14
9
15
5
19
19
14
6
9
16
11
20
7
12
16
18
16
9
13
6
8
17
10
11
7
19
11
14
16
17
14
14
18
7
10
0
296
890
910
200
515
355
140
172
419
853
819
540
903
155
517
826
700
587
788
414
16
513
6
535
173
555
346
313
60
195
772
141
733
56
339
535
744
86
110
623
790
741
616
843
302
139
497
302
907
650
554
697
272
556
597
834
426
694
619
57
349
783
73
85
591
749
388
755
657
7
856
174
491
888
331
226
487
36
323
581
412
440
65
405
791
539
94
26
744
365
368
778
409
336
349
755
88
716
741
205
621
166
642
613
774
502
739
238
689
553
834
292
817
855
504
782
811
237
311
198
571
558
496
903
625
662
55
625
383
356
428
200
571
68
268
676
183
531
136
746
624
34
841
488
102
882
573
474
55
368
368
1100
1059
393
697
786
178
324
528
1158
1249
1007
1197
353
538
1085
874
898
807
435
397
946
264
960
573
613
782
490
138
250
1060
481
766
182
511
842
967
179
131
1053
1109
909
1058
1217
653
391
904
712
1082
837
936
1035
490
908
637
965
891
920
700
452
481
1001
217
116
783
1191
483
827
945
284
1152
535
572
943
717
256
792
286
637
921
655
667
85
596
834
841
362
236
913
719
711
794
612
584
541
817
230
927
906
502
1070
625
834
834
801
896
1191
567
874
759
1069
388
1205
951
603
1145
1244
252
713
353
926
919
741
1094
756
908
414
986
677
491
604
536
985
287
476
1135
449
624
520
1135
766
262
1269
844
137
1074
998
661
313

16
150
14
8
5
17
19
12
11
17
15
16
7
6
15
17
19
6
8
10
16
16
11
18
8
20
5
6
9
17
15
16
16
16
6
14
9
19
10
14
10
10
12
8
18
7
13
10
15
13
15
9
14
9
10
12
15
11
15
14
7
10
8
9
8
15
12
11
5
9
16
18
12
10
12
13
19
19
11
13
10
12
8
18
17
17
16
10
19
15
20
15
20
19
18
9
5
15
18
13
16
16
13
10
19
16
13
16
17
14
12
7
7
10
15
10
19
14
15
18
13
10
19
6
19
10
9
9
12
11
13
12
9
7
17
5
16
13
13
9
8
19
14
16
8
6
17
11
6
18
6
15
0
43
98
414
877
516
364
398
120
567
744
787
228
758
869
176
86
868
184
518
109
378
451
225
168
531
619
617
386
632
422
476
430
757
953
667
78
664
427
256
482
403
87
378
326
51
369
136
609
250
335
783
806
24
551
569
143
230
470
309
74
523
25
161
733
120
330
24
799
709
777
267
198
826
779
899
815
66
601
643
795
540
926
716
498
109
385
462
449
82
224
143
730
953
77
880
311
247
700
842
23
402
493
573
40
710
712
335
354
295
472
446
827
475
272
839
714
101
834
358
920
827
768
561
314
651
814
264
791
305
38
857
10
836
353
32
808
749
904
632
18
613
590
822
919
604
770
874
626
808
346
242
335
556
1093
651
452
736
311
773
760
954
441
1183
1219
495
557
894
437
830
488
430
675
411
372
945
808
852
561
990
873
775
607
936
1405
1097
351
1124
525
481
703
467
423
506
483
393
627
493
957
604
777
1170
1223
483
979
632
201
294
666
491
533
678
373
179
806
444
434
106
1287
990
1196
709
519
1275
1071
1351
1023
324
809
862
1142
973
1410
1088
563
484
869
484
764
536
404
468
1223
1369
457
966
356
467
846
1115
411
505
585
745
229
1168
1002
375
725
570
912
725
1295
915
630
1247
1071
225
863
637
1301
962
1048
811
385
990
1013
512
1269
522
99
1018
158
894
656
244
1181
1213
1164
816
317
747
603
966
1001
1046
819
1035
713
886

17
150
17
15
6
17
11
6
9
10
10
19
12
6
16
16
6
15
9
9
16
12
10
10
13
7
9
8
17
14
7
10
8
12
15
14
18
16
10
10
14
10
18
16
5
11
8
18
6
13
15
11
5
13
19
13
10
19
17
9
7
12
19
20
19
11
11
7
8
5
16
8
15
14
19
14
15
7
13
16
12
9
20
17
7
19
9
9
8
14
8
18
10
11
13
9
13
7
10
10
6
10
8
13
7
5
19
14
13
16
18
9
15
18
17
15
10
6
10
18
13
5
14
18
7
9
7
20
16
8
13
16
5
17
6
6
6
16
15
9
8
7
11
10
13
9
10
17
14
6
7
11
0
828
436
647
364
225
313
693
882
329
177
261
291
510
350
868
390
807
878
557
496
226
71
163
571
826
607
247
295
818
526
631
123
406
298
675
125
35
616
651
867
535
753
576
350
846
600
423
161
133
201
737
627
890
818
457
777
237
415
763
716
727
84
173
859
291
45
398
64
625
861
166
471
782
70
74
620
138
755
144
674
639
20
676
413
455
580
527
504
90
92
752
147
636
530
603
727
65
266
61
561
191
456
349
146
825
863
564
348
872
703
592
467
697
100
409
860
578
839
607
163
269
216
479
686
709
710
270
449
452
794
381
576
292
281
557
260
670
664
769
31
888
26
576
668
710
347
445
664
53
65
876
482
670
682
572
491
715
917
459
522
588
664
909
517
1139
410
904
998
856
859
622
347
421
913
1189
893
480
703
1266
865
716
193
464
566
988
317
441
704
728
1058
874
834
627
427
971
792
560
596
344
303
827
937
1024
1022
838
1148
623
497
1170
1115
989
241
261
1147
347
399
835
312
990
1187
489
695
1228
222
201
738
583
1153
388
707
991
194
779
433
568
740
837
808
350
291
885
432
800
630
642
1133
295
639
480
703
615
891
783
433
953
1141
668
582
1308
793
701
885
940
443
782
1207
793
1073
975
405
588
341
592
999
770
977
558
849
768
1109
746
663
392
439
597
629
1071
839
816
263
1206
121
1016
1046
800
485
670
1057
117

18
150
12
16
7
6
12
14
16
5
20
11
7
7
9
7
16
7
14
17
15
8
19
12
5
7
8
9
16
8
17
18
13
5
10
16
6
13
17
14
15
18
11
16
5
9
11
16
16
16
5
19
13
13
10
6
20
18
18
9
8
5
7
20
5
11
11
17
10
5
17
13
10
18
9
15
10
15
16
17
6
14
7
17
10
9
16
19
11
19
9
6
12
9
18
6
18
7
12
16
16
11
5
8
5
20
9
8
16
17
20
15
17
15
20
16
15
19
6
13
13
17
18
11
12
12
14
14
16
12
18
8
16
14
18
12
19
12
15
18
11
10
14
6
7
16
20
13
18
18
8
10
0
750
732
598
805
699
165
810
442
288
357
87
543
443
583
611
705
533
203
53
290
228
796
917
847
393
741
873
161
701
612
842
337
612
361
771
691
429
45
898
717
583
208
235
6
578
423
607
466
480
624
390
595
714
891
486
403
196
542
72
93
880
702
838
694
766
792
124
176
474
691
183
804
707
894
707
427
560
123
921
524
510
700
148
838
146
296
423
170
168
271
63
644
621
679
712
894
121
805
659
123
381
857
746
383
905
18
406
605
448
694
651
37
552
885
102
829
274
623
867
909
158
625
888
36
766
151
938
700
572
631
25
237
319
275
789
348
625
423
511
75
920
336
700
320
681
239
462
172
633
347
1227
1142
683
1272
778
215
1256
784
302
434
281
580
474
608
683
1018
709
675
265
668
586
832
1141
914
868
814
968
289
1157
703
1060
454
906
471
940
1175
691
281
1024
1167
652
441
632
175
641
767
762
808
599
971
403
614
750
1228
961
519
296
712
252
550
1117
1167
1065
707
1076
1140
585
225
657
1025
465
1087
972
1063
885
599
1009
272
1387
690
660
887
275
1244
166
662
527
553
191
394
464
664
876
946
795
1318
537
946
920
159
535
1322
969
553
1092
309
707
821
764
1025
1103
221
696
920
226
976
485
1081
1092
975
212
785
1024
301
1243
420
1279
1041
1027
683
344
430
543
462
808
814
972
612
694
319
1313
521
1027
631
1079
286
534
227
922

19
150
15
16
11
18
11
13
8
6
12
18
10
13
15
6
19
9
15
7
8
11
7
14
20
11
17
9
6
12
6
9
11
8
6
16
19
15
12
15
8
12
15
6
16
5
16
17
7
14
11
9
18
11
15
10
18
17
7
13
14
14
19
9
20
10
9
17
7
19
5
17
9
8
6
11
17
18
11
18
5
18
6
14
16
10
17
19
14
16
9
18
8
15
19
15
5
13
18
17
8
16
14
10
14
17
14
16
14
11
5
12
6
14
16
18
17
20
20
15
9
11
5
11
17
18
12
10
10
14
12
10
14
8
8
15
7
7
17
10
6
17
7
7
11
6
10
13
18
17
16
9
0
322
323
708
771
531
393
350
219
200
857
406
787
658
421
886
516
39
382
84
319
261
136
676
291
487
593
554
707
777
319
761
270
923
567
796
513
430
305
572
510
500
182
771
129
931
290
343
648
232
383
628
444
289
487
841
710
533
294
16
220
680
867
401
658
740
523
326
586
553
553
495
501
618
510
504
786
870
592
202
74
116
189
451
106
245
780
138
318
176
378
817
387
481
803
899
490
847
6
90
720
81
94
682
608
467
464
227
189
13
146
506
765
547
272
244
272
257
862
195
74
509
595
209
346
201
300
92
877
12
142
674
321
92
599
88
463
457
917
359
117
730
484
626
171
71
547
489
657
483
261
386
407
887
851
965
791
766
421
595
1004
569
1087
960
612
1273
955
412
776
374
485
365
235
1060
432
594
876
835
901
1052
656
857
414
1003
1011
1197
749
694
407
859
580
664
241
1045
334
959
541
561
895
356
665
793
609
618
763
1170
1116
570
603
307
456
915
1019
655
1034
1176
921
697
863
811
800
719
676
733
991
547
1244
1292
664
327
519
227
570
795
158
564
864
163
627
365
402
911
828
556
865
1277
721
980
289
305
1114
107
325
1000
1065
609
856
499
242
450
253
737
1073
879
618
413
366
575
1099
446
498
804
936
635
476
278
558
227
1204
180
608
996
764
132
803
239
760
735
1162
576
160
1060
678
844
594
519
901
616
926
517

20
150
16
18
17
13
15
17
12
19
12
9
16
14
19
18
7
10
11
15
19
13
8
13
13
13
20
13
19
13
11
6
14
20
17
16
11
6
7
14
18
17
14
8
16
16
14
18
19
10
6
19
13
16
9
9
13
13
19
6
19
11
10
6
6
11
7
19
16
14
12
12
8
14
8
11
18
16
9
7
10
12
16
12
16
8
20
13
12
13
18
13
18
13
13
17
8
19
17
8
14
16
8
5
15
7
8
10
7
18
11
14
16
16
11
12
19
6
6
18
9
8
5
8
17
13
18
13
13
7
17
12
18
8
5
13
17
6
8
11
10
16
12
16
20
6
16
9
11
18
9
8
0
184
58
349
688
403
862
558
28
123
171
437
419
266
247
704
740
602
541
485
126
268
93
327
568
164
81
915
321
279
430
400
112
872
232
459
457
569
690
942
546
298
174
905
66
346
257
303
10
445
807
919
3
723
113
812
676
933
211
69
935
617
751
614
579
478
746
572
31
920
217
520
924
883
904
32
250
634
911
886
74
113
736
147
549
326
176
57
145
367
666
654
614
417
232
137
265
434
432
590
907
81
921
864
530
166
61
157
914
577
270
819
311
751
14
306
397
540
936
188
520
787
480
42
758
520
434
290
244
638
793
82
772
432
706
812
208
662
898
408
114
488
512
539
609
52
42
323
129
819
231
502
84
414
902
457
1312
935
192
444
276
660
559
389
365
923
1066
773
734
737
480
553
473
637
707
494
302
1378
374
640
622
681
537
1306
365
696
943
758
962
1312
573
728
312
1148
492
787
701
473
66
678
1266
950
191
1208
572
860
817
1380
535
486
1027
972
1139
1049
922
793
981
862
325
995
317
584
954
1295
1004
476
525
925
1134
1059
447
348
937
218
865
705
512
511
481
504
1046
951
669
503
292
163
667
779
617
813
1060
217
1169
1039
599
425
154
275
938
846
588
1098
571
1147
385
333
868
844
996
247
938
1161
873
247
979
773
465
776
377
707
918
330
800
603
734
1242
359
715
934
593
487
759
620
1014
939
72
295
542
481
1241

21
150
10
13
13
15
9
19
13
19
10
17
11
5
18
15
13
13
12
5
18
18
7
15
20
6
18
13
15
18
16
10
19
14
14
18
14
10
9
7
14
10
18
9
18
16
14
7
7
15
12
19
12
10
7
18
16
10
13
6
10
8
7
8
12
12
19
18
10
11
11
13
12
6
10
8
15
15
9
14
8
9
16
18
18
6
14
6
18
6
5
9
16
6
15
19
20
18
16
6
8
12
17
19
19
11
15
8
19
12
9
7
15
14
20
16
10
18
9
19
19
17
7
16
7
16
6
18
18
16
7
5
6
12
7
14
11
20
17
20
8
19
14
8
12
11
6
12
9
16
16
10
0
327
572
836
80
322
416
524
527
312
707
480
41
873
368
539
216
177
340
504
936
180
926
568
700
38
131
689
29
355
654
768
578
222
227
95
698
124
726
760
162
328
200
101
440
175
384
819
799
328
545
862
541
4
649
307
955
817
0
762
67
627
19
52
557
527
148
769
21
707
338
65
187
649
97
295
452
467
811
248
875
662
379
834
63
923
287
262
668
32
734
151
259
382
130
472
402
21
413
940
211
614
39
143
509
836
40
469
182
716
202
538
328
811
236
433
662
656
225
479
896
491
849
670
189
157
570
648
669
141
775
636
469
568
766
339
466
241
294
59
603
160
128
82
389
192
182
659
535
63
28
618
692
853
314
508
581
922
594
660
913
585
387
1323
811
855
594
433
729
961
1342
418
1287
682
916
378
527
1151
499
677
1004
917
796
539
472
107
840
162
744
967
460
412
668
250
507
569
594
872
921
366
807
1236
652
107
793
648
973
1177
302
1242
508
852
40
446
703
677
175
1159
383
1120
613
274
209
762
160
405
843
713
1275
513
1197
1066
517
1052
413
1264
319
560
688
122
919
211
323
511
332
658
698
364
713
1153
664
960
120
402
826
1114
103
767
244
766
346
974
634
953
675
650
763
949
549
644
1261
707
1304
1081
303
247
835
1127
945
442
948
998
736
898
1180
676
841
453
556
502
651
556
174
228
810
385
573
1110
672
246

22
150
15
11
14
12
15
11
14
11
6
19
13
9
17
10
5
18
15
7
18
12
12
9
10
18
19
8
10
15
16
19
6
15
12
16
7
17
9
20
10
9
14
18
5
11
18
15
11
10
14
11
15
6
9
15
10
12
12
10
7
7
17
9
14
7
13
14
6
13
19
11
19
19
14
15
14
9
20
18
10
10
10
9
20
19
16
19
18
20
19
15
12
10
13
13
9
11
6
9
11
7
6
9
18
16
10
10
8
17
18
19
9
20
14
19
16
13
9
12
17
15
16
13
16
12
5
5
10
7
9
15
6
17
16
6
20
5
8
12
15
9
15
14
7
12
7
15
6
14
10
15
0
262
752
138
467
367
937
482
847
595
91
158
616
271
76
205
864
13
91
329
640
151
593
18
337
586
56
338
187
231
551
80
620
308
791
205
375
212
176
800
79
588
48
735
568
453
187
272
837
178
363
771
934
920
256
798
532
76
14
714
391
709
409
900
243
520
154
17
351
60
665
187
257
456
727
933
72
127
786
100
680
440
277
589
631
499
148
523
275
455
603
628
518
151
564
756
140
208
195
465
785
866
725
142
890
21
67
562
881
873
200
225
911
423
260
630
255
388
729
885
386
438
251
315
95
212
66
847
726
249
411
467
446
899
119
663
338
668
757
285
295
641
91
620
901
366
766
712
595
346
77
365
1034
301
604
811
1352
896
1029
1048
265
292
795
649
207
454
908
140
372
653
1050
498
902
218
721
943
443
447
398
530
964
234
1003
764
894
224
391
459
591
861
361
1054
463
966
805
475
423
286
1035
481
552
1091
994
1104
551
898
576
216
206
934
705
1097
597
1026
640
611
409
89
824
540
906
309
383
695
805
1302
259
508
1096
179
905
453
482
681
901
824
262
724
449
684
810
811
545
593
963
981
535
361
459
917
1053
1030
889
419
1137
216
410
913
1185
1138
477
571
989
463
284
747
315
831
1075
1102
612
863
415
719
206
377
167
980
1188
350
419
663
598
1032
272
974
350
681
1213
535
707
962
272
911
1302
738
964
1014
992
544

23
150
14
19
17
13
10
11
18
11
16
8
18
5
12
5
15
13
14
8
19
5
19
6
16
12
11
19
12
14
13
16
16
8
18
15
11
18
12
8
14
11
19
20
17
12
10
6
9
14
15
6
5
13
15
17
19
7
11
6
14
10
6
15
18
12
11
13
16
15
14
7
7
12
14
11
13
13
15
12
15
7
9
8
12
6
16
5
7
16
9
9
7
10
14
6
10
5
16
15
16
7
8
16
8
14
17
13
8
16
11
15
12
11
12
17
6
14
15
12
7
10
7
8
14
7
10
10
10
17
13
9
19
19
15
7
13
18
20
11
15
18
7
20
10
18
13
7
7
11
15
15
0
682
772
621
492
83
768
383
520
840
526
661
661
447
107
195
96
894
919
683
353
269
215
396
198
846
521
42
693
457
221
781
683
641
38
528
200
202
849
619
340
320
908
475
536
872
81
627
171
307
795
919
876
831
427
458
804
870
688
850
216
486
228
901
490
797
623
852
243
90
234
684
104
771
580
417
518
423
651
744
447
430
109
895
656
827
599
334
127
139
378
281
338
115
902
609
440
114
352
76
802
350
97
41
728
587
907
300
480
632
213
73
731
240
320
144
408
188
253
769
766
280
454
575
87
661
365
253
641
342
641
619
362
237
147
711
57
31
409
193
439
759
292
702
509
583
41
295
67
250
116
932
992
730
888
370
1020
519
930
1298
985
916
702
733
278
414
344
1320
1045
846
511
488
507
685
225
1283
929
302
985
712
554
828
1062
995
97
867
304
317
1260
757
421
668
1243
767
930
922
263
735
484
413
925
1353
1243
1184
551
594
1208
1036
922
1297
379
543
494
989
806
1127
922
1160
363
465
503
1045
304
874
1044
689
658
710
817
893
677
546
491
962
1105
1259
992
647
438
468
759
699
563
420
923
871
900
264
564
507
1037
765
192
182
859
1034
1176
515
738
1050
304
118
888
390
376
343
813
320
298
789
1107
446
899
763
131
715
696
659
746
471
957
857
589
370
364
1149
378
146
813
340
767
1224
321
879
921
812
103
385
269
362

24
150
16
9
16
12
14
13
8
14
9
7
9
6
6
9
13
7
8
9
5
7
18
8
16
8
8
13
9
16
11
19
12
13
17
16
18
5
7
12
17
15
14
6
13
6
5
9
19
18
13
13
7
12
10
10
13
7
8
12
5
14
9
7
15
10
10
11
12
16
13
9
15
19
17
17
16
8
15
13
18
8
14
11
8
18
15
16
18
16
13
14
6
15
14
10
17
17
15
15
14
7
15
6
14
13
19
6
19
11
16
6
12
5
15
5
18
17
17
16
12
6
19
20
17
6
19
7
10
16
8
13
13
13
16
8
8
16
10
7
16
9
13
20
15
14
11
7
7
11
12
12
0
816
619
422
58
774
822
436
133
615
775
418
402
854
32
683
713
34
56
552
627
69
145
209
337
411
480
333
73
416
588
896
165
620
196
74
791
429
806
124
857
233
379
215
472
908
399
395
119
515
421
299
63
280
274
401
373
536
503
343
569
552
274
317
155
213
644
43
883
173
560
388
188
289
783
375
276
212
380
72
478
145
51
293
93
175
588
495
239
732
716
378
102
775
817
187
673
795
406
678
421
885
408
487
579
29
834
30
817
533
363
601
266
82
246
498
134
820
855
506
124
660
551
554
374
762
684
780
210
754
1
652
885
171
474
277
866
436
546
279
853
368
533
737
718
491
742
115
89
5
337
890
757
835
374
896
1248
729
577
741
791
528
508
1162
344
969
1061
148
474
850
738
347
427
418
785
794
671
618
394
586
771
1131
298
926
639
402
1207
782
1082
430
1050
256
618
275
586
1110
511
612
509
744
562
498
215
477
533
799
524
828
758
467
644
832
715
662
473
232
853
313
1137
515
950
761
534
512
850
584
506
237
778
192
604
538
481
577
462
389
620
613
331
1117
1034
569
460
1019
954
450
1071
1231
465
991
460
1319
730
636
773
235
1002
63
1111
825
513
622
398
450
562
910
489
1061
1237
743
543
985
700
938
553
1144
866
843
399
1064
148
761
1016
308
778
693
1149
707
852
605
1153
641
951
847
1141
712
911
520
387
279

25
150
8
6
13
6
18
9
6
11
17
5
17
7
11
9
8
17
17
14
11
7
14
6
17
9
11
14
5
15
19
6
7
17
19
16
6
15
20
11
9
11
15
10
8
5
18
16
8
17
16
19
12
19
15
15
14
12
8
10
8
16
10
20
9
13
12
16
6
14
8
14
14
18
13
11
15
13
8
13
19
13
13
17
13
14
14
6
19
18
7
7
17
18
14
18
9
7
15
13
7
16
7
11
7
10
14
7
19
15
17
12
9
15
18
13
17
10
18
14
18
11
15
5
6
16
14
19
15
10
18
8
10
15
11
8
5
9
12
16
14
18
8
8
11
16
18
16
11
20
8
13
0
764
251
601
359
827
759
458
375
273
742
102
181
793
540
622
65
762
277
389
704
883
447
921
289
715
690
348
588
355
45
280
114
348
619
573
64
931
100
256
239
274
444
772
263
343
289
617
262
289
301
109
304
114
320
681
304
151
546
481
626
288
702
779
393
485
4
515
313
854
337
65
441
34
432
22
653
476
345
91
801
560
299
811
825
34
11
39
602
569
428
92
751
648
844
525
420
447
827
930
778
872
882
6
849
184
928
242
62
593
864
704
707
38
414
424
249
343
651
543
536
381
631
408
334
733
932
251
114
711
11
936
574
113
819
232
303
679
420
557
404
829
732
379
794
274
933
199
703
539
120
773
421
678
705
1003
799
755
473
636
882
177
326
878
617
799
480
1237
475
794
900
1186
570
1016
498
1146
1120
492
812
363
519
722
210
383
651
928
163
1052
155
736
371
701
733
1113
631
649
443
740
374
512
647
170
562
370
477
808
773
188
841
593
822
412
748
973
707
697
370
657
725
1324
813
337
772
286
804
418
935
496
541
195
1258
983
661
939
1165
461
463
316
723
953
703
377
1067
1036
1081
920
668
886
1025
1057
1121
1348
1210
306
1132
446
1082
292
153
862
887
926
1064
310
848
615
708
818
1013
729
857
405
738
491
399
824
992
643
231
865
405
1108
974
242
1087
421
647
1124
729
768
872
1275
912
841
1209
675
1150
630
909
784

26
150
17
16
10
16
5
20
18
10
8
16
19
12
16
13
12
9
11
17
13
14
7
5
16
11
18
12
9
5
14
10
12
15
14
13
19
17
8
11
8
16
13
15
11
8
18
8
20
6
10
13
6
14
6
11
8
17
12
14
15
13
12
16
14
11
6
10
6
11
6
6
12
14
7
15
8
13
16
17
5
7
20
7
7
18
13
8
10
11
11
13
9
16
7
9
11
18
11
13
14
11
15
17
9
10
13
10
9
8
17
9
9
15
10
19
6
14
16
14
11
20
12
13
20
7
11
10
16
20
9
9
10
20
6
18
10
7
16
9
13
10
11
15
14
8
17
18
19
16
13
18
0
496
38
698
338
447
120
148
716
447
138
827
549
646
219
187
616
383
525
877
613
243
751
857
331
12
833
122
812
400
509
778
548
265
382
729
700
892
263
139
584
755
247
645
155
625
267
792
886
593
825
891
558
585
652
458
108
694
438
523
534
899
91
428
604
209
512
468
133
320
109
5
205
910
724
559
491
899
290
743
709
158
721
837
858
324
53
195
809
131
108
658
341
510
542
79
206
107
400
227
694
170
179
248
141
380
624
862
909
868
471
636
365
311
429
294
241
740
874
70
820
633
530
545
409
782
218
285
685
804
509
696
548
644
104
366
292
624
419
375
563
539
102
62
394
588
658
138
922
31
243
970
363
733
398
756
494
246
858
760
590
1099
998
744
443
546
860
745
944
1129
692
318
890
1128
523
208
1178
459
1205
758
672
1137
947
638
433
758
965
1204
321
421
611
1002
636
850
249
676
715
1213
911
877
970
1284
728
921
938
568
399
733
660
718
833
1329
202
576
681
290
584
759
245
745
576
318
565
1021
1043
960
654
1124
457
890
907
206
871
1153
942
336
82
424
875
285
124
961
567
863
734
421
522
461
543
659
710
204
522
586
540
845
665
1031
940
1164
878
1027
509
482
861
397
342
944
1249
92
960
799
615
793
546
1196
419
596
967
845
579
821
680
703
306
706
592
1081
829
684
784
734
292
499
643
742
878
534
1219
357

27
150
17
6
12
8
17
11
12
9
13
11
8
14
15
20
20
13
19
10
13
8
8
14
9
19
14
17
17
18
11
6
7
19
19
15
7
19
10
14
19
10
19
5
18
14
5
17
14
8
19
16
19
14
11
8
16
18
5
9
5
18
16
13
20
17
15
10
15
12
8
17
8
17
11
7
17
11
16
11
6
11
19
18
11
6
10
14
13
7
18
16
20
20
13
8
19
8
10
10
14
13
9
16
10
18
14
19
12
8
15
16
19
17
5
11
10
10
17
8
6
8
8
11
14
17
9
18
8
13
6
15
11
18
15
9
17
9
19
13
8
19
17
17
10
12
9
13
10
6
8
11
0
957
771
855
914
741
850
530
799
701
542
723
723
619
44
783
419
728
854
708
389
427
591
422
827
691
837
470
134
916
800
904
784
732
205
447
870
409
596
414
294
744
500
58
886
881
642
338
495
728
177
865
852
653
148
275
284
291
912
196
753
710
99
895
296
208
38
331
313
527
334
152
744
239
947
439
22
778
121
244
816
924
948
216
841
364
304
210
609
684
947
747
647
322
262
233
769
744
295
669
928
137
290
270
810
549
921
166
581
926
735
735
924
37
495
263
914
61
758
409
540
115
659
317
651
382
602
254
374
352
431
447
213
236
600
601
267
659
819
221
819
40
788
385
511
193
397
369
329
278
93
1141
1228
980
1009
1126
1013
832
983
1027
713
961
883
822
141
1241
610
881
870
748
629
646
895
803
1052
1175
1047
573
492
1247
1261
1229
1252
1135
563
624
1333
812
984
756
587
922
549
108
947
1360
895
480
736
1076
249
1232
898
828
357
690
619
567
1189
329
1199
746
262
1258
559
585
115
413
775
975
760
352
887
539
1032
799
300
1024
419
466
1216
1170
1357
326
974
547
497
226
874
953
1050
854
1036
421
572
329
885
1018
522
682
1178
293
351
512
1008
1003
1075
405
906
963
1002
1024
983
338
767
558
961
350
934
481
930
381
929
496
971
670
959
607
509
734
509
819
399
259
921
972
630
687
1025
691
1261
288
1237
807
569
353
799
597
789
756

28
150
17
20
9
12
7
13
7
11
8
20
17
9
18
16
15
19
9
6
20
6
13
8
7
11
7
13
10
7
10
19
16
8
18
12
16
14
13
9
11
16
7
17
17
9
10
17
19
14
11
10
18
10
18
20
15
10
8
17
9
17
20
16
15
17
10
11
14
11
13
10
17
11
11
18
9
7
14
13
7
11
8
11
18
13
16
11
7
10
16
6
11
12
17
5
12
5
15
16
12
15
6
9
10
20
12
5
19
14
15
16
16
12
12
8
11
13
15
9
16
12
6
13
18
11
18
13
7
18
19
12
16
11
9
20
9
17
12
6
16
15
17
5
10
16
14
16
19
13
10
16
0
801
440
126
569
938
334
572
480
195
254
810
484
675
879
305
66
242
41
197
895
145
587
404
333
211
32
633
954
539
914
550
591
395
837
573
604
788
165
441
712
481
715
864
869
531
865
622
522
412
617
141
433
803
30
106
267
902
730
395
953
544
608
321
244
724
27
697
47
394
80
90
550
320
702
131
676
402
218
776
950
293
300
370
545
235
711
551
870
474
226
238
766
945
559
731
457
557
24
437
280
638
541
284
809
375
381
263
935
311
65
495
499
765
523
659
235
712
836
664
819
258
497
211
480
763
115
145
632
12
718
358
799
399
367
24
902
739
668
666
791
190
848
608
740
226
592
452
449
591
413
1059
577
170
795
969
446
1004
891
667
611
1093
918
1040
980
514
354
434
434
671
1085
363
781
834
542
316
482
804
1245
947
1054
583
749
492
1250
634
942
829
229
470
1023
856
765
969
1279
753
1299
755
769
737
1020
592
897
918
448
165
610
1096
1059
537
1114
774
944
407
367
773
400
1173
346
562
270
547
878
493
1048
249
1110
430
447
1035
1303
426
794
823
890
400
900
813
898
723
358
505
955
1314
948
1163
907
910
406
793
477
888
638
399
997
660
456
477
952
688
352
822
586
1138
944
1005
593
1112
965
1011
1294
318
726
273
586
1158
467
260
1052
365
818
725
835
861
771
201
1143
1035
847
1114
812
421
1243
639
1219
679
820
646
880
772

29
150
15
6
12
17
13
10
19
9
14
18
18
19
16
18
10
14
14
16
20
14
19
9
12
16
18
19
14
14
10
13
17
8
20
6
13
11
10
20
14
13
15
15
5
9
18
11
16
7
16
17
8
20
5
12
16
15
11
12
17
18
13
5
20
12
12
18
16
18
9
8
19
13
6
8
16
19
10
19
14
18
14
14
16
9
8
17
19
7
7
16
14
19
17
9
13
14
14
16
15
10
7
14
12
6
5
19
14
8
15
13
6
16
15
12
10
8
14
8
20
16
18
16
9
8
9
20
12
5
14
16
11
6
12
8
11
11
18
11
14
12
15
14
18
10
8
9
8
14
19
15
0
603
467
302
376
413
72
632
331
597
609
952
782
167
532
111
253
980
477
851
834
990
357
826
77
844
990
693
26
693
413
461
958
263
240
347
435
844
312
96
906
437
4
153
878
545
266
611
649
985
978
349
594
218
602
193
196
340
614
629
586
578
898
889
975
219
490
811
616
733
726
424
673
325
435
638
791
365
33
976
573
96
203
698
790
67
130
253
635
585
777
490
709
796
356
521
150
511
349
585
533
496
312
911
9
371
823
934
236
735
725
757
625
723
85
308
494
599
985
71
485
593
727
800
62
610
254
161
276
967
589
571
697
829
200
392
682
472
743
591
814
65
418
33
815
104
234
595
664
172
221
723
595
393
569
488
191
918
459
691
913
1072
1123
541
808
488
610
1098
947
1017
1060
1087
405
852
251
1062
1288
816
492
720
523
667
1364
691
633
760
558
893
628
333
957
637
343
452
1209
1048
467
842
787
1119
1118
529
955
376
827
488
594
359
982
1068
630
626
1332
994
1290
526
700
1290
891
847
1078
634
1042
449
745
801
934
585
266
1263
819
557
601
1086
892
374
251
727
815
870
1018
783
842
952
517
894
464
828
767
909
617
632
659
1302
169
722
1218
1074
732
1238
1170
1185
706
809
505
636
519
964
1335
422
848
703
963
1140
402
733
352
404
591
1298
673
990
1008
1255
616
528
737
558
778
723
1225
481
808
255
902
339
368
991
717
384

30
150
19
14
15
15
16
10
9
11
19
8
14
19
19
8
6
16
8
17
12
15
15
16
12
20
20
16
14
18
9
16
18
10
7
16
9
10
17
11
13
13
6
19
17
8
6
9
10
14
17
13
19
17
9
5
10
14
12
11
17
17
13
18
12
10
7
12
14
18
11
14
16
7
17
19
12
18
18
8
20
10
14
7
11
13
19
8
12
18
19
10
5
12
5
10
17
7
18
12
5
15
19
11
15
5
11
18
6
14
6
7
7
15
11
8
14
13
7
6
13
19
6
18
18
11
8
6
10
15
6
15
19
14
19
5
18
17
19
14
9
19
18
16
13
12
18
20
14
18
16
10
0
885
88
486
482
31
779
948
704
172
623
396
232
53
962
580
458
530
277
468
208
808
697
812
760
636
551
685
706
666
271
929
398
506
514
620
938
388
238
507
831
93
32
504
700
84
801
304
581
454
190
958
212
674
328
828
515
635
890
398
71
108
850
537
432
56
537
878
358
948
949
518
681
540
734
847
837
957
522
1
950
134
341
261
299
930
768
301
166
270
414
430
932
416
383
578
430
817
468
572
73
902
688
68
303
631
723
838
695
802
112
935
947
684
566
90
471
846
542
961
636
941
69
149
543
286
95
559
158
800
650
880
708
573
687
598
512
128
961
775
603
837
76
856
722
924
735
108
21
821
345
922
439
886
913
432
961
1220
1098
372
710
721
487
526
1082
815
836
563
752
689
463
1256
801
1069
1010
1074
669
862
1086
1115
529
1153
738
564
907
873
1340
668
306
582
1187
290
405
778
877
462
1207
392
690
771
687
1262
372
800
497
971
954
859
959
880
344
560
1219
734
773
109
662
1134
831
1193
1387
628
1083
658
746
1112
1201
1079
998
253
1380
174
737
445
570
1383
882
764
379
528
868
727
950
665
823
854
590
1044
513
982
294
1179
1157
108
490
663
1147
902
714
914
298
1162
1021
922
743
148
582
1242
699
1121
976
1157
536
475
666
767
251
1051
484
1281
763
977
880
894
1149
693
697
322
1437
1078
1019
1066
168
907
1198
1106
923
543
303
1198

