1
15
19
20
11
11
9
10
19
10
13
17
19
20
10
6
5
0
75
64
56
4
63
8
59
26
77
82
4
31
14
6
54
102
83
115
60
94
47
71
63
95
117
58
43
42
19

2
15
20
16
13
18
15
19
12
10
18
9
9
16
7
15
7
0
102
90
42
41
93
72
51
64
99
51
61
77
5
86
66
145
106
108
70
142
99
61
118
150
106
109
115
63
95

3
15
14
6
7
11
14
14
10
8
6
7
18
19
12
7
20
0
14
16
80
81
71
6
23
50
14
43
55
6
5
33
41
29
51
125
124
107
56
66
99
21
103
106
56
54
90

4
15
9
15
6
16
16
9
11
12
12
12
10
6
16
8
20
0
37
44
51
85
72
13
35
56
8
23
41
15
35
25
37
91
70
81
145
123
38
63
100
48
72
75
70
59
83

5
15
6
12
13
13
14
16
9
8
18
19
15
9
5
5
20
0
14
81
73
45
15
36
7
8
66
55
75
48
1
24
31
53
94
115
68
59
84
42
57
127
109
124
78
7
75

6
15
12
17
8
10
15
12
16
11
13
20
12
9
18
15
18
0
55
35
77
53
24
46
94
22
77
72
7
13
39
4
26
72
76
96
77
36
79
124
56
128
105
23
80
85
55

7
15
8
7
13
7
7
18
7
16
8
14
10
12
11
15
15
0
51
69
59
83
17
13
55
23
12
58
3
11
42
66
25
81
123
94
112
50
34
82
52
28
71
30
26
96
85

8
15
11
13
18
18
14
7
11
11
14
17
9
20
20
11
10
0
73
37
90
91
78
94
9
37
69
57
38
35
27
26
48
94
96
146
143
112
148
39
73
119
72
104
81
84
63

9
15
11
9
9
7
6
6
16
19
12
13
12
12
6
10
14
0
55
76
47
7
45
66
50
8
56
13
22
22
20
76
38
85
122
94
51
55
106
82
56
96
56
57
38
55
91

10
15
10
11
20
7
9
10
17
8
8
14
12
19
13
18
16
0
46
67
40
4
64
39
52
92
3
88
35
92
8
30
27
101
112
89
51
82
94
99
117
40
126
87
117
26
69

11
15
5
7
13
12
13
5
19
15
8
16
20
7
18
14
9
0
85
46
54
35
7
72
80
36
31
6
65
28
25
50
22
127
91
102
74
27
125
95
83
51
34
100
83
55
85

12
15
12
6
17
19
17
10
6
15
9
7
11
16
8
6
13
0
0
17
78
19
31
75
44
56
68
6
51
12
1
71
50
20
73
107
41
55
121
82
90
80
24
104
28
24
103

13
15
7
15
10
8
10
18
11
13
6
16
7
19
18
19
6
0
22
58
50
19
53
15
46
20
35
91
10
62
42
37
48
50
81
87
57
116
43
59
50
90
138
71
117
83
64

14
15
17
16
11
11
15
7
9
19
10
20
9
5
6
8
19
0
21
85
21
33
46
26
47
80
68
42
24
65
26
75
59
53
121
64
49
68
58
86
117
122
66
36
94
68
138

15
15
13
20
5
6
18
10
12
16
11
15
9
14
9
14
13
0
14
82
85
45
26
48
9
40
76
7
56
11
80
36
24
65
127
130
63
48
87
63
69
92
16
115
21
123
50

16
15
10
9
14
9
6
9
14
14
13
9
18
7
14
11
16
0
57
85
40
36
57
36
56
80
14
67
82
86
71
1
20
78
103
81
44
86
83
111
99
46
104
106
101
99
42

17
15
16
5
19
15
9
13
19
16
9
18
9
7
19
13
17
0
2
11
55
70
78
93
2
43
30
17
36
8
59
94
21
15
69
73
127
107
156
53
58
83
71
59
46
105
151

18
15
17
20
11
18
16
18
10
18
13
10
8
17
18
10
6
0
76
25
32
104
69
98
53
27
104
19
99
78
36
18
37
118
50
55
127
109
110
73
82
147
33
148
111
51
64

19
15
8
9
11
12
17
14
7
14
12
14
9
17
17
18
14
0
65
28
85
1
61
93
7
82
62
13
59
19
25
36
27
117
83
138
63
76
118
33
101
96
41
98
73
90
90

20
15
5
5
11
18
18
12
17
18
16
5
9
7
16
8
14
0
73
33
26
89
46
48
65
73
74
56
24
18
24
64
17
117
75
64
130
88
84
124
107
91
100
74
48
69
97

21
15
11
5
10
9
11
16
8
7
14
16
17
7
8
11
11
0
62
50
79
48
64
7
66
52
10
17
50
75
20
53
33
73
93
109
74
84
16
97
93
66
69
65
112
68
87

22
15
12
7
10
19
11
11
17
12
7
11
19
8
10
15
9
0
81
83
37
40
3
19
13
50
32
32
24
24
11
27
17
100
106
68
60
16
41
31
92
47
92
39
77
58
47

23
15
13
18
18
10
9
16
11
7
11
17
11
12
9
16
12
0
68
60
91
86
29
73
61
95
21
56
91
24
34
89
29
124
95
102
141
56
88
88
127
50
101
135
58
61
120

24
15
10
12
15
19
15
19
19
14
10
12
8
11
10
11
20
0
82
57
55
45
101
70
63
7
55
46
84
84
66
65
18
141
85
115
63
139
107
117
41
89
102
123
139
82
102

25
15
16
10
5
8
11
15
11
19
8
20
20
20
14
7
10
0
25
45
22
20
87
13
26
60
11
97
56
60
21
47
32
78
51
75
53
110
46
48
72
31
144
123
118
61
89

26
15
13
17
16
10
8
17
18
7
7
19
5
15
7
19
15
0
4
30
35
14
90
86
37
27
33
54
22
15
43
34
58
61
80
49
47
121
150
78
71
91
95
77
28
95
89

27
15
19
18
17
20
13
15
19
18
9
8
8
13
6
16
8
0
71
30
25
21
15
44
5
101
75
56
56
91
34
66
21
104
96
79
55
44
92
24
114
84
71
98
129
91
103

28
15
5
10
7
17
14
14
13
19
20
10
8
14
6
8
19
0
38
15
3
4
62
60
18
36
14
72
61
49
35
6
14
48
67
31
18
90
100
79
82
55
118
96
75
82
65

29
15
12
14
20
12
10
14
14
6
17
13
12
6
8
14
8
0
58
73
87
71
17
72
74
70
39
51
21
38
60
81
41
95
112
130
87
73
122
92
105
65
95
68
64
109
109

30
15
18
7
10
11
14
15
7
12
5
5
6
5
16
11
15
0
7
42
30
17
28
37
69
63
59
44
23
68
34
42
34
45
70
72
64
68
67
86
99
102
50
46
84
51
72

