1
200
19
11
10
16
9
9
8
16
19
13
12
7
9
14
7
19
5
9
6
7
16
14
16
18
19
12
13
12
20
18
6
17
18
16
18
6
17
14
7
6
19
18
15
8
7
9
8
16
17
10
12
13
6
16
19
16
9
7
7
6
14
17
17
10
9
5
8
15
13
14
16
19
17
6
14
7
10
13
18
15
16
19
9
8
15
18
20
20
13
16
9
17
20
17
19
8
7
15
14
7
17
10
9
5
13
18
7
9
9
20
15
7
12
12
10
12
17
10
8
11
6
15
7
8
18
7
13
11
15
8
15
13
16
12
18
18
15
9
19
10
18
17
9
16
18
13
9
6
13
7
16
13
12
12
12
8
13
20
16
17
11
8
17
10
11
10
17
5
19
9
18
13
19
17
10
15
7
18
5
7
16
5
18
16
13
15
15
8
9
5
15
10
8
12
17
9
12
19
11
18
0
413
122
771
533
1264
724
520
376
833
403
251
262
24
259
1097
624
626
247
538
1141
1
695
689
738
119
86
1171
771
705
1193
1146
969
151
246
271
1172
602
389
341
991
272
1264
1181
262
1107
922
152
30
912
1203
249
622
581
797
663
311
630
93
125
32
1175
761
866
1162
1131
92
397
549
609
1060
783
246
1031
109
1060
623
600
254
1211
658
1191
81
1078
696
228
1166
1097
1065
67
982
902
703
876
1137
137
586
628
546
81
917
1181
834
265
656
950
1201
98
1035
1024
1156
961
80
186
1034
1025
69
599
948
1066
1019
888
775
878
828
919
566
739
559
78
153
197
1242
667
1173
1053
817
761
122
445
433
817
1020
1204
823
777
805
32
502
540
120
952
608
833
228
639
234
874
659
686
1010
5
195
1023
1004
943
571
380
469
284
266
1123
803
677
606
1241
222
1131
139
1251
464
1155
763
1178
150
534
294
176
530
31
57
570
485
21
882
976
198
1072
887
590
271
906
205
1065
963
1784
851
743
678
1365
1040
707
374
404
622
1584
1185
1125
682
622
1176
618
1095
1217
1363
179
142
1389
1092
1277
1703
1294
1202
568
772
469
1706
982
934
670
1121
614
1382
1658
518
1661
1517
534
565
1414
1581
585
693
898
1098
765
435
915
576
315
399
1605
1107
1153
1621
1478
361
601
1114
1091
1093
845
883
1270
565
1168
677
1230
465
1779
1251
1700
190
1649
791
487
1476
1119
1477
490
1231
923
1115
1391
1350
207
1183
940
714
582
948
1802
1445
638
909
1008
1718
474
1430
1621
1779
1019
110
444
1546
1276
715
754
1080
1710
1518
1225
1253
1109
1024
1344
735
854
783
519
645
607
1808
1130
1505
1483
1343
1126
681
544
982
1119
1544
1659
1447
1123
824
435
518
783
688
1435
624
932
742
1112
609
1173
733
1108
1112
475
561
1197
1275
1092
716
967
868
358
515
1462
1446
788
893
1401
469
1385
472
1775
1031
1754
1001
1757
549
1126
707
241
1123
86
226
936
817
307
1156
1378
250
1411
1066
641

2
200
20
8
5
19
15
10
6
9
18
11
7
15
16
17
7
7
17
12
13
18
8
10
16
20
12
19
9
8
15
11
13
16
7
15
15
6
20
7
14
10
20
10
18
11
5
16
12
7
14
17
18
7
14
14
11
6
5
13
7
20
10
11
13
16
7
14
10
8
10
13
13
6
6
9
19
17
16
7
6
16
7
7
9
10
17
10
12
18
19
20
10
13
18
19
10
17
18
11
6
8
14
6
8
7
13
12
14
8
8
10
13
15
9
19
11
15
18
13
20
13
6
8
8
18
8
7
19
16
8
14
9
10
5
9
9
8
12
12
9
11
8
9
20
16
16
20
8
13
8
5
16
10
6
12
10
15
16
19
14
10
5
8
10
12
9
11
11
19
5
9
15
17
16
17
8
16
11
11
15
8
17
12
19
11
12
9
11
6
11
6
14
12
18
12
20
6
11
11
16
7
0
363
1128
688
278
620
606
758
788
1022
625
78
360
1033
315
866
142
913
449
346
806
540
1122
871
24
529
935
1079
1093
1188
287
21
696
240
1129
1058
249
496
963
509
362
711
1146
828
1204
83
779
779
803
462
1065
1190
840
593
1047
417
1114
200
1178
48
669
983
461
992
23
679
1187
847
791
972
996
408
769
106
750
76
35
635
699
65
477
737
188
827
1061
747
1095
721
151
556
128
603
1165
260
282
314
374
174
96
357
91
568
633
968
763
838
878
1033
770
879
993
1093
787
780
1000
860
576
365
1066
284
725
761
597
629
794
1065
1137
150
381
722
603
81
586
700
745
1088
341
806
896
1076
738
697
1109
1002
987
722
996
670
337
508
491
807
445
1069
920
608
820
1117
536
1044
1124
590
977
699
538
865
732
454
742
209
513
180
318
461
233
127
368
583
420
1033
732
315
1050
1168
566
417
972
7
735
1033
544
715
104
345
1027
670
52
1049
937
750
436
539
1622
1165
556
1145
1061
1167
1139
1167
1161
343
565
1359
594
1391
749
943
947
808
1150
907
1414
933
479
766
1395
1612
1646
1460
417
453
1064
835
1279
1075
575
576
1256
580
405
1109
1274
951
1681
265
854
1221
821
1004
1214
1541
954
883
1506
854
1643
213
1732
407
768
1119
898
1185
310
759
1355
1078
1032
1410
1019
814
935
406
953
262
612
673
1046
439
897
1170
672
1156
1444
867
1326
1106
478
810
148
1107
1477
521
856
810
658
490
588
618
410
901
1154
1130
1240
1079
1239
1623
901
1343
1222
1210
911
966
1334
1355
949
923
1181
586
1159
1142
629
1237
877
1450
1337
297
817
1247
626
650
1098
1296
874
1362
426
1351
1268
1490
1094
1126
1598
1498
1435
881
1467
1112
552
614
957
1250
782
1500
1068
956
1319
1682
1144
1198
1425
1043
1201
1199
1085
1324
784
734
1299
487
693
780
674
842
789
434
681
668
477
1503
1133
881
1390
1402
666
740
1052
132
1225
1439
1139
844
140
771
1365
759
480
1063
1106
822

3
200
17
11
16
14
8
14
14
18
17
11
10
14
17
13
15
7
15
19
13
16
19
16
20
6
14
7
13
7
17
10
10
20
11
6
13
12
6
9
13
10
19
12
14
6
14
16
8
11
8
14
13
7
12
10
14
13
13
10
16
8
10
15
15
9
11
14
9
14
9
12
6
17
8
14
12
6
11
16
17
6
6
7
12
12
11
7
7
18
7
13
14
18
18
10
10
17
14
6
6
8
11
13
13
19
19
19
13
16
7
6
5
20
12
8
6
7
5
8
14
20
17
19
20
18
14
9
10
6
16
12
7
15
15
10
16
19
13
13
16
11
9
16
7
10
15
6
9
12
9
20
20
14
19
12
7
19
9
12
10
8
13
14
7
12
17
20
14
18
12
12
13
11
15
6
10
8
19
8
8
6
15
9
18
19
20
8
10
9
19
15
17
6
17
11
18
10
19
20
14
9
0
198
731
380
544
1012
1215
414
122
820
966
532
993
254
561
941
1099
451
1095
414
1055
659
928
1227
94
577
662
616
36
1079
495
119
477
95
894
1209
207
981
719
1118
534
213
1232
909
569
443
148
1027
101
770
392
144
134
290
230
1198
486
455
693
534
736
1144
681
228
191
923
701
779
644
137
617
535
136
1094
1111
197
178
250
476
113
938
328
200
1159
623
1101
963
672
968
522
21
468
181
1110
290
951
171
867
922
835
681
1073
925
177
933
253
565
71
97
407
907
423
989
1071
1230
389
819
1028
899
404
837
708
420
399
1237
169
807
636
698
645
962
975
582
810
917
40
759
756
686
63
796
1062
62
170
942
1242
337
103
462
1165
813
873
207
979
1052
656
732
673
486
1097
376
1012
112
1151
809
772
374
1091
763
719
1200
54
446
530
810
1031
1059
369
492
426
734
772
741
1043
11
96
962
674
675
643
577
138
1123
272
37
416
769
551
830
286
225
604
983
533
1129
1167
1375
768
724
1088
1380
840
1268
776
1187
1372
1491
768
1271
548
1461
681
1120
1371
450
835
1194
957
86
1289
798
409
492
309
1151
1256
330
1596
1305
1243
894
244
1387
1000
651
459
562
1638
118
819
630
514
616
613
648
1218
561
509
1114
751
1242
1779
1167
616
527
1096
1024
977
745
711
761
834
675
1648
1268
377
243
371
1025
239
1540
904
226
1240
645
1108
1469
729
1009
1127
368
995
723
1574
907
1376
447
882
1002
1446
1292
1579
981
705
1380
688
997
166
679
945
1060
857
1500
1188
1303
672
1229
1064
1140
884
1215
1229
719
632
1460
377
1427
802
1279
817
1313
1230
1187
1410
1428
387
1111
901
991
190
1019
1153
608
461
1319
1251
583
447
497
1626
1065
999
533
1259
1219
1031
1109
746
516
1652
910
1438
132
1252
1182
919
472
1495
1129
924
1477
219
607
888
944
1292
1688
749
821
815
1213
1149
926
1258
197
508
1431
945
735
1235
1094
620
1592
865
461
497
1078
1152
990
862

4
200
13
17
9
11
15
10
7
8
10
8
6
8
12
17
18
18
6
10
14
7
11
8
10
19
16
17
12
12
11
5
15
20
20
13
15
19
16
5
18
7
15
20
14
6
6
6
13
9
14
10
10
7
10
17
8
8
16
6
11
14
10
19
10
9
19
12
7
13
19
18
8
13
14
10
11
10
13
13
17
18
10
14
13
8
17
9
8
8
7
13
10
9
11
14
15
18
9
13
6
6
15
14
7
10
12
13
17
11
7
20
17
14
12
6
13
12
19
13
15
8
7
20
5
12
16
13
10
16
9
14
19
17
15
12
8
10
8
18
6
16
6
14
19
12
14
16
16
9
19
6
9
12
12
10
6
12
18
16
15
14
7
17
18
8
16
8
9
20
12
18
8
12
19
8
8
19
9
14
8
6
8
5
6
17
15
11
5
17
9
17
6
19
14
6
7
19
17
7
16
15
0
647
949
379
757
335
176
954
502
645
908
192
1161
388
1111
879
53
935
270
501
471
880
900
847
81
1181
618
914
170
81
206
258
632
394
171
333
965
1186
295
517
168
56
233
731
1209
1206
1042
44
765
701
841
720
351
109
305
1022
66
472
224
847
99
973
767
1062
446
535
491
1129
869
1163
1087
254
47
280
81
557
821
102
606
441
1025
606
986
1023
1130
488
554
398
898
651
281
1048
456
543
530
286
1094
153
86
8
525
403
11
779
1035
144
622
688
899
758
16
525
904
745
729
422
1208
1030
41
447
907
944
976
41
1098
744
29
283
687
351
829
185
331
449
49
766
112
493
842
810
253
963
128
464
205
792
133
249
547
938
242
697
590
161
99
1110
1007
66
446
251
723
592
975
1108
1029
601
1172
600
78
535
987
496
472
1127
13
917
903
1
518
505
668
824
844
1171
180
345
347
115
724
842
1173
1099
1215
1143
36
895
50
346
347
1161
529
802
1018
600
1296
662
484
1265
1037
1085
1316
737
1672
541
1610
1483
488
1287
686
563
1048
1250
1425
1154
443
1513
1236
1526
199
377
250
363
839
670
685
925
1283
1330
834
1115
617
367
833
993
1261
1349
1237
301
1335
1295
1148
920
872
732
667
1320
617
936
456
1427
269
1581
1278
1429
516
773
660
1485
1156
1701
1659
836
219
694
400
1023
1084
513
961
784
1219
695
1044
1086
1520
665
722
942
1079
1169
792
1506
758
1046
980
450
1470
179
558
309
615
638
56
1128
1197
328
944
1000
1025
1164
293
1139
1033
967
1206
824
1726
1639
370
487
1475
1324
1042
350
1531
872
255
569
740
372
1259
740
501
992
154
1028
242
511
961
938
313
1252
339
973
631
1181
712
318
755
1431
554
1180
1032
497
683
1223
1137
378
1015
845
1022
993
1224
1633
1547
1009
1569
914
351
641
1502
666
506
1468
111
1229
1298
329
1113
819
808
1192
1398
1325
401
853
447
535
1068
989
1225
1683
1589
1649
226
1140
132
446
639
1269

5
200
5
16
16
6
8
13
11
18
16
10
10
17
19
11
19
5
9
9
13
17
15
6
6
19
19
8
18
10
15
19
6
8
18
10
9
18
8
7
6
8
11
20
12
18
8
10
11
6
18
9
19
8
14
17
15
19
19
20
14
14
10
17
14
18
13
9
16
16
15
8
14
7
18
6
18
11
20
16
12
19
5
6
9
13
18
12
8
10
14
7
5
17
8
13
12
16
14
13
13
18
17
19
7
18
7
18
6
7
12
6
6
9
15
11
11
10
6
9
11
19
17
7
14
14
15
10
16
17
7
15
7
7
18
12
9
17
19
7
15
14
9
20
12
10
10
14
9
6
9
10
15
18
10
10
5
13
12
10
8
12
9
20
20
12
12
8
6
17
19
14
7
9
8
10
14
17
12
19
18
18
16
9
18
16
14
13
17
20
12
18
17
15
15
11
14
15
13
15
9
9
0
555
445
345
644
456
1191
1055
793
257
18
315
239
1237
823
524
740
992
314
715
396
3
695
409
608
1144
560
509
372
410
730
1147
1009
697
387
771
841
124
10
158
379
637
385
481
65
1041
263
370
1027
1227
929
68
977
697
14
1189
806
462
516
48
75
275
918
1017
741
250
1231
1090
1142
122
965
1188
808
118
1080
448
672
492
1122
1211
290
1186
1032
1185
636
1168
127
493
201
188
201
77
543
1252
180
222
159
87
674
944
413
380
786
351
1127
611
481
339
736
82
971
527
76
338
1264
1198
706
257
1025
1186
624
197
304
108
1027
853
1245
1007
434
804
1035
13
1191
1183
200
851
898
1221
323
319
79
661
110
268
1181
408
565
1071
1139
958
370
485
631
88
1081
959
657
735
716
1228
721
192
405
546
841
644
126
239
195
776
645
593
935
903
300
524
1121
311
1236
543
503
297
1079
70
551
448
1085
955
975
384
455
681
689
824
234
1037
400
1023
421
531
440
749
984
421
831
1021
1687
1468
1035
876
69
661
777
1603
1446
1043
1363
1161
811
1228
848
461
1327
975
888
1753
714
530
779
1001
1303
1466
1143
1091
746
1042
1023
456
258
786
514
772
928
1118
612
1653
412
409
1160
1740
1420
446
1188
1329
183
1747
1283
891
1081
628
220
386
1559
1075
1334
264
1680
1482
1282
405
1577
1286
1242
369
1157
896
742
1073
1399
1668
642
1692
1438
1787
1015
1505
172
1091
492
269
375
320
952
1373
805
442
537
530
1240
1581
710
849
1093
568
1388
1166
654
710
1375
190
1286
655
696
870
1839
1601
910
300
1372
1244
1220
534
430
336
1248
1423
1476
1650
596
1201
1318
570
1403
1640
298
1005
1230
1619
626
701
713
1193
448
611
1634
591
1003
1387
1330
1343
962
970
1228
604
1103
1481
1075
1053
1212
1440
999
555
637
950
1481
683
308
327
473
1123
919
1042
1181
1022
785
683
1436
502
1749
815
615
567
1485
710
977
889
1672
1452
1519
688
525
750
714
857
371
1434
800
1462
664
1040

6
200
5
8
14
19
10
18
14
10
11
17
15
9
12
6
8
10
15
15
13
8
6
13
9
14
10
11
9
9
8
17
6
14
14
20
20
10
6
17
13
11
20
12
11
20
16
11
11
19
20
5
10
9
12
17
11
16
6
16
14
19
14
17
7
10
19
7
11
19
13
7
11
14
7
18
17
13
9
14
6
11
19
17
10
19
19
13
18
17
11
20
14
9
16
14
14
11
19
13
7
19
15
10
5
13
7
9
9
18
10
19
8
17
11
19
10
11
10
10
6
17
17
16
15
14
10
8
13
16
9
19
9
11
9
7
11
11
17
16
17
6
8
8
7
18
13
19
13
18
13
6
14
7
8
12
15
14
19
18
7
17
17
18
13
12
7
14
16
17
9
5
9
7
19
10
6
17
19
10
6
11
8
19
9
16
19
12
7
16
8
8
19
12
18
14
8
12
19
19
10
7
0
1232
1052
1261
205
695
785
689
444
904
274
762
319
1175
504
1113
143
1039
821
356
795
715
232
593
503
156
405
471
627
218
1067
895
72
1216
679
15
364
1151
670
308
1020
265
766
578
906
285
184
772
420
1203
1082
19
1193
426
1168
601
679
945
992
791
1122
408
162
666
1138
708
411
42
815
1073
1138
1226
1215
356
307
791
55
643
246
830
1191
1135
827
1078
406
1024
1119
1074
604
334
844
389
1161
958
1203
739
615
673
201
529
514
106
1041
872
189
212
842
954
692
124
1055
510
43
790
504
1234
578
194
1014
805
407
782
500
501
1157
946
932
1068
227
57
995
225
992
308
854
675
310
650
238
184
715
280
800
497
302
638
285
287
92
567
872
57
892
197
220
658
296
600
249
538
1104
854
925
1247
18
1085
139
993
816
468
1149
964
596
14
558
408
902
399
66
136
1171
859
1069
552
1002
800
1256
1225
335
30
410
764
1249
506
382
209
470
460
83
1117
181
1362
1511
1416
638
1034
1046
727
545
1072
654
1258
836
1645
1045
1330
333
1184
1224
796
1070
974
487
1120
814
552
786
923
733
301
1554
1176
473
1773
846
518
744
1582
1251
680
1515
827
954
614
1246
557
540
1039
688
1490
1471
195
1310
739
1779
1018
1209
1021
1298
955
1578
636
607
776
1559
1097
1016
302
1276
1272
1564
1282
1404
500
591
1020
643
921
309
1134
1775
1358
1008
1711
1038
1078
1666
1610
651
390
1219
429
1410
1102
1624
1381
1187
773
234
931
854
252
1450
1426
218
621
880
1504
1263
370
1632
858
99
949
984
1695
807
770
1125
992
876
862
737
585
1520
1450
1372
1086
479
411
1348
674
1341
348
931
949
838
1285
872
381
937
765
1234
970
788
1239
875
340
639
934
1101
86
1454
361
244
685
754
641
337
807
1598
1043
1085
1600
240
1343
530
1251
1426
758
1672
1075
750
37
818
644
1096
797
356
293
1201
1268
1100
780
1118
1375
1617
1269
493
569
827
1131
1330
680
815
663
812
916
677
1468

7
200
10
15
19
13
12
12
10
18
13
18
17
7
13
12
8
13
15
18
16
7
15
20
6
5
6
17
8
11
15
10
8
18
11
15
13
7
7
11
6
18
19
17
9
9
19
12
7
7
7
11
8
16
13
7
15
12
18
13
20
12
12
15
17
11
5
18
13
10
9
18
10
7
12
15
16
17
5
17
9
19
16
8
7
9
10
18
18
16
7
16
18
11
14
17
11
12
16
7
15
9
18
20
10
15
13
11
7
15
10
16
12
14
9
8
17
13
16
17
12
18
8
16
14
12
17
18
18
12
12
15
12
15
7
15
11
11
8
7
5
10
16
8
17
8
18
18
5
5
9
8
11
5
17
13
14
12
17
19
13
19
17
8
9
17
6
17
8
15
5
14
15
19
19
8
14
19
11
7
12
5
14
11
5
11
9
13
8
18
10
18
18
15
18
16
20
17
19
7
17
17
0
16
919
440
461
927
816
748
59
276
284
860
436
585
875
1230
816
497
512
436
1053
323
556
873
620
134
874
802
339
1096
439
330
521
1022
25
1141
17
1201
331
820
33
201
988
1070
660
632
189
89
332
720
367
1147
183
516
561
1271
591
960
18
982
774
147
7
263
221
670
406
62
61
557
948
1259
620
786
1128
1273
908
598
1041
631
92
878
956
582
358
830
624
236
1007
563
1227
1067
1019
1194
770
519
1216
1078
1111
370
324
127
866
144
262
659
43
1224
960
192
806
866
20
248
952
496
452
1142
158
1117
1046
454
279
37
634
783
681
1200
983
1226
434
1135
96
1081
714
1005
144
400
136
400
156
433
558
435
239
52
818
1092
173
96
1004
1259
83
277
1108
412
14
590
116
214
1016
765
1008
1145
778
810
999
92
379
1262
506
545
1221
1111
1253
610
1068
920
260
1021
67
195
1063
909
241
353
526
615
390
1060
609
923
464
26
887
188
786
562
835
377
12
72
1323
743
509
1328
1416
1003
312
462
689
1468
569
678
1214
1579
841
716
1006
474
1073
408
1074
1218
1234
158
1477
970
677
1283
692
397
934
1410
571
1357
578
1500
865
1211
288
359
1277
1580
861
661
203
216
672
1145
497
1383
448
959
632
1791
747
1543
543
1372
1008
285
82
474
697
772
804
557
391
781
1060
1877
974
1236
1580
1683
1385
1195
1290
1117
647
965
1251
895
625
862
800
252
1617
913
1857
1307
1585
1375
1289
649
1258
1603
1651
539
802
264
1064
553
756
839
521
1556
1356
763
1197
1188
206
328
1384
719
867
1533
243
1712
1117
652
636
370
933
1172
976
1309
1251
1416
970
1196
706
1109
1053
1633
189
483
398
586
548
461
923
468
425
404
1026
1461
380
669
1284
1621
601
348
1141
910
104
802
663
840
1575
1209
1228
1343
946
1371
1013
551
789
1866
1085
935
1278
1465
1282
809
1340
1435
519
1440
311
498
1586
1106
427
613
753
1050
765
1453
1104
1330
845
520
1215
666
1045
1040
1406
886

8
200
18
18
17
17
6
14
16
11
12
19
8
17
10
18
17
16
20
7
17
12
8
15
17
12
18
16
17
5
16
16
6
12
7
17
7
8
8
11
9
16
11
10
12
5
12
16
19
16
13
19
7
10
19
15
14
5
10
10
10
13
9
5
14
9
9
18
11
15
18
8
6
8
8
7
12
7
14
14
12
12
14
15
11
6
12
5
13
8
13
18
9
13
17
15
8
20
19
18
10
20
6
9
15
14
7
18
14
15
9
9
16
11
6
5
9
9
7
18
6
7
9
9
13
19
14
19
14
16
8
9
9
15
11
19
10
10
14
15
18
20
16
10
18
9
6
6
13
12
19
14
10
9
13
16
7
11
17
19
11
19
8
17
16
6
8
13
9
5
7
6
16
9
15
13
19
6
17
12
15
17
11
14
15
10
11
9
17
14
19
19
8
7
7
20
18
9
11
12
15
11
0
496
316
1074
456
951
790
1217
160
626
390
474
355
1184
245
63
325
284
359
560
956
492
336
474
445
572
840
126
222
855
55
604
783
372
1199
637
45
75
531
1051
14
1005
461
1001
837
550
1053
633
449
495
873
559
1
200
222
389
992
1025
434
370
493
310
981
907
197
1023
487
308
912
488
898
426
712
446
1050
657
647
614
1233
1167
224
629
22
755
210
1076
15
296
1185
1186
3
904
488
54
177
292
825
171
356
83
899
287
462
216
1185
1221
616
650
197
453
141
182
687
367
311
156
1151
1001
166
391
750
942
198
85
481
814
743
943
151
702
1157
462
56
867
314
1178
716
831
760
208
867
1200
899
1045
742
829
1178
755
877
1158
1167
751
1007
373
1090
498
477
405
852
1200
981
724
174
1207
650
712
346
227
175
695
20
307
44
1077
456
796
883
843
238
82
896
1059
1065
96
1139
995
924
265
208
1181
1200
531
255
1028
320
101
946
364
486
372
410
1105
370
1683
985
1146
1190
1271
527
981
764
1062
966
1718
476
456
684
687
919
821
1151
558
371
870
580
644
956
331
329
1459
411
1004
985
578
1597
1195
413
161
593
1413
112
1404
650
1622
986
1055
1626
1255
839
728
1453
734
105
794
545
968
1524
1232
601
831
1028
493
1494
1163
663
1181
584
353
1229
1052
1156
707
1129
738
1652
984
687
814
1257
1721
413
1024
75
1081
718
1308
43
697
1535
1585
310
1361
1008
514
275
781
1292
491
697
630
1258
795
632
827
1595
1687
1121
743
682
833
331
746
719
548
333
327
1280
1579
356
982
1355
1099
401
191
970
1016
1164
1421
395
716
1348
543
464
1321
520
1354
1298
1002
1115
766
1204
1566
1075
1382
1143
1061
1207
782
910
1619
1194
1349
1041
767
1554
661
632
884
1134
1418
1053
1283
454
1240
829
780
564
490
519
728
328
432
179
1568
823
923
958
861
786
552
1371
1480
1680
518
1767
1189
1127
703
523
1464
1590
751
610
1245
631
290
1479
457
548
611

9
200
18
9
11
19
12
11
18
8
16
13
17
16
14
8
18
5
10
5
6
13
14
11
10
14
16
16
13
18
12
15
10
20
14
8
14
11
18
9
17
17
7
11
16
16
15
12
14
17
18
15
14
8
12
9
18
15
17
15
7
9
7
7
19
6
15
9
19
8
13
20
6
5
8
9
5
18
16
10
20
16
15
10
6
14
15
12
10
9
9
17
12
9
12
15
15
9
8
8
18
12
13
15
12
20
5
18
13
16
11
8
17
12
6
7
7
5
15
5
5
17
5
6
8
7
20
6
13
7
17
15
9
15
16
6
16
14
6
8
16
9
6
8
7
14
15
12
20
7
14
12
9
15
6
12
13
14
19
17
11
9
7
15
15
15
15
17
15
16
7
10
13
17
18
7
16
12
11
18
9
5
13
8
9
7
16
6
7
15
12
19
9
19
9
9
19
16
15
19
7
6
0
142
621
579
215
868
432
824
617
617
1116
387
196
176
141
650
616
950
390
390
984
369
260
1205
657
743
849
747
753
1203
360
1140
451
409
168
683
628
452
3
1129
1135
512
615
1074
605
41
1112
412
965
30
808
1067
1121
116
107
832
317
889
455
976
502
589
364
20
133
426
966
428
501
405
987
626
1119
1107
727
335
386
617
1021
145
47
858
908
134
345
287
745
447
263
647
1038
62
762
1089
82
359
959
1222
229
1140
1042
1077
203
611
653
5
394
425
413
811
1011
389
211
361
443
1077
721
1096
616
142
524
235
1025
584
211
865
449
883
944
505
252
1132
290
102
158
1196
932
41
1196
581
834
482
585
503
27
695
582
699
1148
47
184
48
1015
215
257
882
468
254
756
359
432
1215
1076
587
446
960
497
84
592
727
12
691
1073
447
45
1103
391
693
239
118
1020
484
719
334
314
272
1209
1167
1203
549
1096
32
875
526
487
336
541
752
446
1131
315
499
644
632
750
894
698
1032
1064
1008
1614
954
323
482
470
1257
900
1171
614
942
1067
545
841
1813
1255
1179
927
1084
816
1818
385
1607
751
491
651
1254
1233
829
110
1301
1588
726
1044
1680
809
429
1288
660
1017
580
1221
1527
1325
305
200
980
373
915
773
1577
698
644
422
457
165
860
1091
834
1085
491
1286
803
1643
1482
1003
841
970
1153
1567
579
449
1095
1141
328
688
861
1063
990
857
1244
1211
612
1106
1639
597
426
1380
1241
433
1328
1624
1298
382
656
907
382
911
709
530
870
1614
500
609
801
549
1598
820
1303
1098
213
801
422
1144
639
609
947
631
997
1465
578
502
1388
618
633
210
1328
1358
509
1647
870
1194
1058
1128
585
316
728
1111
839
1697
360
383
85
1172
318
416
1438
961
492
820
527
925
1361
1595
641
851
997
527
362
1121
1242
121
1295
1143
958
423
1636
603
1186
460
597
1595
582
794
908
933
818
1558
1291
1617
1119
1442
471
1383
1113
590
915
973
1377
458
1426

10
200
20
17
10
14
6
20
16
16
12
15
17
11
18
17
18
5
8
7
11
10
10
18
14
17
5
7
5
7
11
15
13
6
6
6
15
12
8
10
14
8
19
15
13
13
15
18
18
13
10
19
9
10
8
6
19
6
12
19
10
11
6
16
15
6
20
6
15
10
16
16
7
14
16
5
19
7
15
9
6
17
15
10
16
14
8
8
16
19
6
16
7
18
7
15
10
8
13
16
19
12
8
16
18
11
16
10
13
15
16
20
8
8
13
20
12
7
13
16
20
16
15
9
13
10
15
16
19
10
12
8
11
12
13
14
7
6
17
12
8
7
6
14
13
5
6
13
13
12
19
18
8
7
5
11
17
7
7
5
15
10
10
18
19
17
8
12
18
7
15
12
16
7
9
15
19
15
10
8
18
15
12
14
16
13
18
13
13
6
8
9
8
8
15
12
17
8
18
8
14
8
0
1003
947
310
875
341
335
181
777
349
255
857
309
742
934
476
634
859
162
408
486
272
225
11
990
1069
1218
219
1214
1068
641
619
923
1078
58
1144
590
719
579
408
387
974
267
566
515
304
1034
914
887
32
25
1160
76
900
88
268
160
372
818
757
138
857
1082
651
544
313
318
185
718
1222
36
540
272
796
163
815
973
861
275
15
917
277
373
419
565
965
155
685
228
232
68
853
1187
478
622
239
1108
351
795
539
858
905
621
58
1072
660
172
1225
676
824
43
72
300
721
446
771
649
1000
363
529
9
822
1213
222
607
433
513
849
980
260
901
585
31
551
291
477
1007
69
872
375
499
332
227
497
1106
372
1062
77
905
808
378
1104
815
970
698
1229
216
499
510
1068
1020
224
395
124
372
213
425
431
793
865
723
728
742
24
446
281
528
588
922
78
106
693
830
834
308
619
232
284
25
947
98
287
898
309
612
379
979
443
901
589
613
1565
1453
333
1444
880
377
420
1145
437
423
992
394
872
1376
569
1196
1278
493
487
844
337
715
611
1156
1310
1609
379
1411
1615
703
1225
1190
1648
490
1702
998
777
885
601
486
1075
809
707
1065
677
1313
1126
1375
87
352
1191
629
1127
502
786
308
660
1050
908
239
1458
1622
1086
995
329
822
616
1131
1519
471
669
835
1024
416
1416
1581
999
733
588
975
495
642
770
932
1010
546
925
499
368
459
1308
1323
669
816
346
1431
557
834
570
1030
1000
961
577
1519
986
725
1557
1010
1430
210
220
315
794
899
999
1149
1033
617
952
485
1037
1613
427
1152
1029
803
1187
1342
775
1247
1033
300
961
636
898
1292
220
1311
417
620
397
492
682
1624
871
1218
291
1033
1143
660
1434
859
1252
1248
1740
243
753
579
1473
1443
550
886
547
702
814
539
962
1421
901
1036
1315
850
214
703
759
1057
1112
960
384
693
820
890
1090
505
637
313
384
142
1298
616
891
1288
434
888
990
1336
718
1224
675

11
200
10
11
7
15
7
15
8
19
10
13
12
20
17
7
10
11
11
12
11
11
9
15
6
15
8
14
13
19
20
18
13
19
11
15
18
19
12
15
13
16
16
6
8
7
5
16
20
8
10
5
7
17
18
13
18
12
10
12
9
18
18
10
19
10
7
6
7
13
17
9
20
18
10
13
7
12
11
20
16
10
7
20
17
17
19
7
8
19
19
10
10
12
16
14
9
7
15
17
15
12
12
15
18
14
13
5
12
15
8
6
19
17
18
12
12
18
8
5
18
6
18
14
13
10
15
12
17
14
5
19
14
18
11
16
10
18
18
11
16
11
11
17
16
9
13
11
7
17
14
7
9
16
7
15
19
11
10
11
14
19
9
11
7
20
19
12
8
8
16
12
14
16
9
7
7
9
9
17
11
12
18
17
15
9
15
18
5
15
18
9
12
16
13
7
19
10
19
12
7
18
0
839
8
257
929
957
914
1043
917
375
678
1196
1039
230
992
269
966
718
434
532
520
1146
252
72
573
1261
1195
1186
561
1150
752
797
1013
235
824
1058
856
397
449
456
445
877
322
1006
99
282
165
854
1230
1051
258
135
1126
858
1050
1028
52
1025
572
236
155
980
298
1132
700
1131
1183
107
1256
1184
507
44
654
857
831
323
763
293
565
862
329
692
574
444
784
1195
197
1123
270
251
382
248
361
53
170
1185
432
438
382
1123
303
114
729
1198
266
613
347
1185
1097
1251
841
812
894
1073
1263
855
341
1224
813
320
372
541
1279
871
1272
982
564
688
45
253
170
466
230
1099
1282
1171
131
483
749
847
649
966
166
938
1253
1097
797
1124
845
696
110
873
345
969
1224
826
610
634
912
380
221
140
887
4
900
1015
284
789
661
845
1224
786
459
505
804
1194
582
991
102
87
972
44
967
898
1021
647
629
485
156
417
1171
717
1199
991
185
681
1089
1279
230
599
277
1266
433
405
1175
1138
1122
1688
1018
899
1323
1613
1499
429
1179
680
1085
736
980
833
832
1729
523
380
682
1856
1575
1820
1111
1236
906
1249
1308
701
1395
1179
1298
565
952
724
921
989
888
1131
580
770
641
1214
1467
1472
340
611
1287
1083
1707
1624
285
1208
1196
627
814
1175
379
1286
1270
1272
1618
413
1610
1681
1142
378
984
968
945
784
999
489
908
1100
954
1238
835
654
949
1427
744
1537
710
675
516
889
943
219
804
1763
874
834
436
1374
553
625
930
1445
582
657
504
1445
1177
1499
1206
1279
1083
1700
1640
1273
669
1335
1175
360
963
1103
1340
887
1382
1110
844
839
310
460
790
780
751
1606
1637
1750
326
636
954
1328
1162
1008
224
963
1391
1449
1146
1381
987
1041
171
1202
689
1461
1440
1359
1026
1210
1173
741
458
665
969
381
1266
1510
880
1231
809
1498
1578
1143
638
1016
1306
1559
804
1031
133
440
1410
520
1547
1521
1471
789
954
1020
378
825
1360
1348
1486
1399
393
1190
1435
1472
251
747

12
200
8
17
20
18
14
15
16
9
19
5
16
10
10
13
16
9
7
7
7
16
10
8
18
11
8
10
6
13
16
12
18
15
19
5
15
5
6
9
12
5
18
20
8
11
18
10
18
6
10
12
16
12
5
6
10
12
18
11
6
12
13
17
18
6
13
7
11
15
5
16
17
9
15
14
19
11
7
6
19
16
10
8
13
11
17
20
10
16
10
14
13
13
7
14
18
8
6
15
20
15
20
15
6
12
14
11
9
14
19
20
18
11
19
10
17
5
9
12
17
10
7
12
20
6
6
11
6
13
5
6
7
9
14
9
5
15
13
7
13
9
12
7
8
5
12
18
14
7
9
10
8
9
12
15
13
13
7
12
7
13
15
20
11
18
17
10
16
17
19
11
18
6
19
20
15
10
6
19
7
18
14
8
9
12
8
18
12
15
7
13
7
9
18
18
9
9
13
19
16
14
0
13
5
591
34
1004
628
780
1032
552
671
275
793
557
8
388
508
949
1124
839
782
6
1005
511
751
184
586
297
636
16
1208
1104
602
726
752
368
380
809
304
846
1063
1155
1126
962
133
31
370
1140
599
509
609
302
972
1134
228
1127
337
945
452
670
1075
591
910
782
893
218
55
313
536
234
316
1103
574
736
227
708
252
860
200
198
1025
1120
508
1208
954
265
1135
1090
869
696
294
526
1175
548
62
801
442
1104
117
208
245
354
172
899
604
130
645
331
218
59
232
536
477
926
609
846
640
399
1120
1212
210
64
975
17
783
650
330
118
241
708
745
938
810
4
25
76
711
970
216
536
658
923
629
751
1033
86
736
44
287
1072
661
367
829
474
960
399
89
634
374
624
1017
806
566
839
222
642
677
192
185
819
470
696
104
847
984
1153
851
778
754
735
493
792
882
358
56
495
1188
379
842
427
719
1047
796
323
680
566
468
262
1138
861
250
267
292
642
592
1554
803
843
1180
1109
968
825
1293
917
583
920
1036
1314
1230
1346
923
86
1073
828
1253
292
1095
642
764
379
1760
1606
805
888
1167
488
582
1111
683
920
1348
1770
1186
1149
451
485
455
1323
903
565
738
660
1370
1187
407
1268
508
1431
602
853
1562
779
1315
1357
1288
375
303
436
548
759
391
1410
716
1117
532
786
746
1092
717
391
1082
1528
1074
1371
1131
673
1267
1205
1301
834
786
1105
1573
652
684
816
1004
1713
145
302
803
630
498
971
701
261
1037
689
448
624
303
1132
845
1417
763
1103
1031
630
1384
1793
608
183
1301
423
1113
756
493
338
541
1157
1326
984
909
561
161
228
1098
1483
598
1014
686
1454
942
1252
1462
457
789
373
652
1671
1267
697
1073
543
1245
736
392
916
553
1024
1304
1091
953
1401
400
683
705
551
702
968
778
1158
136
1462
1101
1632
1408
1280
994
1345
663
1005
1224
566
658
513
1632
718
1351
621
993
1068
1230
763
1003
853
494
790
1349
999

13
200
16
17
10
11
17
7
16
7
13
18
8
5
6
13
9
7
9
14
11
13
7
8
15
5
18
16
7
12
12
11
6
15
5
12
10
15
6
10
10
15
13
17
12
18
15
15
17
7
19
10
16
10
10
15
10
14
12
13
5
14
19
19
14
18
9
6
15
7
18
16
16
13
19
12
9
14
5
7
10
20
9
6
17
15
13
13
12
5
14
13
16
11
19
18
5
6
16
19
13
14
13
16
8
8
7
7
16
9
11
12
15
15
14
14
18
6
9
15
13
6
12
5
18
9
13
18
17
5
13
19
6
13
15
16
10
15
15
18
19
15
11
9
6
15
17
9
8
6
7
8
14
19
16
18
6
15
16
15
19
18
13
18
15
11
6
13
14
9
16
11
20
16
16
11
9
16
15
6
5
6
9
10
8
8
19
14
5
16
7
6
5
8
10
6
13
13
18
17
17
16
0
257
70
140
93
596
940
854
214
848
643
821
501
1046
581
508
848
676
524
426
885
441
190
210
1034
476
480
1212
399
708
709
238
413
1096
1091
639
486
128
691
227
725
307
75
621
401
637
137
1135
1105
786
177
1007
851
572
193
31
268
1110
674
559
1057
1052
1161
946
688
374
677
537
249
260
60
164
62
504
737
1087
1154
125
1188
1057
703
167
331
230
775
915
518
905
78
1065
997
355
311
873
240
1136
506
916
451
168
1144
915
810
581
11
67
933
265
361
899
1106
1119
1091
902
1175
284
524
953
575
10
660
55
154
1114
602
505
924
753
343
382
393
1126
1141
1134
1223
819
403
1028
997
1136
404
1013
1128
364
543
1127
28
947
1075
512
1191
77
257
1207
106
939
581
625
258
392
1170
1064
61
145
547
305
994
869
346
251
838
597
1101
93
233
938
279
1163
1137
806
840
989
931
808
62
24
1165
418
9
1032
380
74
781
84
1041
120
779
609
10
150
348
503
667
391
575
883
975
1229
623
1396
1139
1296
788
1283
1092
570
1126
850
922
529
1383
771
788
449
1623
703
898
1379
755
1166
1116
843
537
1322
1638
759
846
278
1268
620
1049
626
339
648
855
1141
335
1249
1223
1167
621
1463
1151
1173
322
270
802
1681
754
582
1195
1251
1770
1465
1141
942
898
781
833
844
387
275
99
783
871
1310
1698
185
1495
1241
964
617
579
649
1124
1428
684
1292
592
1546
1300
878
580
1388
450
1636
540
1328
1009
565
1325
1160
1166
653
526
123
1115
715
542
1215
1638
1289
1585
964
1527
627
813
1006
888
197
1069
477
558
1252
1218
638
1113
1113
606
934
855
1453
1163
1560
1267
1361
993
1410
1235
1247
503
1373
1737
713
734
1688
491
975
1409
1095
1473
130
627
1357
223
1357
972
1014
580
603
1532
1529
548
586
814
437
1052
1100
844
829
1390
1035
1495
193
655
1009
492
1300
1241
1293
862
1591
1414
881
231
474
1387
880
557
1372
892
527
1175
171
1351
670
1233
1002
565
217

14
200
8
17
18
11
16
10
18
11
16
17
15
13
6
19
10
8
15
9
6
5
9
16
9
6
7
17
6
16
20
18
18
5
12
16
6
10
12
12
13
11
15
9
16
19
16
20
7
13
10
18
17
7
9
9
5
6
19
7
10
6
8
8
15
16
8
5
18
15
15
10
6
15
18
20
13
17
20
11
9
5
7
6
17
15
6
10
10
7
11
11
17
14
10
6
20
8
12
16
8
14
7
17
16
10
9
6
19
19
15
18
7
19
8
11
19
11
5
15
16
20
10
15
15
8
8
10
15
7
17
16
18
8
12
6
8
19
11
12
10
7
13
10
7
6
10
7
15
19
7
5
17
6
16
17
14
15
13
5
17
14
19
14
8
18
10
16
5
14
5
18
18
9
10
5
18
19
13
9
8
7
12
14
10
8
10
9
8
19
18
12
13
9
9
18
7
15
7
13
8
6
0
539
883
482
268
742
457
194
444
380
719
460
768
43
1039
341
1110
1150
670
544
952
1044
419
352
345
468
756
436
25
374
758
784
575
381
464
383
1119
1046
229
1105
1037
657
875
804
394
716
614
902
159
21
937
266
311
1106
656
635
510
557
1087
221
235
166
354
740
669
839
1023
881
401
598
615
285
473
633
32
245
17
1115
648
1177
399
332
1063
1090
336
464
317
1111
1100
1154
542
683
658
994
235
480
687
79
1157
480
494
966
819
428
575
1147
774
940
678
828
277
454
659
1092
714
714
1026
629
1173
367
653
942
974
170
549
586
307
590
379
358
400
877
213
0
378
817
199
1127
618
1028
1049
529
176
614
404
600
493
27
12
596
532
779
747
292
368
217
402
162
812
640
130
818
427
953
811
245
373
917
42
1187
421
639
1042
783
157
119
942
42
744
709
970
450
840
107
1197
61
53
747
749
830
1130
390
965
1088
246
378
1179
528
1016
386
125
569
1290
838
588
1171
658
217
766
944
905
682
976
144
1089
900
1150
1357
1222
584
1439
1651
917
850
823
527
1264
857
166
773
1006
921
761
616
881
636
1598
1575
289
1300
1450
1223
1045
827
842
1135
708
1265
569
404
1295
716
536
1566
868
720
1109
972
1692
774
528
552
766
1050
972
1294
1351
954
839
805
702
389
1046
829
141
822
104
1575
1148
1595
592
830
1363
1444
853
853
842
1435
1590
1551
669
1128
1250
1098
679
673
1003
281
1756
726
704
1099
1102
974
888
1526
1037
1046
1112
895
433
1069
1231
1284
1241
785
1533
746
1767
647
816
1124
1420
445
1090
1128
814
607
736
728
843
1281
682
281
539
860
301
1698
739
1230
1478
700
710
869
450
1090
932
383
567
1095
879
1040
1271
493
785
291
690
378
1181
718
414
1156
488
1550
874
277
436
1081
129
1595
720
1131
1258
1278
437
153
1376
338
1257
1209
1410
1034
1324
261
1575
586
608
969
1335
855
1668
538
1231
1416
439
993
1465
970
1495
594

15
200
9
14
5
14
19
7
19
6
11
18
17
11
18
17
7
17
7
12
6
12
15
9
17
8
10
9
10
7
6
9
11
9
18
6
10
9
16
13
15
18
10
20
5
13
7
14
10
6
12
6
14
13
18
10
18
19
14
20
19
10
7
8
10
8
18
14
17
8
8
9
7
6
6
7
13
20
8
10
10
10
10
6
15
6
5
12
16
15
5
9
13
10
17
8
9
10
13
10
12
11
13
12
10
9
16
7
10
9
18
6
13
20
17
7
9
11
11
15
11
13
6
5
14
12
12
14
6
8
19
16
7
10
9
8
8
11
6
8
6
14
17
16
12
11
15
11
9
12
13
5
7
6
15
15
7
15
11
17
20
11
12
14
15
11
17
10
10
11
9
18
9
16
19
20
19
11
6
14
6
19
17
10
12
17
10
5
19
13
18
5
13
14
7
8
9
12
14
16
10
12
0
100
157
155
198
69
705
209
883
971
627
47
1105
794
585
371
597
86
285
941
533
360
477
543
871
558
306
412
129
201
255
232
1129
955
496
872
8
93
248
643
516
235
787
409
571
839
189
833
91
511
1140
96
401
96
55
1021
1083
615
996
960
714
19
475
200
375
316
632
1079
39
1051
364
901
715
16
909
1007
130
521
1119
100
659
587
255
0
941
727
1050
107
409
1026
533
566
991
826
1028
932
213
920
816
315
800
542
378
964
663
727
50
296
47
512
487
129
216
1027
450
648
127
456
982
860
455
763
1128
1057
439
980
137
1050
400
289
606
195
64
870
674
1141
890
1065
72
1142
181
354
1126
875
361
829
355
613
199
1020
762
839
678
584
799
504
468
39
582
671
874
65
36
916
1039
873
359
903
944
349
982
322
1159
790
1096
286
539
779
237
544
662
692
28
261
714
701
370
224
921
1099
366
243
590
177
776
85
695
595
764
48
286
538
624
264
654
209
1063
284
1083
1546
1064
477
1434
870
910
807
796
486
861
1008
585
515
936
819
1389
569
470
861
270
267
654
759
1546
1356
932
1138
183
491
287
762
955
436
1317
657
1136
1425
619
1394
533
1064
1263
593
653
500
619
1202
1251
993
1057
1176
1022
383
656
619
694
421
1162
1490
88
1470
590
1197
1124
606
1033
1272
361
1025
1686
668
1248
706
778
515
1317
1301
1563
639
564
1336
981
664
1487
938
1270
1037
348
1340
1335
486
990
623
704
1238
877
1211
320
569
73
719
827
175
472
1466
670
935
290
992
1239
1335
797
1220
1340
1199
555
1555
579
1183
509
534
1041
402
535
1288
920
1556
1473
1131
622
1720
609
458
1580
1356
644
1080
595
1014
456
1186
1042
1302
757
1171
993
767
637
147
608
736
1413
561
584
1396
1062
1047
807
997
1013
776
1174
458
1745
1379
1506
365
994
1130
314
720
1213
1257
457
821
1246
860
716
467
1198
1677
827
440
690
266
936
319
760
1025
918
68

16
200
9
5
15
8
20
13
10
7
7
7
6
18
8
17
17
14
7
9
10
13
15
15
13
15
17
20
5
13
17
18
12
17
10
20
12
16
14
15
15
9
12
13
9
18
11
16
9
11
8
8
10
6
15
14
14
9
17
14
18
14
14
15
19
9
8
5
14
12
8
7
13
10
18
15
20
11
10
14
13
8
13
17
15
20
15
20
11
11
11
15
18
13
15
7
6
12
19
7
11
15
6
16
16
8
14
7
6
11
10
12
20
10
18
9
16
20
16
8
5
16
17
12
12
9
14
7
6
16
17
18
13
13
18
10
17
8
7
19
14
15
13
10
18
7
5
11
14
15
11
15
15
9
15
16
14
10
19
17
9
16
7
8
6
6
7
18
11
19
19
13
9
14
15
8
10
11
19
13
11
10
20
16
9
6
13
18
12
7
15
6
16
9
14
17
13
18
19
9
19
8
0
917
131
1254
652
146
115
564
287
1001
683
1234
143
501
1094
987
941
274
922
1041
1106
699
43
612
772
1070
859
1150
616
89
621
1062
136
565
304
249
637
1231
174
276
1106
1068
917
505
1083
331
715
70
1247
852
810
961
637
1246
1081
563
208
955
705
586
256
1172
629
459
140
131
117
858
503
1171
573
652
1213
701
35
259
310
1031
405
1027
1087
21
687
978
957
1250
811
584
870
448
737
1191
82
748
407
884
1107
1123
434
809
1044
430
240
158
460
664
1124
413
922
1216
842
871
877
651
1116
979
189
324
712
349
257
1042
579
605
1158
1008
22
1190
465
180
257
881
250
301
677
941
319
652
348
130
680
330
214
295
120
747
805
100
1246
177
1039
680
17
635
531
783
471
1180
843
112
1061
471
527
1098
890
375
889
1231
87
560
874
356
862
1179
544
1138
1208
1044
397
520
434
816
820
1011
892
1118
296
394
1060
55
485
63
1035
296
325
734
400
1077
1191
406
350
1161
251
1271
1274
694
174
600
575
1612
1294
1820
205
792
1304
1332
1038
674
1058
1631
1434
1240
255
1030
863
1433
1200
1583
1132
670
967
1206
570
934
484
809
1236
1583
678
880
1127
1634
1011
572
1637
868
779
130
1557
1186
912
1082
847
1673
1498
931
750
1140
1087
829
684
1227
1138
1060
623
357
185
1367
1114
1292
719
1138
1484
1114
657
833
373
1546
620
1501
1185
377
975
1182
987
1601
1175
892
1090
807
920
1403
242
1179
426
1371
1348
1326
603
925
1159
844
328
522
864
942
1155
857
1547
1840
1090
1310
1418
1165
1734
1513
310
403
918
917
448
1462
1213
978
1559
1441
432
1698
684
282
851
1376
586
550
844
1174
933
1070
721
280
1013
744
608
928
469
1126
900
576
1285
664
1173
825
410
661
973
1172
920
1632
873
165
1568
904
1026
1594
1301
760
1132
1263
110
1051
1028
773
1167
1661
835
1569
1581
1256
986
798
927
1090
1126
1548
1234
1294
815
561
1132
683
904
412
1161
905
370
1251
459
1116
1412
639

17
200
14
12
9
13
11
18
10
14
11
14
17
15
7
16
12
20
13
7
10
17
9
12
19
6
8
6
12
17
6
9
19
6
19
14
11
18
14
10
17
14
20
7
17
16
18
5
14
18
12
12
18
19
12
17
11
11
16
12
10
8
14
10
7
16
10
8
19
20
8
20
10
11
10
18
12
7
11
8
9
12
9
12
10
16
16
7
13
8
8
13
13
18
14
20
17
19
14
9
16
16
7
11
12
13
19
18
18
20
19
19
18
17
11
8
12
15
16
11
19
6
20
19
9
18
14
16
17
6
15
9
7
9
6
18
16
15
10
10
14
14
12
12
17
15
11
8
9
14
6
7
8
12
20
11
12
20
20
15
9
11
18
13
19
7
11
7
18
6
14
13
17
18
16
15
15
20
9
18
12
19
7
14
20
16
9
20
14
7
19
13
6
9
14
16
15
12
11
18
10
8
0
1302
218
309
1265
410
220
1171
462
117
1279
201
343
80
768
1126
237
375
980
683
1055
579
868
417
963
1070
848
340
769
190
312
1277
324
1262
1058
13
765
752
230
112
494
516
431
158
1020
940
878
722
46
818
1213
991
1077
241
245
65
1148
766
198
171
419
460
57
485
486
444
410
1172
981
808
770
1073
736
1199
1239
770
1278
1056
13
1016
499
329
1244
375
565
905
1059
487
841
392
461
421
1178
826
1076
384
820
276
898
190
1188
449
1242
917
409
892
1281
425
1019
1051
586
360
291
520
512
851
376
324
1172
540
1172
830
632
485
1243
450
953
661
1275
1239
89
747
1197
574
595
492
1238
5
971
840
681
1257
611
1092
624
743
1289
1187
588
1225
623
436
517
703
1229
458
662
838
763
1046
360
241
1017
647
38
477
1272
690
882
632
928
487
1234
404
281
333
1263
720
795
852
497
786
312
428
1076
317
343
1132
14
574
1132
1310
408
1133
347
1021
1219
481
4
1126
423
1960
558
903
1395
867
556
1436
739
401
1495
220
974
676
1125
1551
739
556
1098
726
1271
884
1345
1054
1470
1199
963
891
1221
509
811
1354
889
1714
1671
85
1304
1181
754
186
805
857
627
594
1327
1077
1112
1042
489
1096
1564
1372
1530
360
832
455
1300
1206
359
524
937
793
705
535
649
1089
1009
1451
1479
1217
881
1270
1148
1526
1822
1259
1639
1559
234
1121
1129
825
1456
780
1066
1459
1626
998
945
423
745
681
1241
852
1237
724
1275
684
1241
721
1450
914
1527
1517
663
1049
1693
450
1247
1411
1128
1021
899
935
1010
1451
777
681
1649
858
1833
1091
1164
717
1848
729
1367
833
1879
1630
106
1244
1528
1167
1259
1089
1270
623
1072
1324
886
1439
1106
1319
1126
1206
1385
1663
1043
1278
757
900
1193
721
1650
1080
1299
1387
1378
1194
750
366
1590
848
208
1054
1913
867
1484
702
1135
924
1486
757
779
716
1649
1315
1447
1412
1104
849
820
719
1366
712
549
1261
228
706
1549
1483
581
1766
720
1689
1369
611
42
1163

18
200
7
12
6
6
17
14
6
6
11
11
19
14
13
19
11
16
11
19
10
16
12
8
17
10
11
16
18
19
11
6
15
9
16
6
13
19
11
15
16
10
7
15
16
17
10
17
19
15
18
10
13
14
11
11
9
10
11
15
14
16
8
14
18
7
17
9
6
12
8
13
10
17
15
13
11
18
9
16
15
10
18
7
16
13
12
6
11
10
13
7
18
13
11
15
11
14
6
14
6
16
17
18
20
5
15
20
5
16
19
10
16
18
7
7
18
14
9
8
9
9
20
18
18
5
8
18
13
19
12
20
8
6
6
8
15
12
17
11
18
18
8
7
15
12
12
11
9
14
5
15
15
10
18
17
18
11
8
15
10
9
15
14
6
12
11
15
5
16
14
10
10
7
12
13
20
10
13
7
8
16
9
7
19
11
7
8
12
12
13
7
13
18
7
17
17
11
13
11
7
11
0
640
915
116
217
418
679
736
790
1056
15
112
909
1201
1158
107
981
917
671
264
490
568
400
525
1196
688
566
359
1194
696
41
1192
220
1160
902
977
1171
13
55
221
886
1092
1058
854
1151
550
343
1089
652
590
873
1236
79
1143
1212
1221
995
301
591
1068
851
121
302
1240
789
132
961
419
43
11
837
77
1030
1236
1009
951
174
586
158
804
1013
79
939
950
985
157
775
1082
886
674
213
1085
829
120
448
547
619
255
761
989
690
339
1067
271
384
588
401
357
913
275
288
510
1080
163
91
808
560
898
725
485
48
846
141
1083
663
1154
647
162
609
385
322
457
171
187
1000
345
635
612
118
463
747
332
144
1042
1151
257
385
1163
542
943
1182
620
187
982
187
685
550
461
798
702
456
503
10
514
1177
493
622
656
1021
172
148
370
201
732
108
319
318
907
501
74
845
860
752
1012
562
1131
518
953
102
754
526
1118
1136
472
543
562
844
213
889
1134
417
904
1335
429
465
788
830
1144
901
1094
388
510
1322
1460
1296
499
1227
1548
882
608
920
716
629
1121
1796
724
836
475
1554
727
676
1220
533
1284
1098
1337
1628
37
337
634
1499
1354
1267
1097
1362
636
480
1603
916
1140
1239
1250
689
1294
1632
1333
1205
357
637
1306
1080
742
742
1334
1276
327
1487
561
184
93
1046
441
1084
1840
1273
1096
334
939
661
1429
1032
284
1032
1279
1147
169
1049
1519
1465
737
728
1125
1058
360
1003
656
630
544
1021
1236
963
649
1301
479
909
1083
977
501
1215
759
920
781
1537
790
264
1151
766
1145
1013
674
459
1250
376
1308
899
1780
955
576
1105
554
584
523
419
259
1458
705
1070
1124
254
847
1098
502
527
1645
1239
566
693
1611
879
1310
1413
884
465
1050
630
1062
1030
488
906
1218
869
648
337
896
1657
773
890
998
1085
775
682
831
616
1324
225
437
821
1061
907
592
1334
977
1082
1107
726
1636
574
1093
370
812
773
1492
1270
979
989
722
1263
390
1051
1231

19
200
13
20
17
7
11
6
5
9
10
15
17
17
12
9
6
8
7
5
6
17
16
8
11
12
7
10
8
13
16
18
16
20
13
14
8
14
20
11
10
7
12
5
11
17
12
8
5
6
7
18
12
8
15
15
7
14
5
5
12
8
9
17
9
9
15
11
14
17
6
5
20
9
17
13
6
5
10
18
6
16
9
11
11
9
16
12
13
19
14
6
12
6
19
8
19
19
13
17
14
18
5
12
15
18
6
10
17
19
6
13
16
19
14
13
9
6
18
16
6
19
15
12
7
7
20
13
14
12
15
10
11
19
12
14
18
17
5
10
16
6
7
18
10
6
11
8
16
18
15
6
8
17
19
9
18
12
9
13
5
7
16
9
8
10
17
18
18
12
12
13
11
8
14
17
18
7
15
6
16
6
8
14
20
9
8
9
10
12
6
13
14
15
13
16
15
12
18
19
14
6
0
185
821
754
187
173
1138
289
953
880
1104
622
285
43
818
423
1040
313
269
626
730
369
210
750
900
720
1196
724
1185
1155
1131
1176
425
1191
693
550
19
1001
118
108
536
887
315
718
46
402
232
55
853
13
1055
663
538
379
694
115
527
930
1204
244
848
52
549
669
1035
983
987
297
1168
395
668
996
80
1155
724
924
422
907
471
653
712
396
944
1141
948
44
234
1003
712
965
851
1085
661
641
527
869
805
651
1148
758
442
996
1200
780
374
822
391
128
228
589
1126
128
1153
158
531
579
673
1119
1106
506
832
587
1155
493
739
465
296
764
666
116
506
622
869
54
617
643
587
273
880
1173
880
327
1071
952
1090
446
295
249
1024
1175
47
278
1053
802
609
881
180
119
786
282
1133
543
693
124
840
284
723
295
680
1135
24
8
365
432
877
511
229
31
605
555
1090
834
310
502
1130
238
4
174
684
839
1002
293
1102
723
814
1043
142
216
196
391
111
328
1021
838
435
505
1341
672
1099
962
1375
1156
370
129
1233
978
1246
909
285
771
1004
818
441
860
1037
1075
1736
1074
1781
1288
1453
1253
779
1463
1063
890
428
1096
719
582
596
1298
401
913
96
931
728
314
958
600
1074
1140
829
571
847
299
678
1193
1379
387
1076
138
770
1076
1476
1027
1500
753
1691
404
912
1041
386
1641
1110
1505
696
930
829
940
841
432
1176
1732
1284
57
765
1421
754
1127
1355
1199
1051
847
1038
1436
926
1005
1655
1050
1041
1327
1578
1060
864
1166
934
325
304
725
1330
311
1684
331
758
693
1101
1137
1122
616
1050
711
1403
516
859
923
567
1082
820
395
699
1103
966
442
740
1042
645
353
1309
1213
962
722
1520
1529
1230
838
422
332
1097
1773
610
523
1361
1031
1118
1283
560
604
863
834
1610
704
1258
731
1214
740
741
415
711
1536
523
174
768
1037
1479
705
246
161
1181
994
1173
937
441
965
1437
837
467
308
1129
1113
1156
506
1322
1067
967
1499
619
732
449
619

20
200
20
10
18
8
5
12
14
20
14
6
14
9
9
9
17
12
6
9
17
7
11
8
13
17
8
19
15
18
8
11
6
9
19
11
13
13
16
19
13
11
6
10
6
9
8
13
9
12
13
11
13
8
16
6
7
6
7
5
14
15
16
14
8
17
14
8
6
20
12
14
7
15
7
6
8
13
15
18
11
14
18
16
9
10
20
15
14
17
17
12
10
11
8
17
9
13
8
18
5
18
19
10
7
17
7
14
16
8
16
13
10
9
16
14
11
19
12
6
19
9
9
5
19
19
14
10
8
19
17
18
13
12
8
12
17
13
5
6
8
13
13
11
17
18
11
8
6
12
16
18
12
14
12
10
14
9
8
14
12
8
20
12
19
13
11
19
14
11
13
15
8
10
8
19
18
12
18
6
13
17
13
9
20
16
18
8
9
15
10
20
15
9
6
6
7
7
15
7
14
16
0
1199
840
197
563
426
1165
1202
1150
877
669
905
131
819
1183
856
523
680
548
955
912
635
26
32
6
1196
215
307
570
741
43
132
695
427
570
507
151
589
7
1185
1197
312
54
811
964
217
153
213
112
523
998
1225
395
561
18
158
1106
385
181
168
126
850
116
1190
989
338
390
263
1026
454
80
142
4
483
58
184
647
268
644
506
9
1129
223
746
681
1181
868
1142
368
415
606
741
1080
865
422
458
119
67
746
885
468
1136
799
128
293
881
65
1180
379
141
551
1002
266
197
529
266
1060
28
479
998
383
1178
893
448
1123
666
408
1128
1066
782
898
1223
1005
261
1009
19
844
574
722
935
472
423
871
241
667
1136
580
416
1169
955
1084
689
1021
919
483
43
742
321
172
764
416
775
143
12
604
553
203
412
166
663
264
149
362
666
801
938
727
801
308
488
987
650
665
450
656
1141
82
171
771
92
461
1104
615
370
268
779
32
21
978
1180
108
1507
1179
521
1094
745
1274
1311
1623
1148
1135
1356
559
1277
1352
1375
1066
924
781
1027
1503
859
151
403
95
1562
553
726
776
1025
274
260
753
755
666
721
276
710
401
1419
1314
331
635
1154
1055
841
417
804
182
930
1557
1401
900
946
168
705
1597
392
542
645
494
1125
160
1660
1017
652
828
803
1426
862
697
681
523
981
611
202
1268
342
1265
602
154
1704
447
1298
1136
1538
1331
1439
883
945
1159
1077
1238
1374
788
907
696
668
1313
1069
1031
1263
1261
426
573
1420
485
1286
610
731
844
1138
291
231
804
337
1367
38
752
1215
589
1784
954
763
1189
1032
527
1534
1372
832
1209
1664
1557
412
1556
290
1166
1129
943
1532
861
817
1394
499
740
1458
1116
998
1309
1561
1432
1305
1167
1513
945
63
827
897
571
1031
513
1178
261
112
1140
769
766
665
392
857
322
310
644
917
1202
1142
1251
1122
575
740
1144
1006
1255
613
789
1742
407
461
1196
190
621
1371
709
497
718
1100
233
154
1543
1465

21
200
5
6
5
17
17
14
19
5
10
18
18
10
8
7
18
11
15
18
7
20
10
15
18
10
13
18
20
14
5
16
12
5
10
19
11
10
19
17
10
19
13
5
6
12
7
7
9
6
20
8
8
17
20
8
17
11
8
12
16
8
6
6
16
5
5
8
10
10
10
17
5
18
8
7
18
14
7
8
13
10
6
7
13
17
16
12
5
6
14
12
19
19
17
8
10
15
11
18
8
10
16
10
14
8
16
19
7
8
15
5
13
16
17
11
19
6
6
12
19
10
9
19
12
9
18
15
12
16
16
15
8
16
10
12
9
12
11
20
17
18
14
15
15
7
15
14
6
11
16
8
13
13
9
16
8
16
7
18
19
8
5
16
16
18
12
10
17
16
10
9
17
18
20
6
6
17
7
18
19
13
14
5
8
13
12
8
8
14
18
14
18
15
19
9
6
17
15
10
11
14
0
383
725
200
751
122
760
213
568
450
1128
368
132
148
351
140
451
957
499
447
225
563
619
63
1202
127
839
731
1019
9
1150
1112
1009
1172
442
1056
334
721
782
32
241
285
306
91
873
912
688
903
882
697
203
955
785
897
839
1079
555
985
458
944
1034
721
931
743
894
800
795
1158
1199
416
855
268
651
579
1193
237
986
410
699
205
667
188
1042
597
34
858
292
184
994
175
303
7
975
1126
750
446
7
715
208
598
908
663
626
1058
463
711
1028
753
934
29
234
43
294
746
613
718
412
839
572
311
203
23
1106
971
631
933
551
696
935
865
387
743
607
796
1167
725
79
1021
330
393
1064
269
567
601
751
946
1026
235
540
349
996
111
65
119
705
758
908
199
473
153
598
925
143
529
95
495
42
717
399
347
428
416
374
745
700
251
1059
331
263
572
157
476
1077
126
501
1017
216
31
129
563
845
602
121
301
333
164
288
1022
1178
669
184
868
1225
660
875
227
1307
463
949
788
1555
739
201
248
627
310
812
1240
671
828
336
731
1115
464
1778
444
935
1309
1400
167
1189
1552
1334
1767
468
1403
646
799
1305
551
783
726
843
580
1469
934
921
946
1068
1276
253
1524
1033
1169
1002
1134
967
1338
897
957
1509
846
1439
1266
1473
904
841
1744
1278
1043
952
730
691
1084
1297
420
1118
869
1192
547
1091
260
1331
975
99
974
793
709
1286
378
703
441
1082
1494
1295
611
578
1117
589
625
1478
1060
1027
1639
491
1083
1338
987
1108
206
796
219
527
1090
1210
919
763
1418
819
637
727
290
1264
1107
733
1286
599
1171
1076
1065
407
762
957
876
1319
1216
705
1371
693
633
1349
873
636
804
919
1321
1477
727
1162
613
1617
241
538
291
1034
1349
917
536
698
594
1210
1517
357
592
538
1005
117
814
797
364
847
801
995
955
1267
476
1525
581
679
1017
433
895
1611
452
852
1067
284
173
720
699
1365
624
650
341
448
473
841
1269
1495
924

22
200
19
7
16
12
20
9
6
12
14
17
8
18
18
20
10
14
20
18
9
11
20
14
17
6
16
19
19
12
13
17
18
12
12
15
11
10
13
18
11
11
6
15
13
19
8
19
19
9
8
10
19
20
8
19
15
19
5
16
13
11
19
8
18
18
20
11
19
14
13
13
18
11
14
10
12
19
9
10
11
14
17
6
16
10
12
18
5
19
13
9
14
13
12
7
7
14
17
16
9
18
19
6
16
7
10
6
13
13
15
12
12
12
16
12
19
5
13
7
15
8
13
8
13
9
7
10
15
6
14
18
20
13
10
10
9
20
15
20
16
15
7
13
7
6
10
13
11
12
7
18
11
8
13
20
7
5
7
20
12
12
12
17
10
7
13
14
19
15
9
18
18
10
6
12
14
9
12
8
16
10
19
12
10
6
13
17
8
8
11
9
17
9
18
10
7
8
20
11
12
14
0
608
397
623
410
6
66
115
600
368
251
250
52
540
875
944
581
11
867
1018
279
940
1232
62
917
885
53
97
556
349
825
644
794
1122
923
731
909
239
864
164
614
506
1168
763
387
36
502
1153
537
991
462
1232
817
1268
1109
928
462
333
332
353
451
936
439
111
179
636
327
1155
610
1123
1084
383
953
1018
771
640
935
120
1108
474
856
61
543
311
1218
1068
251
667
533
354
149
797
823
836
1161
390
133
991
1113
1132
844
270
504
475
262
1147
371
131
1271
1103
796
1071
516
607
260
1125
905
1103
546
364
760
1095
672
812
1268
300
1276
529
1262
698
363
740
412
311
549
341
440
658
995
326
1011
607
596
163
463
116
1054
961
628
733
386
23
170
653
218
627
135
745
710
1063
996
73
19
898
728
1185
435
85
215
1123
819
592
1093
1273
621
315
1040
450
228
518
1176
478
1095
1133
1044
218
679
31
955
895
1040
159
20
1240
457
803
672
143
1024
11
158
1004
568
1203
1037
254
99
344
964
454
874
296
474
930
1137
1078
1204
137
1423
1497
735
1274
1422
86
1426
1113
314
355
795
734
1327
967
1169
1615
1403
962
1476
570
1381
633
1197
923
1581
1121
594
314
851
1424
768
1158
593
1733
1290
1805
1588
1221
868
737
946
787
629
1575
743
157
722
1116
364
1371
900
1205
1521
930
1435
1395
1053
896
1370
757
1177
598
1134
414
760
892
1691
1309
408
918
1005
796
591
1321
1112
1432
1415
656
212
1272
1664
1745
1188
864
1062
687
548
1166
625
618
1562
1327
987
1249
542
1011
833
1521
1260
1594
667
390
1219
1623
1319
1328
1378
862
1527
786
1326
745
808
1375
1048
638
1106
967
1048
968
1202
636
1262
876
934
561
863
391
1195
986
682
1114
485
533
666
1120
286
822
605
896
1026
1112
1623
275
511
1472
1228
1415
745
511
650
1625
1335
613
1302
1303
967
532
1143
650
560
1105
1370
636
1148
1223
1448
508
1311
442
1241
1061
1095
533
333
1384
569
1305
1208
696
1485
344

23
200
15
8
8
13
6
20
9
15
7
6
15
15
6
6
7
16
13
12
11
16
15
8
16
9
18
9
16
11
6
10
19
16
10
13
15
18
13
18
6
20
13
18
12
11
13
11
18
12
9
17
18
9
16
7
13
14
19
11
6
7
15
20
16
17
18
18
7
11
13
10
13
19
20
9
11
18
15
11
19
8
7
15
16
13
6
7
13
8
19
17
13
7
13
19
6
9
17
14
10
8
6
16
11
8
13
9
15
12
12
5
12
7
5
17
6
11
8
6
8
20
18
8
11
5
16
8
6
16
7
17
17
8
6
13
17
14
18
10
12
8
6
10
16
14
9
9
18
12
12
16
12
17
20
16
12
8
12
16
8
8
15
16
16
15
12
5
9
9
20
7
13
18
14
8
10
5
17
15
15
20
13
19
8
16
9
18
15
17
17
10
8
14
12
6
8
15
11
10
10
9
0
854
1223
698
889
291
516
232
1154
0
1173
1188
1137
967
402
984
181
175
638
421
504
1135
937
101
240
386
1232
110
79
1038
720
96
103
202
572
1162
1056
146
832
509
207
1126
495
3
961
1066
482
1094
505
723
4
1090
518
55
831
225
315
467
96
1209
183
1104
948
851
173
179
718
1059
1152
591
707
582
762
13
967
966
973
441
751
421
139
136
59
439
1029
484
766
85
370
559
297
353
1220
831
984
883
137
1122
952
356
355
700
767
112
441
400
312
121
1016
1103
419
408
1223
931
961
763
387
281
76
752
1209
1030
1039
235
355
397
597
1195
999
326
1068
1213
1122
815
289
342
761
517
452
641
511
168
1046
380
1161
113
904
391
218
1041
449
1173
127
436
796
809
496
22
673
669
258
674
128
591
548
86
902
394
963
480
110
499
918
956
379
9
11
275
1050
1080
490
700
987
645
777
456
1009
530
427
1194
750
997
535
769
158
111
243
166
420
970
255
1392
1719
1257
1300
641
1014
520
1407
488
1485
1512
1517
1438
749
1022
614
664
1225
460
1006
1398
1078
371
732
947
1859
684
161
1188
858
438
200
826
744
1725
1470
270
1019
1090
514
1722
741
125
1032
1565
934
1401
843
1351
624
1584
571
448
1318
440
737
659
194
1727
718
1588
1168
1287
739
487
1131
1129
1707
891
1151
1210
1248
257
1412
1405
1482
514
924
508
527
752
278
925
1120
1049
1179
544
811
748
598
664
1619
939
1420
1294
551
1455
1330
364
457
871
1274
450
1017
622
340
478
1231
1188
486
745
1550
1078
1452
1298
805
648
142
859
1606
1560
1183
456
618
941
693
1297
1359
888
1124
1751
1710
1050
500
781
1259
889
652
735
1092
402
1077
724
1782
563
1261
825
806
1076
621
1397
362
774
850
1199
970
300
948
751
887
1216
428
1047
787
510
1429
942
1192
731
699
848
1256
1156
862
166
599
313
1201
1535
1056
1113
1125
892
1375
695
1091
735
1008
1413
896
1534
789
920
534
368
384
250
982
1467

24
200
16
14
15
15
15
13
19
6
11
9
17
7
7
18
19
14
15
19
17
8
17
8
6
18
11
11
15
12
19
14
19
11
9
13
17
7
14
13
6
15
14
20
16
19
20
6
9
15
17
11
7
18
19
13
13
20
17
7
10
11
13
7
8
6
11
7
17
12
8
6
13
5
18
10
18
19
10
18
20
11
20
11
9
14
13
20
18
10
13
20
15
9
18
16
20
8
16
16
16
18
5
14
16
10
17
6
10
15
15
15
17
6
18
6
5
14
13
9
11
9
17
17
19
7
9
11
12
15
5
10
20
11
8
19
19
8
6
9
18
12
11
7
10
7
9
7
12
17
10
20
11
11
15
6
7
14
18
8
14
14
8
10
11
17
14
15
8
11
11
16
12
11
8
17
6
9
8
18
6
17
8
18
19
17
16
16
12
8
10
9
11
12
11
19
8
16
17
15
15
19
0
1237
994
773
618
1047
270
502
746
1077
14
1107
113
1199
960
1257
740
618
598
698
428
59
899
984
992
970
581
1246
567
1163
672
275
369
1018
147
142
414
430
134
796
462
633
1165
146
1242
44
399
596
386
845
277
606
1243
38
855
492
747
950
116
1031
208
942
193
984
47
288
142
336
515
824
164
1258
251
812
481
738
574
829
509
274
956
191
784
900
1272
1253
464
1225
130
1127
536
149
1019
985
438
105
166
926
801
929
1237
323
1270
763
1238
1133
1004
500
442
735
1084
1223
1253
1277
998
131
47
293
13
73
1085
1123
729
973
55
178
1223
1079
995
1160
59
733
46
428
548
635
1054
37
38
140
327
349
678
405
445
505
479
1224
673
1007
1114
228
783
760
265
1261
509
814
1120
809
599
701
384
365
546
917
273
796
258
12
702
887
715
1106
451
1080
628
898
752
1204
836
382
282
906
608
61
682
578
160
895
25
1208
1252
745
1077
964
927
1125
190
1044
545
1842
1199
1108
896
1131
448
1134
959
1357
118
1208
375
1268
1225
1874
1264
904
787
852
622
341
1126
1113
1231
1042
1013
1427
776
1792
733
815
820
1041
660
342
913
732
258
855
489
799
1357
213
1598
113
864
663
538
873
718
1129
1700
425
1401
917
1369
1171
286
1377
412
1434
735
1190
106
745
159
525
725
1447
279
1508
322
1425
1003
1160
952
1474
900
439
1390
437
1145
920
1899
1642
795
1573
370
1596
992
563
1462
1464
677
650
533
1291
1160
950
1621
586
1413
822
1419
1482
1643
586
1014
1387
1356
1508
1463
1334
1134
260
376
604
256
709
1414
1619
1094
1047
130
806
1569
1651
1606
1340
375
1050
611
526
801
787
1432
142
509
307
668
410
1082
788
877
1130
809
1875
982
1667
1464
242
1131
888
861
1827
600
975
1345
1324
859
1185
653
436
696
1075
760
1322
508
76
930
987
978
1663
906
1423
949
1541
1277
1564
1378
743
362
1270
1209
653
993
728
794
1530
521
1771
1455
764
1408
1385
1246
1393
505
1509

25
200
9
16
17
10
8
13
7
20
17
8
6
10
10
7
8
11
11
18
10
19
16
9
17
9
10
9
12
10
9
5
15
15
6
17
12
16
10
5
13
14
5
20
15
9
12
12
5
11
5
11
9
6
9
17
14
7
13
17
12
17
5
6
14
12
20
20
11
16
6
18
11
19
15
15
15
15
14
18
16
6
6
15
13
9
7
20
7
12
5
8
9
5
19
9
10
15
12
8
6
6
10
10
10
11
14
18
13
9
15
11
14
6
7
9
17
12
16
18
13
7
12
6
7
12
19
19
9
17
9
12
12
18
6
9
19
11
7
9
10
8
16
15
17
17
6
17
11
19
10
8
20
20
13
9
18
19
17
7
14
8
10
7
7
15
16
8
19
8
14
18
13
19
9
5
17
15
6
6
8
12
18
9
15
16
12
15
17
15
6
10
16
9
20
13
9
12
15
10
5
19
0
875
784
478
629
941
512
905
1145
565
130
592
346
25
102
872
1124
672
623
1063
391
91
20
1021
222
971
212
559
723
140
613
1031
849
712
983
542
286
562
625
121
939
74
1183
293
1117
445
442
562
243
562
43
503
1160
1066
61
523
144
744
945
1007
1087
1091
227
297
611
561
887
1067
1026
371
704
258
322
978
1176
1018
452
256
507
168
1142
167
813
442
37
466
87
1045
115
679
254
114
639
917
662
1161
267
1116
1120
485
634
88
682
617
490
1197
631
305
22
768
276
52
623
952
36
233
470
290
424
700
72
69
558
555
89
195
484
994
777
1003
87
272
995
377
77
537
115
194
255
1148
780
621
518
617
192
1112
1027
1073
376
1069
985
51
1039
956
855
825
636
443
257
820
580
390
1194
140
874
433
401
598
168
179
945
1156
560
600
384
1097
36
381
64
1185
568
661
66
901
316
901
327
61
358
509
128
493
409
989
814
437
727
390
344
213
159
934
886
984
682
965
1029
1307
1277
591
554
919
928
169
292
1019
1691
797
1011
1304
520
189
554
1585
674
996
384
1043
879
205
923
1064
880
928
1201
933
591
741
1013
202
1313
341
1799
368
1273
883
723
595
499
947
301
1104
1421
1174
623
628
212
1318
996
1472
1599
1316
345
690
657
943
1258
1665
1109
574
1263
757
441
1042
1396
1544
606
609
569
638
1280
723
1079
922
410
978
306
1121
562
1157
578
188
1255
1270
801
1532
688
1634
1295
491
1133
610
1071
739
894
1784
799
551
175
851
509
89
1060
1027
411
341
958
496
997
1161
627
159
720
758
529
793
584
1339
961
1200
648
528
1469
671
310
1025
561
319
528
1714
1360
953
647
954
312
1513
1063
1128
616
1430
1035
159
1493
1464
891
1022
879
781
379
925
661
701
1307
368
1285
752
614
710
188
371
1394
1270
853
1018
442
1652
548
474
84
1769
731
892
547
1127
494
1492
808
395
867
603
231
587
614
1149
1372
819
1039
462
601
779

26
200
20
20
7
10
10
9
8
18
17
14
19
18
14
8
17
12
12
19
13
5
10
10
13
8
19
14
7
12
16
7
8
14
6
10
17
8
13
17
11
8
20
7
11
9
7
9
13
14
8
11
14
10
11
11
14
7
19
20
19
15
9
9
18
19
14
14
6
7
9
12
7
14
11
11
6
9
18
17
5
19
8
9
10
13
8
14
5
16
7
20
15
13
9
5
8
13
16
11
10
19
10
11
14
20
18
6
19
11
10
13
18
16
8
18
10
7
6
18
11
17
11
13
17
20
13
14
18
8
14
14
10
19
19
9
13
7
6
9
19
19
9
7
12
6
16
15
8
11
19
17
16
8
11
18
19
10
5
6
18
13
10
10
17
6
13
17
12
19
14
10
10
11
7
5
18
10
9
12
19
20
20
19
19
17
14
13
17
14
9
7
8
11
16
7
15
16
8
10
12
10
0
119
1130
529
1248
548
533
795
881
310
437
507
1245
1166
662
514
725
810
232
563
274
164
642
246
739
954
791
15
1211
180
1231
435
183
1188
1097
961
617
472
367
151
720
1155
817
1103
274
1022
839
296
543
1070
1188
1092
149
1176
636
99
1153
122
1056
158
251
308
932
630
555
656
571
23
144
526
490
358
341
646
40
841
1127
149
211
228
453
685
188
427
1058
474
355
777
334
517
71
503
589
816
402
37
241
94
147
1241
809
586
330
946
219
169
505
330
1045
894
795
823
471
1168
499
319
562
690
965
347
647
344
1035
506
422
1183
270
828
527
956
771
840
505
1039
293
1014
867
994
1217
371
430
1113
582
919
653
168
745
215
635
1214
860
191
754
190
5
1068
1108
145
891
1002
238
833
1241
240
287
280
509
482
341
524
280
713
347
423
1042
172
1093
212
1149
1005
165
693
658
15
602
523
883
787
921
693
1098
624
737
945
708
1052
624
958
835
90
260
661
1711
565
1270
654
976
966
1235
930
974
538
1860
1565
1031
697
825
1051
459
1044
308
214
1005
544
1221
1540
1383
70
1303
804
1666
523
523
1684
1180
1482
935
1018
872
220
1149
1395
871
1642
390
1605
1388
321
928
1176
1576
1379
455
1719
890
146
1672
726
1691
473
595
830
1515
917
732
1226
646
141
232
739
894
613
596
733
457
1143
1439
520
372
855
1037
1257
475
451
1222
820
837
991
936
856
635
1036
1043
1201
759
403
338
552
497
1593
1391
1158
676
1255
829
714
1088
479
1110
979
1036
1172
590
1564
588
943
639
784
1529
929
914
509
1089
554
529
1256
699
1301
1002
1413
966
1153
751
1235
656
1228
1221
1098
1478
763
934
1440
959
1386
973
288
863
234
867
1263
1327
298
1029
609
182
1195
1664
420
1530
1540
698
988
1592
698
618
704
885
910
656
816
901
880
905
500
1129
365
1722
475
1422
1592
644
806
695
76
785
612
1192
1106
1227
810
1194
873
1212
1294
1170
1186
1209
1276
1000
571

27
200
5
7
17
20
8
15
19
13
18
5
19
15
15
15
10
9
9
5
20
10
5
9
12
13
12
17
14
19
16
16
20
14
12
12
10
17
6
11
16
13
10
15
6
10
19
8
20
7
16
13
11
9
7
8
6
8
15
7
7
7
13
17
19
17
9
14
9
16
11
17
6
19
14
18
13
9
19
18
5
13
6
17
13
20
5
13
18
17
6
13
15
7
12
11
8
16
15
15
14
7
15
19
8
20
5
6
8
19
16
7
10
6
15
18
13
10
9
15
15
13
12
17
16
12
10
15
12
8
8
15
13
10
16
6
10
17
17
13
10
18
14
16
15
7
19
15
17
10
9
6
17
9
15
17
9
18
9
8
10
19
10
12
16
6
7
7
9
19
9
15
12
18
16
7
10
13
11
6
5
7
13
16
14
10
12
8
10
6
6
20
7
7
11
18
19
5
19
9
15
15
0
1112
573
368
926
571
1014
783
1091
610
1011
235
128
713
177
122
1147
1079
776
487
163
1199
425
1103
857
112
721
416
48
696
78
1142
13
1224
109
1158
835
1190
1223
687
575
970
742
706
825
103
49
155
1045
879
760
172
208
1078
145
728
254
1037
311
351
289
240
677
368
675
1232
594
890
1031
979
127
1089
185
1018
1201
856
597
527
810
346
626
1161
705
683
594
119
590
1079
1097
313
475
583
992
505
173
949
667
470
639
334
746
84
62
220
606
249
508
463
419
600
760
1170
2
661
1014
1112
650
646
32
252
773
1156
509
1061
148
433
817
142
1123
773
1208
606
638
541
167
974
860
665
370
885
228
823
1166
369
97
618
745
899
1130
703
941
1008
1179
652
828
851
872
855
425
1103
288
317
684
703
323
105
81
1043
783
604
1144
126
150
1121
96
344
176
1076
71
1065
513
225
125
902
85
860
497
597
304
789
1018
549
915
1017
1031
1203
847
888
1176
315
513
1574
891
507
1187
1006
1560
1177
1266
1058
1171
505
730
1245
715
591
1660
1172
1263
525
523
1779
527
1663
1069
691
935
716
552
1073
294
1594
299
1237
172
1751
1130
1809
1560
1210
667
1070
793
1191
1216
448
224
437
1496
1261
1257
465
642
1591
619
813
595
1127
581
385
756
541
750
805
887
1263
1052
1247
1577
1214
584
1232
291
1198
1491
1237
991
1069
1380
476
1186
1687
1000
762
1058
204
928
1613
1444
410
771
620
1519
914
548
1225
1281
851
856
683
968
628
404
739
817
409
592
1016
655
1110
1316
1252
148
1061
1417
1491
683
753
470
570
943
1541
913
1113
503
1054
1184
746
1448
1102
1659
1065
1122
592
436
1305
1106
861
853
1391
489
870
1552
481
191
1130
816
1463
1163
1188
1531
1224
1288
806
883
1465
1212
1378
543
1203
768
710
1068
798
441
200
235
1640
1166
1004
1747
696
440
1551
668
381
656
1231
385
1198
751
482
339
1153
351
1333
1014
1163
648
875
1609
872
1033
1521
1434
1301
1355
1341
1356
644

28
200
6
12
8
20
10
11
6
8
19
17
12
5
17
19
10
12
18
19
17
10
13
8
18
12
18
19
10
11
19
20
8
11
10
8
17
7
7
10
16
20
5
12
12
6
9
17
18
7
20
15
18
19
14
7
9
8
14
20
7
16
8
15
7
15
16
5
8
15
20
10
20
10
8
6
18
12
18
6
9
17
19
15
17
16
20
11
18
15
18
18
12
12
7
6
13
20
10
10
12
8
8
13
9
8
8
15
6
13
17
7
7
14
12
17
8
6
6
19
20
12
14
15
12
20
14
18
10
19
14
13
17
17
9
17
12
6
11
10
8
18
12
8
14
12
6
6
14
10
13
11
6
9
16
10
11
6
14
11
17
17
20
20
8
13
18
11
19
12
19
20
11
11
13
15
8
7
17
9
14
13
19
17
8
8
13
19
10
16
9
14
16
17
9
8
13
19
17
8
9
12
0
547
982
878
332
766
1021
1129
45
634
632
601
985
339
1072
920
579
65
775
239
414
1167
948
197
842
179
711
885
928
1249
797
766
122
457
1000
6
1197
736
211
1171
640
684
815
663
497
663
755
567
1031
77
563
1105
575
1197
1013
834
199
1034
828
480
11
689
717
570
50
926
208
231
218
619
1212
69
736
2
957
1192
131
1137
975
737
1158
1147
760
208
1255
1230
224
189
903
243
1250
299
108
953
587
905
1065
289
98
1224
1252
645
1095
548
128
797
1123
1034
1125
928
726
940
207
749
326
986
109
959
1094
1248
695
1074
150
1041
721
32
377
901
998
268
925
1262
859
1248
162
750
882
1015
143
188
1243
676
958
1199
972
1026
813
381
257
279
435
1135
865
1252
842
731
433
1217
739
203
1230
869
433
1052
1061
504
665
609
960
713
715
1088
1162
1221
745
782
866
1127
1261
315
72
558
841
44
1148
614
304
1105
739
345
447
253
309
387
233
1183
413
522
434
581
303
951
1227
1368
663
1302
1584
1512
488
1171
1017
627
1422
763
1320
1552
1097
640
1119
861
896
1728
1081
437
1025
450
1072
1320
1136
1795
1068
957
640
672
1477
345
1743
810
838
1258
809
853
1300
1292
695
806
1144
1000
1488
308
695
1142
936
1710
1132
1212
495
1647
1323
694
133
1092
788
666
378
1376
739
775
437
1213
1681
595
1235
315
1482
1400
493
1569
1564
1069
1648
1624
1388
318
1287
1403
855
341
1557
606
1382
339
549
1518
788
1286
1120
559
687
1356
1615
1009
1431
1034
328
1117
1205
1145
1293
1408
1060
1099
769
1102
720
1186
406
1368
1568
1268
1289
1418
291
1669
1242
628
653
1288
1553
778
1100
1313
1198
1550
375
1001
1356
1569
226
563
1589
858
1024
1243
1459
1607
1405
639
546
535
517
1231
1488
1769
1000
755
953
1310
1026
570
1832
1397
538
1544
1342
642
1049
988
1430
1292
870
1397
1692
1409
1286
1143
1454
1556
1710
454
606
731
1112
149
1588
1259
775
1228
895
443
974
444
403
457
851
1543
902
888
621
973

29
200
15
12
19
16
17
19
13
16
13
9
17
12
16
5
10
6
11
10
7
8
19
15
13
19
7
20
5
13
9
12
19
7
18
9
15
7
12
12
12
20
16
18
6
16
14
16
8
7
9
16
6
17
6
14
9
8
11
11
16
19
6
19
15
8
9
11
5
9
5
13
11
7
10
8
12
13
7
12
18
10
7
17
19
13
19
6
20
20
7
19
12
13
13
8
20
11
16
18
13
16
6
14
15
11
18
15
19
10
10
13
14
15
15
16
11
6
9
8
10
17
10
18
17
9
8
14
6
13
16
8
17
6
11
13
9
11
17
12
12
12
11
11
10
18
11
12
6
16
6
11
11
11
16
7
8
20
6
17
12
20
14
13
12
14
7
10
13
7
9
10
20
6
19
15
12
18
12
11
13
19
13
8
19
6
19
10
6
9
8
10
13
11
14
18
7
15
14
5
10
6
0
235
704
718
519
952
209
1180
182
1162
1056
652
973
185
304
158
466
267
766
108
1016
200
175
981
1083
594
745
619
448
683
1053
296
1203
416
399
399
583
1226
925
355
552
785
786
852
687
965
521
850
536
945
1160
954
92
835
251
746
1209
49
1206
388
1081
1055
363
266
241
255
353
372
254
3
641
565
27
142
315
958
321
614
867
1106
819
573
1019
939
546
956
831
875
766
879
1004
374
242
939
1101
977
418
112
1025
797
588
566
876
15
612
909
1070
678
1057
812
299
678
1137
1219
592
855
304
949
1073
514
162
936
741
303
284
958
474
50
575
77
1222
643
69
400
885
23
1120
804
372
988
273
1125
424
1202
585
996
932
307
866
311
326
692
305
263
598
1172
986
852
800
675
56
1201
557
147
751
1019
113
100
865
965
32
446
150
238
580
46
1211
205
212
163
1155
118
590
633
143
1091
333
327
783
708
901
548
1160
577
680
814
888
599
655
412
459
762
829
785
682
1404
372
1271
520
1224
1623
716
1594
470
499
270
654
509
1027
150
1261
692
697
1238
1360
1202
929
880
994
754
1628
576
1358
609
739
932
692
1816
1207
471
928
1037
1254
1407
1179
1454
939
1453
987
1002
1186
1110
428
1419
439
1101
1354
454
1422
796
1367
1524
518
646
782
537
690
748
488
430
1258
938
65
540
467
1162
428
1091
1301
1648
1303
658
1590
1391
926
1543
1240
1324
1000
1204
1609
798
727
1411
1535
1325
874
321
1226
972
768
1170
1490
285
753
1060
1371
823
1613
1079
669
912
1292
1512
873
1158
848
969
1402
553
411
1132
865
838
299
1467
832
388
744
540
1595
1155
198
494
1294
129
1597
995
533
1288
661
1151
916
1505
748
1506
1392
650
1269
709
810
925
432
613
963
1547
1174
1363
1066
904
280
1424
1047
347
950
1525
379
623
1364
1453
69
1038
722
343
1119
522
1482
641
555
728
1215
453
835
1248
194
1487
622
486
1183
1302
1428
744
1346
909
1280
1284
1369
1146
1166
455

30
200
18
11
19
14
8
14
13
9
16
11
9
14
9
16
12
17
16
14
16
10
19
16
15
9
16
11
18
8
13
13
14
19
18
15
15
11
19
14
15
16
14
19
18
17
6
15
9
6
10
11
6
8
6
19
17
14
18
5
18
17
15
9
13
6
6
17
16
9
10
12
9
7
17
8
8
13
13
17
10
17
10
14
14
12
16
13
11
9
7
6
5
16
18
16
17
15
10
18
8
9
14
18
14
10
13
18
13
6
11
6
9
11
16
16
9
15
14
19
15
15
11
6
20
6
18
20
12
12
15
17
16
12
18
17
19
11
11
8
18
12
9
14
16
17
18
20
16
10
8
16
7
17
6
10
7
6
12
11
19
14
15
7
17
19
7
14
17
7
12
13
20
6
17
19
15
14
12
11
6
6
20
16
10
8
18
18
11
19
6
12
14
19
10
9
10
16
8
15
18
18
0
158
1034
172
1275
757
881
318
997
846
1013
273
643
378
325
1221
1090
1065
892
785
1217
335
140
324
983
1214
544
197
145
1289
1114
1284
364
293
927
437
752
1206
1196
768
1114
36
845
915
365
539
827
1195
430
711
401
1222
500
399
597
779
1102
346
699
728
235
234
372
69
1041
2
1089
304
191
240
1200
154
1272
717
505
932
156
676
842
384
1013
1266
259
535
779
680
1232
824
768
655
480
751
209
527
414
301
349
127
628
167
39
766
330
489
983
760
171
118
964
890
391
364
1054
571
734
854
1215
108
360
616
1147
278
575
1141
381
250
791
1045
115
736
975
1282
781
347
1005
72
453
1182
1041
430
1161
1163
1166
300
769
918
505
1250
1008
99
584
514
178
497
80
1018
1105
1281
112
261
251
1119
665
532
332
339
784
18
582
916
108
765
468
45
3
869
1067
1210
575
341
704
646
952
1082
415
511
418
360
161
152
1275
35
52
1097
560
885
567
672
208
340
193
535
1358
622
1913
1366
1211
496
1483
1297
1200
396
1098
548
777
1476
1698
1103
963
795
1535
904
662
354
1407
1737
1179
675
551
1877
1219
1930
752
622
1082
478
1134
1366
1528
1334
1165
656
1004
1539
820
623
915
1689
1042
1061
414
1392
646
634
788
876
1429
589
901
823
418
321
723
361
1453
584
1343
862
210
631
1483
422
1366
753
763
1248
211
1225
972
973
1617
1569
617
1183
1310
1104
1576
1077
1193
1094
772
843
833
1125
791
427
522
484
1119
721
216
1111
993
549
1469
1319
620
343
1207
1537
570
903
1691
1122
1299
1379
1626
592
928
1279
1623
395
729
1543
512
773
1311
1575
649
1184
1610
1595
932
627
1147
195
613
1495
1544
945
1261
1261
1202
812
1215
982
1159
1871
1100
412
1181
768
712
1015
181
1118
1498
1443
143
339
352
1720
925
1081
895
756
978
115
931
1293
172
1196
499
512
314
944
1187
1229
1025
581
1274
1078
1344
1101
810
1044
821
992
678
593
1532
75
499
1298
688
1317
705
934
739
743

