1
20
19
14
17
9
16
9
15
15
13
10
19
20
16
7
12
20
8
6
12
11
0
116
50
124
65
52
99
69
21
67
92
119
43
51
31
101
11
75
111
20
55
163
78
146
94
101
172
101
44
124
142
193
119
115
108
133
19
99
142
48

2
20
12
12
15
9
6
12
17
18
10
17
6
5
15
14
12
16
19
19
8
13
0
98
94
4
106
5
19
61
50
101
34
127
30
14
93
69
41
10
108
113
58
161
158
58
142
57
94
83
76
146
49
142
54
43
117
94
96
86
151
167

3
20
12
8
11
6
6
9
16
18
10
19
17
16
17
5
18
14
8
15
11
12
0
43
119
109
7
76
52
104
107
11
67
25
54
112
19
48
36
68
13
44
49
109
172
142
25
130
100
173
162
62
97
89
125
164
72
66
61
140
57
65

4
20
19
12
19
12
18
16
17
19
9
10
15
14
15
13
17
15
18
7
15
16
0
38
22
38
70
15
40
44
140
60
93
42
67
98
137
132
148
38
60
109
38
54
53
121
156
47
115
70
166
135
149
118
145
148
183
153
221
93
121
128

5
20
5
7
16
15
17
7
13
8
17
19
6
6
15
13
19
17
19
14
7
18
0
68
22
103
27
103
121
13
58
82
85
82
81
10
56
120
27
6
5
64
43
78
68
140
56
170
147
43
75
132
105
110
148
76
88
169
104
48
24
123

6
20
12
19
19
7
17
8
9
9
16
17
15
6
13
9
13
10
20
18
7
10
0
28
114
95
112
122
19
21
55
123
120
4
116
99
39
120
6
18
89
109
38
81
169
108
159
170
49
35
114
183
193
22
180
110
91
188
66
86
115
174

7
20
10
10
16
11
10
9
6
17
8
9
9
13
14
10
12
19
5
8
9
6
0
65
100
38
78
66
102
44
75
8
22
93
87
5
89
55
46
94
29
41
23
107
143
88
134
99
115
87
107
18
59
125
133
59
146
86
98
142
58
65

8
20
8
7
12
9
7
11
9
10
10
6
14
8
16
8
10
11
12
10
13
12
0
71
85
87
36
15
66
90
40
46
20
62
78
57
45
37
57
65
20
22
29
105
141
120
57
45
122
148
84
61
82
86
135
77
97
62
75
80
73
79

9
20
11
17
19
18
9
9
19
19
16
16
11
9
10
14
18
11
6
18
18
13
0
45
139
93
128
132
54
58
115
124
19
87
25
104
138
8
31
107
124
35
55
99
199
174
203
210
90
89
159
202
74
103
45
144
157
39
104
190
145
50

10
20
11
7
6
20
11
13
16
14
16
11
6
12
12
11
19
15
14
12
10
11
0
108
96
88
84
95
22
68
26
76
84
103
19
101
71
96
29
93
84
61
52
137
145
154
110
154
77
91
86
113
97
172
69
149
127
161
88
122
113
75

11
20
10
11
18
20
10
18
10
12
10
15
20
9
12
19
10
19
17
8
9
11
0
6
98
93
27
80
109
132
42
57
63
90
15
14
30
119
56
133
15
89
32
63
116
178
82
100
126
169
102
120
146
112
49
79
76
148
106
176
31
122

12
20
8
19
5
11
13
12
12
5
15
17
8
8
18
10
8
19
7
15
14
7
0
71
40
62
115
45
88
102
85
37
16
59
97
25
55
67
112
15
113
96
23
146
64
99
180
91
139
156
153
93
60
67
122
91
86
139
123
65
147
140

13
20
20
10
16
12
12
15
10
14
6
6
14
13
11
8
8
10
18
9
18
8
0
99
111
12
86
33
59
25
55
74
81
74
79
82
41
8
88
118
56
82
51
153
160
82
99
49
122
45
66
111
142
110
131
106
61
42
114
170
132
124

14
20
19
14
19
16
15
19
10
13
15
19
11
19
15
9
20
7
11
12
8
16
0
128
98
31
60
48
103
71
126
74
130
57
125
62
106
69
132
29
25
60
87
198
160
92
103
87
128
145
192
158
204
78
191
127
147
128
182
73
57
106

15
20
18
6
13
18
20
14
14
18
11
18
20
18
16
9
7
8
12
12
11
19
0
127
60
27
116
129
112
99
99
134
111
18
38
108
116
76
91
47
61
62
55
164
81
66
148
204
157
138
163
186
149
37
122
142
128
88
155
64
127
113

16
20
15
10
13
18
20
20
17
9
8
18
9
11
11
11
9
11
18
16
9
18
0
67
128
84
60
10
42
66
0
82
5
77
56
34
121
27
10
23
133
129
31
81
149
165
101
33
93
111
55
152
40
155
85
70
149
65
53
63
176
190

17
20
9
18
14
18
16
10
11
17
7
6
8
5
9
6
6
14
18
18
8
7
0
5
83
36
32
77
110
2
40
89
20
28
104
100
78
81
24
91
99
22
49
27
132
68
88
118
121
31
97
120
73
81
118
132
131
128
53
116
137
65

18
20
7
19
20
10
7
15
17
9
8
11
6
6
16
18
11
14
15
11
5
16
0
99
39
53
112
48
41
39
94
34
47
118
93
43
45
53
12
68
36
84
15
131
82
69
137
64
69
81
151
71
87
140
119
109
83
68
77
134
56
132

19
20
5
11
6
17
19
12
19
10
11
16
6
11
11
14
7
13
18
8
12
6
0
63
46
111
20
80
76
72
58
10
50
17
4
113
95
49
33
95
94
74
36
116
96
140
80
147
130
89
124
36
70
81
38
150
155
109
63
158
141
101

20
20
11
8
14
8
12
17
9
15
9
5
16
19
9
19
5
14
5
19
10
9
0
13
16
71
70
92
8
27
80
12
22
36
9
7
84
12
95
89
23
107
49
33
44
103
111
150
49
63
93
39
57
105
49
80
103
30
117
111
46
144

21
20
10
15
7
17
18
9
9
10
17
18
12
8
7
10
8
19
9
10
13
6
0
6
60
35
15
52
59
58
102
68
86
74
85
107
103
114
61
63
70
44
55
34
119
69
39
91
99
107
138
110
134
108
133
166
157
188
127
109
86
76

22
20
15
18
20
6
19
16
19
14
10
19
9
16
16
10
9
6
19
6
9
11
0
70
68
55
45
58
76
34
59
31
1
0
24
55
25
80
31
131
64
14
37
122
112
69
69
98
145
71
107
79
69
55
54
84
54
121
103
181
74
63

23
20
19
13
18
18
9
14
14
6
6
14
6
18
5
16
8
15
6
18
10
17
0
26
96
91
50
118
50
110
3
120
35
110
11
93
51
82
45
108
15
86
52
59
147
150
110
132
126
138
15
159
54
143
46
163
86
108
59
154
53
139

24
20
6
12
13
13
17
6
11
8
10
14
7
5
16
20
10
17
17
9
18
16
0
28
110
47
115
31
119
55
80
111
81
3
8
12
66
20
26
48
16
110
45
91
169
85
184
49
186
90
106
164
103
19
77
64
97
49
49
70
64
134

25
20
9
12
13
13
8
13
18
8
18
7
10
8
9
6
20
19
8
20
6
10
0
12
60
110
32
20
17
70
51
89
76
107
34
5
37
109
39
28
10
85
20
39
74
124
66
73
48
110
79
152
133
142
61
47
94
177
94
92
67
123

26
20
16
8
19
9
6
14
12
19
15
14
13
18
5
19
15
13
18
19
19
9
0
10
97
18
11
76
65
56
1
129
80
26
131
89
127
92
15
10
75
92
57
71
121
93
61
158
95
98
38
166
98
99
166
168
197
174
99
40
130
127

27
20
5
7
10
7
18
15
17
13
13
9
6
10
19
14
15
11
18
17
9
20
0
101
112
88
75
118
32
58
19
23
26
122
34
125
35
66
71
26
15
3
31
116
126
112
124
133
65
119
40
90
69
189
65
167
68
110
107
50
45
62

28
20
19
18
14
9
19
13
16
12
17
20
10
19
11
6
9
5
18
5
13
19
0
92
99
122
110
30
108
43
83
135
127
87
6
64
18
19
21
60
121
41
27
112
125
165
143
83
127
59
163
214
139
123
84
111
75
67
68
130
157
99

29
20
9
20
17
6
8
11
8
14
15
19
16
5
11
18
19
15
18
11
9
6
0
52
59
39
13
24
87
109
21
127
126
86
81
18
85
91
112
61
1
21
52
77
124
59
51
95
147
135
94
152
161
118
114
76
125
107
173
131
61
67

30
20
8
13
13
11
19
6
15
8
18
18
11
10
18
5
11
9
14
7
18
8
0
10
58
116
104
33
73
100
52
62
116
10
14
113
96
48
14
102
35
77
21
30
88
138
182
76
107
140
70
125
132
60
32
177
155
69
49
151
56
141

