1
250
9
19
8
18
20
8
19
7
6
17
8
17
13
14
16
6
14
19
11
13
12
18
9
16
13
10
8
7
19
14
7
15
9
7
6
13
10
19
10
6
16
15
11
6
15
7
15
10
11
10
6
13
6
11
5
11
6
18
17
19
11
19
18
15
12
10
16
8
18
16
19
15
5
14
7
19
6
19
7
20
18
17
10
6
17
20
8
13
18
5
11
12
13
6
18
10
16
16
16
14
5
16
19
11
11
20
15
19
10
12
15
16
12
7
9
16
18
11
20
19
13
7
12
20
8
12
8
6
8
13
20
12
17
9
11
13
15
6
14
16
16
8
14
15
16
18
12
11
18
15
9
7
16
11
15
15
19
20
12
19
19
16
13
15
14
7
7
18
13
19
15
6
20
8
6
17
10
12
15
6
8
12
16
11
9
18
18
19
16
18
9
15
20
10
17
9
12
15
14
19
14
15
5
6
11
19
20
14
17
12
17
18
12
13
17
12
17
14
10
11
6
15
18
14
12
7
11
14
20
11
10
18
16
10
20
18
15
10
5
10
18
5
9
8
7
10
18
19
7
12
0
984
1169
176
920
602
1243
1022
1600
498
1589
229
585
590
832
1094
1019
279
1086
376
887
991
1359
148
742
1088
810
1488
872
1315
1327
191
571
685
1368
583
1592
959
1415
971
790
1275
1608
969
60
1060
523
464
694
909
50
1458
490
66
957
442
1399
1331
580
404
528
871
5
869
1521
1414
1281
1584
1274
288
407
997
387
538
534
763
425
1468
711
670
634
558
890
105
1075
529
1272
201
439
1462
942
24
384
1008
1515
456
1400
489
1229
995
417
892
1467
1514
1181
1207
1394
690
468
980
1051
1530
165
27
1615
1069
172
441
397
678
1012
566
173
1049
373
715
1169
422
1088
564
162
750
133
1470
783
1362
555
155
964
1071
1261
32
638
1286
88
572
488
213
849
761
741
1550
1238
1435
53
167
1084
251
221
660
1307
1498
535
394
569
362
485
1058
618
1218
1154
1462
1288
332
1259
1485
1051
654
904
763
331
465
905
922
713
818
992
1430
518
1145
993
1116
1004
356
179
334
906
431
519
1168
76
559
876
660
1318
1606
894
469
299
818
9
309
1381
1425
556
199
502
796
404
2
586
1320
369
159
599
1163
432
217
985
933
274
686
731
1301
919
1575
1154
1598
211
1513
1425
442
80
555
920
280
427
836
1522
656
425
1021
1481
990
1529
1153
1441
1165
2235
791
2251
629
700
743
1340
1360
1384
1037
1726
863
1373
1726
2053
655
953
1506
1520
2216
1237
1873
1974
277
678
718
1659
997
2011
1351
1623
1476
1432
1834
2325
1028
177
1400
892
789
1469
983
622
2254
1013
257
1048
1007
1650
1985
1135
843
1025
1335
219
1427
2308
1950
1851
1931
1790
759
765
1316
836
958
1289
976
1049
1985
1343
1314
687
1278
1367
176
1635
591
1764
996
534
2138
1185
311
557
1126
2002
911
1450
520
1384
1496
1043
983
1991
1565
1638
1826
1804
1246
705
1222
1343
1959
870
180
2366
1631
772
870
538
851
1550
1227
563
1402
624
1101
1975
766
1565
1248
201
1304
411
1652
1319
1798
881
828
1385
1719
1754
819
1295
2059
622
972
1005
432
1254
1407
1163
1869
1367
1790
341
644
1622
732
681
873
2061
1743
1242
434
833
454
645
1850
1286
1822
1415
2136
1505
507
1807
2033
1728
1247
933
877
580
508
1182
1625
1462
1581
1371
1804
1024
1604
1234
1347
1452
472
750
1058
1243
1244
1222
1828
689
1335
1401
1318
1707
2132
1257
937
1115
1174
694
640
1542
1870
689
354
890
852
1012
351
786
1741
460
196
693
1695
1202
383
1764
1021
394
1318
948
1720
1479
2009
1272
2294
555
2189
2143
963
224
1273
1576
713
799
1037
1875
772

2
250
14
15
9
14
17
10
12
15
12
16
18
16
12
18
14
20
19
13
16
13
19
18
10
19
14
9
12
9
13
7
14
20
16
8
20
20
6
9
13
11
12
20
19
8
7
11
6
12
11
8
13
10
6
12
12
11
5
19
7
8
17
10
5
19
10
16
12
18
14
9
12
19
14
9
10
17
11
19
10
14
12
15
10
6
5
15
13
15
17
7
12
13
10
14
16
19
20
17
10
13
18
18
14
12
19
17
7
19
11
9
5
13
19
18
14
11
15
15
16
19
16
17
16
17
9
17
5
11
15
16
20
8
10
7
9
5
18
9
18
5
8
15
19
19
18
11
13
8
20
7
16
18
19
16
19
9
13
10
10
8
16
13
10
8
10
8
7
6
11
13
17
12
15
11
8
5
20
18
19
8
16
18
6
15
19
13
14
13
6
15
9
19
6
7
6
18
7
14
19
13
15
18
18
17
15
8
19
13
8
13
8
10
14
6
16
7
17
12
20
19
16
15
13
14
16
8
12
14
19
6
14
6
11
14
16
11
5
6
12
17
20
10
14
11
8
6
14
14
18
14
0
14
187
181
738
158
1075
745
292
702
1102
1101
1182
231
933
1049
1047
908
1531
535
496
362
1077
134
252
1276
516
68
1035
1382
1302
1485
1572
441
889
1496
672
1535
438
322
368
1028
1025
685
1454
1357
1200
1525
1400
418
1426
323
604
1446
628
1213
984
399
133
940
1209
1255
222
203
227
1593
1335
1066
373
515
27
617
592
509
1442
32
318
59
1061
251
1284
625
1350
155
188
401
1430
957
100
104
1042
198
1060
1339
780
176
974
27
888
1215
1403
948
74
1345
599
640
1524
413
869
454
1572
964
1263
246
689
654
1035
391
895
1036
1124
1607
2
1473
1474
1005
404
1409
948
1491
583
863
903
436
48
1255
1298
733
493
1321
162
413
1403
1564
1546
687
504
666
518
1585
547
529
721
690
321
121
547
1499
629
1321
182
1425
1507
405
1348
90
280
1383
1613
1166
870
470
582
1310
85
612
360
1169
284
509
1338
1155
1150
802
78
701
484
1092
80
1073
609
1238
1598
1209
1550
81
795
1269
341
175
117
134
353
299
97
1524
1264
576
452
359
1192
347
157
1403
1082
629
23
1182
653
1061
706
1483
357
1523
1269
42
276
1607
1006
716
665
1608
1522
147
1564
1467
381
1312
1324
1335
964
1236
1192
193
589
9
1208
1072
1033
1113
532
740
329
939
1130
954
1790
1477
577
739
1596
1267
1655
537
1166
1834
1406
1537
1705
1140
896
470
1428
826
1041
2051
633
780
1050
1689
2116
1776
1726
536
1063
1567
819
2266
761
444
583
1073
1075
953
1473
1744
1643
1941
1623
1215
1871
475
1079
2239
1285
1690
1155
831
291
1215
1259
2063
973
515
390
1625
1953
1816
1166
639
245
847
1203
1149
2186
301
827
878
1870
483
1458
1181
1460
788
606
836
1873
1618
382
551
1542
566
1869
1653
854
281
1741
200
1180
1341
2192
1434
242
1669
1145
1422
1850
1060
1491
1270
2092
1323
2073
974
802
911
1182
674
1093
1832
1295
2171
607
1805
1879
1677
1108
1883
1463
1594
1245
1388
1572
804
605
1501
2030
834
1322
1721
459
1216
1664
2230
1850
1130
1301
1250
1325
1882
771
685
1311
1068
496
564
1162
2305
1032
1658
657
1566
1640
747
1960
429
1083
1748
1903
1816
1286
792
1310
1971
552
1317
492
1581
604
585
2078
1953
1793
987
744
960
1240
1419
465
1884
1368
2008
1672
1735
2197
617
1181
1715
485
934
940
439
1124
759
360
2165
1936
1209
595
765
1475
910
515
2149
1706
1042
395
1678
741
1576
1463
1742
1131
1612
1710
664
568
2145
1226
958
702
2007
2193
261
2099
1659
510
1810
1471
1590
1226
1395
1327
942
1075
328
1931
1191
1557
1602

3
250
8
5
18
18
6
13
9
14
16
19
18
13
8
13
17
10
9
17
12
11
14
19
11
7
10
10
19
19
15
18
11
11
19
14
14
19
15
13
16
9
8
7
15
15
7
8
6
5
15
18
18
14
17
16
12
18
17
15
14
15
11
5
17
8
12
13
6
9
16
5
10
13
7
5
12
8
18
7
13
9
5
7
10
9
9
12
12
15
15
17
7
17
7
16
18
18
20
5
13
19
10
14
13
10
11
14
15
10
13
16
12
6
17
11
15
14
9
14
9
18
9
16
15
9
16
15
18
10
8
14
19
13
19
12
19
11
19
19
8
14
15
5
19
7
17
17
20
10
18
7
20
14
10
16
20
8
18
8
17
11
18
17
16
19
7
14
19
11
8
9
13
18
20
16
7
9
19
12
20
16
18
19
15
6
18
6
8
9
17
11
20
16
9
11
19
13
7
13
8
16
16
7
14
11
15
8
9
7
14
15
18
8
20
9
10
8
6
9
7
12
19
18
13
19
17
10
19
6
19
12
10
5
11
6
18
5
17
12
13
9
10
5
12
16
13
8
8
18
12
5
0
1580
314
62
1549
1164
854
278
1043
1304
1051
402
424
1387
852
664
1198
721
1260
485
210
264
130
94
182
1594
1076
1202
707
549
1550
1381
122
993
529
1580
1125
1368
1470
666
987
270
1390
1202
793
897
896
338
190
1442
439
1245
859
842
37
1368
1193
576
1307
911
603
1522
268
644
720
564
148
454
1139
352
678
1298
952
111
1081
1216
522
119
435
840
345
510
656
1058
1057
1466
535
286
1428
1427
505
1186
2
380
161
692
415
83
202
388
474
260
439
1486
205
230
715
663
958
208
1195
596
394
539
867
253
213
1107
312
1183
1078
777
1187
1270
1574
705
481
974
1262
189
772
1537
666
89
966
990
1461
879
1538
1009
1299
775
1551
79
914
194
680
409
387
386
1105
847
583
901
125
58
1045
1329
330
1389
763
771
991
508
1099
484
722
23
1287
1559
644
173
192
1478
1329
213
1135
589
351
1156
1488
1571
1302
1312
635
127
1135
889
1583
1137
256
686
1472
969
641
1553
608
541
1220
843
1299
1024
577
520
533
425
204
772
535
488
786
177
1277
586
743
267
573
830
689
358
1014
662
660
1263
1394
773
152
580
679
1005
624
1365
163
474
1331
870
1470
573
901
380
441
1106
342
1198
163
1399
713
646
1590
1439
360
2137
1035
322
1651
1761
1053
802
1361
1893
1391
951
505
2173
1665
854
1382
1383
1272
561
821
937
557
754
805
2204
1697
1238
1097
1085
1724
2007
416
1320
1086
2220
1418
1633
1554
777
1262
299
1850
2012
1224
1007
1681
537
469
2208
743
1538
1032
1600
219
1789
1957
600
1578
1205
736
1764
322
818
856
1008
666
671
1204
1064
1194
1741
1318
188
1719
1350
762
823
984
1402
655
947
1007
1147
1331
1918
1066
385
2170
1607
537
1550
26
419
765
1369
667
191
237
576
594
325
660
2286
712
616
1237
1275
1619
240
1908
962
1206
1347
1121
516
607
1881
550
1604
1318
1421
1812
1984
1992
1364
1005
1593
1729
952
1398
1647
971
708
1384
1103
1598
1298
1802
1344
1723
1318
2002
824
1087
596
1277
1209
1109
933
1714
955
655
1711
190
332
1809
2030
565
1954
971
1206
1337
934
1433
623
773
144
1885
1827
1220
798
748
1663
1948
263
1489
1352
452
1303
2043
2030
1931
2029
1202
810
1224
1261
2045
1737
544
1360
2215
1159
837
2308
1324
1132
1810
1442
1719
1706
840
937
934
673
861
1022
953
584
1202
911
2016
1142
995
514
1323
955
1297
1127
1450
855
1198
1991
1938
912
230
1355
930
1185
1087
1488
949
1083
1603
1167
1527
1292
989
935
1011
1492
857
1470
590
1781
1058
948
1629
1821

4
250
13
13
18
11
8
7
19
9
13
8
5
15
16
7
6
13
13
6
11
8
8
16
15
10
18
13
11
14
10
14
14
8
13
5
14
15
8
11
13
7
16
10
11
10
12
6
6
11
13
11
11
16
17
12
12
17
9
15
9
19
13
7
16
12
15
7
13
14
19
5
17
10
14
6
15
18
10
16
18
12
10
8
18
9
18
13
12
16
12
5
18
18
12
12
17
7
10
16
12
8
17
17
10
5
15
20
18
8
19
13
11
11
18
9
14
18
11
6
16
15
17
16
15
16
17
17
16
5
16
15
6
15
11
7
8
9
5
19
7
10
5
10
11
20
13
13
8
19
14
15
11
7
10
6
9
12
13
18
15
13
14
18
20
11
15
5
20
19
13
15
10
18
13
13
15
12
11
17
8
7
17
14
7
9
15
9
5
6
14
16
10
20
11
8
14
10
11
17
12
13
16
19
11
10
14
8
16
6
10
7
5
8
13
13
7
6
7
16
8
19
8
8
18
11
8
14
11
11
16
14
20
11
15
14
19
19
12
16
8
16
15
10
6
13
11
16
17
10
16
17
0
10
1121
965
748
919
934
1269
212
1035
1496
1352
1274
382
1244
322
909
1123
1259
875
300
555
145
864
890
821
712
545
1429
148
831
1532
1297
892
472
618
653
757
360
960
1150
920
1023
409
862
525
924
1176
1103
428
896
617
202
1165
1160
1119
1198
965
1261
431
776
469
54
421
364
1416
1400
243
490
1264
1039
1061
755
479
577
692
587
1205
795
689
1440
107
105
1112
981
578
1474
862
31
625
954
515
437
219
1442
756
696
1460
4
1078
30
413
144
1144
691
1296
436
208
618
749
74
43
306
740
629
622
496
954
1191
175
627
1313
287
1251
992
1135
171
357
1480
758
570
1503
1417
1454
703
252
1124
165
1314
303
403
1208
739
1439
783
1216
1545
747
528
435
72
157
79
1301
189
232
750
935
374
1158
399
450
69
143
1422
521
764
1541
719
1480
1259
1018
208
615
1330
348
1354
275
820
233
583
891
640
1375
173
261
478
1492
391
1067
1194
1461
1383
1527
559
510
737
572
1127
1437
1286
194
309
1085
1125
732
49
1004
550
1161
1502
1163
989
176
432
763
1195
820
1407
13
1417
508
1441
585
664
189
1433
165
876
550
710
483
39
411
482
1027
421
851
956
909
50
776
879
1218
1348
1417
1291
921
382
812
296
178
1892
1182
1320
1134
1311
1396
710
1045
2040
1379
1884
507
1466
1055
1489
1160
1686
1329
320
638
175
1136
1569
1542
992
873
1476
571
1452
2052
1624
1371
840
1143
1405
1148
859
1307
1660
1515
1738
791
1273
619
1594
1636
1373
812
1542
1338
537
1835
1531
1195
1702
1717
1948
773
1314
695
583
707
408
1790
2136
306
662
1712
1507
1260
1086
684
1191
932
866
1618
854
1153
1648
731
860
1363
1592
771
1904
1212
57
1303
1585
679
647
624
1608
1479
1130
1606
401
1429
663
971
170
1725
1231
1748
760
505
1170
1013
232
220
1046
1481
868
1377
1148
1154
1562
213
927
1942
1048
1550
1085
1541
741
825
1889
958
1175
1651
2117
2012
1227
271
1481
851
1635
382
984
1358
1236
1964
853
1266
2119
1078
636
893
437
477
348
1310
811
1017
997
1130
855
1565
1006
763
801
175
1746
612
996
1589
761
1905
2022
1183
610
913
1927
1121
1884
587
1365
739
1341
1311
1273
2151
857
1003
643
1919
983
1316
1403
2020
1747
1883
1057
668
763
628
1627
1998
1305
276
932
1741
1707
1383
826
1165
1330
1459
1611
1222
1328
260
1068
872
1334
1001
1935
702
1493
1283
1547
677
1439
555
1529
373
1071
828
1159
1131
219
572
568
1502
1196
997
1561
1080
530
1266
1301
1586
1657
2138
1931
994
982
1262

5
250
8
9
17
8
15
14
6
13
7
8
9
12
18
6
17
15
14
11
14
15
14
17
10
18
19
5
13
9
7
20
11
18
9
10
5
14
10
19
15
6
19
12
9
12
13
7
8
13
15
16
15
7
20
15
9
20
17
10
8
7
9
19
7
9
19
8
17
10
16
16
5
13
11
18
19
9
11
11
6
19
7
9
6
9
12
12
18
6
10
12
15
7
13
18
11
19
18
11
20
10
10
14
15
13
17
13
19
8
10
11
12
7
8
9
13
9
14
16
17
10
6
18
20
12
11
15
15
8
6
17
6
7
18
5
12
17
7
7
15
11
12
11
14
14
19
9
13
19
5
18
19
7
8
8
18
6
11
7
20
16
10
15
11
5
17
10
13
11
14
16
9
13
16
15
6
20
14
10
8
18
10
8
14
19
10
18
18
14
6
19
12
6
15
16
7
16
18
19
8
10
10
17
15
7
7
10
15
20
9
18
14
8
9
20
10
13
15
11
10
8
19
15
14
7
19
6
7
19
16
18
6
20
16
5
14
7
16
11
12
13
11
15
14
19
12
10
18
16
5
18
0
541
1215
887
1272
176
1469
445
443
217
1078
267
573
371
988
1219
1208
1033
577
1135
1442
1374
1250
1382
1488
1086
618
1118
591
571
712
935
1115
1376
1406
928
1277
95
960
834
375
957
1374
1321
582
1293
1447
43
1037
85
214
248
1076
952
1449
592
555
453
1326
1128
38
209
1440
337
1296
919
1185
1029
1520
1167
753
1527
444
1251
1545
890
1271
582
905
835
1183
1373
761
332
746
920
532
1437
1427
811
138
473
239
1311
657
312
711
1456
328
685
783
1195
22
710
242
1155
257
237
797
1030
745
1402
811
1546
164
129
1504
81
915
176
110
481
919
443
839
644
647
643
404
246
1199
1002
822
1544
1307
519
1556
379
327
675
297
1184
1029
381
1281
38
520
1548
1130
800
578
138
1050
566
750
812
1339
98
815
380
491
455
941
13
126
896
1147
798
563
1418
909
444
758
31
506
359
1466
620
264
305
380
1198
866
803
1522
267
860
1407
1093
439
812
964
162
220
845
481
158
1493
1011
657
319
178
623
955
1461
119
1289
68
872
481
419
1529
1425
1396
245
915
996
2
381
540
870
1313
531
1544
802
462
103
536
674
1334
1047
37
1390
30
674
545
1540
1312
1051
634
1200
1151
1469
1033
47
393
549
49
1136
1411
523
1178
1877
1516
1341
457
2128
556
696
964
1729
488
635
1012
1153
1674
1306
1404
1363
1546
1872
1834
1312
1747
1627
1553
1253
1500
963
677
1283
1507
1557
1588
2047
1317
2031
266
1578
1452
460
1738
2110
1705
762
1937
1671
424
1451
841
387
686
1275
1210
1734
1372
986
579
1588
1523
823
705
1826
371
1580
1490
1774
1439
1843
1648
1091
1698
1100
1544
1814
933
1834
1050
1485
1045
1489
2034
1384
913
1335
1675
1284
1947
1711
1404
644
878
699
1999
917
537
796
1652
892
1311
1530
1306
280
796
764
1930
633
877
1008
1205
1190
1540
913
1700
821
207
1673
356
1355
630
546
1141
1432
455
851
1207
1372
1105
812
950
1776
1391
1091
2243
1589
1282
1806
1021
904
1390
888
1435
1142
634
1905
115
752
2298
1835
1466
814
634
1621
1242
893
1390
1534
517
1110
1130
509
1063
1550
76
450
1323
1826
859
763
2102
1220
1022
925
67
711
774
1525
1149
304
1009
612
1481
1408
1202
1620
557
1620
2009
1403
654
945
1030
652
245
1350
718
320
1692
1459
1038
724
290
1144
1714
2094
169
1418
399
1141
554
1133
2160
2186
1679
779
1395
1500
668
893
852
1457
1575
721
1951
824
1096
179
665
1375
1886
1534
81
2066
554
1153
1010
2269
1785
1386
951
1697
1548
1906
1721
600
993
1038
213
1786
2127

6
250
17
9
15
16
18
13
13
10
17
19
17
7
13
10
15
14
8
18
5
11
6
15
14
7
14
13
11
7
8
9
19
7
17
8
17
19
18
9
9
18
8
9
12
10
10
18
19
19
12
9
17
16
13
8
14
9
13
12
7
11
15
15
17
7
7
12
18
5
9
13
16
14
19
6
13
14
9
15
12
19
6
15
6
11
16
17
15
7
17
16
7
9
13
18
20
14
20
12
16
13
14
19
11
18
9
10
17
16
8
17
13
16
18
7
17
16
16
18
10
6
15
14
17
16
16
10
15
8
13
19
13
14
19
20
7
5
12
14
8
7
8
5
8
13
11
6
6
15
10
18
20
12
11
15
15
12
15
6
15
15
17
19
10
18
12
18
14
10
16
14
18
15
19
17
7
14
8
6
8
12
12
17
14
14
7
16
11
14
7
7
12
17
18
15
14
12
5
13
7
10
7
9
6
17
10
12
14
7
15
7
15
8
15
14
15
18
19
19
19
18
9
7
10
10
14
16
17
7
17
17
14
9
15
18
9
11
17
7
15
13
9
11
5
9
17
18
14
17
15
17
0
250
658
1061
981
1507
127
1301
115
1072
19
417
230
1108
1166
469
1568
104
18
197
1032
1446
91
270
756
1593
1032
113
138
493
1329
421
1352
533
51
576
1242
1315
1468
235
1203
1555
1521
745
1549
921
192
1191
699
252
1041
791
1053
1021
165
861
97
863
1421
350
757
499
674
704
249
1210
9
1187
1095
137
1136
397
329
1145
319
1226
564
313
1575
1202
571
747
1367
839
971
1311
95
701
396
1131
63
487
35
1415
194
1395
1556
1444
233
978
259
833
596
1009
230
71
948
1516
320
200
1366
1495
213
71
1124
360
1129
78
569
1351
596
1146
1114
1308
841
1467
788
196
1315
648
1277
295
1311
889
1364
1143
879
421
761
315
294
941
490
1306
719
176
1295
25
1522
959
717
1000
93
1513
1550
1038
869
1545
193
1088
843
94
1335
138
49
454
183
1326
1096
1320
1178
192
1220
740
1530
1324
416
47
500
1161
181
612
1324
906
344
1482
809
159
678
376
1015
1473
304
1304
1062
550
1566
729
276
327
150
537
1260
1153
264
459
690
483
1301
529
1428
923
1220
1571
12
567
41
555
789
1417
473
960
1091
206
310
1232
359
621
956
758
93
1589
979
911
921
644
672
410
651
779
997
1111
1193
336
359
996
885
937
1543
91
530
344
726
1537
1759
1929
300
1457
927
1138
535
743
918
1300
1451
840
2040
913
280
383
1504
1883
504
1043
1258
2143
1547
277
174
1108
1964
475
1521
777
415
866
1380
1454
1601
636
1981
2051
1987
1516
2056
1639
747
1248
1359
819
1421
1355
1618
1413
599
959
714
1199
2129
562
834
734
1074
1120
995
1519
717
1777
1134
224
1379
589
882
1698
910
1638
993
956
1806
1714
1221
888
1515
1499
1379
1572
163
960
1194
1363
585
1288
306
1798
537
1991
1683
1992
734
1177
585
1026
680
1145
376
355
1091
1588
901
799
1462
1939
739
407
1653
709
1770
794
1201
2055
1093
1584
1451
1533
1213
1891
911
344
1866
1408
1852
1111
1338
1193
1666
1256
948
476
1357
610
610
1244
815
1605
1455
899
1911
826
1837
1739
1200
1203
501
2209
1877
1521
1008
2017
650
1493
1580
339
2118
822
660
658
344
1520
1509
1885
1261
772
1847
998
2067
1972
1024
418
708
1678
316
806
1885
955
388
1740
1332
281
839
931
1672
1845
893
1557
1869
709
1946
1130
997
840
233
963
1765
1251
345
1272
1263
1046
1982
816
1919
1054
2027
1804
494
632
205
873
1576
2024
745
1577
1365
1006
764
1990
500
769
1034
1296
199
2145
1045
1119
1373
820
1224
1101
1133
858
1284
1312
1247
1145
1015
1495
938
1128
1840
869

7
250
19
18
10
15
18
8
10
13
14
14
13
8
17
19
7
19
18
10
17
7
15
7
5
8
16
9
13
14
7
14
13
10
19
15
7
7
10
10
15
18
10
17
16
11
6
19
13
6
9
12
18
7
14
8
7
15
10
15
8
13
8
12
9
8
7
19
12
17
7
18
12
7
5
20
16
14
12
15
5
14
11
7
8
18
10
16
12
13
14
16
16
16
17
8
14
15
11
7
10
9
16
9
10
19
7
17
14
19
16
5
20
18
12
17
9
11
20
10
9
7
18
11
9
8
18
11
6
8
13
10
15
5
6
9
10
8
6
16
9
12
18
7
8
12
15
8
11
14
7
19
13
7
10
12
18
20
15
15
18
18
19
10
9
11
7
17
6
10
16
16
19
8
9
9
7
14
18
6
9
11
12
11
13
14
19
9
14
5
12
5
13
17
20
13
10
15
12
18
16
8
7
13
16
20
12
20
13
16
16
13
8
11
6
17
8
6
12
18
14
8
8
11
9
18
15
5
16
6
15
15
20
19
17
13
16
14
10
17
5
19
15
15
17
10
9
12
6
11
10
20
0
123
242
1195
1529
1316
227
1358
787
911
945
1096
887
99
250
246
1206
206
1214
188
675
664
606
1426
1338
924
1146
1091
1343
1527
1520
1419
1438
321
964
818
219
692
299
277
653
1498
589
1356
34
1053
1450
648
1378
318
176
309
1378
507
1444
834
659
383
74
315
771
836
772
436
1122
345
201
75
543
1304
1479
1545
1218
1526
391
1062
1092
185
1031
840
346
260
156
488
316
1134
1073
452
321
552
968
1494
194
1167
133
448
48
603
214
307
410
517
1223
799
472
1220
61
1469
678
290
282
439
1192
465
248
734
941
319
356
1167
1144
904
1143
681
995
307
431
905
257
3
24
195
1071
1164
710
1081
518
853
712
1173
294
343
1121
273
271
1411
947
1495
752
1308
789
433
320
964
867
563
153
1513
28
916
162
596
56
403
920
706
201
448
1376
750
215
755
137
140
1450
831
1149
531
1057
555
588
425
1399
8
701
305
259
1162
1083
1120
1012
801
740
1387
586
483
141
523
585
1264
988
1279
943
1228
647
299
1348
715
667
1498
784
780
1528
1010
292
1312
1509
96
846
1388
1247
933
1452
539
888
1427
202
420
711
1272
284
908
1407
1313
475
946
956
714
1522
1283
1326
290
188
826
249
1033
849
783
1436
6
473
434
975
1451
1571
1985
495
2054
1020
1244
1058
1769
1626
651
786
924
1670
339
1450
470
796
901
835
1773
1721
1599
1864
1522
1794
1895
1626
2079
1524
379
1560
886
617
1154
593
471
1232
1738
1139
2095
365
1842
1928
785
1905
1056
323
991
1859
754
1962
993
990
538
396
343
980
1597
799
769
1708
417
303
604
798
1996
2194
1892
1450
2114
1092
1136
1758
320
1777
984
931
830
301
918
371
1216
1512
1184
880
932
1731
1812
220
1232
734
945
200
1258
987
588
1098
1165
1922
843
995
1908
552
2125
1323
762
846
644
1865
938
550
1051
1412
817
523
1324
1165
1677
1206
1049
1505
785
518
1192
970
63
436
951
1797
1438
1398
1513
890
934
1449
1380
571
777
1474
918
1043
2089
1727
1544
1275
1889
1201
859
1016
1178
1159
1040
438
1651
431
1380
442
1175
836
1088
1466
797
275
894
1576
816
288
1521
789
922
1805
1119
1932
678
1373
1033
757
1164
1440
458
1360
409
744
1663
1691
1224
1048
1006
1385
1486
1286
1222
747
962
917
1802
1296
1887
1248
1358
754
875
1853
995
1198
1854
888
1346
1917
1506
1057
2000
1684
631
1465
1414
1974
1467
1809
841
1329
2006
845
875
838
2002
594
1352
1628
1665
784
1283
1310
940
1975
1532
1881
953
873
1275
450
1735
1014
909
1697
242

8
250
20
15
9
16
7
20
16
12
13
16
9
9
8
17
7
14
17
5
11
20
13
17
15
17
12
18
14
15
9
6
10
14
12
6
14
6
8
7
10
10
19
19
18
10
15
8
6
6
11
15
7
5
10
10
7
8
19
18
5
14
9
10
12
15
14
8
8
8
10
20
10
17
7
7
9
16
11
12
8
18
8
14
20
8
13
15
11
18
11
10
12
9
7
15
13
13
6
14
16
10
19
14
15
13
11
18
5
18
11
10
12
12
11
15
18
9
11
10
18
10
8
13
9
17
9
18
14
18
13
11
8
15
20
8
5
12
6
9
8
17
15
13
15
11
9
8
20
16
17
6
15
5
17
11
7
10
18
17
11
11
18
6
6
19
8
19
6
18
16
18
9
12
13
5
16
15
9
5
6
16
7
13
6
18
18
8
9
14
16
9
16
8
7
17
10
18
19
5
11
8
6
17
6
15
8
14
8
12
20
13
8
10
14
12
19
5
7
19
8
8
10
6
8
14
12
9
7
17
7
16
13
9
19
17
17
17
11
7
16
10
9
15
17
10
7
16
10
19
13
19
0
1273
915
1105
327
514
330
519
1008
265
22
730
513
1261
220
573
1
238
234
981
823
1126
1435
38
1393
1159
621
183
1505
64
523
355
342
923
1343
1145
904
885
39
282
1008
904
657
468
279
886
335
820
251
322
1190
4
1227
1083
639
486
304
655
1260
1090
265
1252
310
619
417
389
19
1236
275
450
286
1035
823
1321
1265
858
917
5
183
1163
822
657
794
344
1363
1395
122
624
89
725
1189
1104
179
521
1230
751
173
1452
1065
1507
1466
1114
278
994
124
1367
1152
1331
1488
300
1158
823
1394
1059
1486
1110
1252
865
816
1058
822
13
305
911
1089
238
1106
89
453
450
701
50
1490
98
1161
127
899
1511
808
795
1100
279
538
775
941
447
835
893
961
1188
1052
1118
351
810
1204
671
1370
1113
1215
1241
1389
395
871
494
439
538
1480
153
1401
1322
392
668
424
1340
571
714
754
1382
621
789
604
883
1101
369
358
1478
92
29
957
685
230
992
887
370
161
1406
1479
883
203
1513
683
982
1246
332
176
193
899
573
1415
985
777
1375
342
1360
146
127
301
993
419
1134
1350
895
280
906
690
74
1367
830
251
956
1270
341
121
1291
1351
163
1124
979
79
520
1280
17
905
1195
385
856
824
432
441
462
397
1825
1457
1377
779
1169
503
1198
1470
698
40
958
1257
1568
416
904
710
250
769
1064
896
1623
1963
741
1543
1826
1128
445
1583
91
698
415
784
1408
1449
1749
1161
1440
89
562
1471
1649
1205
670
823
1071
1046
1346
354
707
1602
755
1452
1605
956
988
754
1023
1735
1733
308
1756
486
987
509
1084
198
1958
783
1042
853
1425
885
1669
1611
969
1279
542
664
1487
1226
1246
1472
962
1797
1447
550
1378
734
1197
1498
1593
935
1030
1282
1121
563
1905
1183
2053
1564
1575
695
1549
155
1657
1532
1662
2249
942
1445
1383
2096
1601
1750
1803
1314
1245
939
1822
1474
756
487
1077
1696
769
1137
433
1194
727
1459
742
1874
141
1351
790
1055
2031
913
1213
1333
961
1092
939
1603
1082
1282
1322
1182
1867
1634
1318
559
1459
1532
1352
1838
1536
1952
1334
1734
839
1614
681
1113
625
1647
293
1510
1375
897
1284
925
1518
1165
1340
1313
1646
837
1489
1290
1121
1471
916
730
1652
332
782
1603
838
412
1507
1396
596
389
1664
2009
1534
445
1723
778
1585
1568
682
661
517
1016
1272
1922
1058
930
1427
1085
2069
899
638
840
1562
599
1631
1522
1476
816
1444
839
169
1508
1384
655
1438
1979
521
350
1928
1962
632
1206
1080
105
744
1688
439
967
1952
971
963
1123
1147
1169
973

9
250
14
20
16
13
17
7
9
11
19
18
10
17
20
12
12
17
7
10
8
8
6
7
6
18
15
14
18
11
11
14
19
19
17
20
15
19
13
12
6
8
17
6
11
6
20
19
11
20
20
13
9
16
12
20
17
18
18
15
8
12
9
10
10
8
9
13
13
12
10
10
12
5
7
14
7
6
18
18
12
9
16
6
6
17
6
19
18
6
11
18
17
7
17
5
10
15
13
12
8
6
8
6
5
9
10
14
11
17
8
18
18
10
18
15
14
16
7
9
12
13
9
19
6
11
7
6
6
9
7
12
17
12
16
9
8
17
17
8
8
9
5
6
15
10
19
7
6
6
10
19
9
5
10
8
18
10
9
9
13
13
13
7
16
17
5
17
9
10
18
9
18
17
19
20
14
7
13
18
5
10
8
5
20
5
13
9
6
10
11
17
9
16
11
5
14
8
14
9
7
5
7
17
6
14
5
12
9
11
8
12
9
12
13
8
19
14
18
10
19
17
13
9
18
16
8
13
12
7
15
11
15
18
20
12
15
10
19
18
20
9
13
9
19
10
16
13
10
13
10
15
0
28
616
31
979
709
176
1092
122
771
168
1370
682
572
596
1442
1455
1368
950
1386
1235
1361
896
445
758
655
1507
1085
596
201
292
1360
712
265
1278
1253
612
184
13
836
1253
396
1174
729
57
919
1317
937
1429
309
548
936
754
1399
1418
121
683
541
1184
1508
989
37
981
1089
1089
754
97
646
498
952
434
621
1432
807
1483
224
329
723
256
842
1338
502
800
458
618
1125
697
957
283
1035
131
841
836
815
935
1308
589
569
229
1256
977
860
689
41
742
617
1086
261
663
1353
1272
572
282
478
428
1129
717
1256
1516
1052
1089
963
734
1410
1128
1461
720
699
517
728
517
870
1485
457
1025
253
641
381
214
533
839
810
121
1106
251
708
1429
377
36
658
68
71
1453
1093
1063
277
435
569
381
1022
517
1159
39
1114
558
1479
1167
945
927
1082
848
22
1256
1315
1138
438
62
575
1482
991
1213
901
1125
758
1102
1105
944
1379
982
952
957
1054
92
700
1145
1383
385
778
317
336
1259
1095
656
35
1410
207
551
1159
1422
1407
22
493
1433
188
1357
1357
1141
1104
440
356
1055
543
1452
1133
119
131
355
366
735
942
192
1241
1149
739
579
1166
1413
559
135
1357
1344
404
1271
251
16
941
1458
156
1011
105
698
668
1170
788
1168
781
851
1433
386
1082
415
1984
936
812
1351
1838
1599
1509
1197
1676
1813
1710
1526
1094
1066
1127
2249
1446
650
236
317
1671
1344
926
1575
1802
697
952
666
1288
1302
816
1488
948
228
1385
2080
1362
2029
847
1291
1509
1404
1597
1887
399
1275
1013
1298
2132
1722
506
1162
1544
1498
797
698
1028
1171
1568
672
1306
1867
1159
2107
345
1029
1223
411
1339
1519
744
944
1103
996
1205
1437
1570
446
1551
403
1301
916
1428
1451
1987
1146
1074
551
1346
1386
1504
1010
55
919
894
1115
453
795
1688
1956
706
897
908
941
1754
1099
1911
1944
1431
1194
1581
1286
1842
1533
1932
1177
1254
678
1089
679
965
2020
848
1276
905
1034
418
915
641
1151
1538
341
1654
932
1054
1815
833
279
1013
797
797
1539
1523
1743
426
459
629
522
1702
1262
1761
370
1743
1032
1644
1193
1405
971
1729
1447
224
1799
1548
1518
581
99
1042
1656
1693
1247
1501
1617
801
1753
1149
1545
1970
1726
1141
1316
1368
206
1058
1767
1625
602
1061
663
914
1747
1574
868
617
1982
583
969
1741
2170
1488
594
699
1781
827
2090
2057
1331
1778
1102
652
1384
689
1812
1588
133
812
725
753
920
1314
526
1326
1360
1301
997
1630
2158
1075
434
2041
1794
859
1581
944
751
1391
1613
865
1242
268

10
250
18
18
6
6
5
6
5
19
19
6
16
6
15
15
20
7
6
13
10
19
17
10
18
9
18
19
14
6
13
17
8
15
6
17
10
20
19
15
17
6
8
11
16
14
18
16
7
8
16
6
15
13
14
7
5
17
10
7
8
9
7
12
11
13
20
15
7
8
19
14
6
9
12
17
16
16
13
20
7
20
18
13
7
14
11
13
10
12
11
7
7
10
19
8
9
13
16
15
9
18
14
9
17
5
15
8
19
20
7
9
12
19
9
19
18
10
16
7
11
20
18
10
10
11
17
13
12
19
16
15
5
9
12
12
5
10
16
13
9
5
20
17
20
8
20
8
13
7
7
17
17
15
8
5
14
13
15
9
18
14
16
13
10
14
18
8
20
17
12
8
9
13
11
20
13
8
13
19
11
7
18
16
10
11
7
5
9
5
7
13
12
16
6
16
19
10
8
15
5
13
14
15
6
8
13
13
7
7
19
14
12
17
9
10
20
12
18
7
11
19
19
14
10
9
9
14
6
15
15
12
16
6
15
5
13
15
12
13
5
14
13
11
11
10
13
10
18
16
18
18
0
862
995
742
401
1256
1033
826
393
1141
42
648
775
1273
1095
603
278
293
1236
340
407
865
1249
1514
507
589
444
1074
979
410
1195
404
930
222
517
447
568
412
1221
328
845
797
1264
716
1350
152
45
1468
1358
240
501
979
405
410
628
805
167
682
1517
1212
913
947
631
527
528
197
522
1065
243
511
173
308
218
1073
711
1177
1538
924
449
1447
882
393
111
800
632
1258
996
1094
491
240
1367
1064
1140
755
254
1431
1535
223
1526
1432
203
1168
989
1186
750
304
665
246
864
738
366
537
808
1477
1388
898
1308
36
423
784
442
1216
743
325
1402
992
88
319
300
761
987
236
107
686
1374
904
1231
951
342
656
846
96
233
916
1203
575
1034
666
1532
1388
915
464
193
365
441
102
328
1503
986
1241
605
180
1076
683
50
720
1417
1143
113
280
565
332
327
1296
1318
734
237
454
468
906
841
870
639
1356
1133
125
1309
1354
89
821
1516
1107
1228
979
901
1171
565
59
475
1110
168
1239
649
159
146
662
1046
324
406
236
1154
720
765
504
145
648
1204
846
1131
233
186
834
1074
566
607
460
1175
1506
1069
844
286
641
723
24
1513
879
22
978
780
653
755
64
1498
617
161
996
806
825
1114
788
443
1137
1280
1027
1122
1712
1790
871
964
1821
765
1051
943
1389
1495
644
792
1072
1301
663
1000
979
2039
2074
1278
1089
1174
1174
1071
596
1819
812
1665
822
540
874
853
884
1300
660
1601
914
1449
1222
1776
615
293
2059
1460
753
1019
1626
676
1027
1201
1256
795
899
2126
1635
1535
1649
659
1112
992
718
1007
1626
384
547
229
851
282
1378
788
1779
2236
1614
1106
1975
925
999
433
941
1219
1436
1341
1613
899
557
1970
1697
1208
1041
423
1479
1664
380
2280
2041
295
1909
1040
1754
1236
366
871
947
1267
1143
968
1281
919
1820
1633
1569
2079
558
903
1354
625
1971
981
340
2140
1667
817
1069
622
1086
1094
762
460
1304
2094
973
1397
1461
923
785
1008
458
680
1252
1344
1067
1460
1022
1971
2018
1352
553
227
997
473
412
1061
2287
1421
1710
682
396
1476
1145
824
1036
1727
1895
494
594
1255
1057
499
2091
1689
1219
939
703
970
1447
1293
1390
893
2025
1243
682
2025
1612
192
1479
1677
1742
2006
1490
1476
1803
595
116
1156
1270
281
1683
852
648
486
1381
1463
837
526
448
1461
1087
1219
1065
772
1164
1769
1118
1285
549
306
1464
1716
613
1365
707
1727
2144
1449
1184
810
896
1407
215
2104
1589
182
1241
1226
931
1335
253
2166
1233
737
1658
1272
1494
1887
1022

11
250
10
9
6
16
7
12
18
19
15
8
15
14
16
13
11
12
13
13
11
17
8
7
13
18
11
18
15
10
7
11
8
5
9
17
14
19
13
18
13
7
7
16
14
20
20
14
13
8
19
12
13
9
16
7
13
15
14
6
14
17
14
6
15
19
19
6
20
19
12
15
19
10
17
12
15
13
19
5
6
10
18
17
12
7
11
8
13
6
12
19
9
12
5
5
15
10
15
8
18
20
17
19
5
5
17
9
18
14
19
20
18
12
7
16
17
7
6
14
14
13
7
6
18
16
7
10
13
11
9
13
13
12
12
13
16
12
12
14
16
16
8
8
15
11
7
16
12
11
14
14
15
8
6
10
8
12
11
14
16
9
13
14
17
8
6
16
7
17
10
16
10
7
14
8
13
15
11
11
6
15
10
17
17
9
6
15
13
6
10
6
15
19
16
19
19
13
20
15
8
9
10
9
7
9
18
6
9
15
17
10
15
16
14
14
6
17
7
8
18
9
17
15
15
10
9
11
18
8
11
7
7
18
16
18
11
7
13
14
18
18
11
13
19
7
13
8
13
17
14
10
0
613
90
1409
106
504
402
1505
1558
1423
369
341
636
1387
694
1369
783
1068
1559
1363
172
582
718
1022
1532
1491
987
1457
218
566
211
87
613
199
104
280
709
124
791
1342
1210
15
244
391
893
1082
1417
878
175
268
914
1415
1194
1143
1085
345
1335
677
635
658
1362
1014
934
633
48
754
319
179
1165
766
1076
432
28
953
1371
1543
489
1086
1531
1254
1417
895
69
762
422
35
1012
124
800
914
138
651
622
946
1377
1250
4
667
1266
1466
785
189
548
1291
239
1073
1115
1136
1536
150
486
1407
347
191
1438
375
31
516
500
748
714
237
1091
170
623
699
917
1071
349
721
984
1028
1475
894
1480
617
1188
1172
609
863
915
200
713
690
865
919
249
882
89
1202
965
1483
542
639
1033
735
324
661
350
1230
1197
968
1276
107
1470
738
1308
244
898
1313
53
508
1226
84
1371
458
862
418
187
1004
131
756
552
471
1558
253
1265
396
1273
1265
324
175
1342
726
1452
1161
36
756
447
878
765
826
286
1078
1405
260
1470
941
34
1547
880
686
715
1020
385
986
589
1171
596
1553
1355
1434
1339
1484
1386
142
1457
55
591
467
729
539
866
1435
1216
111
1410
1239
1437
1246
1454
179
1027
1093
300
754
1441
484
961
58
27
625
616
1493
423
1194
725
1622
1727
1495
1046
856
1009
1807
1466
1883
925
1608
1902
1605
957
1049
1038
1458
2306
2251
1750
1634
937
1354
996
425
1234
517
253
840
1476
703
858
1916
1610
657
983
619
1102
1397
1516
1564
272
662
1519
1456
1406
1907
1636
887
1740
1072
711
766
1885
1505
1695
1315
161
770
341
304
1644
1275
1702
895
69
1660
1992
2307
1064
1494
1913
1490
2017
1133
739
1137
967
206
1217
510
1295
1272
571
1049
1008
1269
1464
1858
722
1103
1619
2153
990
227
960
2006
548
1729
1289
1573
2075
773
1099
1525
872
681
1671
404
184
1206
1027
1118
817
733
1878
716
1154
1377
1054
1214
661
1070
1290
1281
2071
1368
1863
991
1612
1871
1148
1550
1551
437
1338
830
1520
1553
510
1045
550
1818
1497
1962
714
1220
1588
774
613
1255
416
1697
1416
1671
1628
115
2159
990
2053
671
1606
1391
303
1133
1817
482
1793
997
1359
1170
882
1396
567
805
697
849
1949
405
1779
1152
1756
1373
1020
249
1833
1453
2120
1532
279
1099
787
1597
993
1036
990
1282
2191
339
1585
1323
697
2317
1311
1043
1296
1094
562
1115
1360
1317
939
2248
1676
1734
1980
1659
2105
377
1846
251
1034
850
1163
1306
1588
1467
1899
258
2175
1300
2171
1982
1961
612
1435
1594
810
1197
1486
680
1040
638

12
250
9
9
14
6
8
7
6
14
19
19
7
10
6
13
11
16
10
13
5
15
10
18
15
7
15
15
16
12
20
18
15
14
8
13
20
7
15
12
11
7
10
8
12
20
5
6
16
14
20
11
10
12
19
17
18
19
13
8
9
19
14
16
18
11
15
10
8
17
18
11
13
7
15
14
17
19
12
13
12
13
9
15
7
9
14
15
15
19
10
18
14
15
14
6
11
11
20
7
19
12
15
15
15
11
11
19
10
17
14
10
9
10
9
13
11
7
7
18
19
6
19
11
17
10
16
13
10
16
20
13
15
19
20
12
10
15
15
17
7
12
19
12
13
11
15
6
6
14
16
11
18
17
17
13
19
6
6
11
5
9
9
7
16
7
5
15
10
11
11
6
9
9
20
13
18
6
17
10
6
8
13
19
6
13
7
6
19
8
15
13
11
17
5
14
13
13
7
12
8
18
19
11
14
14
12
13
9
12
17
14
7
19
20
11
14
12
16
15
17
11
20
9
15
16
6
14
8
14
16
16
12
7
14
15
5
10
10
6
9
11
9
19
19
6
14
12
19
11
6
9
0
197
983
555
586
865
420
1558
1288
1506
491
818
1297
623
1445
96
1162
292
833
908
465
1171
813
884
1073
32
32
244
481
1263
198
355
1065
1113
79
702
488
157
758
1407
66
1183
1159
331
1084
808
1394
1322
683
1199
799
635
1353
1476
354
1109
44
1454
1073
680
810
890
181
104
1277
160
279
49
1550
1253
269
987
31
869
539
1205
1149
1218
632
63
1063
446
1438
264
1491
861
1147
530
432
30
155
754
497
1342
997
9
913
1256
1224
62
1343
831
1451
1060
870
318
1332
448
1433
853
982
680
624
306
1040
598
441
1041
15
1210
1165
943
987
739
687
1151
1153
227
1468
312
1427
880
1415
923
170
270
748
710
391
28
1138
924
779
698
888
1331
1484
1111
168
1223
1299
1524
1217
1367
1431
1155
213
1061
384
374
1341
952
1415
1314
1008
1058
1382
1441
1026
1506
1304
587
304
134
1158
252
276
783
373
1525
332
1255
1134
879
1187
1477
1363
1195
318
881
1225
1100
551
362
585
422
196
1402
263
565
1538
444
236
1441
1377
971
1338
506
407
493
471
234
1426
48
29
1288
150
1295
1101
296
1509
1061
1150
939
741
301
348
652
1463
1187
1081
956
599
1407
85
579
1350
274
193
511
1374
571
265
595
60
301
1295
1077
373
701
711
850
1201
1118
811
1387
654
1974
1799
2301
630
970
2038
971
2099
246
1695
780
1435
1039
960
1363
916
1381
1216
793
820
571
517
1869
727
867
1239
1604
481
1308
794
370
1488
1509
114
1864
1550
739
1236
998
1629
1644
1009
1730
1381
916
1515
2061
446
1898
753
1706
1589
847
1043
1109
869
210
1843
694
723
330
2158
1607
662
1667
226
920
590
1558
1554
1317
1262
661
1791
1032
1796
1030
1856
1028
1930
720
612
98
536
1151
546
1441
1297
453
1475
1469
1961
344
2095
1546
1594
1432
1030
920
1779
553
2009
1478
1297
945
795
433
1150
1096
1091
1574
775
1244
1436
1717
1333
1248
1135
1864
1767
611
2106
969
1864
978
1615
1695
303
741
948
945
600
116
1512
1443
928
812
1308
1669
1891
1397
567
1851
1481
1568
1738
2125
2235
1460
852
1694
901
641
2041
1680
2168
1581
1569
1601
1937
2058
1785
1630
2031
855
410
728
1374
313
586
962
1065
1967
681
1996
1156
1459
1906
1534
1572
1892
806
1439
1746
1501
666
607
718
561
388
1940
301
973
1716
462
895
1585
2077
1588
1953
1270
887
772
495
314
1754
95
561
1703
260
1746
1676
842
1932
1169
1497
1125
764
977
950
767
1838
1420
1474
1058
722
1942
728
877
1918
351
916
920
1586
1187
514
727
793
953
1654
1660
829
1338

13
250
12
16
18
9
15
15
9
14
18
8
17
12
10
19
8
6
9
7
10
16
18
10
16
14
13
12
10
13
15
14
17
10
9
12
18
20
6
20
18
17
6
15
12
18
5
6
6
10
5
19
10
10
18
5
16
8
8
20
15
7
17
9
16
18
6
14
11
16
12
6
7
17
14
9
12
17
18
15
16
17
13
18
20
8
9
19
7
18
8
8
18
9
7
16
12
9
16
11
7
16
14
18
15
6
6
9
12
7
9
15
13
17
17
9
11
11
9
12
7
10
19
6
14
8
8
19
11
13
10
10
13
16
9
7
9
10
17
8
8
13
16
6
19
5
8
19
10
13
9
18
10
10
12
16
9
17
10
17
8
17
17
12
19
8
10
14
7
11
12
20
17
9
16
13
17
7
18
7
14
18
13
8
11
15
10
18
7
17
8
6
18
11
8
8
10
10
15
18
15
9
11
5
13
8
16
18
10
6
9
10
13
11
14
15
12
13
12
15
7
9
8
10
15
17
13
10
14
17
8
11
13
6
11
7
9
18
10
15
17
18
13
14
11
15
17
8
18
6
15
13
0
189
277
1519
356
282
1113
116
165
378
241
1312
1157
1164
196
1362
655
899
925
133
731
1433
1121
342
672
254
1526
926
942
309
1022
1283
630
957
146
120
333
249
1347
1049
167
1116
620
965
230
927
1331
1033
897
33
318
929
1055
1087
110
802
884
922
435
807
1127
591
1345
1149
852
1526
326
186
1037
1124
351
1197
581
296
490
792
1309
936
1397
299
890
1223
368
804
1002
543
609
135
419
419
173
114
368
932
583
852
1063
557
608
1183
1377
419
1358
467
538
912
473
849
1534
924
36
616
1267
1423
1372
785
945
605
591
194
256
802
1096
1234
1116
514
37
1485
1439
985
259
1090
114
691
157
1116
1328
1013
662
1238
980
1059
208
1179
208
326
25
412
1111
970
1344
570
460
720
1499
451
1065
488
1245
350
1240
797
1087
1007
481
319
461
74
256
1382
622
576
1110
404
497
468
1129
363
179
810
48
234
1323
139
188
21
680
247
841
901
1379
173
353
718
1302
546
952
1185
77
1232
1399
934
927
599
172
1526
1268
848
388
554
547
77
771
497
760
126
752
1291
487
78
925
697
921
1426
826
1138
120
903
1396
996
124
78
237
1316
85
18
880
1279
51
892
1111
1120
850
972
2
1216
125
1037
1020
634
362
697
352
1920
668
688
1482
416
603
511
1025
1805
1380
1482
483
1753
1008
1239
1531
159
1130
2207
1588
560
825
341
1769
1312
1022
883
1279
2043
926
1459
234
626
1022
442
1493
1203
217
1839
1108
1580
758
1660
1650
1179
995
727
560
979
1779
1804
660
1331
1180
1176
517
1287
1240
1090
1753
1595
1043
2141
863
951
1731
1881
500
1795
647
870
812
1154
1703
1240
1849
548
961
1704
875
1385
1138
595
847
501
1134
535
915
641
1126
1197
1163
1601
1758
1218
1222
1948
1639
587
1742
844
1077
1313
1167
1067
1586
1607
452
691
2025
2118
1508
926
1147
1032
646
865
473
1210
1384
1575
1565
719
728
2101
2051
1478
467
1375
346
1344
484
1525
1889
1157
1070
1380
1681
1176
511
1549
292
395
178
950
1389
1099
1392
1309
850
1048
2071
1196
1076
794
1438
668
1319
1550
1740
1092
523
646
1051
704
681
1945
1141
834
1634
766
974
677
1489
730
890
1540
672
332
1897
577
486
629
974
688
1238
1095
1786
902
800
1278
1435
944
1726
1911
620
1290
1614
1010
1357
774
332
1990
1367
1609
880
936
894
719
838
702
1534
352
1011
1784
870
749
1308
1395
1542
1709
1380
1752
766
1017
1934
1726
740
695
736
1603
365
501
1236
1938
243
1643
1835
1536
1464
1424
648
1882
229
1445
1342
658

14
250
8
17
13
19
14
10
14
6
9
17
18
13
6
9
6
14
7
13
14
6
15
9
9
5
18
15
18
17
17
12
10
5
13
12
9
11
18
11
20
14
19
15
11
10
18
14
13
18
19
10
18
15
13
18
9
12
13
18
6
12
7
6
13
16
11
11
15
20
18
18
10
9
20
7
10
13
5
14
17
9
13
13
17
12
10
10
7
10
13
8
15
16
14
6
19
10
15
10
15
18
11
15
15
8
16
18
18
16
16
18
9
20
17
6
19
6
5
8
17
8
12
20
18
7
7
19
11
19
6
9
13
16
13
17
16
11
8
18
9
8
14
18
19
8
11
7
20
9
20
15
18
15
18
18
7
13
6
5
7
16
8
13
13
18
19
16
20
18
10
10
7
15
15
17
12
7
19
7
20
14
18
15
12
8
9
16
19
13
6
11
7
6
15
15
8
19
11
5
11
18
8
17
6
10
11
13
7
6
19
18
19
8
19
7
13
13
19
16
7
7
10
19
8
6
20
13
7
10
10
16
15
11
12
7
19
7
13
19
6
8
17
8
6
13
15
13
14
10
8
10
0
897
1392
630
410
880
164
645
580
371
1331
882
1312
297
1231
1481
616
1012
562
616
785
1249
1385
1313
809
1221
1171
151
357
1213
418
305
476
454
1466
229
1278
293
753
436
822
626
1315
288
185
1520
192
301
1507
560
1331
896
831
1046
719
423
575
949
677
833
640
1532
56
34
929
798
1403
1508
1236
1152
862
1197
1143
1194
305
1266
158
1033
1103
1230
747
554
6
202
200
998
469
392
951
383
1203
1207
1516
1062
662
1048
813
915
1464
905
264
739
1108
1480
1528
924
559
613
133
938
1221
204
1407
107
1234
844
282
496
1277
1282
563
877
670
1564
923
48
312
1
1046
41
1169
260
1167
552
568
1270
826
501
418
529
252
1210
1025
940
660
164
992
1021
539
1556
659
1421
64
862
1014
1253
1206
1363
303
1331
1403
831
877
473
60
1542
1543
409
1500
859
651
685
308
1275
1044
663
886
331
854
1159
83
892
940
573
557
600
253
270
1195
989
395
1394
519
1430
209
1499
640
944
40
173
118
7
1287
1398
1336
15
269
1208
150
464
67
745
852
1017
1324
1527
417
604
421
838
955
707
398
1157
648
230
1209
769
1500
203
43
104
35
957
22
457
850
526
915
1088
135
665
305
1497
1265
727
1063
580
53
46
619
1448
1508
733
509
1609
837
966
800
944
1791
1006
1733
896
1385
1809
699
1551
963
921
1043
1385
2087
1960
1283
1743
1678
889
896
1335
586
1070
506
1117
2223
272
1901
965
1233
1209
1631
1266
2051
977
273
2064
401
793
2058
907
1900
1236
1492
1111
795
1102
835
1327
1129
1279
957
2140
531
811
1648
1278
1756
1798
1404
1834
1600
1429
1827
1472
690
1403
425
1260
1250
1695
1457
884
764
493
685
1138
971
440
1003
935
1996
1686
1918
1553
905
1836
1456
936
2072
1522
586
876
1434
2265
1706
1234
950
1089
853
1656
1373
901
1735
760
1857
1467
423
634
1832
1384
1343
933
688
2270
1413
847
863
120
1575
463
1860
821
1505
1301
1242
1933
868
737
1162
791
605
1823
1691
1041
1002
418
1423
1760
628
2088
1243
2149
704
1390
1441
2030
1555
1425
661
1867
2175
1600
1269
650
322
1710
1832
1006
2170
1568
1165
879
839
1309
1751
831
1451
1075
1130
1703
837
1009
1335
892
1151
616
478
288
1738
1776
807
2180
1094
1887
318
1525
797
1674
298
814
587
348
1445
2045
1577
624
630
1297
544
577
148
1204
1118
1024
1348
2140
914
654
954
1516
1036
1289
495
1706
1000
1024
1292
1166
1646
972
389
293
704
1350
791
635
949
1260
1629
1869
603
1257
681
2161
1978
1199
1568
833
607
138

15
250
20
20
12
8
16
12
8
9
12
15
11
6
14
12
15
7
6
9
18
10
18
7
10
6
19
9
10
6
18
13
17
19
9
13
13
8
8
9
13
19
6
8
7
19
7
20
15
18
11
12
12
18
9
20
13
16
17
12
10
15
16
5
11
15
10
10
9
13
14
6
15
17
13
13
13
7
12
13
19
11
16
19
16
6
11
9
15
17
20
13
15
9
8
13
9
17
17
17
12
17
8
7
8
8
10
13
19
7
12
5
8
7
14
11
13
15
14
14
14
17
10
10
6
19
18
7
19
11
20
7
5
12
16
16
11
16
15
19
12
10
7
11
15
14
7
11
16
5
17
6
18
14
12
10
10
12
10
17
9
16
6
5
18
6
20
12
18
14
11
5
14
6
18
18
20
19
12
20
11
14
19
14
10
13
17
16
10
14
16
17
18
14
5
19
5
19
9
19
18
8
11
16
15
12
10
16
12
14
11
19
12
16
11
14
13
8
10
8
18
5
8
14
15
9
13
18
12
10
5
19
9
12
8
17
19
16
11
12
19
12
13
14
19
14
17
11
14
17
7
9
0
1521
443
566
1127
421
240
239
1152
230
591
1552
888
555
1088
178
590
1492
1253
500
1301
1030
1386
556
166
1362
498
32
832
140
1311
1342
51
670
1322
104
1384
1177
560
177
1246
343
283
320
1346
1480
985
349
721
90
967
857
764
763
691
1488
262
471
1427
409
1153
105
251
1584
417
395
101
691
1525
1133
378
794
204
1173
1130
8
186
641
587
673
992
1237
16
1339
701
1299
447
437
251
587
457
1534
1372
313
229
1361
593
680
406
1383
12
527
967
255
742
1325
1357
1572
1299
1070
734
620
209
967
1155
429
1290
915
1454
164
192
340
506
1404
1532
1039
817
764
700
1558
947
94
326
441
1067
1149
263
1044
629
57
876
287
1320
905
1399
133
638
237
1367
318
394
1494
1189
1587
1165
58
332
224
642
1127
315
1523
283
1539
1427
1212
64
948
390
622
52
489
125
1421
1296
301
685
1227
920
141
17
1064
946
136
617
1469
286
1155
1488
1420
569
257
54
707
4
1348
935
844
1167
1545
612
403
582
397
503
501
260
418
2
433
1136
1555
1340
782
1081
987
77
354
340
858
1017
1079
518
383
1579
880
1551
364
1485
1361
287
1304
1460
780
1436
935
535
758
43
923
737
341
265
1573
150
1127
1006
650
621
249
255
1813
1226
1206
1669
535
866
590
1887
977
1199
1990
1069
1279
1767
488
644
1762
1563
1259
2085
1606
1672
768
345
1828
1030
746
1634
226
1910
1377
691
907
1920
169
1495
1813
1166
398
1670
367
298
1081
1403
2082
1624
555
856
707
1611
1516
1521
804
1371
1584
1067
854
1898
536
1714
188
303
1709
1208
1031
825
1394
2251
1908
1116
995
573
1899
1808
723
502
1167
660
999
1341
1618
160
1899
973
1820
1083
820
759
1142
528
1618
1441
827
1014
2069
642
1150
878
1462
446
687
1723
742
916
1506
1787
2229
1486
1657
1254
812
1002
1186
1296
1055
2022
1318
2001
258
246
760
900
2149
2276
1586
1468
1251
762
2057
993
204
367
1069
1210
1671
469
1776
1030
578
910
991
1438
1038
2106
392
1171
809
2061
529
940
2139
1365
2031
1454
307
626
250
1010
1738
333
1695
895
2307
2056
1851
533
1469
1111
764
343
1155
688
2013
1947
782
749
1262
1439
750
642
1422
1409
443
1319
1986
561
1547
2277
1578
1020
881
713
1437
213
1422
1371
959
1807
2299
953
847
1271
706
868
1093
724
1223
319
514
1380
2069
1852
1012
1774
1530
665
1084
569
1024
1610
1498
797
502
1816
1303
1819
750
1921
1711
382
2034
2233
1411
2168
1583
1335
850
90
1640
1226
724
1025
2087
851
1789
1534
1132
955
896

16
250
7
17
5
7
16
11
7
8
18
16
11
7
12
19
14
19
13
7
11
18
12
17
11
12
6
14
9
18
16
5
11
5
6
5
14
19
9
5
19
9
18
18
6
11
13
12
9
11
6
6
8
17
15
9
9
13
9
17
6
7
13
19
8
13
11
9
16
13
9
15
8
13
15
14
6
10
13
18
19
16
16
13
8
11
9
18
17
14
10
8
18
18
7
9
6
14
14
11
19
12
13
18
12
17
13
19
7
14
11
17
9
18
8
11
17
7
12
9
9
15
9
7
15
9
9
5
9
17
8
18
8
19
14
10
20
12
20
15
12
18
15
14
5
5
7
15
14
6
7
7
6
7
8
14
19
10
11
9
18
19
20
14
6
19
15
15
20
19
17
19
18
10
14
20
16
14
9
7
17
6
17
6
9
16
9
5
13
17
13
6
6
7
19
6
8
10
14
14
15
6
16
12
8
9
6
11
20
11
16
5
18
19
14
18
7
11
20
12
16
6
12
12
15
16
7
9
19
15
18
18
6
19
17
13
5
12
15
14
7
12
14
7
17
5
11
9
13
9
18
11
0
108
853
706
1058
889
719
1139
1147
1219
485
1114
332
238
1381
211
17
185
1056
826
111
723
57
395
1099
1327
999
986
1507
665
1412
1073
1322
1069
430
941
1279
917
401
332
931
1384
609
1395
713
1192
955
135
215
1241
518
880
917
399
1186
202
1022
1252
1300
834
1364
1006
202
507
809
85
159
916
165
576
536
132
657
1029
1303
1404
654
1102
39
146
1240
1136
1043
428
1318
931
811
1316
507
1229
647
1343
1238
1416
1478
1238
747
24
1012
1155
1121
750
381
86
531
1452
586
1343
1466
1010
485
1194
629
1512
1141
1262
917
838
702
345
930
570
1488
153
935
1333
1185
507
612
1310
567
124
1475
652
1155
1514
41
1512
735
887
1446
282
1514
1404
1329
45
517
53
892
24
1528
256
1420
741
1336
504
306
53
291
387
692
396
659
357
135
880
1446
1382
1019
689
632
715
471
1204
1247
672
971
1154
73
603
941
1312
1325
1199
389
767
438
516
784
1318
194
128
560
483
1257
799
649
357
271
1486
1517
615
352
979
1527
1322
1298
663
1065
696
376
62
809
1257
93
496
123
296
234
843
784
1076
1192
750
599
799
463
1398
488
926
141
802
400
484
1168
1305
1523
1104
650
220
871
1271
128
1178
288
865
1323
304
659
1128
155
166
1009
1338
1549
1124
964
1744
1484
1258
614
1732
812
294
1599
284
508
589
1307
1280
245
1484
299
1162
1483
1366
1382
1502
2164
1413
2081
1624
2026
1525
902
1242
1603
1284
757
648
1324
1520
875
2043
1443
1347
1217
876
381
1789
1289
1302
1661
772
1558
549
1177
1987
1580
1261
2007
1303
560
606
1274
516
766
1256
319
718
1020
220
1149
1211
1554
1893
1090
1686
291
664
1785
1259
1144
914
2078
1229
979
1405
1030
1428
1243
1846
1970
1618
2127
1503
992
796
1652
1911
1342
1273
572
863
1084
2098
1028
1364
1647
1533
932
1421
657
1683
1766
1863
1470
1240
796
586
1099
872
2015
304
1413
1852
1316
648
1298
1807
1217
819
1690
972
1314
1995
368
1680
1199
1453
2222
344
1556
1648
2066
778
647
694
1565
754
1833
844
2089
1080
1446
816
706
682
381
1034
1457
1033
670
1105
181
898
2160
2083
1160
913
1355
1021
633
1386
1402
1208
1738
1181
369
1010
1335
1961
1901
1695
761
848
573
803
1258
1335
856
838
1324
932
1648
1478
1254
537
574
1622
1697
1073
458
1425
1862
1742
2044
1210
1416
1332
877
471
1497
1686
401
844
648
918
917
896
904
1690
1354
1129
664
1266
892
1604
1195
1679
218
969
855
775
1794
1867
1992
1584
1313
299
1173
1536
286
1443
772
1281
1427
428
1308
1571

17
250
11
11
15
17
11
19
9
8
10
14
7
10
6
7
5
12
14
8
18
8
19
20
15
8
9
12
14
12
8
7
7
7
17
9
19
17
8
6
9
11
9
10
13
12
19
12
7
12
7
9
15
7
17
19
19
17
9
9
18
8
13
6
14
17
10
9
7
18
5
8
14
17
13
16
10
18
16
9
9
13
8
6
16
12
13
17
15
6
10
6
20
14
10
9
19
14
8
7
14
6
16
18
15
16
13
6
7
5
6
18
14
12
11
16
7
13
15
5
5
14
20
19
14
18
15
7
14
8
14
10
19
15
15
9
12
8
14
12
16
15
7
6
20
16
13
9
7
13
13
10
20
17
13
5
16
8
18
17
6
19
18
9
7
7
17
16
20
16
8
19
10
13
14
20
7
15
11
12
10
6
16
18
10
12
12
10
14
7
18
14
9
18
9
10
11
6
13
8
16
15
15
12
10
17
15
9
14
18
17
8
13
16
13
8
14
9
7
16
17
7
8
9
7
12
6
17
9
9
20
18
10
18
14
18
11
13
8
18
13
19
14
7
18
12
15
10
7
12
6
6
0
208
112
1283
136
515
261
1144
1270
694
760
868
711
1259
1458
556
1475
735
66
497
310
13
1429
1002
1351
1261
370
647
972
117
1489
1171
1526
1160
1175
573
948
425
1333
978
658
72
1442
586
105
491
286
882
549
1380
1311
1456
164
1354
1027
1391
1519
118
207
965
1323
422
532
1229
270
82
460
1328
1356
279
290
278
908
597
1214
17
245
887
679
1179
976
270
911
618
1189
1149
875
446
1327
926
728
985
353
649
1246
1132
177
1064
1344
1426
469
68
588
1271
305
168
654
867
970
259
428
823
431
180
72
847
1282
1514
1115
1179
1278
1037
1103
529
502
1493
397
278
377
992
1339
1083
1075
978
579
125
41
169
575
1077
1212
663
1380
764
1027
1267
242
1238
484
1179
1363
546
202
1285
738
232
250
264
330
1168
1382
234
1246
1326
471
808
1142
687
1165
883
504
921
527
767
274
473
150
1059
51
172
985
63
708
129
1368
1404
805
12
223
44
1343
244
511
1115
580
943
1157
75
1106
748
6
1499
204
1487
612
433
962
996
1153
570
1425
1419
1014
809
771
31
269
36
1189
599
141
528
152
101
1042
283
621
1054
145
490
301
1197
379
109
1207
93
735
716
661
372
1139
1240
417
401
946
1142
1120
403
1411
829
253
458
299
1838
438
699
273
1612
1959
978
1354
1065
1260
1988
2152
1236
1839
1230
475
909
652
667
1503
1191
1837
1765
510
1413
1378
845
1497
1291
1834
1407
1328
948
1634
715
1542
1256
1416
393
1942
985
482
980
508
1433
902
1399
1957
2012
249
1520
1553
1527
2078
233
499
1220
2023
600
678
1850
556
442
1213
1942
1697
539
550
351
1675
750
1958
469
511
1273
1147
1313
1171
293
1051
686
1645
1273
1140
723
1674
1193
1256
1465
786
886
1350
1686
802
1345
1413
1865
874
784
1334
1824
602
580
972
1388
1587
478
1198
916
794
222
587
1170
1831
1910
1726
1884
1933
1344
1849
916
1148
1796
712
600
717
1113
1593
1505
1264
1736
1240
477
631
833
631
1746
1264
1183
1764
1316
1715
1999
925
1492
1186
1329
1915
684
281
1981
1146
515
814
852
724
1720
1460
611
1970
1461
781
1144
1609
1317
1866
956
801
1634
1250
1163
282
783
509
1219
657
315
1237
123
1157
709
1808
1500
830
354
908
565
1994
755
1116
1557
1069
1512
1491
195
1622
1174
607
1997
416
1845
1308
842
1286
1682
1376
1140
1983
1554
1553
866
1451
480
859
602
1627
1140
618
886
688
581
1589
396
962
1288
499
596
661
1754
714
537
1228
729
810
1193
1011
519
1596
1298
783
556
1319
1286
1848
1065
1695
1582

18
250
14
19
19
12
9
9
8
11
18
15
8
10
10
15
7
9
10
8
10
14
16
13
17
8
8
20
16
11
6
6
8
15
7
14
10
6
15
12
16
9
16
12
6
16
11
20
9
19
9
12
5
11
19
14
12
16
12
6
8
16
10
19
8
7
11
6
9
16
19
12
19
19
10
7
8
12
18
14
10
6
12
11
10
19
11
6
10
15
10
16
10
9
19
12
13
7
6
12
14
17
19
15
14
9
12
16
9
12
15
15
8
17
15
12
19
7
14
8
9
16
7
5
7
6
16
7
13
7
11
16
18
18
13
20
16
16
6
10
15
5
18
15
14
16
10
19
10
5
17
10
10
5
15
17
10
9
15
10
13
5
17
11
10
10
12
10
11
7
17
14
11
7
8
9
14
6
7
18
14
14
7
8
15
8
8
14
9
5
12
7
9
8
8
20
20
16
11
7
19
6
12
6
8
5
11
15
11
13
9
6
12
20
15
16
14
12
9
5
19
13
19
13
11
15
6
16
10
16
18
18
15
11
11
6
11
18
8
20
10
10
7
9
9
7
13
8
16
14
19
6
0
129
1479
911
172
1358
1417
1467
898
838
1247
395
872
364
918
475
992
39
1409
105
1319
1275
395
1281
1123
148
447
812
137
939
1353
889
1259
31
977
1488
786
1242
49
322
659
872
1078
13
517
552
1243
586
1063
1063
699
761
357
983
878
1039
1139
952
799
789
390
213
205
196
49
1085
1191
778
1187
608
738
428
1197
1371
63
523
947
1413
887
202
1282
1180
1117
1315
273
802
227
642
376
378
70
313
1176
353
961
1123
274
1279
1096
744
314
29
648
243
61
1123
720
691
276
43
6
725
793
354
170
685
218
677
468
342
1431
1421
58
317
76
61
446
163
916
1063
1199
237
504
311
713
321
433
1382
1152
634
15
1213
1031
1186
1392
1012
1367
630
1249
787
1438
994
622
616
1120
101
1043
1247
745
370
630
377
564
943
46
1003
1166
330
699
1401
992
330
605
996
1230
1217
83
605
819
1275
376
53
792
1080
1386
1423
683
318
1006
100
267
937
724
136
1282
1433
627
399
55
544
411
1409
1412
1103
1417
164
153
1058
988
538
639
1122
982
607
1438
1177
877
842
683
1480
289
484
1187
170
690
745
1023
135
1371
3
685
353
284
1126
652
1165
751
1207
1115
64
460
215
9
21
914
346
1122
976
391
1311
78
638
2059
1193
440
2092
2017
1781
1156
1501
1423
435
1480
998
1277
1107
1733
83
1571
566
1725
1873
651
1297
1698
496
1171
1012
821
1332
1809
1049
1791
317
1089
1561
1067
1912
590
628
872
928
1316
556
789
985
1376
838
1417
1186
1057
1121
910
1236
1497
1706
1307
1513
1393
1084
1136
968
245
548
591
1223
1502
1220
1861
1310
902
979
1238
1619
395
895
1646
1585
968
924
1883
1637
1138
1749
398
1129
747
882
1051
802
467
806
1242
422
1568
1346
679
1336
1781
782
708
484
699
438
232
1311
830
703
917
74
656
906
1485
979
792
814
368
916
926
746
1728
1701
683
542
648
217
1100
871
1397
1744
1403
878
775
905
1350
753
717
1586
1339
676
36
1676
1681
1337
1992
1141
1470
1190
1779
1210
1470
1305
864
1109
1633
612
1193
1393
767
625
1011
727
839
1349
102
1585
1845
970
821
2006
1617
769
1219
1736
1422
1664
421
1224
1209
1968
449
187
954
1467
1599
1955
914
560
1047
298
875
983
1201
480
1604
2045
1249
622
345
1288
550
1506
1640
1626
1583
623
882
1709
1668
1246
1231
1464
1241
1043
1548
1196
1610
1428
867
2169
698
540
1631
423
1148
1079
1679
517
1645
355
809
737
404
1459
893
1671
1248
1438
1691
103
639
673
59
200
1586
767
1602
1556
481
1349

19
250
9
9
11
14
12
5
5
19
12
14
18
17
19
13
17
18
17
18
7
9
7
18
13
16
16
11
17
11
9
9
11
13
12
11
18
11
10
16
11
10
10
10
8
8
8
20
18
10
5
19
9
9
11
15
19
8
12
7
13
14
11
16
14
8
9
13
16
9
19
14
13
5
14
18
14
20
8
10
6
18
12
13
20
9
14
13
14
17
8
18
8
11
8
18
12
20
8
17
11
12
15
13
5
7
6
18
18
19
19
15
10
8
18
14
20
17
14
7
16
7
8
7
12
6
14
9
19
13
10
17
16
16
17
6
13
17
12
17
13
8
9
17
11
7
11
7
10
15
5
16
13
18
19
15
10
12
8
20
17
15
17
7
5
5
10
9
18
6
19
13
10
10
17
9
8
9
10
11
16
8
10
12
9
11
9
9
14
19
15
18
19
18
6
14
8
18
6
6
16
19
5
20
16
9
18
6
14
6
10
15
10
5
15
18
8
7
8
5
10
7
6
9
9
14
19
5
18
7
15
18
6
7
11
9
16
11
15
6
13
7
10
13
19
9
6
9
16
12
8
6
0
619
65
981
591
1195
621
771
900
1272
315
736
1296
818
732
43
887
1254
635
201
1014
20
1016
749
831
988
737
342
1115
174
712
1166
1111
1486
287
165
1419
636
736
84
774
1086
1056
939
1249
155
965
351
588
15
875
1457
1440
1523
9
432
955
553
740
1122
1196
1172
500
1387
767
1307
672
160
485
305
100
330
280
807
1105
37
326
970
220
847
349
1304
656
1008
983
804
455
726
1104
554
936
1384
1119
157
66
1240
50
571
131
42
943
269
416
1355
267
1316
1245
645
213
104
735
1290
1268
680
1486
811
249
1003
937
167
1485
756
892
1288
787
852
816
1464
177
580
1243
77
848
642
197
381
296
1258
1349
468
553
541
34
347
110
610
917
966
843
734
1419
764
1018
207
792
659
1101
932
963
175
1081
395
1108
199
781
64
859
1159
170
88
388
1452
461
741
71
160
1498
1324
170
1240
797
184
198
386
384
291
1440
515
917
1165
103
494
1407
1409
495
7
800
268
629
246
1451
1117
1001
637
52
736
1131
251
1149
809
1086
1067
669
1112
3
376
505
152
1211
15
87
846
738
1394
38
1257
792
293
438
1513
639
726
1368
847
346
827
445
605
309
572
1115
914
27
1069
491
750
369
985
1014
1269
321
1145
572
1414
928
1577
961
1503
1390
2043
446
1280
1491
837
966
641
1293
1992
996
447
1348
789
1347
1388
882
1006
1402
829
1468
865
852
1857
1531
1767
763
442
1697
1380
1318
679
1067
1468
1152
1333
1564
436
1449
449
940
56
1338
1725
1701
1939
386
792
1139
1014
1027
1421
1314
1736
1213
1627
1024
1952
1281
614
974
674
637
610
966
1237
1767
590
637
1244
627
1566
679
2061
973
1498
1540
1434
1006
998
1407
734
1583
1410
1676
272
183
1749
316
1105
686
749
1329
649
534
1581
801
1940
1775
1093
676
247
1382
1298
1407
1267
1659
1102
492
1717
1022
766
2080
1065
1616
1958
1193
1170
999
2235
597
791
1711
115
969
1207
347
892
876
1789
1785
800
736
737
429
902
768
693
962
1540
1396
944
2010
1281
1051
574
1526
876
1678
1048
1507
944
1325
931
1309
706
1281
255
1631
1226
486
396
498
1950
873
946
575
906
1554
1753
638
2005
1186
537
960
677
533
685
2098
981
1353
1287
323
1110
1714
2120
660
448
1560
496
1360
833
1744
1837
1540
1102
480
915
1564
385
1749
1132
1225
1385
740
1467
180
1029
1064
465
1399
195
833
1290
1346
1460
65
1731
1263
685
506
1889
1058
994
2042
886
488
1385
672
929
805
790
1414
1504
624
1295
1101
1107
425
1421
1402
1901

20
250
11
14
19
18
9
6
16
9
8
10
15
14
12
6
12
9
8
12
15
11
12
17
15
12
20
19
19
20
9
12
17
8
9
9
10
15
18
13
14
7
14
18
13
19
14
17
6
5
19
9
11
19
18
15
18
8
8
17
13
17
15
7
9
16
11
14
18
19
19
16
19
9
17
5
8
16
17
15
6
10
11
16
10
9
15
13
12
11
9
7
18
5
12
15
20
12
5
8
9
5
19
12
14
13
14
15
9
17
10
14
10
7
7
9
5
15
19
12
15
9
18
13
15
19
16
13
12
8
6
14
6
11
12
7
17
12
12
16
6
7
12
18
19
6
11
14
20
19
18
5
16
17
8
9
5
7
20
18
14
11
7
11
16
19
10
13
7
12
12
10
5
19
15
11
14
14
19
8
15
18
19
10
13
16
9
5
13
14
15
11
15
13
10
8
15
15
13
7
15
15
11
9
9
17
12
15
9
5
12
18
10
18
13
7
10
15
14
8
5
12
13
10
12
15
14
16
7
19
8
18
17
7
14
16
6
13
16
13
10
9
6
6
10
11
11
15
16
19
11
10
0
30
403
539
366
1482
1048
624
887
551
878
684
337
646
726
252
1062
506
337
476
816
927
288
898
1057
1185
395
526
801
1251
1098
903
132
50
1043
258
712
1175
486
1504
790
668
581
1234
218
1129
392
1266
452
154
440
512
964
519
548
878
527
1052
811
629
88
1502
1247
1105
44
737
1165
215
1166
1207
47
158
419
562
972
1242
299
601
1193
1421
1040
340
605
24
572
240
194
256
1303
58
886
1120
106
122
1458
1517
1274
1015
1257
903
642
532
128
483
990
97
1279
283
677
723
115
763
1515
698
757
1192
1319
144
1017
314
1499
1128
69
916
1372
654
891
351
189
1227
681
1494
450
308
783
1144
643
559
1169
1308
721
654
59
365
613
716
1262
179
1017
923
1334
229
840
777
1379
741
536
1012
1497
1540
1025
5
806
1403
1167
759
158
268
693
1519
753
1250
626
196
456
763
250
1298
1361
1219
1442
774
685
208
668
68
450
1563
1342
1313
187
657
246
527
309
293
1070
1184
752
138
941
839
580
420
1423
1346
395
389
824
73
734
967
503
94
1399
1482
808
1485
1182
1468
541
744
1354
559
622
1131
1441
1198
834
1516
28
935
1235
927
73
936
276
481
185
267
1218
782
1068
1014
75
1482
767
50
1133
1103
54
218
625
903
988
1706
1203
637
1209
1131
1092
1077
1031
1020
1474
718
1400
750
1073
922
1508
1385
485
1290
1756
1238
1061
719
1025
1644
1115
1466
331
795
1511
300
921
1442
760
2242
1304
942
863
1311
1001
1252
416
1948
1013
188
761
612
1190
845
754
1049
1056
1174
1544
925
166
1564
1511
1331
567
1014
1842
977
1498
1448
633
297
1153
1326
1626
1972
374
1145
1226
1973
1313
846
914
699
1252
482
347
876
2093
385
994
1307
524
288
2038
1993
1986
1658
1324
1139
804
1031
339
702
1623
287
1486
757
1193
1390
126
950
1604
753
914
1293
2079
571
1394
487
1569
1539
659
1040
2159
1389
1070
984
891
1962
1363
1961
702
655
1456
1701
741
1206
1735
1374
1506
677
849
801
655
1092
1812
662
1552
963
1766
579
1125
968
1879
1337
1068
1802
2210
2265
1652
313
1073
1993
1387
1154
514
937
1484
1996
1408
1882
767
398
530
1267
630
1408
1537
1567
2146
1120
1372
423
1167
492
612
1722
1734
1922
877
1345
311
579
392
355
1351
1350
814
916
1620
1340
1175
833
1446
1563
714
664
1594
490
1284
1082
720
831
2156
1833
1549
1908
1442
2214
714
983
1570
953
1000
1911
1710
1456
1302
2048
597
1168
1539
1014
196
1304
428
817
274
662
1573
947
1521
1522
293
1855
1057
533
1605
1492

21
250
12
19
10
9
9
13
5
10
17
14
18
14
11
18
13
10
9
9
6
16
11
17
6
20
17
9
7
14
14
9
8
17
15
12
8
6
6
14
20
11
14
12
16
11
10
16
13
18
17
18
18
18
11
17
9
16
19
18
17
12
10
20
16
7
10
9
18
14
18
10
20
17
15
19
15
6
12
17
19
10
5
17
13
8
13
5
16
13
19
12
8
6
8
5
8
7
13
12
7
15
20
7
18
6
8
9
17
10
6
17
14
13
17
18
17
16
19
18
13
15
11
15
17
18
17
15
8
16
18
14
16
12
15
11
18
6
6
9
6
14
9
13
14
12
11
9
9
6
19
16
19
12
11
11
19
5
17
7
11
19
12
14
7
5
9
10
9
16
14
7
10
18
9
15
8
8
17
14
8
12
19
17
12
12
14
7
17
11
5
11
18
6
18
17
11
20
7
8
18
8
15
10
5
16
10
14
8
7
9
6
16
19
8
8
6
11
7
14
10
13
8
13
17
10
10
5
13
14
15
6
15
16
16
19
12
14
16
18
12
14
17
5
16
7
9
19
17
7
15
19
0
277
914
76
692
1361
543
749
556
706
1373
480
1428
1363
1249
1249
555
1214
653
1139
1194
349
435
1312
522
1318
483
768
48
127
930
773
1182
1307
464
709
1364
1395
1203
932
631
900
541
691
974
142
1471
406
491
1238
1305
1069
893
1539
1344
620
456
787
550
543
425
995
26
474
116
877
268
373
840
14
652
654
198
420
458
914
21
236
1438
270
58
271
212
1502
681
803
411
1559
887
1484
1363
530
684
657
1120
617
455
626
520
452
80
1029
444
371
1428
1017
983
382
1262
256
994
128
208
568
445
1488
658
1385
886
1068
371
267
152
1562
298
1092
242
911
323
276
875
808
1470
822
804
1378
834
950
1439
1526
948
826
228
107
961
892
1387
125
775
679
1542
71
1252
1517
1477
1372
163
1573
1541
322
60
780
443
1350
953
943
627
1082
294
1280
605
529
1476
1442
1049
1166
1402
1236
305
1282
835
1239
1400
330
214
1403
1487
889
1031
243
1539
232
643
1171
943
463
620
234
631
873
747
1153
1442
1494
375
467
892
381
1252
1248
223
1008
495
1344
1300
1292
881
471
510
1093
357
407
154
1281
541
138
405
1302
838
1128
205
1405
627
943
74
703
1323
1430
584
386
877
232
472
123
837
1288
751
95
1218
497
753
1015
1008
631
1050
1485
767
1133
1093
1108
1519
597
1717
1891
1551
1598
1327
1615
1435
1369
1803
1117
1080
1479
1248
1861
1100
898
605
639
1638
1459
1449
2035
860
814
1585
1883
1264
1444
1330
1197
819
1096
1767
394
1641
446
930
1888
1972
1240
1355
1638
1828
663
1132
825
997
1021
803
1646
381
947
628
1198
668
778
862
179
1389
736
688
856
1257
1089
139
926
1549
1045
260
363
548
2107
1327
1567
727
2036
1415
2074
1570
679
1454
917
1380
637
1040
733
599
494
266
1397
862
460
1619
1127
1008
1136
1276
946
1598
634
442
692
1016
1765
1153
1663
899
1505
805
636
331
1760
712
1507
952
1221
404
969
1070
1012
1973
1186
1532
1996
1459
1209
1558
2047
968
1132
346
224
1311
1466
1848
574
1015
1113
2130
349
1551
2197
1987
1633
613
1734
2247
892
736
1133
1012
2074
1054
1555
1075
1851
1058
1517
667
976
2032
1464
1613
1503
1569
1777
939
1592
1086
1594
1583
530
735
1915
2002
1173
1610
845
1903
875
1306
1714
1171
574
1211
660
922
1098
820
1379
1728
1638
981
1187
1152
537
1800
1921
274
1806
714
1680
1745
1514
1316
930
728
1458
1017
480
259
1527
919
493
849
1471
1399
1453
651
1542
758
1371
481
948
1390
2002
775
1133
1447
345
1204
829
1613
1633
946
284
1933
824

22
250
12
6
17
14
18
13
19
15
6
17
10
14
18
17
17
10
18
5
15
14
6
19
15
12
18
18
10
18
7
16
8
19
6
19
15
9
6
16
18
9
9
17
7
17
10
7
11
20
17
15
15
11
20
8
16
16
10
19
12
17
12
7
13
20
17
5
17
15
11
16
18
8
13
12
17
8
12
5
19
18
12
19
11
9
10
14
14
6
15
12
14
15
6
13
16
12
10
14
13
15
8
10
19
12
7
8
8
16
8
19
18
10
5
16
12
5
6
16
16
9
20
5
7
14
5
19
9
8
10
9
12
19
19
6
17
7
7
17
8
14
18
8
15
17
11
8
10
20
13
20
7
13
11
14
14
6
16
6
8
8
6
18
9
13
14
7
18
9
16
9
5
15
7
19
7
16
14
18
20
5
9
13
14
19
6
9
16
9
8
10
10
11
6
13
18
5
15
14
8
18
17
20
19
10
6
6
20
14
11
13
8
13
12
11
11
12
16
14
12
17
16
6
6
16
14
14
9
15
18
11
13
6
9
13
10
13
10
7
10
18
14
7
9
11
14
8
16
11
11
8
0
1065
1390
143
552
769
452
1171
1289
1048
58
610
91
256
228
1501
1104
1375
953
1145
1152
308
208
1157
222
488
57
1004
819
231
1269
1131
337
1058
296
570
1544
522
122
1114
243
660
641
1408
97
259
277
815
1209
527
946
1070
39
111
1427
697
104
1280
766
1312
1060
115
1475
569
1389
1182
1474
185
953
1528
304
718
1302
37
801
634
895
318
634
885
229
941
11
1425
30
296
1296
231
1282
568
386
1469
1141
771
37
1370
1285
651
1451
465
959
746
1175
1391
625
204
965
507
886
954
128
945
850
1174
1309
893
803
665
796
318
911
1055
533
118
850
119
475
1141
1370
475
692
407
292
821
1407
1288
1028
872
831
766
1243
596
748
84
1527
28
1050
342
139
489
954
1373
1251
1018
541
1204
1187
209
135
453
320
355
485
1197
450
756
1275
1526
1103
441
924
226
1240
249
1421
355
1153
1212
938
1275
145
54
1293
552
331
533
571
1525
1258
1001
1079
1287
357
233
1392
1542
1038
571
1102
1523
1431
663
1039
1445
1368
385
1122
558
613
901
392
1157
1033
672
1383
1088
1286
1476
52
66
1384
368
751
813
1031
296
133
778
1319
1310
1263
551
1475
425
243
1393
224
941
430
897
1232
180
1210
1198
1118
6
844
1402
1465
1297
410
1626
2180
312
1224
1141
856
1671
1534
1281
176
808
419
695
814
1716
1890
1770
1331
1818
1921
1044
275
1357
917
570
810
1725
1274
908
1383
1551
732
1199
1003
950
1698
1034
142
1810
652
1229
1138
1840
708
957
668
1607
1714
1016
1358
1273
271
385
1934
1467
698
1510
1444
2063
1702
390
1696
1109
1582
1916
1590
720
1724
2283
895
1159
1464
509
967
931
1114
824
1211
1070
293
1343
577
2003
519
844
1451
598
1428
839
928
1945
1219
852
423
1478
1644
687
1494
504
1502
914
1608
1706
910
306
1342
560
1084
1723
300
1606
1502
1830
1553
1587
1204
1236
1349
364
1248
1581
904
887
1091
673
626
1823
1736
1112
1276
795
958
912
1819
1514
1470
1592
1548
1177
1341
1313
1536
819
2298
569
1268
1100
523
578
1286
1540
1479
1102
591
1878
1477
730
214
492
384
421
581
1653
1206
984
1340
1759
1800
1192
1488
529
1455
623
1776
912
1238
1671
1274
1917
220
364
2008
1000
439
1172
601
2072
1410
1347
1231
2031
870
1010
2065
1967
1544
780
1785
2027
2163
1217
1750
2146
1527
758
1284
985
851
1197
618
1208
1760
737
2141
1800
1953
1840
662
521
2001
628
1321
853
1103
440
440
1002
1701
1665
1969
1070
2129
1160
409
2174
531
1525
522
1664
1423
479
1403
1868
1603
430
1402
1561
2104
1335

23
250
12
8
7
14
9
19
16
14
20
9
7
8
11
19
9
19
8
9
10
19
11
15
6
10
11
6
17
6
12
13
20
5
6
6
9
10
14
11
15
16
14
17
8
16
17
6
12
9
9
18
14
15
13
13
13
9
15
9
8
18
5
8
17
8
9
8
9
15
19
10
8
11
7
15
12
9
6
20
7
6
12
17
17
12
9
13
19
17
17
14
12
5
8
13
10
18
15
9
9
12
13
17
12
16
7
10
15
16
8
15
14
15
16
13
13
16
14
17
19
17
7
18
11
13
9
8
6
15
11
15
10
14
7
7
20
11
19
6
12
8
13
8
13
6
16
10
12
15
19
15
18
15
6
14
17
11
16
18
6
14
16
11
15
18
15
15
17
12
15
13
17
13
17
19
11
11
19
20
8
14
16
15
14
5
13
20
11
9
11
12
18
8
10
9
11
20
11
18
13
11
9
11
10
12
17
9
20
11
14
5
12
15
19
10
13
6
11
16
6
6
10
20
16
10
20
12
18
11
18
14
9
20
12
15
6
15
18
20
15
7
16
14
6
18
16
12
12
11
9
11
0
1125
455
1324
1066
367
387
42
209
393
1179
1177
997
1152
740
1186
174
1274
1145
730
1093
692
178
308
1003
1178
170
729
82
1483
1489
770
1554
342
824
955
1357
883
1006
1072
1289
1319
507
356
1561
156
877
589
384
781
265
521
636
1107
251
792
815
437
422
1475
256
1331
68
347
556
809
330
828
89
699
944
1452
1365
1506
699
995
1347
156
467
611
218
125
591
848
296
718
939
88
649
802
142
188
79
1092
758
649
1423
895
1103
1250
1463
211
983
806
384
1504
500
948
875
1559
257
986
869
854
1027
664
458
341
191
10
183
484
364
464
194
804
685
1239
1134
597
398
1393
472
653
969
1565
905
335
84
92
913
884
57
1102
1409
1411
329
941
178
52
1328
453
127
894
399
34
1491
1345
765
1333
856
1535
49
876
235
943
1389
1087
217
226
1052
323
897
213
314
6
372
291
259
1517
332
762
427
966
652
341
987
229
378
1275
980
1381
1215
652
169
1335
963
837
218
1112
1370
296
128
825
510
889
545
1125
474
765
854
1098
470
1072
511
754
1386
335
1143
1243
1390
1570
378
1484
719
1244
719
122
1541
928
799
1462
569
1294
193
1230
1259
368
903
1237
742
1424
427
410
384
415
516
253
1414
860
666
1414
1175
1781
1184
1087
645
230
987
1069
1734
1719
1414
1188
1427
1636
597
1299
1238
793
1407
1459
800
772
1162
1494
245
1055
103
2060
1937
961
1664
772
1227
1116
1787
1169
1564
1770
1629
1366
807
561
1654
506
1105
1309
1130
1249
682
915
1194
1706
996
1333
858
541
1194
2135
665
2116
520
620
1134
1053
348
917
123
1284
1445
2177
1772
2162
1310
1194
1819
494
602
976
935
176
956
1242
943
1085
1164
420
1031
1403
366
763
382
1570
1013
1399
1911
1606
1855
1273
1975
401
1621
1263
1057
2002
1131
1110
1470
2308
855
1635
1561
1122
1416
1134
837
480
829
799
209
1173
744
1185
634
1544
1372
1356
1677
1275
1159
1585
1107
1285
1405
1632
1659
484
496
182
1487
1534
766
1565
1571
1882
618
1584
812
637
1475
1005
276
1150
587
549
1811
1510
1493
1412
1470
2306
737
1315
518
1118
2050
1668
380
637
1201
778
953
725
420
366
503
532
1024
2096
583
1404
1004
1598
902
565
1251
848
903
1544
1646
2150
1674
939
668
1574
1370
1630
476
1769
2110
1000
252
1351
1098
1464
1067
1204
1197
882
1144
1459
1242
1712
849
1273
1914
458
1736
1773
1805
1664
864
2272
1317
1555
1033
390
2292
1297
1052
2040
882
1998
973
1247
1360
569
1135
1428
1183
1585
1009
899
480
1168
1229
738
1761
1382

24
250
14
8
13
5
19
11
17
16
11
6
15
16
17
16
15
10
11
17
20
6
13
15
6
16
12
10
12
8
11
6
16
17
8
17
16
11
6
12
7
9
7
12
8
14
10
11
18
11
8
15
13
19
13
6
10
9
6
11
9
10
20
11
12
17
19
12
12
10
7
12
8
9
8
19
10
18
8
20
18
12
11
18
10
10
8
11
7
17
8
5
6
20
7
6
15
10
10
14
13
15
14
16
7
8
10
13
11
18
11
6
14
9
8
7
10
13
18
12
8
10
16
18
16
10
8
14
20
7
9
9
6
7
19
15
7
18
11
15
5
17
11
7
16
17
19
16
6
13
15
6
7
10
14
10
17
14
20
12
9
9
14
20
17
6
19
14
10
10
13
13
10
17
14
15
20
8
6
13
9
7
13
8
11
13
19
8
19
15
7
9
6
9
10
18
15
16
10
6
14
20
19
15
17
13
16
8
18
7
8
18
6
5
15
16
13
18
7
16
10
7
18
12
19
16
16
13
7
6
9
12
17
10
19
7
9
14
11
12
19
10
7
14
9
13
11
16
17
15
13
20
0
1044
869
34
1204
383
1033
283
188
1448
1461
1218
361
1278
549
146
998
214
509
1372
1441
874
1452
1285
202
1137
1251
418
237
643
665
1259
406
1400
202
284
1241
608
421
227
415
607
1331
609
1482
444
363
198
565
70
1374
1519
541
9
537
637
605
1527
1327
1246
49
836
1514
1146
823
704
1321
814
333
925
125
517
313
162
268
510
298
1203
664
1324
8
184
283
369
562
704
307
180
1329
1313
604
83
670
347
694
359
435
204
865
1395
1079
31
1373
906
1005
178
1512
753
756
1264
1069
470
1226
1351
1351
1250
1071
58
678
552
849
872
1390
1079
723
636
329
549
785
240
1248
1271
13
1067
1239
1384
1370
1343
329
641
739
1248
96
935
818
402
712
853
154
1138
465
1099
1505
1201
1076
222
406
1486
1446
549
1169
247
1499
692
1357
918
283
655
1101
380
817
483
1235
105
1278
143
780
900
282
1454
528
759
446
1407
341
861
1302
613
1494
1012
914
960
170
277
307
907
212
909
1023
714
701
745
630
61
221
1226
937
343
864
917
115
223
375
174
294
1299
1320
563
318
243
1227
241
620
1092
236
1006
615
1115
895
694
294
742
1484
404
143
160
307
217
408
964
104
676
1455
1443
980
494
118
839
51
111
326
1633
1618
67
1897
641
1072
635
422
2211
1541
1890
1114
1372
1060
654
1471
751
1077
1469
2183
962
2159
1810
529
1761
1573
1004
474
813
979
2004
1078
1574
764
895
1878
863
733
833
694
746
1742
925
1855
526
700
311
1149
540
1741
2053
638
443
964
820
1250
2182
1673
1986
437
1001
1619
1693
1447
829
1597
1430
579
1483
487
788
982
715
911
952
689
1522
1240
1790
118
454
479
874
918
807
1013
574
1628
1954
1133
381
1096
368
1434
663
562
904
1008
1683
1629
573
2104
1060
1678
717
2242
1334
839
1334
1520
729
1314
1377
2040
1867
1843
91
1081
738
1619
1042
1482
1345
1257
906
442
955
1340
572
1666
1799
516
1516
1332
2012
1531
2039
981
847
1200
1572
464
977
1469
780
920
1448
922
1671
761
1579
1808
1232
1617
331
716
2239
1779
566
1198
532
2152
1368
1397
1575
863
699
1468
943
1253
726
1709
720
1637
775
964
1011
494
1554
552
1281
498
1596
403
914
1680
1315
1789
1711
1050
1088
479
1019
675
1654
290
1031
1169
898
767
945
737
75
261
1808
1031
496
898
1009
748
487
1089
722
790
1367
1561
1106
720
806
1796
459
794
1624
965
1143
1287
1766
1132
933
497
752
1631
550
613
469
362
251
840
1030
666
800
2142
2060
1611
998
692
1246
212
875

25
250
19
14
16
10
19
15
13
14
13
11
11
9
10
12
16
19
7
11
7
12
11
17
14
15
12
16
7
13
12
11
13
14
17
10
5
14
8
16
18
12
19
9
13
6
11
8
13
13
17
17
5
7
18
6
15
17
13
11
13
14
14
18
6
20
9
18
11
15
12
16
10
15
15
8
18
6
17
6
20
14
18
12
16
8
15
6
17
8
8
18
19
6
9
14
6
7
13
16
7
9
16
5
9
18
8
14
7
15
14
10
13
14
11
19
13
19
19
9
15
10
13
7
15
14
9
13
17
15
18
14
15
9
12
10
13
7
9
7
8
12
9
17
7
12
16
17
6
19
14
15
14
8
14
7
9
17
18
8
8
20
12
20
14
17
15
18
6
11
11
19
8
7
18
13
15
19
7
12
8
17
17
15
17
13
14
14
13
11
17
11
5
5
15
10
6
7
5
7
11
9
9
12
15
15
20
7
18
8
17
11
5
10
12
19
8
14
16
10
12
12
12
10
17
12
15
18
10
14
13
7
17
17
14
16
8
20
15
13
6
10
7
18
20
13
18
15
14
13
7
19
0
934
112
1186
992
1468
1021
1370
1395
1453
1093
1316
360
815
1510
102
1452
1456
606
879
1553
830
1489
820
1483
1303
719
38
756
836
1487
118
1381
721
843
22
626
656
737
1043
813
1113
306
146
292
640
239
749
1540
160
326
1341
538
320
497
442
1262
825
670
421
504
405
245
1315
1066
47
446
314
110
258
888
682
1246
1294
1461
1570
306
285
892
938
1255
490
1525
363
1158
1379
617
1354
651
546
1357
903
917
1399
254
1114
1026
834
1436
1214
807
1315
326
974
1030
1070
1418
1204
1332
506
16
382
276
649
534
1461
1151
143
1217
1111
1068
1340
552
674
90
458
945
43
77
715
270
1133
1565
1368
514
1076
1510
1536
441
232
210
138
1503
419
1292
855
240
1099
475
289
1125
473
627
1371
1008
1338
1494
187
1205
253
43
920
1533
899
294
765
796
196
725
1078
615
677
730
825
814
860
530
196
622
1311
1305
418
201
249
451
821
990
604
1350
1269
959
792
1025
1547
597
601
281
1090
1553
744
1302
100
1118
669
1012
711
757
1566
383
1357
328
240
148
361
920
1298
1513
318
588
175
1256
887
1164
755
1394
1560
965
1164
718
425
1042
449
985
1029
1374
750
1397
749
442
868
1516
1158
1407
19
462
1185
482
1372
1485
932
88
1455
274
1501
1341
1915
1511
1566
1445
2062
1823
1945
438
948
1789
334
1985
1830
1255
1665
1570
998
2149
842
2206
1551
742
277
906
1561
2021
644
1509
826
1518
80
1083
830
1225
1540
1006
1196
990
615
675
1202
518
775
1594
797
692
1458
882
1054
552
644
1944
1164
906
493
1094
870
611
1822
1122
236
472
428
727
1029
1327
953
1909
2032
2249
2209
861
751
1640
1169
1362
811
1737
1077
1882
2000
1265
1547
1054
818
1762
1012
1055
1828
709
1137
1453
958
1703
1962
1015
1611
368
1647
1586
1844
1745
1487
1535
896
255
955
385
1257
569
2253
1586
807
1319
1216
1698
1734
928
892
356
850
1079
578
390
1214
935
1623
2279
1394
993
1778
2184
1900
966
947
472
244
1929
638
1701
1545
277
1830
500
440
1878
702
1252
2112
1340
1385
2082
324
1408
762
531
1665
2300
952
505
1197
1273
606
1070
1228
1139
1415
1348
1016
1352
1006
1174
400
1370
2084
1900
1173
328
566
1026
979
1772
1271
1774
1546
1618
1010
1326
2226
1056
1339
699
1513
1859
767
1905
437
1711
1237
1071
1189
1247
2293
1015
2140
950
423
723
606
1308
1619
2308
579
748
805
1682
1525
1780
969
2164
2153
1722
1744
1181
990
1169
473
1237
1065
1878
967
1676
792
571
1117
1760
1695
1456
457
987
1525
1000
1799
1612
1693

26
250
12
17
8
10
17
13
18
11
16
15
19
17
5
10
15
11
12
11
11
11
6
11
11
11
14
13
18
13
8
10
19
8
16
15
16
19
15
9
15
10
5
17
15
12
6
8
16
10
18
16
16
13
19
14
10
18
15
15
11
19
14
13
7
16
8
16
18
9
19
19
8
10
9
19
17
13
7
5
10
11
16
14
12
10
11
11
10
9
5
7
17
18
10
9
17
16
12
11
6
12
6
10
10
19
11
14
14
17
8
12
14
13
11
8
10
17
16
18
6
9
15
18
13
14
13
19
7
19
15
14
11
10
12
14
7
7
15
9
10
7
19
14
16
7
15
12
17
17
12
7
6
8
8
15
12
14
14
6
12
14
9
10
15
19
12
19
20
11
17
20
17
10
19
15
9
9
16
7
18
11
16
15
8
16
11
5
8
8
12
14
8
14
7
5
8
9
9
6
7
17
19
17
11
10
19
9
15
13
8
15
10
15
16
9
12
10
15
10
6
17
9
18
7
7
13
7
7
10
19
17
8
19
12
10
9
6
8
8
15
20
19
11
15
13
14
19
20
16
16
15
0
69
1237
1411
315
1397
104
357
1419
339
427
916
562
1477
1346
718
112
191
666
429
923
223
362
761
557
1205
308
313
1490
81
457
989
1350
1008
1138
243
693
843
1326
389
346
1220
218
147
325
246
407
210
566
693
746
551
1362
247
702
880
626
717
1163
774
1539
172
1549
1481
1042
222
132
1237
972
246
561
187
1315
1368
140
481
125
1406
468
401
357
441
333
1002
1119
1388
477
615
248
107
513
390
1392
1198
366
936
772
695
627
693
97
25
77
1178
435
303
458
1515
1565
538
1067
1507
802
585
1077
363
145
1051
20
928
62
978
214
253
1305
1215
1566
1456
900
172
378
1037
591
847
1408
722
1313
141
1488
1129
419
1308
1005
1243
1304
167
1540
202
398
24
496
281
370
1256
605
1306
407
91
1229
1074
1445
561
324
1413
714
484
647
1521
941
892
456
194
739
1356
1484
1098
927
824
333
373
1143
908
768
911
1126
1466
506
1210
1404
1075
974
31
511
96
1452
815
732
92
994
642
670
459
910
1001
749
134
1404
61
1524
521
822
581
515
276
532
986
375
24
355
614
1170
1392
119
770
566
1174
97
1229
1357
1070
208
491
1511
908
177
990
680
474
497
896
1470
1387
148
387
229
1218
316
881
524
1081
330
96
1324
1459
521
1460
421
843
1674
1032
746
1113
577
1976
1857
1045
290
497
1279
816
1376
598
557
925
673
1602
762
725
2238
110
725
1200
1524
1700
1569
818
1292
938
1751
772
650
1897
261
868
1042
794
927
531
769
751
912
1141
1812
492
1017
1632
1325
1229
1341
1307
2313
238
1782
2034
1825
298
842
1691
1574
584
1122
869
1359
1936
251
550
902
1617
1247
1076
822
1042
890
1284
1662
1432
1043
963
717
205
574
923
1563
1324
479
1409
915
1247
863
1079
829
143
576
1904
511
575
639
1724
2305
946
1407
2067
1315
949
1519
964
873
1142
248
1461
539
1215
463
353
1409
1338
1951
1650
1051
696
524
1398
1005
1562
2010
1062
1572
562
1633
1215
1213
2093
1410
1679
2017
233
1804
625
980
220
1272
509
534
1564
968
1919
965
322
1872
1507
1826
1205
508
1939
926
1030
959
2229
1413
1692
582
571
1470
1896
1928
1620
1573
1144
994
706
1277
1461
1135
1371
1752
1908
731
1633
1780
1315
1229
125
962
826
1774
1134
1082
782
1397
988
1292
747
1340
1274
1537
884
1971
802
2233
656
977
849
1101
311
656
1368
973
733
1028
1001
1558
1582
137
905
1346
1699
874
1374
2054
1327
987
1134
2143
991
233
1658
711
947
1168
1653
2041
2144
794
644
663
1467
533
1380
932
1367

27
250
13
17
10
14
15
14
9
14
12
14
18
8
11
12
14
15
15
9
11
17
14
19
17
10
10
14
8
18
17
9
13
17
18
19
7
8
19
5
5
8
17
13
11
7
8
12
7
11
16
7
20
8
13
16
17
15
17
13
17
15
13
10
9
5
18
10
13
13
5
14
18
17
18
17
17
8
11
15
11
12
15
20
8
16
17
19
11
11
11
15
7
17
20
10
10
16
15
16
16
7
7
7
12
17
9
14
20
16
7
10
13
6
10
14
20
18
11
15
7
15
15
15
9
19
13
14
7
12
16
5
12
7
7
9
13
10
13
8
12
16
6
14
12
9
19
19
18
10
9
18
17
14
10
10
5
8
10
5
11
17
17
7
18
7
17
6
16
13
15
19
8
9
14
7
10
20
16
6
16
12
17
5
7
11
14
16
15
19
8
6
15
6
19
8
17
20
13
12
17
10
17
12
17
7
8
11
10
6
12
8
9
18
12
8
18
19
17
20
19
6
19
19
14
14
12
15
14
6
14
19
13
15
14
12
10
9
17
11
14
10
6
16
11
13
11
10
16
5
13
11
0
326
1256
1379
896
1402
1022
1442
1388
8
168
131
872
1198
679
1156
1285
449
345
542
1136
410
656
1227
335
1381
1426
823
1381
1104
837
1211
638
527
1349
523
661
325
500
310
805
721
371
1155
269
492
451
472
925
1359
1327
672
1270
949
1399
174
583
1159
1348
837
1428
824
138
1104
1052
1117
454
514
1064
499
1015
744
540
1315
14
253
385
98
1399
1037
1529
1102
630
744
981
1360
371
1374
77
1055
993
1452
370
179
466
1303
1491
386
920
1045
242
1559
881
261
496
888
617
1201
1404
1449
1203
681
485
1564
926
1076
1307
511
1367
189
433
1381
1408
1506
499
625
1016
1449
258
641
983
1466
549
17
1439
2
825
967
1168
1077
1377
1269
573
854
190
715
772
47
1154
492
98
360
341
118
1112
1081
386
499
832
40
668
275
1107
778
619
371
704
1553
342
747
1303
1374
982
1091
65
278
112
540
955
453
471
271
59
1318
324
852
855
1494
1230
1358
400
782
1521
105
814
807
125
817
1306
597
1282
269
1302
63
353
909
89
1293
1559
693
1321
1566
247
451
1426
1349
1154
76
447
544
514
49
53
1480
280
210
274
1447
1371
1190
963
1200
1366
413
500
1118
667
770
906
342
1323
86
772
727
924
97
1048
776
678
1473
182
564
2025
2093
1694
1607
1531
2209
1548
350
863
826
1093
1972
768
1830
1534
572
837
943
1670
758
1274
1266
566
2032
1841
1590
1593
1295
931
1252
677
1280
1672
918
787
805
533
818
1200
1139
1026
1814
413
596
766
879
1063
1702
2011
1204
1512
1546
1454
794
863
1893
1794
1175
1824
1498
710
1696
1720
1315
492
1284
1394
882
1239
1407
846
1712
156
743
880
610
2025
1379
2094
1432
1288
869
1276
1990
501
1494
225
1420
1724
2228
474
474
762
2090
1581
1159
1644
1383
761
2027
1155
815
965
1201
1406
1409
2019
1601
1568
894
590
2112
1676
1147
1820
850
1906
680
1032
2071
1840
1626
1112
736
1278
1597
880
1117
1531
1511
1020
796
1790
742
1045
1008
1956
1710
1966
1871
1172
1059
247
1275
917
562
1822
1155
405
470
637
418
1882
1476
1174
1086
856
309
799
643
1703
822
1332
1120
1425
2186
1113
842
1765
1621
1406
1545
207
392
522
1026
1143
512
920
613
189
1489
968
1659
1205
2018
1423
1432
437
1517
2298
606
879
1338
200
880
1489
629
1777
1027
1953
800
374
1059
403
1416
2280
1031
1668
2047
483
1231
1530
2062
1319
522
1085
711
1226
344
138
1506
555
982
551
1534
1898
1385
1009
1973
1830
1026
795
1751
723
1089
1080
464
1383
791
1399
1128
1301
474
1427
1338
770
1928

28
250
14
18
7
20
6
8
17
6
18
16
19
13
8
11
14
13
14
6
10
9
14
12
9
12
19
6
11
8
14
17
12
11
20
9
9
15
6
13
10
12
14
17
9
12
14
16
18
19
13
20
12
9
15
19
7
14
7
16
10
16
5
16
16
9
18
8
10
13
9
15
8
9
9
16
17
16
12
17
20
14
18
17
6
20
17
19
15
10
11
16
11
18
12
16
15
20
15
10
8
17
6
16
9
13
5
19
13
10
19
6
19
16
19
16
12
10
9
12
11
12
11
14
14
17
18
12
10
9
14
13
19
20
18
13
14
20
19
16
14
12
13
12
20
13
15
6
6
14
17
20
8
17
9
15
18
20
6
6
12
15
11
14
8
6
12
8
17
8
12
14
17
16
18
12
6
17
15
8
7
8
7
12
9
15
5
12
7
5
10
12
20
11
15
11
16
7
15
13
18
12
20
7
5
19
14
7
10
7
10
13
16
20
6
11
10
10
8
12
7
19
19
17
9
12
11
16
7
14
11
17
7
19
11
15
18
9
16
5
10
6
13
10
6
20
17
18
12
16
7
7
0
760
1542
711
1418
369
1178
722
921
1576
218
1360
1277
662
765
316
1415
77
159
293
264
283
1258
1529
215
1557
857
804
725
210
1221
962
287
1248
1054
664
223
1595
1301
349
1374
1043
1265
506
1504
1423
1265
1073
484
71
114
442
299
358
426
1277
550
643
459
864
474
399
1475
360
133
819
1336
1056
644
349
125
1284
888
758
1282
396
136
261
514
1093
858
471
264
558
371
496
469
4
743
183
211
729
51
183
913
317
790
86
951
208
138
1465
1109
1528
1069
1096
1142
411
1031
375
490
1233
361
217
994
1482
1556
1066
678
229
28
1276
410
1500
1343
692
1334
619
106
1107
510
1479
202
845
979
130
378
686
569
180
907
825
1221
207
62
1293
1543
1108
987
1488
1597
726
885
79
207
1335
694
510
998
500
772
1000
1072
493
1589
1428
899
380
519
1198
1335
1179
529
1318
792
967
1080
743
1596
774
1435
234
223
1316
1050
586
799
235
92
468
1008
245
737
1525
951
1108
1105
413
88
231
54
963
867
341
1509
612
132
1129
1390
250
1291
471
132
1216
1190
1275
1504
251
637
53
773
447
520
1188
1196
1098
508
1046
1198
440
610
278
788
1352
237
1239
1514
1309
1415
951
612
1352
1212
441
1547
1010
797
923
86
1171
123
1422
1564
1220
2192
834
1293
1317
1215
2326
423
1375
1777
957
1469
526
1912
735
498
438
318
367
1274
1861
632
2149
1575
828
1430
243
1768
1223
553
2008
1463
702
687
2238
1626
1101
1761
1359
1862
1241
2008
1739
1554
1473
614
799
878
1151
714
909
891
1765
1322
764
1024
1354
552
927
1889
389
779
876
1584
1608
1433
519
456
2077
1498
821
1608
1096
157
738
649
1198
1106
1040
804
1206
1142
877
1230
98
1029
271
851
1089
223
685
1151
1053
1386
857
1207
305
758
1680
1138
1968
1515
1252
1826
527
1229
1144
933
1763
1039
306
1214
1616
2258
1270
1470
658
160
1597
494
1521
1364
1303
1969
1322
574
1562
1301
1710
482
912
1120
251
795
755
812
525
1281
970
1871
584
745
1383
2277
1634
1435
1884
2103
1012
1016
848
263
1521
771
953
1657
1141
804
1781
1265
920
2251
1773
1509
548
934
1414
1708
1835
1085
1748
985
1662
1637
1474
1883
1032
1451
441
890
2087
1374
1286
1329
506
761
592
1185
570
833
1876
1445
1644
1253
1017
697
331
684
1288
1326
983
2043
1409
314
1156
2193
921
1976
1003
228
1480
1645
1811
1694
564
984
135
1084
723
1173
1481
1265
1399
587
1733
1294
543
738
388
1401
1625
604
1453
2269
1466
1515
1033
1184
1640
1347
866
1928
1108
1479
1483
297
1892

29
250
11
13
15
13
13
8
13
10
9
15
7
9
5
11
8
5
10
13
17
11
10
6
5
7
15
8
12
15
16
7
11
20
8
9
11
19
10
12
9
6
8
6
13
14
10
19
9
14
8
10
12
14
10
18
11
19
7
11
8
16
9
6
17
10
18
7
6
8
6
12
11
11
13
13
11
8
9
18
6
10
10
17
15
9
14
10
14
16
5
8
17
15
14
10
19
17
6
12
19
18
18
13
11
11
11
17
13
16
19
19
11
16
14
11
8
17
13
8
16
15
8
7
18
13
17
18
13
12
5
6
7
18
15
17
18
9
12
6
14
13
12
20
20
11
13
7
11
19
18
7
6
20
8
6
19
6
7
10
14
12
10
19
11
6
12
11
18
10
5
19
20
16
6
16
7
5
6
10
14
11
20
14
8
7
18
11
10
13
15
11
13
7
11
16
12
16
12
10
14
6
15
13
18
19
19
16
7
13
16
15
17
10
13
7
6
14
17
16
8
19
17
15
18
20
17
11
15
6
16
12
14
8
17
7
9
12
9
13
18
6
12
10
16
14
8
5
18
9
6
10
0
400
33
1024
772
616
1032
1473
350
211
910
623
979
1062
718
324
1071
1376
476
646
773
372
1265
1380
1472
1485
1104
949
894
1452
1335
181
937
399
68
947
570
555
16
1030
44
1413
1211
1013
890
1437
1380
294
621
480
256
1041
20
881
270
229
671
1407
1406
713
1508
200
885
237
881
909
1511
1470
774
239
1428
451
1449
1150
980
1090
1383
1123
938
962
1377
1241
473
595
396
673
1005
1226
232
1063
44
721
470
599
843
1193
857
726
769
101
140
745
897
1092
885
220
1236
1220
230
1114
1339
1415
383
773
1062
1389
586
1037
1495
59
1336
328
808
601
791
63
241
265
489
1349
1312
462
316
544
361
559
1355
608
954
294
1131
1314
215
34
1367
407
1443
1002
650
657
1
806
1226
261
897
28
789
986
1381
27
23
908
20
155
1290
48
472
299
414
931
111
290
55
536
1504
552
1088
1144
509
93
505
161
1088
767
798
72
26
243
156
119
735
825
317
240
839
1380
1391
98
607
1051
782
994
1190
194
416
1055
281
1442
1471
619
1185
885
1443
601
458
1083
46
159
419
1018
1476
709
1080
775
1330
1363
1121
317
324
445
378
1321
1244
267
91
560
935
1021
956
467
509
684
1324
1101
63
424
118
663
1098
584
384
738
609
1216
1223
783
1347
2190
725
615
1259
1263
1559
1285
1327
791
1725
1624
587
921
1080
750
1949
2059
2132
1504
1319
973
1306
1830
1661
741
1282
672
777
1034
752
917
448
1152
321
1696
1412
1089
1647
1456
1726
436
1206
778
851
1103
553
966
387
626
1141
1427
1567
831
1723
370
1145
770
1331
1196
2226
1486
1506
721
1855
641
1902
1423
1086
1644
1500
1627
1091
1617
1431
1284
810
940
1095
847
1750
1890
773
1305
303
1089
573
984
907
1746
1590
1092
874
319
328
1189
1642
1587
925
275
1640
1772
704
1395
2008
1757
900
1363
1731
1704
1027
1444
2016
301
1609
733
829
694
813
635
755
981
767
1845
1842
779
816
1109
1000
1021
1570
711
1541
522
1813
1929
761
399
1494
482
2061
1097
944
815
732
1557
1539
508
1329
365
828
1651
1818
268
168
1643
642
337
2039
81
879
408
769
1134
195
1043
573
677
1746
784
1665
1580
1131
128
636
892
1814
1346
1109
363
140
349
539
405
1196
1256
688
579
1235
2066
1512
840
1278
1086
1153
1080
1703
652
1050
1239
864
1490
1760
1215
1489
1606
2150
616
583
1372
429
475
1097
1119
2063
899
1103
955
2080
1520
1702
883
519
866
469
2014
1867
593
491
713
1162
1202
1347
937
913
934
2049
1758
699
556
525
870
1500
704

30
250
17
14
11
20
12
13
5
11
11
12
12
9
18
6
14
20
15
7
9
19
10
15
11
18
17
6
8
16
10
16
20
11
17
7
8
16
5
15
15
7
8
5
9
9
7
16
16
13
18
7
5
17
15
16
19
6
7
8
13
13
11
16
6
19
15
13
20
5
7
10
14
15
17
15
8
7
11
17
14
5
5
6
6
13
20
19
14
15
7
7
10
19
17
7
12
15
7
17
18
20
15
10
8
8
18
18
18
5
13
18
11
7
16
8
19
14
12
11
13
10
17
20
13
17
7
13
17
11
19
9
19
10
18
19
11
19
18
11
9
12
16
14
19
18
14
19
13
18
13
19
13
19
7
8
6
15
10
10
5
6
12
15
15
8
13
12
18
9
6
11
10
18
16
7
13
7
7
6
15
18
8
7
8
8
17
13
18
11
17
14
5
14
9
17
12
9
14
17
19
11
19
9
8
17
12
14
11
18
16
16
12
14
14
9
14
5
16
20
11
12
8
11
7
20
15
19
5
18
16
16
13
16
13
13
10
13
14
17
9
6
15
7
8
12
13
14
13
8
13
17
0
1425
47
1287
527
820
245
1424
803
350
1215
1095
1322
499
1075
131
284
140
1452
1276
560
836
1104
292
31
464
1013
105
1538
713
1073
1195
799
38
847
298
1557
1394
309
248
492
1565
409
1352
644
898
955
834
626
282
400
793
994
431
1332
611
329
374
980
1143
279
730
564
1350
24
742
158
495
970
988
238
788
579
747
304
1458
878
341
1523
1282
1057
610
614
542
1290
342
899
474
1419
1218
853
662
1072
524
320
343
678
181
538
922
452
1269
176
1428
1570
1520
1495
24
264
1344
365
1204
1204
1050
1120
677
1380
1173
1554
1350
868
1208
66
756
1192
759
325
200
237
1569
642
1263
1343
194
317
401
1253
1429
675
1046
1437
1138
1441
180
1139
200
203
416
849
1400
352
1400
1429
385
473
1000
730
1556
610
1217
1370
464
1548
265
1472
1503
903
536
1021
1428
118
1258
364
1153
858
805
1382
64
150
1197
516
540
724
215
1557
617
27
29
1014
912
1260
381
864
574
429
480
1488
489
646
1352
1134
1138
1358
1196
569
695
1093
781
1312
1311
927
359
857
726
1405
404
151
859
680
283
1442
1022
823
855
693
1113
41
357
111
1385
1468
638
714
427
443
461
490
106
1512
826
756
117
174
626
419
388
1181
1261
1299
310
258
1489
592
1494
1069
1287
308
2204
1222
647
1455
1882
1638
894
1542
646
592
584
2150
1678
1334
1604
1898
713
607
780
1303
407
1781
906
1116
1206
1560
67
947
355
1875
1533
532
1036
936
1997
697
1855
679
1338
1043
860
1195
367
894
987
1314
489
1998
642
1087
977
1358
1256
944
1459
1254
1971
171
1415
333
855
1665
1002
331
1370
964
764
940
1818
1056
1034
1768
1941
1339
1324
1336
925
2027
1147
1463
1033
2170
1555
868
1089
1619
615
934
709
956
713
1080
1290
707
1868
943
1664
1690
1850
2248
622
473
1897
966
1684
1978
1306
1827
740
1590
1859
2072
1900
1133
1809
234
900
1341
785
678
342
542
1620
694
1824
2101
931
721
1199
2015
2045
1361
1449
1860
1257
1701
221
1691
323
554
830
1000
1907
1109
1720
1621
757
492
1290
1327
2133
1286
1385
1892
495
2069
704
1514
2253
1433
742
1684
1891
486
1511
710
1369
949
1580
1549
490
384
1960
892
686
876
457
1889
1225
234
57
1648
1086
1506
1178
990
1334
874
1255
2220
635
1164
1895
1361
1684
1664
1552
889
721
1534
1144
1918
1410
1648
527
1613
993
1594
491
194
1021
1018
912
2036
1326
1105
964
990
1609
547
853
825
2071
2229
662
908
721
509
1119
1214
312
1783
1298
820
794
618
1212
783
1013
1348
1772
2024
891

