1
25
19
8
17
11
8
14
16
15
6
9
18
5
7
15
18
17
8
9
6
9
15
14
19
18
9
0
70
103
107
132
82
138
65
9
134
109
98
38
65
107
88
34
134
38
59
143
82
37
48
102
22
142
144
172
173
152
186
85
26
198
148
118
120
130
151
129
48
201
44
100
186
134
70
92
120

2
25
17
16
6
12
5
19
16
8
19
18
11
6
7
13
19
10
5
17
14
12
12
14
6
8
8
0
8
43
8
81
98
44
114
101
8
116
6
81
125
7
13
94
84
120
44
104
115
81
45
18
87
53
77
45
113
132
106
128
166
67
175
56
154
181
65
82
148
132
169
99
121
194
91
124
60

3
25
9
14
12
11
8
9
11
14
20
15
17
12
11
16
13
18
6
18
18
14
10
8
6
7
13
0
71
49
57
30
87
146
126
41
146
119
74
151
85
47
6
149
130
96
85
142
143
70
25
128
76
151
78
100
85
119
181
198
76
182
158
130
164
136
73
47
214
181
185
131
189
227
131
38
204

4
25
7
6
15
16
16
8
5
12
15
6
9
14
8
11
19
12
12
8
9
19
10
11
7
7
15
0
51
118
59
90
60
38
20
3
38
34
80
7
5
131
125
90
24
133
6
45
97
11
79
34
15
72
191
92
144
118
80
35
35
59
97
117
31
55
211
160
111
93
146
35
113
115
18
129
72

5
25
10
18
9
5
9
9
11
5
20
9
18
6
6
7
14
17
7
20
6
12
8
15
14
12
12
0
98
79
27
16
17
112
24
116
139
52
39
126
3
20
79
107
101
92
88
55
59
105
134
127
43
159
143
72
59
70
176
72
143
203
132
99
140
66
38
131
142
123
152
124
106
77
133
178
201

6
25
6
8
6
15
10
13
11
16
18
6
8
7
17
12
12
19
8
6
6
11
15
8
7
7
12
0
9
33
68
16
22
82
53
63
130
84
58
69
18
25
46
57
66
101
93
111
84
119
96
11
9
18
101
137
59
41
103
120
144
160
134
116
117
57
96
70
100
122
107
104
128
126
178
166
59

7
25
7
19
17
8
12
9
14
13
19
8
7
16
12
14
6
13
14
12
18
19
15
7
6
15
9
0
13
128
58
47
105
142
152
39
13
33
138
45
39
147
79
39
17
117
53
150
81
38
40
19
11
73
155
142
116
145
190
180
131
53
43
158
105
109
215
118
122
30
145
91
197
91
54
94
49

8
25
12
15
19
6
8
16
6
18
12
11
12
14
7
8
15
11
15
16
20
9
16
10
15
16
13
0
29
134
87
134
150
71
120
32
128
78
68
110
150
141
10
115
150
139
62
22
110
157
116
120
87
121
176
97
159
228
103
180
51
153
125
93
174
233
165
62
174
184
218
101
45
127
185
186
182

9
25
16
5
7
16
14
17
11
18
12
11
19
9
8
7
7
15
6
19
15
13
6
13
9
14
13
0
41
127
110
61
53
33
24
35
48
124
87
27
15
111
83
111
52
47
94
123
8
130
74
1
87
54
188
197
117
122
67
69
66
103
191
148
55
66
122
103
130
130
116
141
162
33
199
128
80

10
25
8
17
12
12
16
20
6
10
19
19
5
13
13
19
11
20
20
18
20
7
12
14
16
13
13
0
167
67
59
105
37
64
145
66
73
63
68
10
44
10
10
112
19
134
4
144
72
176
137
60
83
220
136
149
190
86
94
195
109
94
133
109
35
95
108
85
180
94
177
67
179
118
196
197
107

11
25
17
11
6
13
6
20
18
8
10
6
10
12
14
12
18
6
15
8
6
16
10
9
14
12
17
0
23
94
110
17
51
133
42
6
53
33
119
33
143
92
110
39
37
107
47
137
7
135
138
96
69
97
172
175
61
135
201
73
60
106
57
132
116
221
149
145
74
84
156
120
159
66
207
208
145

12
25
9
15
12
7
17
17
14
19
9
13
14
16
19
7
20
15
15
18
12
19
14
8
5
20
16
0
170
116
3
168
140
132
90
132
119
143
126
90
134
28
156
47
159
142
133
11
144
115
6
4
89
234
160
97
234
175
218
196
214
172
242
165
154
148
123
188
91
216
239
237
56
174
144
33
53

13
25
16
15
14
9
11
17
14
7
19
11
19
9
11
16
17
18
11
13
10
5
19
11
7
11
11
0
3
7
50
143
43
81
1
64
82
129
10
49
104
90
12
8
30
39
25
33
26
6
79
74
40
83
67
97
198
98
121
34
84
128
198
38
104
171
157
78
40
96
68
95
116
80
33
158
156

14
25
14
11
11
6
7
19
7
17
9
18
9
10
13
12
14
8
17
15
15
10
6
18
16
6
9
0
5
60
1
81
122
5
111
87
73
126
136
114
37
94
88
17
109
113
34
5
133
32
106
112
81
62
106
55
96
199
83
157
167
144
174
146
182
118
181
151
41
174
186
53
24
215
74
166
147

15
25
17
9
7
12
18
19
15
9
17
8
18
13
12
8
20
18
14
8
16
17
13
18
12
9
6
0
37
129
55
58
122
65
35
29
11
46
136
134
8
162
162
166
52
62
30
38
139
115
129
163
43
47
177
111
141
148
100
84
73
74
67
170
181
37
182
181
236
101
110
52
89
232
156
151
188

16
25
11
16
20
8
7
7
5
17
12
8
8
20
17
15
11
16
7
12
12
7
11
16
13
17
7
0
55
40
74
101
23
63
124
75
100
65
63
139
83
147
146
19
136
67
134
123
42
76
84
8
46
103
110
143
166
104
104
206
143
159
114
108
182
101
197
211
53
215
142
172
208
81
151
136
58

17
25
19
18
7
10
15
13
13
17
10
16
11
14
5
13
19
10
9
6
19
9
12
9
9
19
11
0
117
154
104
97
127
56
134
149
66
98
20
149
138
23
150
152
39
149
28
36
23
141
96
97
51
157
189
137
157
148
80
189
195
149
113
84
226
155
55
191
234
63
202
73
73
105
161
179
184

18
25
7
13
12
6
15
19
20
7
9
13
9
11
11
16
13
11
8
20
9
15
9
16
18
19
15
0
37
85
26
48
70
2
134
102
33
117
96
117
75
48
123
88
150
40
62
114
20
79
136
22
43
100
106
111
112
136
22
193
170
98
142
109
180
115
119
206
160
181
93
138
126
44
162
217
109

19
25
10
13
6
13
19
10
13
18
18
18
17
13
12
14
16
13
12
17
10
11
7
14
11
10
5
0
47
3
57
104
137
73
20
117
76
151
142
22
42
57
126
67
2
92
7
11
69
51
59
114
74
129
12
120
156
177
93
101
191
99
237
218
74
58
119
202
107
26
105
19
30
109
75
131
136

20
25
14
13
14
5
18
11
11
15
15
17
12
8
8
14
6
8
19
17
6
11
17
12
6
18
16
0
81
26
79
24
29
102
102
90
17
138
11
101
3
94
42
11
83
25
149
136
105
108
109
0
28
149
55
89
72
56
124
164
157
95
219
52
132
86
103
99
84
138
50
226
219
162
124
128
20

21
25
15
17
13
12
13
16
7
17
13
14
19
6
6
5
15
14
17
18
15
9
12
14
9
20
14
0
46
99
143
128
40
119
139
125
128
18
49
101
41
79
49
8
64
81
109
110
112
60
43
123
22
82
120
204
155
94
159
156
212
213
60
115
116
114
109
127
29
119
170
138
190
186
148
97
158

22
25
15
12
7
20
14
9
17
7
12
7
13
5
13
9
8
19
14
14
8
18
11
8
17
17
10
0
31
124
82
138
146
72
5
51
28
112
31
89
20
130
119
94
146
123
143
19
88
62
16
90
61
45
206
173
201
188
101
46
96
99
199
70
119
80
178
158
161
235
149
162
35
126
128
91
133

23
25
20
10
12
7
10
10
14
11
10
16
9
9
7
11
10
7
6
9
8
12
7
14
8
9
13
0
63
128
15
79
67
124
95
116
19
16
78
66
57
28
37
25
83
85
50
99
99
66
9
43
27
100
149
67
100
115
160
109
180
96
30
107
82
76
55
73
79
93
112
62
129
113
133
21
119

24
25
17
9
6
13
10
10
15
15
16
13
17
7
6
16
13
17
17
13
20
10
7
17
16
7
13
0
62
97
2
68
37
67
71
137
139
56
5
22
45
31
107
48
120
72
69
152
70
19
44
129
90
134
175
72
99
52
142
117
218
211
103
76
59
135
66
143
141
177
140
86
203
111
65
90
185

25
25
13
6
14
18
20
18
16
10
13
16
13
20
17
15
17
10
12
12
11
18
11
9
18
6
10
0
109
58
12
81
103
42
97
57
0
24
94
89
93
102
113
99
130
22
92
85
80
68
66
104
33
149
111
102
166
127
102
185
115
90
39
142
161
178
135
123
139
208
71
137
177
172
144
82
186

26
25
20
16
18
8
6
10
12
17
18
7
11
13
13
11
9
16
14
19
15
10
19
14
9
7
12
0
118
14
27
125
143
145
158
83
113
140
70
49
24
24
46
123
52
47
9
71
109
1
118
64
61
171
43
86
193
191
196
193
169
175
219
108
105
61
44
138
205
106
93
86
150
150
70
204
118

27
25
5
7
9
19
10
5
19
18
17
18
12
11
15
13
17
13
7
7
10
15
12
10
12
18
17
0
116
143
119
67
59
48
103
31
44
145
100
31
17
148
38
158
10
56
9
91
73
156
131
104
67
196
167
146
130
81
125
148
100
70
200
142
72
64
233
95
198
79
68
33
150
152
192
182
170

28
25
14
5
13
12
11
5
13
5
15
15
14
8
8
15
13
19
12
10
20
18
20
14
5
6
14
0
17
52
13
37
146
104
17
134
50
73
115
96
109
47
85
83
76
145
151
35
39
149
125
65
22
56
79
57
97
202
139
63
200
120
101
152
129
162
101
133
163
97
212
177
113
98
210
196
146

29
25
19
9
8
9
14
7
17
14
18
14
8
19
16
14
7
10
17
14
14
19
17
12
14
10
18
0
58
37
54
36
67
67
134
143
23
140
131
43
32
141
55
133
68
110
136
101
20
57
62
131
99
149
79
113
55
120
95
195
182
56
215
161
132
72
228
127
222
142
140
168
191
46
124
121
228

30
25
19
17
17
12
13
19
12
5
15
18
7
18
12
11
18
16
10
19
12
6
8
19
9
15
11
0
27
94
97
145
101
35
99
49
126
3
135
88
6
62
91
108
89
117
24
39
39
24
14
96
77
84
144
109
238
186
112
131
116
219
29
183
109
38
142
162
186
119
197
68
69
112
58
95
107

