1
30
19
13
14
13
11
12
11
6
14
19
18
5
18
8
14
13
19
8
12
9
7
18
8
10
11
17
8
8
20
18
0
102
178
6
68
94
67
131
65
127
95
8
91
173
8
181
25
165
59
14
166
125
180
11
104
153
129
57
133
20
50
124
249
80
126
177
146
183
171
178
199
46
152
250
117
267
100
238
94
28
251
177
210
75
123
200
201
120
243
62

2
30
17
9
8
12
11
6
9
10
7
8
18
7
6
18
19
17
11
19
10
10
19
7
11
6
17
19
17
19
11
9
0
4
169
69
158
87
16
78
134
153
20
19
80
118
81
44
67
124
75
87
49
20
142
20
172
5
67
169
146
59
65
46
225
121
255
166
57
99
193
179
57
80
112
223
136
76
79
154
162
97
133
115
227
104
214
109
168
219
218
157

3
30
11
5
7
11
14
11
5
8
12
8
20
15
19
12
9
19
12
11
9
19
6
19
19
12
19
16
16
6
11
15
0
55
34
66
85
76
1
137
126
164
124
45
157
3
35
35
29
58
61
81
72
4
30
88
31
55
107
66
177
101
66
111
129
132
160
132
34
190
220
242
222
83
191
103
86
127
87
150
152
183
88
42
93
171
132
113
216
79
249
204

4
30
5
14
19
8
17
20
12
19
11
6
8
11
5
19
14
7
13
20
17
17
14
11
10
7
6
11
12
6
11
14
0
16
171
93
84
174
173
88
163
90
16
155
68
114
26
3
146
142
137
151
160
103
87
170
48
158
120
144
91
114
22
35
204
111
178
211
187
193
203
182
96
226
134
198
54
18
181
190
211
203
252
121
115
255
79
179
132
198
166
159

5
30
5
15
12
8
7
18
12
19
18
14
13
17
8
15
15
11
15
5
16
5
10
6
19
10
9
5
10
6
7
6
0
65
109
80
21
59
147
161
83
135
147
2
155
91
31
100
45
52
47
136
38
83
159
132
44
99
112
141
145
76
35
91
121
94
91
161
163
183
151
150
233
39
176
111
85
125
68
105
142
153
54
159
254
147
94
186
160
222
188
109

6
30
13
11
8
15
19
12
18
8
18
13
15
17
19
11
8
7
7
19
6
16
8
20
13
15
16
18
17
18
20
6
0
14
123
140
117
108
57
62
99
78
37
69
120
5
148
80
42
110
186
39
58
56
134
86
197
135
139
132
3
106
58
28
204
174
143
148
99
153
181
132
94
168
206
93
236
108
87
231
275
140
118
112
172
163
216
245
198
200
109
126

7
30
13
7
16
17
14
14
15
16
11
9
11
12
16
17
17
16
12
12
10
10
15
19
15
16
17
14
13
17
6
10
0
124
11
16
143
178
52
173
24
187
179
181
153
51
147
65
52
78
66
148
144
16
180
122
182
137
180
109
80
178
44
208
84
133
219
214
160
280
77
283
284
272
263
94
242
177
78
109
88
223
257
85
240
170
205
209
275
150
156
190

8
30
18
17
10
17
17
13
12
8
8
19
7
10
8
17
13
18
12
9
16
16
14
11
13
12
18
15
8
19
5
16
0
99
96
90
23
170
138
143
48
145
33
95
39
32
26
82
20
132
173
138
187
62
120
178
185
51
6
182
157
95
39
117
194
111
134
217
209
217
77
188
116
185
136
101
120
117
88
144
211
236
220
162
218
259
274
122
29
282
212
113

9
30
11
6
10
11
8
12
9
10
6
12
11
11
8
14
6
15
6
16
7
17
10
18
13
9
18
14
9
8
12
10
0
148
63
45
154
82
153
75
57
157
145
80
161
110
68
44
56
14
146
28
62
105
92
14
163
66
76
133
81
135
60
213
89
58
229
105
169
90
112
182
206
129
177
179
128
108
111
37
215
56
141
158
141
35
209
135
159
144
97
198

10
30
20
6
15
12
11
12
17
17
10
17
12
9
14
19
16
14
20
7
12
11
19
8
18
7
9
5
10
18
15
13
0
16
64
80
21
94
118
24
114
104
22
84
128
163
47
35
59
58
42
57
86
146
89
74
21
176
137
194
174
161
101
94
141
123
112
115
159
70
192
135
86
164
232
184
155
53
91
107
82
144
156
237
107
98
33
275
177
267
232
250

11
30
15
10
12
20
6
8
7
9
7
13
17
13
9
18
7
15
8
16
12
19
11
19
13
17
14
17
12
5
7
7
0
143
115
109
90
179
134
21
129
60
0
113
132
80
156
82
14
122
165
62
93
68
140
165
42
66
51
43
124
104
36
223
181
146
139
199
151
59
195
75
77
168
173
182
217
168
110
195
186
125
106
124
185
221
78
164
121
52
149
134

12
30
8
16
16
5
12
7
7
6
7
18
17
16
11
15
9
13
5
12
8
6
10
14
10
18
9
17
8
8
19
16
0
80
44
123
152
19
101
15
13
59
63
118
78
134
170
168
10
88
14
1
106
60
139
162
169
8
59
78
36
140
47
130
107
201
173
102
145
40
98
100
131
197
127
150
230
216
40
106
91
84
175
138
233
220
238
74
128
104
127
176

13
30
17
16
6
7
16
6
20
12
10
12
8
14
9
18
18
13
9
6
19
6
7
6
15
14
17
7
11
15
18
18
0
115
23
66
176
45
144
81
138
63
69
32
92
100
66
121
39
103
166
177
75
11
165
44
98
93
1
147
59
40
34
186
112
90
264
63
248
179
210
162
108
127
162
200
135
193
79
147
193
243
152
83
236
100
141
137
84
176
138
86

14
30
10
11
19
5
7
11
5
19
12
18
17
13
9
14
14
6
8
7
7
8
17
14
6
7
8
17
13
19
8
16
0
63
26
170
160
35
48
49
43
138
23
133
113
148
87
157
146
86
148
55
51
144
120
83
35
137
42
23
87
106
20
76
104
181
226
81
96
70
109
239
58
168
170
210
147
170
171
130
166
146
139
188
155
122
97
174
89
61
159
185

15
30
17
7
10
12
16
19
17
8
15
6
9
16
18
15
14
18
15
12
20
20
10
15
7
6
7
8
17
6
13
15
0
155
148
122
91
0
114
155
28
182
61
147
137
104
194
50
99
52
19
168
120
57
121
109
93
99
122
87
103
174
93
172
227
142
143
97
176
210
81
209
90
165
170
198
290
133
125
113
71
279
146
152
206
166
126
131
177
105
178
255

16
30
7
17
9
6
19
17
7
18
17
9
17
13
16
13
13
16
8
5
10
7
19
15
10
20
19
8
17
6
14
17
0
19
27
85
76
43
98
53
156
13
26
120
162
110
113
71
110
119
33
188
190
161
182
26
174
52
114
131
138
183
11
72
105
129
177
120
152
91
256
83
70
180
248
213
191
129
163
132
99
196
262
193
279
107
286
68
204
142
210
216

17
30
15
11
11
9
16
10
15
12
6
16
17
8
7
8
13
9
10
5
14
19
15
16
6
11
9
16
13
20
17
8
0
148
66
115
123
119
147
48
33
18
64
174
57
73
37
110
72
44
161
77
154
116
22
90
47
139
172
79
1
65
33
174
125
197
211
144
191
120
119
43
125
239
103
103
66
194
98
111
236
123
226
178
59
152
57
168
215
133
80
162

18
30
8
9
9
13
12
19
15
19
15
13
11
15
10
11
11
18
14
15
16
16
6
19
6
9
18
14
7
10
8
12
0
43
81
13
83
168
184
109
55
167
96
13
109
93
175
22
70
141
178
136
144
106
141
175
36
68
60
111
57
33
27
104
129
100
122
201
235
212
98
186
183
115
179
166
235
76
115
221
216
194
192
179
164
246
68
92
147
156
102
113

19
30
12
19
13
11
9
9
7
19
17
9
16
12
8
20
6
13
10
13
18
10
13
9
13
7
10
6
20
18
12
14
0
42
60
21
93
117
27
5
32
125
171
151
45
6
116
163
166
81
143
28
80
21
116
103
99
58
46
171
13
144
80
106
96
85
132
189
120
44
114
160
257
204
82
85
127
223
262
107
173
95
113
81
211
118
172
97
95
276
88
236

20
30
5
14
18
20
6
8
14
17
14
15
10
13
18
8
11
19
8
5
7
5
18
11
16
10
16
11
19
17
9
14
0
19
68
87
8
108
165
115
3
177
74
164
156
123
6
183
103
46
93
60
167
59
60
169
112
187
90
16
36
59
56
107
140
116
107
127
204
208
102
281
158
178
237
174
25
276
185
78
130
152
236
86
81
186
188
261
118
97
85
79

21
30
7
6
20
17
6
7
13
18
19
17
13
18
12
11
7
7
11
8
15
15
9
11
13
16
19
11
10
10
17
10
0
146
11
60
151
57
8
67
122
6
126
40
34
15
161
169
111
102
141
29
148
25
93
36
83
19
10
94
106
120
63
216
65
118
209
117
87
132
211
96
222
140
117
106
172
226
214
120
156
133
201
72
184
114
195
115
100
133
161
152

22
30
11
11
19
15
7
14
9
7
9
10
19
16
6
16
12
7
18
16
5
6
19
16
13
14
6
11
19
10
9
11
0
40
30
17
77
81
136
173
144
173
130
62
69
36
87
61
81
37
143
89
64
64
131
104
77
57
156
93
44
141
34
78
50
35
160
112
158
255
240
266
213
136
138
76
181
142
146
112
173
157
100
101
209
124
99
74
264
137
119
220

23
30
19
14
16
10
19
14
11
15
18
13
11
7
11
12
19
16
6
16
9
20
16
15
8
17
5
19
13
11
14
12
0
65
144
188
46
120
169
49
148
70
1
142
106
18
115
43
137
147
188
138
117
51
23
97
38
26
49
49
44
165
78
147
197
225
133
188
181
157
166
124
64
243
209
73
193
79
153
235
273
162
163
114
85
205
125
111
88
156
67
186

24
30
6
8
11
5
8
16
11
17
6
16
6
7
7
17
15
16
6
18
13
17
9
10
17
18
13
17
16
13
8
7
0
48
17
21
158
97
103
14
86
175
105
20
2
22
51
164
31
137
169
173
53
95
113
11
89
148
22
29
81
63
74
92
78
32
215
178
118
96
156
225
172
29
52
86
146
194
56
190
252
221
92
105
190
93
161
250
47
48
108
123

25
30
13
8
8
12
18
9
13
19
19
13
5
14
7
12
19
11
13
6
11
8
19
17
18
12
9
14
14
6
7
15
0
177
137
118
110
15
30
182
162
177
70
139
60
59
68
24
109
10
71
179
133
133
30
72
179
46
73
68
118
93
72
206
167
214
137
63
119
272
211
240
124
190
101
149
137
107
168
61
103
266
231
192
119
101
209
107
92
78
161
131

26
30
6
14
5
11
16
12
18
14
6
6
6
14
7
10
18
13
12
18
19
14
13
6
18
8
18
8
13
7
16
14
0
141
51
31
85
141
59
83
122
165
160
63
167
88
159
18
165
104
34
38
34
156
54
20
44
177
72
100
81
76
72
160
138
88
174
158
165
150
140
194
214
139
176
161
239
35
218
130
68
116
61
244
146
72
67
264
144
163
129
113

27
30
17
9
8
12
19
8
9
17
9
10
13
10
16
11
17
5
19
9
6
10
18
9
18
14
6
9
17
9
11
16
0
67
57
104
117
170
149
67
29
15
50
131
180
131
30
127
144
13
14
89
130
167
59
96
136
151
11
66
145
15
22
110
65
185
225
194
190
86
75
76
86
205
232
147
115
174
240
89
55
156
201
223
106
181
151
206
74
116
173
89

28
30
17
18
12
8
15
19
11
11
10
19
19
17
7
15
19
9
19
6
17
19
9
11
7
12
6
19
5
19
12
9
0
136
196
42
127
9
67
137
40
138
75
108
150
76
12
186
86
93
108
1
58
148
197
57
54
61
189
10
52
170
82
163
292
64
221
33
135
233
146
225
100
200
194
120
36
227
117
164
186
84
115
219
255
163
120
159
212
74
67
238

29
30
5
17
11
16
16
7
17
13
9
10
7
19
19
13
6
19
19
15
13
17
17
19
18
13
14
6
7
19
7
19
0
196
32
33
103
115
31
113
201
170
16
166
46
108
66
77
145
63
2
23
129
148
126
121
141
177
149
0
6
159
48
221
141
77
153
129
140
169
308
275
36
210
81
216
156
176
210
163
20
73
165
238
244
209
249
250
178
100
43
238

30
30
10
12
15
7
16
17
19
16
12
5
10
13
17
13
12
17
17
8
13
18
7
14
10
11
18
13
9
15
16
10
0
98
171
166
170
152
52
39
127
159
104
180
17
29
18
18
97
167
37
15
188
99
22
90
157
86
107
137
144
164
46
137
227
246
268
243
127
95
202
202
134
203
89
98
55
119
143
185
71
62
226
132
119
185
187
140
120
216
241
222

