1
40
19
12
13
7
9
13
9
8
7
9
17
5
19
16
16
9
9
9
20
16
9
7
9
9
11
18
6
16
16
12
10
16
18
11
10
20
9
7
19
20
0
201
32
188
114
31
188
166
219
186
17
143
114
163
207
150
2
77
100
6
63
102
136
85
173
220
169
71
191
23
80
4
90
201
64
67
107
13
66
204
125
234
148
311
136
94
294
195
229
226
53
182
158
280
264
217
51
162
216
134
179
213
178
161
258
331
181
124
244
153
195
102
230
267
86
165
147
39
124
249

2
40
19
15
6
9
14
9
8
19
9
9
9
16
19
16
13
19
15
19
20
16
15
8
14
6
18
7
12
7
16
16
10
10
6
16
6
9
15
8
20
10
0
11
183
211
56
250
27
80
0
101
44
128
84
124
98
65
105
190
109
130
220
145
249
50
149
170
19
45
141
235
48
44
175
212
131
5
173
54
128
58
143
62
208
241
170
373
51
214
50
218
79
263
111
168
124
196
169
290
150
204
269
187
270
140
215
262
138
120
203
270
134
116
244
317
145
80
278
111
186
106

3
40
19
6
20
11
19
10
10
18
14
16
6
20
12
17
16
19
9
11
13
6
11
14
9
18
14
16
17
7
14
16
19
15
17
6
19
15
14
18
6
6
0
115
114
127
218
18
229
67
12
136
135
45
106
245
182
114
152
211
100
247
180
226
238
26
218
217
95
253
109
27
270
246
43
150
9
208
24
259
37
237
83
225
190
250
266
132
334
123
83
264
167
144
213
363
227
159
295
260
132
309
250
277
283
120
245
237
197
392
257
164
371
396
103
169
65
271
86
398
90
261

4
40
17
6
16
15
19
13
10
15
6
20
12
13
14
20
12
19
13
10
6
17
15
13
12
7
8
19
5
9
15
6
13
12
12
6
8
16
7
11
6
7
0
107
20
50
33
159
227
156
6
127
76
238
134
105
121
73
19
49
22
72
141
223
221
121
201
217
5
143
219
223
68
139
96
234
21
214
154
134
191
43
26
208
68
161
84
227
266
271
84
151
190
329
173
137
142
176
40
178
69
183
157
256
251
167
255
247
126
262
255
249
90
232
158
301
133
314
229
152
215
71

5
40
16
18
18
10
13
6
5
19
6
8
19
10
13
15
18
5
8
17
6
12
13
12
8
6
14
11
8
15
17
13
13
15
16
12
8
11
15
17
7
8
0
237
123
21
148
150
43
39
162
19
127
54
104
19
77
147
132
49
167
189
119
212
68
143
235
196
15
92
159
90
68
190
223
239
104
120
188
16
153
167
81
308
182
96
230
270
146
115
237
42
169
124
198
91
171
204
259
129
225
226
221
230
136
163
328
269
25
140
267
141
191
208
263
353
208
207
250
139
275
293

6
40
19
10
8
15
13
18
5
6
19
13
19
20
6
17
13
9
10
7
18
19
9
12
19
15
12
5
20
12
7
9
17
8
14
19
14
20
9
19
18
12
0
76
145
103
118
198
73
108
70
22
132
11
106
212
87
181
241
141
228
133
130
255
43
120
39
0
65
180
159
169
87
178
93
216
160
51
171
208
246
72
23
140
223
147
261
299
114
128
100
132
198
98
171
310
135
191
337
234
339
207
140
316
98
257
123
78
189
226
178
298
204
219
161
239
207
148
234
336
315
118

7
40
11
17
16
15
13
16
19
15
13
12
19
9
8
19
15
7
15
17
10
6
16
14
12
13
7
20
17
17
17
8
11
8
19
15
10
9
12
17
8
13
0
123
154
171
32
115
131
31
258
70
73
204
135
218
66
113
69
232
155
164
38
208
110
198
253
169
152
163
249
36
260
209
235
16
124
212
146
136
30
210
133
244
271
261
67
147
264
127
367
102
143
225
190
265
193
174
175
312
176
208
56
227
147
338
387
300
281
239
340
120
347
292
342
109
194
288
167
256
79
316

8
40
8
12
9
19
16
12
15
7
13
9
5
7
10
20
8
16
5
8
16
17
16
8
12
20
18
19
17
12
17
9
9
5
18
7
11
18
7
10
18
9
0
164
165
109
43
38
61
154
184
100
115
92
81
29
74
22
57
43
7
145
129
100
153
29
126
49
122
43
243
219
0
42
187
74
91
182
120
100
107
170
48
229
281
175
118
97
112
239
215
153
232
193
196
119
95
50
165
108
106
201
183
218
285
63
190
150
246
125
305
286
83
111
256
140
169
274
249
194
241
301

9
40
8
8
14
15
18
12
13
8
9
6
17
17
7
14
9
5
11
6
14
18
9
9
8
5
14
19
13
7
16
15
12
18
14
11
19
18
20
16
20
7
0
194
116
204
244
234
229
76
235
205
186
239
210
192
73
37
197
62
72
190
118
160
161
91
190
42
206
188
47
241
167
31
139
232
14
164
78
63
90
206
104
236
139
235
262
324
305
165
283
234
321
268
245
325
116
131
320
105
127
302
228
246
292
203
293
185
261
210
146
361
296
54
174
250
85
219
114
173
165
263

10
40
17
6
11
10
11
20
18
18
10
7
17
13
7
19
20
14
16
18
18
19
7
14
8
14
13
7
7
13
9
8
7
12
9
6
9
5
9
8
9
16
0
218
125
28
152
212
7
120
25
128
40
19
158
47
146
57
103
34
18
177
185
192
54
57
99
121
25
239
205
79
54
186
94
49
196
59
108
6
56
208
87
315
144
116
267
285
31
214
37
246
78
104
276
103
186
167
125
58
126
225
222
258
165
106
177
202
49
270
252
185
179
315
179
162
261
83
235
118
102
290

11
40
8
15
10
9
16
16
14
13
16
9
8
14
14
15
6
8
8
10
9
18
12
17
19
9
9
7
19
9
10
16
19
15
7
20
8
8
20
8
7
13
0
22
66
90
184
54
108
226
122
191
58
131
88
18
211
184
154
212
141
140
137
46
123
132
41
121
41
216
239
35
65
169
138
76
240
173
89
65
95
174
80
55
91
107
293
87
127
295
210
233
181
184
202
113
221
195
259
264
190
201
173
157
217
171
157
237
71
277
267
155
140
286
207
161
307
249
127
150
194
199

12
40
7
16
18
15
16
17
11
11
17
7
11
7
12
9
9
20
9
17
6
10
18
5
18
18
17
14
14
11
15
11
15
19
17
17
15
16
7
14
19
16
0
13
183
10
123
121
265
169
46
258
71
46
266
76
166
48
148
129
107
155
156
122
71
204
80
193
152
134
104
198
250
96
103
214
73
195
37
213
20
52
48
144
215
82
200
166
345
195
164
289
135
83
388
180
287
97
263
201
175
206
184
179
159
293
207
331
243
238
214
237
359
232
122
273
150
299
122
294
96
171

13
40
13
5
12
8
12
15
16
14
7
6
10
17
19
19
6
15
15
17
15
20
10
12
18
17
6
8
18
12
17
5
20
12
6
15
18
19
12
14
11
15
0
27
74
118
112
200
87
56
85
173
112
5
102
222
73
148
121
120
8
73
50
74
173
191
240
183
72
86
161
138
186
57
131
210
85
118
130
260
112
100
39
132
109
194
190
310
168
147
161
206
211
30
125
337
127
176
261
265
101
211
87
210
244
279
309
239
208
151
183
237
230
199
187
233
113
198
235
288
247
207

14
40
5
14
15
5
19
14
7
12
17
13
18
6
12
15
5
13
9
7
9
17
19
16
14
10
8
17
14
13
7
17
12
13
8
6
6
9
14
5
18
6
0
216
54
209
186
0
85
206
81
161
139
47
115
158
87
157
156
64
86
205
211
173
55
1
172
156
32
76
95
121
151
167
16
24
3
226
79
14
64
109
115
235
115
219
296
103
182
271
106
231
196
101
128
199
154
220
245
98
158
294
282
190
177
88
244
214
49
198
151
228
203
201
57
121
46
309
136
61
157
119

15
40
14
6
11
10
17
6
12
16
17
6
8
13
17
7
19
17
12
5
13
8
8
5
8
13
8
15
10
11
10
11
11
12
7
11
12
10
14
14
11
19
0
81
106
10
59
47
160
73
72
174
151
15
138
29
113
226
217
84
173
126
37
46
140
220
225
115
60
114
112
26
186
119
216
120
50
81
97
209
86
111
47
105
139
36
149
75
242
171
95
235
200
55
205
133
193
260
306
147
264
217
111
108
214
285
338
177
100
176
152
98
261
182
329
174
150
153
142
307
168
234

16
40
11
6
7
17
8
14
12
9
17
17
20
12
17
10
13
15
19
5
18
17
13
6
12
18
12
5
18
8
5
13
13
17
13
14
18
18
19
9
12
9
0
127
224
182
66
251
129
10
33
14
68
132
41
120
254
256
36
33
156
38
49
219
161
36
59
26
116
209
28
191
214
114
241
27
58
192
179
88
103
79
87
191
351
205
105
382
150
143
73
57
155
228
150
179
354
399
151
141
282
107
121
240
291
182
133
147
163
248
110
300
327
168
306
81
174
283
206
120
190
202

17
40
15
20
7
15
8
15
14
12
13
10
19
11
19
8
12
13
19
8
7
14
19
13
17
16
14
17
11
12
16
7
7
6
19
18
14
17
7
11
17
16
0
120
88
236
197
218
162
206
94
237
107
41
161
226
179
18
47
208
66
82
81
149
63
229
176
228
40
25
220
65
188
17
165
258
172
162
211
105
138
172
62
227
207
297
227
310
242
288
228
292
237
183
195
361
236
48
129
232
110
184
223
213
113
315
309
278
54
38
250
98
278
53
229
299
313
274
297
192
287
265

18
40
6
9
19
16
6
13
19
18
8
20
15
9
13
14
9
17
5
7
9
19
13
19
7
6
18
6
8
7
12
11
15
5
11
7
17
18
16
6
6
9
0
62
86
194
162
61
224
118
211
61
5
70
230
61
88
206
43
51
124
13
113
125
203
115
13
165
64
192
117
188
88
34
21
212
201
49
177
38
203
60
29
146
116
317
267
150
308
144
326
147
82
82
289
191
191
228
79
97
209
82
206
188
282
158
74
184
153
240
141
253
195
77
93
220
232
74
197
95
279
134

19
40
6
17
14
15
13
8
9
11
15
13
18
6
11
17
20
7
14
15
17
17
10
16
10
6
6
19
13
15
19
14
17
15
17
13
5
13
10
18
13
8
0
192
70
45
25
141
180
223
194
182
46
172
54
220
189
87
90
132
228
106
193
242
100
173
95
196
73
161
75
96
248
248
131
59
88
130
25
224
249
198
106
331
205
131
55
161
267
325
283
300
184
244
97
263
255
189
231
264
280
246
268
371
196
180
109
265
123
230
166
118
367
313
200
78
105
182
67
287
356
278

20
40
15
12
6
9
9
19
10
17
12
15
13
8
18
7
13
11
6
18
12
7
6
16
15
14
10
7
13
12
9
17
16
7
8
8
5
15
17
7
12
17
0
87
206
189
54
25
59
94
233
48
166
233
147
27
89
65
81
200
163
5
41
193
133
150
212
3
95
64
115
232
175
14
193
148
173
174
127
216
76
73
103
192
252
288
103
91
116
195
343
144
259
352
200
121
176
146
133
305
251
30
58
322
227
263
231
105
211
154
158
259
226
96
298
228
254
244
206
287
102
123

21
40
11
8
11
14
10
17
19
7
10
11
5
16
13
18
15
17
19
20
10
16
10
11
6
6
13
5
18
14
6
9
16
14
12
7
15
5
11
16
9
6
0
151
160
230
203
100
227
96
16
9
183
137
212
16
162
83
108
88
195
167
73
89
40
99
104
154
225
127
1
73
121
90
107
75
140
87
36
39
89
106
39
159
203
292
308
198
340
206
33
127
241
175
309
119
186
117
132
200
264
253
101
162
152
211
190
227
342
200
12
170
185
138
129
167
174
105
163
169
170
135

22
40
11
19
17
17
14
18
16
18
18
17
8
17
18
7
17
10
8
17
14
6
16
17
10
10
15
8
15
10
15
10
6
18
8
11
10
12
13
11
19
12
0
142
193
25
131
73
263
61
53
39
114
169
26
54
183
132
224
109
167
124
40
260
245
29
46
129
87
26
131
239
82
153
176
33
238
158
127
88
117
22
116
242
235
61
165
118
321
107
77
173
165
299
48
150
260
237
300
214
186
200
124
390
320
97
74
255
193
136
267
350
166
221
234
56
367
295
154
137
182
151

23
40
6
5
17
14
18
11
10
19
6
10
19
15
15
10
11
12
10
11
15
7
11
6
8
7
7
10
13
10
9
17
6
19
18
6
15
6
19
13
15
16
0
231
85
117
45
111
9
13
128
216
116
131
187
206
123
149
107
28
95
42
34
89
181
83
175
103
100
172
9
207
63
43
51
56
225
119
28
197
112
73
84
251
136
158
107
214
42
145
178
263
204
167
293
277
152
261
216
105
219
161
157
197
253
115
244
205
179
277
32
234
176
127
165
95
263
210
51
318
239
195

24
40
6
14
12
20
7
9
14
17
16
20
14
12
16
11
7
18
17
12
19
12
11
19
11
18
5
14
19
8
12
12
11
17
14
17
5
8
15
12
13
6
0
243
92
204
126
196
85
128
189
39
259
21
149
148
151
212
255
78
25
102
22
210
20
251
185
71
141
79
135
71
148
64
80
6
54
17
124
17
5
253
37
365
111
264
203
329
164
241
241
159
382
148
268
273
253
337
308
119
106
219
154
299
63
358
273
162
160
132
148
102
183
163
144
30
82
53
250
67
105
335

25
40
17
13
16
19
5
19
18
19
18
16
7
9
12
12
15
15
20
9
7
17
17
6
19
10
17
6
18
15
7
18
12
13
9
16
13
10
14
17
10
7
0
111
14
223
179
112
169
115
207
230
198
206
232
218
93
231
204
232
60
110
209
65
154
157
151
10
153
8
52
121
195
97
218
167
138
264
82
26
28
119
62
183
119
265
222
133
204
247
263
312
310
234
246
241
201
280
277
254
96
235
343
170
263
245
221
119
231
128
160
149
277
123
296
262
256
327
107
130
42
160

26
40
7
10
7
9
6
17
7
6
14
7
19
11
6
16
5
6
19
17
9
11
18
6
6
8
8
17
18
11
13
6
8
18
10
15
15
16
19
15
10
19
0
95
114
229
62
146
207
157
56
82
90
65
182
176
203
88
204
31
49
151
32
56
184
94
180
127
112
175
169
212
34
66
58
227
27
157
169
197
184
28
123
135
207
238
179
262
278
246
158
176
184
76
228
197
265
187
294
97
95
266
52
121
280
149
288
161
208
224
187
241
63
123
137
256
137
275
276
311
223
141

27
40
18
10
14
16
16
6
5
8
10
9
12
14
12
14
10
16
19
14
12
10
11
12
20
18
16
7
8
11
19
16
10
19
13
19
7
17
19
17
10
17
0
83
46
220
75
193
70
182
223
27
192
103
16
205
194
73
197
117
95
33
32
41
197
49
257
158
91
16
1
127
230
147
136
89
14
259
151
125
246
245
121
138
161
250
216
227
115
222
308
69
273
181
103
349
259
158
239
169
132
152
90
151
255
71
361
244
175
43
21
169
274
198
171
120
114
392
229
217
365
300

28
40
12
6
8
18
10
19
14
7
12
8
18
13
17
6
10
8
7
15
8
8
8
10
8
5
7
7
10
14
6
14
8
19
6
7
16
11
6
10
10
19
0
55
93
109
183
84
152
109
147
74
133
34
136
175
53
12
168
88
170
40
185
63
15
129
187
117
44
69
3
88
99
15
211
100
74
21
61
25
170
148
37
86
186
178
270
155
182
146
181
96
218
113
249
256
115
75
277
172
219
131
216
77
84
180
263
185
138
120
98
108
147
137
301
138
95
133
97
135
200
242

29
40
7
6
16
16
14
18
11
15
8
14
8
18
8
15
16
11
9
14
6
17
9
10
11
16
11
13
14
7
17
18
12
11
13
12
12
12
13
12
8
7
0
172
41
135
240
189
15
242
32
115
8
175
164
217
4
176
157
87
110
11
116
123
24
206
188
154
38
186
122
200
6
45
49
206
163
194
109
108
238
55
30
292
174
260
267
301
65
272
121
129
36
248
176
249
64
221
218
181
168
134
156
181
71
294
253
176
166
274
171
260
47
86
105
287
295
211
236
194
298
94

30
40
6
19
9
9
16
8
13
13
10
7
8
12
5
16
20
13
16
5
10
10
9
10
15
17
15
11
9
5
17
16
14
16
9
16
18
10
10
18
11
9
0
152
139
186
145
188
15
196
19
69
108
189
63
7
180
46
128
134
159
86
31
29
28
236
240
36
108
167
203
77
197
226
10
211
209
36
184
91
34
136
20
228
186
277
220
309
125
287
143
144
196
265
70
32
253
174
199
230
285
201
105
148
114
254
302
145
225
262
322
139
268
246
82
231
314
48
237
129
76
146

