1
60
19
5
17
14
14
13
18
16
16
6
16
6
12
10
9
9
8
17
19
19
8
7
6
19
20
14
7
9
19
6
19
16
6
16
13
10
10
8
9
15
11
19
11
19
19
12
8
16
12
17
18
13
9
17
10
15
12
16
6
15
0
127
307
343
32
312
365
137
372
71
86
365
332
243
33
387
49
159
77
194
139
274
290
117
105
6
293
114
325
355
171
160
364
111
79
335
98
253
77
194
307
317
26
288
280
166
332
374
341
251
251
286
248
220
358
320
214
208
86
147
94
141
340
393
46
393
547
240
522
164
164
541
425
370
201
526
171
186
229
242
296
294
437
235
129
23
430
238
386
472
217
194
383
271
130
360
138
431
268
259
470
395
88
480
467
317
386
533
486
278
307
488
412
414
558
424
388
282
192
216

2
60
12
15
6
19
13
8
12
9
7
20
10
19
17
14
7
12
14
7
16
20
7
9
7
11
11
8
14
9
10
19
7
6
5
8
10
13
12
18
16
12
20
14
14
8
20
20
8
7
11
12
10
12
6
16
12
18
10
16
11
14
0
235
270
145
271
312
96
249
139
103
173
18
319
99
141
294
268
149
144
294
295
192
137
287
102
122
345
74
137
328
34
354
70
307
285
94
192
155
275
273
50
151
36
185
120
337
303
324
108
25
31
224
28
245
26
167
207
307
186
231
105
373
391
236
436
480
187
418
187
231
249
167
415
145
153
387
302
204
194
369
423
363
244
356
292
288
476
151
235
410
113
385
136
444
386
202
261
287
354
390
103
279
150
273
314
500
468
393
130
43
130
272
152
387
143
332
241
429
370
285

3
60
8
13
18
9
12
12
14
17
12
18
12
17
9
8
14
12
11
11
12
17
13
11
13
11
6
8
9
7
15
15
14
10
5
19
10
16
19
16
16
12
7
9
19
8
17
10
12
18
13
19
5
15
12
18
20
10
18
6
18
12
0
71
182
32
284
42
50
275
143
217
307
96
53
60
151
125
194
309
230
373
221
41
189
356
309
91
151
50
31
330
308
52
66
358
232
201
23
303
163
12
87
172
132
193
144
203
298
142
261
259
315
290
12
352
311
354
134
323
148
70
102
89
366
217
443
171
98
469
273
306
346
236
150
132
244
237
252
353
395
415
388
131
261
397
386
253
287
57
150
492
435
75
254
441
359
299
217
409
311
34
167
222
244
239
238
307
403
187
373
292
466
486
47
472
476
428
228
450
303
168

4
60
17
6
8
13
13
17
9
7
12
10
6
12
20
15
14
14
13
16
12
20
14
9
18
11
5
6
9
8
13
9
13
17
15
8
16
5
6
10
6
17
10
11
13
12
15
8
11
6
13
9
13
11
13
16
9
12
6
15
11
13
0
338
253
194
338
315
127
101
301
288
62
9
159
236
221
319
40
145
80
320
45
55
39
187
219
28
201
340
89
7
112
343
256
134
306
66
5
124
45
61
44
323
105
45
149
286
126
95
130
276
71
324
163
132
190
164
202
210
324
312
60
462
393
279
375
371
265
230
374
308
180
59
290
263
384
378
107
194
178
364
212
73
169
229
253
87
298
498
103
41
284
513
303
158
346
140
150
233
109
128
172
371
223
166
172
402
137
138
316
353
167
415
190
166
215
230
304
261
412
434

5
60
11
11
16
15
6
12
7
6
13
7
16
6
20
7
8
5
16
14
19
15
15
8
9
14
8
13
7
18
9
13
10
6
7
16
12
19
9
6
6
20
20
10
19
19
12
11
8
11
19
15
17
9
15
12
11
8
9
12
10
10
0
37
281
249
334
82
31
180
58
108
181
207
30
201
84
70
333
242
210
310
72
205
75
340
176
308
128
305
192
28
310
108
348
116
279
199
119
197
70
6
315
23
123
20
257
150
173
198
286
160
196
2
94
153
60
215
268
64
16
84
31
79
340
399
367
157
107
273
214
250
259
269
129
331
165
128
467
351
311
364
135
366
128
523
329
326
171
336
267
204
484
224
515
298
427
283
130
368
191
133
387
81
236
169
289
272
301
328
318
291
246
81
281
215
215
325
368
198
135
220

6
60
14
15
13
15
9
12
9
18
14
6
17
13
7
9
10
14
6
14
9
6
13
10
10
10
11
11
13
9
11
13
11
18
13
9
14
12
20
16
10
20
20
6
7
11
7
17
7
11
11
13
11
19
5
17
8
9
6
6
17
20
0
332
130
30
356
69
285
325
267
97
146
349
189
339
160
76
1
131
216
281
140
46
260
215
53
325
71
285
199
99
215
111
61
348
326
8
173
209
268
192
266
242
345
39
111
129
53
257
171
165
76
331
52
39
277
143
98
6
145
272
102
393
223
176
510
223
401
363
425
199
303
473
230
386
290
119
39
305
274
371
262
122
443
369
83
364
171
391
263
205
237
196
155
392
412
20
273
239
393
381
371
391
510
139
184
196
162
316
185
210
133
432
181
142
461
213
246
189
336
461

7
60
17
6
14
14
18
7
13
8
7
19
6
16
5
6
10
15
7
15
12
8
16
16
17
17
13
14
8
6
16
9
15
15
17
14
8
6
6
6
7
12
12
16
14
12
20
18
14
15
16
15
5
11
9
19
18
18
13
18
8
9
0
205
149
66
337
344
214
354
361
220
312
339
116
189
194
323
213
351
253
202
147
44
302
212
360
225
59
270
13
199
326
176
307
297
342
194
16
132
308
203
110
340
95
265
64
360
191
73
124
209
340
103
281
254
62
107
236
275
231
350
192
387
291
134
395
376
252
533
478
375
425
459
231
297
388
475
361
369
346
340
273
147
477
260
532
307
96
299
180
339
428
252
392
448
478
322
146
180
367
383
167
407
194
340
103
389
325
173
313
289
420
171
454
340
207
289
427
411
356
510

8
60
13
14
16
5
8
11
15
11
5
17
13
9
18
16
13
5
16
5
16
14
15
8
19
16
11
19
13
11
12
12
17
18
14
12
11
10
14
18
19
5
17
13
18
7
11
10
8
12
19
6
14
9
8
11
19
10
19
20
10
18
0
383
183
158
223
117
183
121
17
275
294
5
356
60
80
136
309
379
337
147
146
22
296
255
263
274
84
312
201
376
82
42
319
85
244
164
5
268
301
86
12
377
47
382
105
348
249
304
372
380
278
114
90
330
341
20
185
299
183
82
57
534
292
279
248
137
307
197
28
381
417
171
480
256
200
198
514
483
479
346
265
192
452
391
324
460
114
502
315
578
205
122
390
275
376
283
157
387
399
97
81
573
79
517
137
413
294
467
536
411
309
230
241
373
408
114
300
370
220
160

9
60
20
7
10
15
10
6
13
14
6
18
17
17
7
7
13
9
13
19
16
16
6
13
18
7
6
16
9
8
16
18
17
7
9
7
10
9
15
9
6
10
16
10
19
9
18
16
9
20
18
17
9
16
8
8
17
9
9
13
8
18
0
222
69
313
105
60
55
140
159
207
115
63
43
244
212
216
205
139
366
206
56
160
51
241
333
83
53
2
94
150
200
368
234
157
122
56
170
217
134
23
345
318
220
308
125
16
62
343
67
176
334
284
349
350
97
31
264
344
74
128
104
381
95
373
163
135
86
256
228
383
170
148
227
310
265
233
265
222
557
365
67
301
85
300
429
155
182
76
118
344
356
535
256
191
232
242
341
296
315
210
450
427
285
478
161
114
239
515
91
255
511
382
433
423
266
132
418
486
258
293

10
60
8
15
18
14
8
9
12
16
18
7
20
10
10
12
8
15
10
13
6
9
16
6
8
17
6
13
6
18
17
14
20
9
17
10
10
15
19
10
14
15
10
8
20
13
10
16
19
10
6
14
17
11
10
17
6
7
6
8
10
18
0
100
305
241
46
364
276
147
44
37
310
280
138
172
289
132
227
266
304
196
19
18
197
267
138
278
71
354
168
347
344
365
6
5
137
43
113
106
285
77
43
223
194
4
28
17
358
65
225
249
133
47
182
203
355
98
134
271
40
194
36
238
363
413
204
490
394
276
108
152
494
367
300
216
371
242
320
315
420
237
137
79
265
299
305
321
130
450
283
543
494
466
61
120
199
154
290
244
309
200
226
269
289
88
121
116
519
190
368
349
203
194
289
330
540
271
312
446
179
376

11
60
7
7
12
17
7
11
7
8
16
15
15
14
18
18
11
7
8
5
9
18
16
17
12
19
15
12
18
9
19
8
8
20
10
15
5
13
19
9
13
16
6
18
15
11
7
16
16
9
11
9
15
17
15
14
9
11
6
16
16
19
0
282
342
175
274
185
364
185
321
65
303
58
277
206
209
162
344
85
94
17
67
112
248
59
107
166
199
242
231
359
47
275
350
237
83
35
274
333
149
35
72
368
345
94
115
315
358
267
46
110
166
290
301
80
149
72
113
140
314
150
97
384
398
232
347
285
524
266
393
239
350
151
312
403
407
356
412
215
121
131
134
310
378
96
265
274
346
338
429
435
66
301
492
438
204
209
387
472
298
134
156
529
442
166
168
378
526
330
108
268
370
335
451
167
264
88
186
266
445
351

12
60
13
18
8
18
14
15
16
14
17
8
11
7
15
5
8
19
13
14
13
18
10
5
13
8
20
9
11
10
13
18
7
19
11
16
15
20
8
17
18
14
18
12
16
7
10
6
12
15
18
7
17
7
9
7
13
13
16
18
16
13
0
349
292
94
9
90
228
62
86
30
301
103
161
167
192
386
330
154
156
3
73
207
268
229
179
236
381
245
85
298
351
200
12
269
305
253
376
285
143
378
107
219
364
60
318
160
310
323
209
142
182
248
200
308
201
109
314
167
186
192
160
392
431
135
191
267
332
96
282
195
435
242
285
289
332
513
510
338
253
87
119
311
439
238
370
272
476
390
102
419
458
340
184
467
322
340
571
476
220
434
180
332
471
125
385
323
407
426
400
157
392
257
322
456
214
254
493
224
353
215

13
60
16
10
6
12
11
12
9
11
20
7
19
13
16
6
12
9
12
12
15
16
13
9
14
16
9
14
14
7
8
17
12
20
9
19
5
9
17
9
10
17
11
10
18
11
8
18
17
10
18
11
18
7
15
7
18
17
15
9
9
17
0
24
306
306
180
313
46
181
132
175
308
216
247
172
42
325
109
373
132
58
301
14
117
194
129
207
114
16
365
313
238
255
328
307
151
316
2
141
92
162
309
113
364
375
120
55
245
191
130
215
105
258
107
123
136
77
378
218
230
296
70
163
355
402
306
346
208
378
226
299
399
407
400
252
170
343
237
437
296
172
453
166
219
237
294
381
213
119
483
429
261
340
395
501
198
386
39
321
189
228
489
138
430
410
132
99
422
343
294
309
130
386
221
253
326
246
559
323
264
321

14
60
12
11
17
13
19
6
12
6
10
11
19
8
7
6
9
7
14
8
19
15
11
20
13
14
15
14
16
12
10
20
14
12
6
14
8
14
13
9
11
11
10
7
19
18
9
14
10
6
7
13
8
17
14
6
8
9
6
9
10
12
0
122
264
254
144
169
208
243
141
292
217
84
86
258
322
121
290
211
203
102
52
137
135
75
282
253
215
124
141
145
201
18
222
241
18
4
221
314
118
313
115
337
332
259
121
140
267
81
87
45
222
138
215
318
89
251
285
234
113
81
165
213
408
367
231
245
378
357
299
361
404
197
140
348
478
193
409
379
229
253
196
172
178
204
421
299
394
232
235
284
333
132
329
390
65
136
348
491
150
393
271
471
510
408
243
214
394
132
254
203
298
215
329
352
167
390
418
347
213
220

15
60
5
11
19
18
12
18
18
9
18
9
9
17
11
19
19
12
12
19
14
7
9
14
16
12
11
12
10
19
20
12
10
12
7
19
8
8
11
6
14
12
6
14
17
5
10
15
19
19
7
20
14
13
13
13
8
16
12
12
14
9
0
314
368
31
383
27
298
100
111
163
290
351
189
257
254
295
297
231
245
106
238
282
266
114
153
289
368
147
10
228
12
354
114
236
77
241
342
254
279
281
224
213
41
121
289
309
214
55
217
385
141
194
25
315
246
110
214
375
377
366
66
337
492
145
456
195
357
144
275
210
318
561
226
434
321
449
463
253
413
237
341
390
347
213
164
391
535
325
103
286
154
551
264
399
218
341
406
408
471
339
310
333
175
175
431
382
273
142
291
489
214
355
98
333
433
174
284
445
508
563

16
60
19
15
6
16
14
5
14
16
16
6
7
14
17
6
10
12
14
7
19
14
9
15
11
17
12
14
11
10
5
12
17
14
19
10
20
18
9
16
16
19
5
7
14
8
6
16
17
10
19
10
8
10
14
20
17
16
20
9
20
9
0
111
254
263
114
267
155
93
110
183
160
58
224
372
206
3
188
155
370
339
155
135
99
305
157
201
372
275
197
256
2
286
77
196
25
299
192
110
32
205
37
343
377
36
319
53
326
319
3
114
268
355
375
87
378
138
89
135
351
229
150
289
445
408
177
302
255
133
200
262
279
160
389
464
396
80
339
311
514
456
294
209
201
444
190
323
528
372
272
383
129
382
224
319
87
449
201
301
61
257
223
409
418
145
327
112
403
335
27
266
389
461
513
141
459
183
243
146
536
340

17
60
15
19
9
13
15
14
19
14
9
13
16
16
19
6
6
7
18
12
15
16
10
13
10
20
11
17
18
5
10
19
14
19
10
6
17
17
14
8
9
7
6
6
17
6
17
9
14
15
14
13
7
11
5
11
13
7
14
8
7
7
0
198
76
86
9
254
36
189
78
85
174
174
335
329
231
49
292
364
94
53
91
274
348
119
169
78
67
346
41
126
232
284
338
158
203
71
326
200
25
130
171
41
14
274
172
120
169
40
360
195
356
20
32
80
169
135
227
296
118
120
164
379
162
280
38
272
97
357
206
254
239
321
448
432
279
124
352
434
112
192
116
344
365
273
217
116
249
528
67
239
246
386
378
313
236
171
482
225
68
246
231
209
55
381
324
235
190
174
475
223
528
83
212
272
313
254
340
462
174
191

18
60
12
17
6
7
19
20
10
11
14
8
5
19
16
8
9
10
19
7
7
19
15
7
18
19
18
5
19
7
19
7
16
9
16
19
18
9
19
13
19
14
12
14
20
9
16
15
10
7
10
18
16
13
17
8
17
7
13
14
10
18
0
78
377
256
394
113
4
269
267
238
353
363
118
331
209
390
63
27
122
139
178
180
48
324
355
356
180
323
4
388
290
15
115
371
207
178
137
379
308
76
114
226
298
167
143
174
314
238
62
122
241
120
145
155
81
13
172
4
54
34
24
238
427
269
602
280
94
436
413
434
529
552
143
385
237
546
106
129
147
168
356
382
109
426
472
466
215
452
142
592
485
25
220
519
350
355
248
409
410
182
292
415
449
330
344
371
364
310
166
251
431
177
315
269
117
34
382
158
169
149

19
60
18
14
15
7
17
6
10
15
12
10
15
11
9
17
10
15
19
18
14
17
18
15
11
15
15
9
12
17
13
7
7
9
17
14
14
6
10
15
10
12
13
18
13
16
18
7
18
5
7
8
7
19
7
9
15
13
6
13
19
9
0
109
183
57
29
362
194
73
292
275
232
271
225
171
286
247
272
62
252
338
297
205
375
342
237
328
40
179
263
307
118
68
104
10
288
295
343
327
323
67
71
89
140
25
132
333
65
4
284
42
271
6
281
109
68
113
370
13
167
157
145
229
343
133
212
368
286
258
355
316
254
392
324
307
462
427
391
189
286
508
392
268
558
450
300
429
169
382
318
347
294
236
238
41
462
461
393
345
400
116
154
202
223
179
331
382
173
84
410
111
368
132
369
243
141
202
441
86
203
341

20
60
16
11
13
19
10
8
11
9
14
11
17
7
6
13
6
8
7
18
19
15
17
19
7
6
15
19
11
14
16
19
9
10
7
8
16
13
10
16
8
13
12
5
11
19
18
6
9
18
13
18
10
13
18
9
16
11
9
8
20
16
0
254
242
262
291
7
312
143
160
273
173
364
341
157
91
96
246
354
253
8
353
25
76
83
193
76
42
352
318
105
20
153
68
96
234
337
372
120
340
277
26
109
137
91
315
106
6
319
35
47
93
83
295
224
98
232
21
4
174
120
37
292
398
343
334
33
356
198
188
291
307
456
484
259
159
203
273
553
419
34
526
211
187
226
235
139
55
527
389
130
70
219
91
171
254
508
511
231
467
298
112
179
283
222
421
184
74
380
193
171
203
131
359
304
195
299
33
57
372
269

21
60
8
16
10
8
20
14
6
12
12
12
10
12
14
14
12
15
7
17
9
15
8
10
17
19
12
11
16
14
15
5
7
10
11
7
18
11
8
15
16
6
7
14
15
15
13
8
14
12
9
6
9
20
19
14
14
11
12
11
11
7
0
258
45
7
133
191
347
281
322
222
191
96
336
310
54
15
246
194
333
177
128
124
104
115
140
325
16
185
29
351
159
102
171
340
105
286
268
284
250
56
308
66
128
197
302
313
33
321
131
356
169
355
0
179
75
175
307
113
104
244
173
350
117
86
318
294
423
300
490
281
262
122
393
367
142
199
411
213
342
317
239
257
269
216
241
460
67
359
101
465
206
241
223
368
216
424
413
439
349
225
414
224
253
334
482
392
78
398
244
534
202
548
26
312
105
335
383
243
166
370

22
60
14
13
18
17
16
7
5
9
8
12
15
6
20
5
18
7
16
13
8
9
18
7
11
8
11
9
13
13
12
19
8
20
12
6
12
15
14
9
14
6
10
13
11
17
17
10
7
13
9
17
10
13
7
17
10
6
9
6
14
14
0
67
283
73
14
213
217
87
180
122
57
229
85
52
100
54
252
14
342
49
79
91
228
136
287
14
1
63
17
338
7
306
157
74
124
138
26
175
237
275
41
324
81
71
314
196
59
194
70
28
300
49
131
44
286
173
12
280
160
281
160
246
343
99
62
337
299
165
248
245
95
358
241
177
232
229
297
92
355
133
100
233
370
171
346
76
65
228
166
523
149
452
181
161
171
162
103
200
376
373
76
403
117
231
388
276
132
256
120
100
478
194
229
124
330
326
64
307
240
452

23
60
7
12
9
7
12
15
15
19
6
12
14
17
17
5
7
6
7
9
7
8
10
5
10
15
13
12
13
12
14
17
15
7
17
15
7
18
16
15
13
18
20
6
10
16
15
16
17
14
6
16
13
10
14
20
17
11
13
8
17
6
0
286
174
343
87
302
165
109
170
222
157
93
92
86
246
298
281
56
202
68
265
204
357
295
25
171
253
117
179
154
352
332
66
41
66
139
37
352
328
146
9
332
309
116
215
192
171
327
273
239
198
186
292
209
86
17
131
42
165
29
88
412
297
445
118
328
339
200
308
308
283
283
179
170
381
413
387
78
210
92
328
321
472
370
118
290
330
154
348
340
463
449
92
84
159
170
196
385
411
288
77
508
432
166
231
214
319
383
455
376
259
333
428
326
185
120
217
163
279
171

24
60
17
9
6
15
8
13
8
17
17
16
12
8
6
17
9
8
5
14
12
15
17
13
14
20
17
19
18
7
14
8
10
9
9
12
7
9
20
18
17
15
10
12
18
8
13
18
12
16
8
6
13
13
9
14
18
15
8
10
12
14
0
7
174
326
361
270
13
276
331
234
245
330
195
136
314
11
108
164
144
133
184
364
110
120
343
228
49
61
178
58
107
304
243
358
364
175
297
191
151
261
11
176
27
99
328
151
183
193
77
172
119
211
297
165
124
42
3
106
14
53
183
114
265
387
400
421
185
476
449
350
266
491
322
165
465
70
129
303
160
276
215
485
132
163
514
313
97
100
263
237
255
462
275
527
456
213
397
379
327
394
166
258
140
254
513
189
363
323
141
182
149
378
361
348
237
145
110
137
180
186

25
60
18
9
8
13
8
10
19
17
19
7
7
6
17
9
10
8
10
12
8
11
11
20
11
7
13
15
8
12
15
17
11
13
13
9
17
8
19
16
15
9
13
9
10
10
17
6
6
13
14
6
18
7
7
16
14
16
15
10
6
10
0
237
26
329
311
296
346
250
331
326
252
101
221
98
102
321
310
228
132
141
87
266
44
272
270
309
46
185
204
6
162
228
241
322
129
215
166
143
234
124
160
171
117
216
311
188
127
186
193
354
124
325
214
49
338
46
217
337
221
317
129
252
166
350
433
382
485
368
365
367
382
253
372
244
188
403
474
408
278
249
205
346
208
334
432
382
57
341
294
90
240
336
377
423
164
373
301
175
374
135
246
259
239
358
380
324
218
296
274
441
145
481
350
227
429
114
248
383
395
360

26
60
10
20
8
10
13
13
14
8
14
13
17
7
5
15
8
9
19
6
14
18
6
9
15
17
20
16
8
14
11
19
13
7
19
10
13
6
15
12
10
15
16
7
19
9
11
15
8
20
18
9
15
8
14
18
14
10
18
15
6
5
0
236
341
256
52
33
318
202
255
293
339
283
201
285
64
295
232
352
194
269
51
302
205
368
200
121
26
224
337
93
82
164
122
264
334
196
40
93
245
351
51
88
291
128
184
284
209
245
199
348
214
333
175
303
9
275
298
281
326
320
101
335
500
355
133
110
493
265
372
334
487
322
277
374
123
446
398
399
221
381
123
418
307
394
260
201
129
361
529
139
212
280
256
291
454
386
56
145
274
442
159
277
442
198
273
398
382
422
254
368
277
522
277
506
48
415
349
350
446
357

27
60
6
16
19
8
10
10
12
11
7
18
8
11
12
10
8
7
9
17
10
13
6
14
12
10
9
8
17
12
15
19
16
10
7
14
16
8
8
16
7
18
15
17
19
6
15
7
11
6
20
9
16
5
8
12
16
12
9
6
18
7
0
196
337
7
310
77
297
74
143
130
58
62
33
217
114
173
80
190
290
160
10
240
315
107
199
336
326
349
29
291
187
61
247
75
170
161
68
165
116
271
212
157
328
279
189
322
273
91
320
127
79
59
296
164
214
250
216
109
145
323
65
306
398
146
365
184
483
221
202
149
224
106
192
334
261
193
136
313
359
333
74
389
417
146
357
430
373
505
180
425
355
237
283
248
336
329
87
186
194
376
384
174
402
368
257
430
438
245
343
264
111
139
448
348
285
414
237
280
212
471

28
60
17
20
15
10
7
13
19
9
13
14
6
19
10
15
8
19
10
14
16
16
8
11
6
6
18
16
15
12
8
6
13
6
15
17
13
5
11
19
19
16
10
17
14
7
14
8
7
8
11
11
10
7
17
15
6
10
8
10
19
19
0
184
10
170
156
116
32
209
316
351
301
69
173
17
250
94
358
158
327
217
14
68
97
347
92
201
280
24
22
200
206
1
2
14
68
166
293
32
169
151
149
83
301
361
334
251
284
185
37
20
8
330
249
177
29
153
6
301
293
245
77
372
161
198
206
209
201
371
420
426
490
271
186
112
373
201
513
219
379
287
196
168
274
416
206
262
328
200
65
318
219
103
112
109
221
331
475
234
238
320
177
209
374
495
500
336
471
334
73
210
127
519
396
256
212
184
66
424
397
438

29
60
10
14
14
8
9
11
5
10
8
15
19
14
12
13
14
9
16
15
14
17
9
8
7
10
11
19
13
9
19
18
10
13
15
7
19
6
13
8
11
5
18
6
7
7
15
7
13
19
12
11
10
13
15
12
12
12
16
8
20
18
0
294
140
284
39
128
48
69
182
209
173
171
266
255
189
160
150
86
82
104
101
196
115
342
264
119
141
325
364
102
259
315
278
143
296
95
146
89
107
285
282
297
355
49
274
18
321
76
103
279
32
241
98
49
350
107
25
109
313
45
168
381
290
401
184
239
212
223
304
404
354
194
282
279
312
340
304
130
235
298
201
252
124
521
333
197
233
383
416
125
422
412
379
185
356
231
259
168
204
460
373
307
522
128
346
95
410
268
268
297
116
302
246
241
450
283
87
288
428
205

30
60
14
8
12
16
14
13
16
16
17
10
15
17
16
13
18
9
14
7
15
16
12
12
16
15
13
12
7
19
9
14
15
17
15
18
6
9
11
7
11
9
20
5
15
18
5
14
7
6
17
19
15
12
14
5
8
15
11
13
16
18
0
387
248
364
82
328
73
40
385
209
163
85
364
219
167
323
176
49
348
209
124
259
243
7
280
162
15
62
9
282
120
116
62
179
106
39
42
104
302
54
111
377
247
263
127
337
314
274
50
98
13
281
213
341
186
146
280
282
251
148
74
544
285
547
234
359
173
163
498
239
265
289
400
255
340
521
215
82
494
411
158
279
325
196
351
181
203
195
51
414
281
212
123
340
244
184
54
254
479
133
217
460
322
379
312
507
459
467
75
218
190
377
257
451
376
346
322
421
409
295

