1
7
19
6
18
14
12
18
17
0
22
24
3
0
50
11
19
51
52
38
33
77
28

2
7
18
19
16
8
12
20
13
0
5
21
13
3
22
46
32
48
60
29
27
51
59

3
7
5
18
10
14
6
14
12
0
18
4
28
35
39
17
9
52
19
51
55
70
44

4
7
12
12
7
15
13
13
8
0
36
20
15
35
7
30
23
52
32
39
66
24
49

5
7
19
9
10
8
18
17
6
0
41
27
11
18
16
21
34
67
46
27
56
45
38

6
7
14
8
16
19
14
16
12
0
44
46
20
12
3
47
35
72
81
41
29
27
78

7
7
11
7
15
12
19
15
6
0
2
9
27
10
5
38
15
15
32
55
48
29
58

8
7
18
7
12
19
5
7
18
0
10
40
13
23
12
33
19
33
53
34
43
40
60

9
7
6
17
7
10
13
11
6
0
16
26
0
33
13
17
19
33
38
16
58
34
31

10
7
17
6
15
17
17
19
9
0
29
4
0
34
34
10
35
49
28
26
58
65
42

11
7
10
19
11
6
16
17
6
0
3
18
22
28
35
42
28
37
41
45
61
58
64

12
7
16
7
9
14
9
18
12
0
29
5
9
4
23
20
31
50
19
29
15
54
33

13
7
19
14
9
5
14
17
15
0
40
29
41
30
41
27
32
73
38
49
62
65
47

14
7
8
5
11
19
14
17
10
0
36
33
23
42
1
37
8
41
48
49
66
31
62

15
7
7
12
12
12
7
9
15
0
23
36
11
2
14
29
11
52
61
27
17
26
47

16
7
12
11
9
14
15
9
9
0
36
39
20
25
6
24
12
56
60
45
58
32
52

17
7
9
9
8
17
20
7
11
0
10
14
12
34
39
14
21
33
28
44
68
60
26

18
7
18
16
17
6
14
10
19
0
39
43
45
41
33
31
38
72
79
64
69
50
73

19
7
6
7
10
10
10
20
14
0
27
5
3
25
4
7
24
40
20
29
36
38
34

20
7
16
7
16
5
8
7
8
0
24
1
4
13
2
29
28
34
30
11
32
13
38

21
7
18
7
19
16
18
13
10
0
28
27
15
9
32
36
25
56
56
34
43
65
63

22
7
17
18
10
16
12
9
13
0
15
5
39
45
35
19
37
55
16
71
66
45
42

23
7
20
7
6
9
7
15
14
0
3
5
33
5
1
0
34
25
13
58
29
17
18

24
7
12
19
6
18
12
11
13
0
35
9
15
34
22
38
30
74
28
36
52
41
53

25
7
19
12
9
13
13
8
15
0
7
16
44
38
14
10
26
40
36
57
51
25
42

26
7
15
14
14
7
6
17
13
0
6
23
29
21
24
33
22
20
44
39
36
54
61

27
7
13
5
15
16
7
20
7
0
29
16
5
29
20
8
16
34
46
39
51
50
30

28
7
5
7
11
11
20
12
12
0
3
10
9
19
25
12
18
23
21
34
47
55
30

29
7
6
9
16
16
15
15
10
0
25
35
14
31
28
0
19
48
60
36
47
54
26

30
7
7
6
7
14
16
18
15
0
6
15
0
37
7
39
13
16
34
28
63
41
69

