1
100
19
17
11
8
20
13
11
19
7
12
19
7
16
14
6
11
17
12
13
12
15
17
18
7
17
13
11
15
16
18
6
9
5
18
12
7
7
10
10
12
18
11
15
8
14
15
13
13
16
12
5
7
14
20
16
7
11
6
20
19
15
14
9
14
16
8
6
6
17
6
10
6
12
9
19
14
9
20
15
9
7
11
17
11
6
7
19
9
9
10
13
13
5
15
14
11
6
6
20
14
0
153
139
74
278
100
236
4
10
240
151
265
183
85
234
215
89
9
206
180
159
171
262
148
77
265
36
11
257
167
70
259
89
189
151
102
259
123
100
198
97
44
139
225
15
229
264
14
288
101
73
274
128
286
295
25
236
50
116
220
230
296
138
261
260
145
157
272
49
8
66
106
63
85
110
303
211
192
232
265
158
226
244
79
13
131
253
33
281
237
20
292
140
187
53
260
285
89
32
117
103
284
207
113
360
113
247
85
31
299
207
376
225
212
311
253
228
79
263
197
237
246
294
180
194
295
126
69
302
208
93
322
191
241
273
132
273
138
164
252
170
165
172
276
60
302
289
89
355
228
113
284
195
423
400
44
275
134
245
303
307
334
243
379
322
227
177
351
157
18
81
195
119
148
214
360
329
319
267
392
283
244
270
191
86
235
322
92
366
318
121
330
209
234
124
337
398
201
112
204

2
100
12
13
11
18
5
15
7
13
11
13
18
14
18
13
5
19
17
12
19
6
12
18
16
18
6
8
19
14
9
12
8
20
7
19
13
12
8
16
12
7
7
15
12
14
17
10
7
10
6
11
10
7
15
16
9
15
5
18
7
10
20
6
7
7
16
15
13
6
6
6
12
8
11
14
16
10
5
5
9
19
11
19
19
19
17
20
13
11
8
16
10
7
7
20
6
7
9
19
18
13
0
130
198
194
112
195
100
164
68
108
138
15
14
255
47
122
228
287
189
118
135
145
160
57
144
58
215
142
246
232
268
102
245
194
217
97
257
61
285
21
286
37
276
258
234
110
89
182
69
192
65
182
303
254
195
142
53
92
77
196
144
82
192
298
24
158
1
188
184
165
102
248
86
51
25
259
251
20
102
217
16
300
202
196
241
66
141
95
25
20
5
199
62
269
42
35
186
136
193
128
40
160
250
278
141
316
115
179
151
128
182
53
43
347
88
238
275
372
241
140
175
239
272
116
236
154
268
196
359
284
293
169
370
275
314
147
364
96
342
37
307
110
380
370
297
217
199
208
129
205
108
263
416
352
300
198
101
226
189
269
215
161
254
424
130
194
18
246
236
227
225
322
107
125
129
336
267
41
166
294
40
382
286
301
278
137
230
112
53
127
84
307
75
318
159
92
206
242
322
204

3
100
10
17
20
16
18
10
16
16
14
18
15
12
15
8
6
15
17
14
10
15
17
10
5
16
15
16
9
16
9
16
17
12
9
14
10
16
11
7
11
19
10
17
11
12
6
7
17
6
11
13
10
8
15
19
15
19
11
7
15
15
6
17
5
12
18
19
7
11
11
9
7
6
19
9
6
15
7
12
13
15
15
19
11
10
15
18
20
12
10
5
15
18
6
15
17
18
6
12
17
10
0
76
4
100
77
99
3
109
25
36
150
299
195
237
64
270
195
140
129
88
174
7
132
86
186
165
3
142
178
300
51
110
315
255
205
67
278
111
138
152
128
30
80
224
69
205
64
94
126
114
288
243
260
287
3
253
17
53
160
295
145
204
233
40
190
240
174
3
218
58
136
5
56
230
25
106
52
214
103
252
243
112
236
185
34
223
301
11
48
173
295
81
279
175
105
282
40
121
33
252
95
104
76
236
185
150
48
159
88
89
229
411
284
249
109
382
281
187
254
125
264
119
145
143
251
204
94
257
230
395
161
192
337
333
258
164
300
230
149
280
152
53
116
256
141
298
87
134
207
204
312
355
379
402
112
390
140
88
290
359
253
232
351
77
277
260
270
129
253
72
236
55
180
333
83
143
62
253
171
386
361
246
288
315
66
352
423
122
117
240
422
183
391
193
129
366
149
178
115
381

4
100
15
6
17
18
10
9
15
13
10
8
19
13
10
12
17
19
13
9
7
12
14
20
18
5
13
10
16
9
6
12
10
10
19
20
13
13
15
15
20
8
10
19
7
16
9
17
11
15
19
16
14
13
18
17
15
8
18
15
12
20
14
10
8
7
8
10
12
10
7
8
5
18
20
9
13
6
10
12
11
10
17
16
9
11
12
10
14
11
11
6
18
9
8
8
17
16
13
11
19
5
0
151
78
257
76
238
245
235
13
57
105
240
156
209
87
299
112
140
296
193
73
202
195
163
146
253
152
57
286
198
20
176
155
159
95
25
226
1
204
126
14
313
101
260
75
187
55
238
212
149
91
32
224
265
234
13
313
197
205
26
307
22
303
242
122
136
22
304
311
269
239
46
111
45
168
174
307
178
258
220
153
110
41
2
74
4
207
36
23
63
129
217
169
62
97
46
98
227
126
61
35
185
174
358
107
282
289
300
92
104
158
358
270
243
152
419
203
267
330
260
192
264
287
261
238
279
291
99
388
226
67
186
269
280
163
122
315
62
328
185
51
375
139
311
169
248
84
316
243
193
221
140
286
295
272
83
420
309
284
140
339
117
425
271
218
154
36
429
396
354
357
72
208
174
196
199
426
258
349
312
205
153
168
116
158
126
265
142
114
170
168
255
275
156
185
63
152
270
254
89

5
100
8
13
8
12
17
8
19
14
8
16
9
10
8
6
6
11
11
10
11
18
15
15
16
11
18
16
16
10
11
11
7
9
7
19
13
8
9
20
10
18
9
6
13
7
10
15
18
11
13
10
17
15
12
15
16
20
14
16
5
13
20
10
14
6
7
17
6
10
18
18
15
7
16
7
9
7
13
17
10
14
16
8
7
13
7
17
11
15
18
17
9
13
16
15
16
10
17
14
18
14
0
275
109
1
199
26
231
51
31
306
270
106
287
158
92
61
138
27
264
154
85
235
115
99
218
160
242
206
26
235
291
111
56
306
178
288
221
203
288
109
53
124
58
98
83
128
145
292
251
85
130
160
180
9
56
108
11
234
243
46
65
124
207
14
239
82
164
238
201
237
17
303
26
260
248
112
185
256
234
134
193
302
277
187
131
143
71
182
8
60
201
194
210
27
6
184
194
72
306
151
107
364
213
57
228
129
315
92
149
327
339
230
344
272
147
140
231
124
373
226
187
252
141
131
296
186
316
317
103
343
357
209
130
364
191
296
230
231
422
167
81
165
105
206
117
152
274
404
289
134
200
232
267
124
148
193
107
317
345
146
185
161
262
111
283
211
288
315
234
258
105
400
97
351
262
201
271
287
253
211
330
406
406
249
243
229
145
208
60
145
332
253
261
75
104
253
273
119
334
261

6
100
10
10
12
7
18
8
19
8
15
18
12
11
19
12
14
7
5
15
18
19
11
6
11
7
10
6
10
13
14
9
8
15
19
7
15
20
11
18
12
8
7
16
9
18
6
14
15
14
9
18
12
16
8
20
14
11
19
6
6
7
8
14
9
9
19
17
17
9
10
12
10
18
7
11
15
6
10
12
17
7
10
12
20
18
16
6
13
18
11
10
8
9
16
19
16
19
17
11
12
16
0
252
214
162
64
94
301
118
192
287
40
33
3
107
16
253
110
96
23
97
54
248
21
24
109
240
257
38
29
116
44
304
197
300
80
127
203
299
8
26
2
253
172
233
226
29
189
50
275
19
171
122
95
184
31
205
221
299
220
106
78
86
248
113
14
20
219
172
211
262
159
54
77
45
208
85
296
264
181
309
244
80
6
157
101
257
175
231
59
284
293
176
57
162
151
159
193
115
151
255
126
293
322
272
86
110
354
187
269
356
151
51
27
141
141
340
171
118
42
228
104
289
131
61
215
329
358
59
126
146
173
363
243
309
168
149
305
411
34
96
51
283
244
362
271
60
266
78
294
84
234
199
138
301
101
230
250
409
287
168
107
200
311
195
96
99
250
241
265
326
267
156
158
160
266
191
417
334
205
376
347
145
44
255
231
276
309
272
107
375
315
292
167
257
174
206
324
199
278
364

7
100
14
9
18
15
13
20
11
19
16
13
16
14
7
10
20
9
16
6
10
16
17
9
10
10
16
20
19
9
16
16
5
7
16
15
16
11
15
12
5
6
12
17
12
14
7
18
6
7
18
10
12
11
7
11
10
13
20
11
6
20
10
17
16
16
16
17
16
7
13
16
8
19
11
14
10
18
16
7
6
14
7
18
7
5
18
9
15
7
7
8
9
19
11
11
19
10
10
6
8
10
0
266
260
41
307
109
142
33
36
32
293
297
2
16
127
26
212
295
207
99
111
161
285
144
295
183
142
240
224
234
256
54
236
185
77
161
127
310
271
175
104
172
180
30
119
209
277
268
264
96
256
203
121
297
26
93
42
263
173
267
76
298
141
249
161
249
13
135
67
171
114
114
241
178
264
100
170
249
67
5
68
31
183
144
31
13
71
125
279
69
240
66
42
174
122
8
290
214
250
115
37
388
339
67
440
227
165
157
64
154
348
431
104
103
186
151
248
301
332
152
241
285
383
185
359
305
172
338
317
329
342
88
363
279
199
197
233
323
301
217
170
312
214
49
222
267
393
359
287
196
366
266
146
348
100
205
160
356
185
370
149
338
186
300
262
381
36
154
103
207
193
218
342
302
374
177
282
358
162
104
195
141
245
161
153
140
194
142
396
158
346
154
148
188
232
52
386
300
354
132

8
100
15
11
7
12
19
20
8
11
14
18
16
11
19
9
14
14
13
12
19
16
5
6
18
20
18
20
18
10
17
10
15
9
19
18
11
12
16
10
13
18
10
12
12
13
17
6
18
5
20
16
13
17
10
16
17
12
13
6
18
18
16
7
12
18
17
7
9
19
15
14
16
18
11
14
18
12
7
16
6
12
9
17
18
17
15
8
10
10
18
12
13
19
19
19
19
18
14
14
11
13
0
7
98
36
72
168
175
188
243
87
158
321
295
295
235
253
155
262
244
342
2
40
170
44
287
246
58
292
31
270
62
278
94
309
106
244
234
172
219
172
115
113
337
83
31
102
269
164
37
19
34
174
221
308
197
181
89
10
4
338
154
52
219
19
236
41
133
261
325
238
176
124
273
98
273
291
323
191
186
330
147
280
307
199
127
21
123
26
134
254
92
66
220
270
13
103
210
118
299
163
95
97
221
84
218
302
187
278
265
219
253
409
378
309
282
397
199
383
350
453
113
104
241
113
345
268
157
327
93
414
179
303
123
457
183
377
384
242
300
237
134
210
441
125
148
185
424
221
78
106
93
299
279
388
282
246
234
84
110
482
242
88
323
172
368
170
205
334
424
306
278
148
345
208
393
355
340
338
276
436
293
428
402
262
211
33
181
64
162
283
202
111
279
294
164
172
242
235
439
251

9
100
19
16
13
15
14
7
18
5
17
14
9
15
12
6
13
18
20
6
11
17
20
7
12
9
7
8
14
15
8
8
9
14
10
10
19
7
17
8
10
15
15
14
15
9
10
8
16
10
5
9
16
7
20
19
15
19
19
9
7
8
7
6
18
9
16
16
9
13
9
14
13
11
15
20
11
9
5
19
15
9
7
7
5
9
8
9
11
13
20
13
19
11
18
16
13
5
12
11
14
18
0
48
53
5
230
123
124
146
219
21
1
33
274
92
10
226
61
211
88
222
268
15
51
284
214
150
149
268
184
54
127
196
48
142
36
144
259
233
109
210
148
260
186
265
224
298
286
280
30
143
70
294
101
68
298
203
185
218
62
296
128
293
251
245
183
38
273
240
101
21
38
136
181
194
42
2
290
284
220
79
17
124
217
167
251
10
200
124
185
90
277
273
119
99
100
32
91
297
73
301
64
71
159
122
250
205
176
239
263
80
11
64
313
133
97
254
176
268
179
246
316
130
175
405
338
180
218
312
243
153
157
239
140
257
69
222
389
349
119
267
257
386
229
342
330
405
314
332
56
240
111
324
128
89
417
278
218
332
129
373
155
311
270
365
258
57
381
263
146
89
118
195
238
285
121
38
412
373
310
116
87
214
261
177
342
39
283
150
248
111
361
294
231
187
153
95
171
370
115
365

10
100
9
8
12
13
8
17
20
12
20
6
18
17
18
12
17
11
16
15
10
14
16
19
12
12
12
15
20
14
8
15
14
8
20
19
13
13
7
11
8
8
8
17
19
10
15
14
8
18
18
17
12
17
17
5
18
20
14
16
7
6
8
8
17
17
15
12
18
11
13
14
17
8
17
19
5
8
8
6
18
15
17
16
17
18
15
8
8
15
13
5
9
18
5
11
15
10
12
9
18
9
0
82
33
43
232
67
273
235
297
306
85
317
169
67
186
98
275
319
304
218
52
159
236
319
28
150
239
219
130
204
7
55
147
213
295
71
218
255
184
293
54
32
306
130
5
291
82
92
60
289
285
87
228
310
303
105
10
316
71
45
104
145
24
224
101
223
153
317
230
300
58
221
275
121
89
284
95
201
226
104
130
29
71
250
78
100
205
188
39
161
80
52
28
70
259
212
157
266
221
10
20
96
126
117
361
211
407
358
336
338
192
369
206
187
273
200
342
336
408
268
192
247
326
410
84
200
314
306
231
222
123
176
266
317
406
212
304
350
287
379
70
114
446
176
56
415
194
164
131
381
297
139
277
327
385
140
73
459
94
77
232
265
103
329
154
263
213
350
268
402
106
251
311
191
99
391
203
264
293
120
173
106
115
356
215
205
280
221
71
260
215
153
53
128
383
283
291
311
369
60

11
100
8
18
8
11
8
17
13
11
16
11
6
11
10
9
19
18
6
13
15
18
9
19
19
8
15
7
10
6
14
11
10
19
8
14
18
18
14
15
18
8
13
8
6
8
6
13
16
13
17
6
11
10
20
6
17
13
17
9
18
19
16
7
18
18
20
16
18
19
13
18
9
12
14
13
19
20
8
18
20
15
14
13
13
9
8
15
13
13
6
11
17
13
16
7
18
8
13
15
7
17
0
227
192
21
227
158
319
239
288
126
296
18
162
305
200
104
97
184
53
212
115
73
254
249
307
102
28
246
98
3
101
65
151
156
241
121
233
9
129
271
310
237
110
63
167
160
145
109
224
79
53
270
167
25
20
292
20
17
203
208
282
189
59
282
188
313
136
75
208
42
95
18
322
31
277
175
176
36
260
212
192
46
77
178
241
208
166
232
195
40
157
211
266
225
87
124
220
279
237
196
120
358
287
115
309
175
354
268
390
240
423
122
289
420
349
149
110
204
184
248
125
138
325
359
372
228
50
304
119
83
214
127
165
233
267
164
256
105
156
406
355
334
201
121
212
231
173
141
345
170
130
348
261
62
59
430
47
154
316
355
401
200
178
326
229
377
227
194
303
158
149
147
459
55
333
317
218
173
306
300
275
177
118
264
287
344
256
246
292
152
274
301
377
236
219
247
289
304
342
317

12
100
7
18
17
15
15
12
16
5
5
16
6
14
7
11
10
12
5
8
13
15
9
10
10
6
13
18
10
19
11
10
17
7
11
7
10
5
15
12
9
16
14
6
10
9
17
5
18
16
10
14
17
13
8
18
6
17
13
13
10
18
17
19
9
6
17
10
17
12
11
17
19
12
18
15
18
12
19
14
7
11
13
7
10
7
7
16
8
10
6
16
9
6
16
19
13
7
15
17
7
14
0
187
145
47
78
99
53
120
37
66
81
48
212
285
175
38
295
270
126
135
249
6
223
102
241
172
157
42
167
294
244
82
209
127
163
270
89
117
185
247
286
215
88
124
149
117
133
20
114
225
181
6
232
50
153
296
91
291
5
137
216
193
1
60
40
39
72
206
92
60
242
292
180
203
22
277
282
185
230
53
180
45
31
218
18
18
203
165
204
247
274
71
156
73
249
282
33
106
294
170
54
288
186
151
169
190
89
154
114
97
121
120
315
399
293
154
301
279
201
204
370
57
333
205
282
211
207
123
267
423
298
103
228
203
282
283
168
192
231
319
359
246
147
138
173
232
167
71
164
256
315
34
240
69
231
316
174
378
47
158
240
239
124
121
88
91
173
327
183
122
306
329
318
331
62
405
343
275
248
111
211
91
117
232
110
105
229
208
286
325
283
145
290
154
355
316
81
159
419
214

13
100
10
15
11
14
19
7
10
10
13
14
8
6
20
9
16
16
17
7
14
12
19
14
14
9
10
14
17
14
18
12
18
7
15
20
13
11
12
12
8
10
12
16
7
16
17
10
8
16
18
20
8
6
10
12
15
10
19
13
8
9
7
16
5
13
17
11
8
16
8
10
17
8
17
8
14
11
18
17
14
14
13
16
12
5
7
9
15
19
10
13
10
12
15
15
18
15
16
7
17
10
0
82
273
266
12
26
128
148
168
6
224
48
282
53
69
268
262
50
76
167
87
30
93
225
310
124
204
152
160
125
208
28
183
308
31
203
51
285
28
281
58
111
257
219
90
61
219
47
181
148
47
300
212
233
193
297
31
209
293
167
90
177
271
263
57
62
246
61
265
203
83
19
289
137
220
244
137
272
182
82
255
192
211
73
124
188
206
266
206
76
139
118
51
303
251
2
160
55
135
45
57
176
310
327
134
62
228
230
184
62
308
81
381
128
111
329
376
177
196
227
232
81
225
238
362
165
328
260
231
206
271
135
212
338
108
259
128
313
162
410
169
215
363
265
193
141
353
184
218
292
168
392
225
296
326
329
57
331
386
216
139
239
362
289
128
91
254
169
294
326
160
75
365
263
287
341
170
348
197
137
386
305
324
80
152
267
315
301
290
132
175
153
87
330
302
105
267
169
257
96

14
100
12
16
18
6
18
19
6
6
15
11
5
11
13
10
18
17
11
7
12
18
9
5
15
19
11
14
17
17
12
7
11
8
15
7
13
16
17
12
15
6
12
19
14
16
11
13
13
15
7
19
19
6
10
6
13
10
20
7
15
12
5
18
11
11
11
9
19
19
6
10
9
12
11
6
5
15
5
7
17
10
12
6
18
20
9
16
15
8
12
11
6
7
20
17
17
11
7
11
19
16
0
194
3
89
103
213
53
128
33
278
298
198
212
269
94
195
170
108
12
0
231
289
130
42
26
263
185
281
178
151
114
138
283
108
30
149
235
51
305
220
170
183
177
164
247
155
170
147
131
31
292
297
32
291
232
169
78
60
255
67
187
289
129
18
296
57
305
252
21
53
229
176
83
204
150
42
272
287
76
119
260
290
108
53
201
190
82
277
53
180
298
168
84
100
47
47
287
31
10
171
97
284
24
149
137
320
75
183
85
327
329
226
315
324
114
275
297
189
56
84
246
374
194
61
100
283
275
407
261
170
179
175
329
222
146
234
335
113
425
297
254
239
275
216
341
278
262
185
219
60
365
375
134
304
296
298
153
73
294
108
230
335
185
115
371
179
398
389
39
111
349
212
146
225
192
81
387
304
194
209
352
390
239
191
308
265
123
299
105
290
399
286
126
185
169
64
346
72
45
239

15
100
9
11
11
6
15
13
7
19
9
13
6
15
19
19
8
10
11
15
18
11
14
10
14
11
19
8
18
15
6
18
15
13
15
6
12
8
9
16
13
12
11
17
16
9
14
9
9
8
10
9
12
20
16
7
10
6
18
8
9
9
14
9
16
15
12
9
19
6
10
13
12
12
11
13
8
16
6
7
11
18
6
8
17
12
14
9
19
19
6
18
17
16
12
13
13
19
12
16
17
9
0
101
96
44
99
60
160
199
209
226
131
114
68
267
42
247
172
302
97
3
250
82
72
34
93
82
89
118
102
39
108
246
229
182
279
74
109
84
110
64
304
75
131
87
59
136
3
43
114
295
141
108
127
224
195
259
168
198
210
56
151
197
281
181
210
237
216
256
175
248
252
281
247
119
19
220
107
85
205
142
75
223
101
77
39
146
89
137
71
145
110
52
286
234
101
235
180
199
194
123
103
188
190
136
183
84
261
293
226
298
138
166
186
363
64
305
202
337
174
53
317
187
149
46
224
205
170
234
136
75
140
361
312
212
380
133
240
158
184
119
378
195
266
109
194
168
77
158
182
317
219
220
207
320
313
360
246
238
272
84
247
251
323
246
256
330
334
362
194
355
356
378
334
225
91
265
231
99
319
181
184
264
216
207
68
235
196
269
137
224
133
78
326
313
161
359
206
322
307
199

16
100
7
11
13
17
7
10
15
19
8
6
17
8
17
9
15
6
7
6
17
10
13
6
11
17
13
6
15
9
20
8
13
8
15
18
12
9
12
10
11
11
12
8
16
9
15
11
13
5
18
13
12
10
5
20
12
12
13
13
15
7
14
17
6
7
13
5
13
7
6
7
17
15
18
14
13
7
14
14
17
17
15
19
14
13
7
6
12
5
9
14
13
11
12
11
8
18
19
14
12
16
0
252
217
2
212
179
159
158
251
121
132
3
72
109
61
158
39
225
181
99
133
101
59
245
112
245
146
6
195
44
226
99
252
217
270
22
129
102
137
187
287
237
55
191
17
1
131
57
166
211
207
92
175
126
91
227
239
231
21
158
185
284
180
249
218
96
4
54
184
286
292
81
125
62
217
68
265
270
273
9
221
144
2
159
53
164
35
13
241
44
269
232
266
87
150
57
294
12
18
153
121
336
332
70
285
293
249
217
293
208
156
14
90
163
182
189
148
234
314
216
258
172
115
362
181
300
276
32
289
60
325
141
274
324
283
104
155
208
163
267
383
271
123
282
40
69
187
130
207
277
263
114
199
193
167
340
282
345
113
280
209
347
228
345
282
113
76
162
220
388
317
164
203
158
326
82
286
360
300
132
311
242
130
285
155
272
57
129
258
107
325
298
300
186
268
95
370
105
98
253

17
100
13
11
5
20
19
13
6
16
13
13
10
12
13
17
13
9
15
19
11
9
14
8
6
20
8
15
6
18
13
16
14
9
19
5
7
13
8
13
8
16
11
13
8
14
9
11
6
11
18
9
12
6
13
13
19
11
15
12
7
8
17
18
7
8
16
16
8
18
11
15
13
17
5
18
7
14
18
5
16
10
20
13
19
14
11
8
8
6
17
10
6
13
12
19
18
14
18
13
18
17
0
127
60
92
1
43
169
190
306
146
227
216
103
8
296
50
31
168
307
98
289
290
305
145
66
156
17
197
48
125
9
39
31
67
233
27
32
293
97
141
22
32
248
143
143
119
189
43
272
119
59
276
152
302
53
187
232
278
202
147
43
300
234
278
188
185
52
174
96
303
227
92
107
203
240
187
55
261
122
154
79
48
93
205
222
55
103
125
177
149
125
167
87
170
297
187
45
75
186
170
59
164
80
160
55
169
235
313
381
232
356
293
192
27
319
126
62
215
402
164
325
300
347
183
180
239
106
261
137
237
79
51
124
77
315
122
89
379
112
174
154
74
346
178
194
133
272
128
389
155
97
283
179
338
145
297
332
388
300
278
172
405
295
305
303
231
69
274
135
357
351
170
196
321
361
207
182
286
168
170
136
138
201
339
349
131
212
144
207
217
224
291
220
244
382
228
102
89
229
265

18
100
10
14
15
7
8
15
13
11
15
9
14
9
16
10
17
18
8
14
17
18
5
8
6
7
17
10
5
15
6
19
12
12
11
19
10
12
16
16
10
8
8
8
13
17
17
15
16
18
14
15
15
6
17
6
19
13
10
14
11
7
11
6
6
14
19
13
7
19
19
8
19
5
5
14
9
10
15
10
15
19
16
6
16
16
11
12
9
12
16
11
14
11
10
16
5
11
16
16
14
9
0
4
204
171
8
192
0
94
224
307
126
163
177
85
6
213
45
82
64
220
305
289
242
183
106
106
240
48
176
137
199
154
110
205
61
130
46
200
304
108
293
23
139
6
278
301
188
159
237
136
178
272
248
35
210
266
22
122
143
15
212
241
106
299
36
56
77
125
287
213
290
138
54
206
115
183
242
177
261
127
45
135
66
11
92
115
295
18
250
14
121
18
276
161
242
110
225
112
208
56
81
66
240
290
104
217
75
167
326
420
219
281
193
134
45
261
114
204
128
253
428
342
322
230
125
173
347
100
243
222
301
193
236
278
181
182
68
235
387
214
403
105
253
113
324
400
319
221
261
253
271
314
274
160
295
375
96
188
186
113
332
316
124
407
120
135
114
214
404
252
404
177
174
303
137
194
365
268
320
149
112
195
116
38
207
247
309
45
332
59
227
138
349
279
350
225
306
179
253
164

19
100
16
9
14
13
13
19
7
6
7
18
16
15
12
20
17
10
7
6
11
18
18
18
18
8
7
9
12
9
16
18
18
12
18
15
6
20
15
10
12
13
10
14
16
12
19
16
14
5
20
11
8
8
19
8
7
13
16
10
17
14
15
15
18
9
8
10
12
16
7
16
12
11
5
12
11
11
6
20
5
14
13
17
13
9
18
7
20
18
11
20
7
9
12
15
6
8
20
18
14
16
0
116
49
188
236
268
237
112
76
283
35
50
212
49
122
307
284
125
228
204
171
90
254
92
122
292
230
50
180
222
67
205
249
147
181
9
27
197
75
123
169
315
160
63
45
94
12
81
200
299
291
111
58
279
242
80
279
140
233
200
290
277
305
60
89
47
321
313
63
107
80
271
187
209
176
45
77
196
21
238
287
178
251
74
226
221
151
183
147
54
198
308
22
68
54
71
177
265
167
157
29
140
144
257
314
392
334
234
139
417
91
78
336
196
191
356
325
190
245
243
271
219
316
170
152
381
304
76
281
310
113
287
284
198
284
67
68
218
143
177
244
345
198
133
131
188
141
151
264
316
315
164
166
410
365
178
379
166
256
307
365
294
351
74
210
89
400
450
111
213
125
297
255
271
258
92
157
275
75
339
386
257
378
195
331
293
210
265
179
191
275
344
109
162
146
176
227
364
231
212

20
100
10
14
16
19
16
20
19
13
13
9
6
13
9
19
5
18
11
9
14
7
15
10
8
8
11
10
16
11
10
8
10
16
11
9
10
10
17
9
8
12
16
9
6
17
12
17
17
18
14
14
19
14
12
18
15
15
8
18
16
13
15
18
17
20
15
19
16
17
14
19
19
17
9
14
15
18
17
12
19
17
12
13
10
17
6
8
11
7
18
14
16
15
19
15
18
8
16
13
14
14
0
111
202
65
251
312
297
56
135
54
227
259
28
136
295
322
170
75
47
6
129
43
149
64
102
44
303
29
303
126
195
178
28
140
74
171
260
135
134
273
214
239
63
34
145
82
292
4
158
31
221
327
213
200
24
104
227
191
301
191
32
277
75
74
129
202
283
335
283
38
51
314
297
289
333
106
6
259
189
239
103
9
293
27
182
185
270
155
8
270
69
311
52
80
110
138
197
301
221
93
48
161
322
204
309
374
339
107
205
130
318
308
111
248
308
443
202
95
138
14
211
144
229
113
227
127
370
154
404
214
208
265
158
264
157
190
279
155
148
345
316
349
123
182
244
100
401
151
301
57
241
391
242
264
139
175
283
269
391
248
120
332
157
154
249
307
354
474
432
116
73
432
309
384
464
139
148
300
252
269
221
52
356
176
305
220
393
225
62
339
172
415
204
204
221
181
287
336
366
219

21
100
7
19
15
15
11
19
15
6
15
17
16
8
19
19
15
9
13
19
19
8
14
16
7
15
16
10
12
16
7
17
12
10
9
11
17
9
19
11
6
6
19
13
18
17
5
11
10
17
20
14
12
19
16
11
7
10
10
9
18
7
20
14
18
19
6
19
9
5
9
11
5
15
19
12
15
19
8
15
16
6
16
10
17
12
12
9
11
12
10
9
19
10
17
12
15
7
7
19
7
6
0
139
65
47
83
174
6
159
53
300
175
223
189
157
233
210
35
11
289
129
319
60
122
319
194
271
37
44
193
29
38
185
314
252
247
234
77
209
234
209
211
34
174
260
5
209
197
247
247
18
240
74
310
60
273
174
287
216
315
45
275
87
136
5
296
57
283
217
43
14
172
219
13
8
8
88
305
199
27
34
273
180
305
201
113
186
72
54
194
96
97
71
183
14
29
308
181
269
32
179
66
210
159
98
157
244
37
287
73
405
257
329
245
301
306
346
72
94
349
219
419
93
141
407
262
363
131
72
213
98
147
273
421
306
322
281
191
263
336
263
356
53
266
279
81
238
334
314
338
32
286
206
401
199
301
188
305
254
447
84
331
220
280
116
385
118
393
315
53
72
253
324
94
124
50
141
396
254
51
109
357
194
377
338
169
209
94
82
240
214
232
136
247
134
130
371
278
391
122
278

22
100
6
11
7
17
9
20
15
6
7
7
20
17
9
12
13
7
12
7
8
5
17
12
6
17
7
5
13
19
14
6
10
14
9
17
14
7
8
12
11
8
20
15
17
9
19
6
11
17
7
5
16
12
12
19
5
14
20
16
20
7
20
10
12
18
11
9
6
17
20
6
8
13
18
11
11
12
15
12
11
13
17
9
13
6
6
6
15
11
15
14
9
13
14
16
19
7
18
20
9
16
0
160
169
66
32
286
41
112
286
225
81
7
280
202
223
89
257
134
158
88
211
202
223
145
66
42
80
249
35
154
137
277
80
203
164
221
26
241
65
51
171
122
296
7
285
123
199
168
190
155
263
94
108
262
186
111
31
126
278
189
253
247
203
93
174
99
170
117
257
194
92
298
5
283
293
150
173
63
212
170
258
54
185
158
86
219
37
163
195
65
155
12
109
220
299
190
128
132
20
31
115
194
235
178
115
384
121
214
412
328
213
68
363
262
254
214
337
168
233
136
346
259
325
171
187
136
114
367
77
276
196
299
199
306
211
270
73
362
184
128
254
189
411
113
386
148
306
187
251
269
352
225
229
372
243
126
171
248
347
267
284
365
316
204
270
227
243
159
370
209
117
401
103
403
331
220
243
131
313
214
315
157
244
206
197
256
171
222
218
164
197
80
212
268
382
313
177
189
107
131

23
100
8
14
10
13
6
13
12
17
5
10
7
14
17
12
11
7
20
17
19
6
19
9
16
16
14
7
13
15
16
13
9
19
14
18
9
10
12
8
8
19
6
19
19
8
12
5
14
19
5
10
14
8
10
9
9
11
15
14
18
8
10
6
13
16
14
10
19
6
19
8
14
17
5
9
8
13
10
7
8
19
11
18
10
7
12
17
13
11
15
17
11
9
14
16
19
17
10
14
20
14
0
146
174
25
70
275
160
192
114
110
302
26
53
50
140
91
198
144
161
275
82
308
260
269
177
31
27
143
201
232
53
19
126
124
207
184
202
116
263
6
213
223
71
93
172
24
23
176
184
199
211
263
150
204
291
9
122
186
4
134
134
135
178
223
8
41
158
139
124
256
142
10
252
238
43
125
210
164
262
51
89
160
5
144
68
105
96
144
47
3
11
185
56
185
133
129
112
78
185
114
76
191
256
63
116
411
230
252
235
188
418
162
100
155
250
117
273
206
204
365
172
367
299
297
277
50
85
220
289
306
182
97
261
180
276
195
225
131
336
86
285
348
130
206
219
48
141
290
302
299
333
283
242
215
305
83
204
259
28
173
162
234
215
279
61
91
234
244
175
357
172
101
307
346
94
196
281
259
328
134
119
187
96
155
168
150
193
252
71
134
42
298
167
209
199
251
244
125
307
235

24
100
9
6
15
17
10
11
8
12
9
13
13
6
12
16
18
16
9
14
16
10
12
9
12
10
13
15
7
11
8
17
19
11
17
6
20
16
17
9
6
11
8
19
13
12
5
14
19
9
9
17
10
18
13
5
15
16
14
18
15
15
19
7
8
11
18
6
13
11
7
18
8
15
9
9
9
8
14
10
8
16
15
15
9
14
6
10
13
19
15
9
15
19
20
9
5
20
17
13
9
6
0
135
13
299
196
228
82
71
15
290
64
39
22
24
73
194
28
166
303
293
206
176
136
111
214
274
246
266
307
5
302
197
187
174
153
210
171
14
177
144
110
133
45
53
37
24
213
73
123
56
149
226
221
130
88
147
283
297
300
57
68
141
60
221
67
53
158
214
177
303
42
146
240
96
225
258
197
207
103
110
277
15
290
236
205
201
237
100
306
103
220
158
120
64
22
8
152
212
14
126
103
217
30
353
254
310
114
163
60
317
156
144
82
158
107
328
39
299
323
392
305
294
219
168
241
371
335
356
370
63
407
239
214
216
226
293
273
26
238
176
199
269
90
180
54
102
294
113
158
115
206
247
265
173
200
211
410
378
338
94
149
160
159
315
137
137
264
265
254
348
55
283
274
227
354
341
290
232
127
203
363
37
331
265
238
217
280
133
351
200
237
273
199
167
37
50
236
292
89
167

25
100
10
13
8
16
10
10
16
9
6
19
17
6
10
15
10
11
14
10
12
8
11
13
15
7
14
18
10
9
7
8
12
14
15
5
16
6
9
11
15
17
16
18
18
15
14
19
9
18
18
8
15
10
15
11
17
11
13
17
15
13
18
7
10
5
16
14
8
14
10
17
19
15
14
16
11
11
13
6
6
20
17
12
15
9
8
8
10
10
9
15
5
13
6
20
9
16
20
6
17
8
0
151
148
24
290
252
301
35
138
287
118
231
214
179
203
301
181
297
12
53
79
101
91
280
257
103
261
84
161
122
250
98
138
256
216
187
33
22
278
128
278
231
177
190
184
273
55
240
51
3
69
156
276
155
138
172
45
267
10
235
224
87
27
88
68
74
294
80
73
129
180
97
288
226
183
10
231
226
49
272
239
56
132
197
186
24
174
252
40
280
40
56
51
120
291
258
95
170
8
285
124
204
264
101
390
330
400
111
237
376
200
331
253
224
284
315
225
396
133
85
150
186
107
306
296
227
294
187
235
189
384
190
190
343
284
230
106
130
333
252
386
279
317
273
248
402
172
295
94
74
139
273
410
281
257
241
151
313
78
315
341
177
60
167
86
175
381
185
152
260
243
217
350
243
198
25
265
318
157
320
307
182
154
287
234
142
187
270
78
355
49
104
180
221
333
294
148
194
114
348

26
100
7
10
18
13
18
13
19
15
12
7
8
16
10
18
9
6
11
10
10
6
14
20
8
16
6
18
7
18
17
6
15
16
13
11
7
6
19
18
16
13
8
15
6
19
19
14
13
8
19
19
16
15
11
12
17
11
19
16
20
9
17
19
8
14
8
8
18
16
18
12
9
11
11
13
15
6
16
17
19
18
19
11
12
9
14
7
14
9
15
11
9
10
6
16
18
15
11
18
20
7
0
134
91
43
207
24
327
252
158
249
211
140
171
50
88
49
172
237
184
18
35
68
19
259
323
312
232
10
44
193
166
212
282
292
172
243
121
79
42
55
260
209
198
235
90
198
16
204
28
307
242
170
112
225
272
182
111
93
190
250
8
73
317
125
225
57
302
87
100
324
318
23
227
149
198
100
290
73
30
326
278
270
21
9
4
56
218
293
227
143
157
315
295
250
33
306
191
211
184
216
114
200
168
178
232
149
473
328
271
256
307
244
291
138
140
111
290
349
252
77
114
129
148
313
330
424
321
74
147
226
305
314
420
393
233
314
258
98
114
102
271
349
204
300
143
311
128
257
65
414
383
312
171
284
402
218
164
190
237
385
50
134
325
241
286
189
398
206
172
418
342
102
284
180
233
236
364
181
173
369
427
285
151
116
25
134
315
421
270
159
214
375
379
392
54
364
269
281
288
237

27
100
19
19
14
18
8
15
7
18
19
7
19
7
6
6
18
8
12
10
20
12
6
14
14
12
12
15
16
11
9
9
7
6
19
16
17
16
13
13
18
12
9
9
7
8
15
6
11
5
15
18
6
14
16
18
8
12
13
11
10
17
11
18
12
12
7
9
6
9
6
6
7
14
11
19
10
7
17
9
18
9
19
14
11
19
16
13
12
16
15
17
8
9
7
11
6
13
9
11
7
11
0
60
92
192
119
82
148
262
117
31
282
189
51
190
190
299
242
65
107
178
29
279
276
131
43
164
84
65
187
92
135
83
295
281
155
17
65
290
242
95
109
271
149
264
101
81
193
65
107
15
293
190
151
163
132
93
202
54
245
17
149
119
110
296
133
281
277
271
215
234
79
223
37
41
86
230
183
171
229
253
150
221
51
173
80
257
152
177
249
108
120
207
39
241
165
77
38
158
239
182
118
97
202
282
193
148
240
319
149
83
382
201
169
246
296
344
370
121
225
242
81
295
345
155
151
294
214
133
210
184
194
150
406
381
278
125
116
309
284
167
150
365
230
322
132
196
261
147
178
130
371
254
274
274
193
129
221
118
261
87
195
145
144
413
145
308
342
339
322
352
114
255
140
147
136
353
245
262
278
294
277
350
136
252
178
374
264
287
351
126
234
259
81
367
219
192
99
220
266
249

28
100
10
15
10
6
14
16
7
6
15
18
19
17
15
17
7
6
18
8
7
14
19
13
20
17
13
10
12
13
20
14
19
17
18
12
19
17
20
9
16
14
19
8
12
16
13
13
5
19
10
11
19
8
6
7
12
18
10
16
18
17
6
18
12
18
8
9
15
6
12
19
14
15
14
8
16
13
12
11
14
9
17
14
16
7
18
20
18
18
13
12
20
14
9
14
16
16
17
13
7
9
0
317
165
180
338
77
296
261
171
220
292
255
204
220
253
62
277
66
152
120
228
1
155
116
245
189
133
185
195
48
204
317
254
142
309
328
189
300
7
183
296
240
187
305
13
57
123
312
214
119
19
216
178
95
97
157
279
20
296
332
49
98
89
244
295
108
104
285
269
187
9
31
269
154
77
334
321
123
215
207
270
287
165
306
16
238
58
304
172
88
308
264
183
57
16
62
272
101
313
211
84
461
303
252
393
226
412
334
206
242
367
401
281
302
339
187
333
127
160
164
283
137
243
158
297
261
164
202
302
103
248
375
281
235
398
458
258
404
75
255
432
351
228
413
117
117
174
445
317
164
83
233
255
108
218
306
332
124
364
351
110
192
191
320
304
223
132
327
393
242
49
91
382
285
119
422
387
244
352
296
302
432
230
321
112
389
96
382
315
233
359
402
192
149
45
86
346
192
418
346

29
100
12
15
14
9
17
14
7
11
13
13
14
12
17
5
19
18
15
9
20
12
19
13
18
13
9
7
10
17
17
18
6
6
19
6
8
18
12
17
14
19
17
11
18
9
12
14
14
9
18
18
19
10
12
5
6
16
18
10
12
16
19
8
13
17
18
5
15
8
14
8
15
8
18
15
10
12
8
17
12
19
9
18
17
5
20
7
10
11
13
12
15
14
8
6
5
12
15
10
18
5
0
139
99
31
285
124
254
254
295
118
111
140
193
254
220
177
299
164
56
247
110
236
70
93
155
81
222
70
105
251
20
271
150
217
110
118
12
262
182
46
41
307
291
301
48
85
31
72
8
132
120
35
190
299
154
269
57
49
318
151
228
157
188
234
89
117
122
183
182
179
15
158
19
74
263
39
125
143
25
30
257
144
206
258
28
155
143
317
294
133
240
233
307
320
171
281
228
315
80
149
71
271
184
50
331
252
291
366
330
258
241
225
245
361
329
315
419
255
152
330
190
369
152
183
221
140
337
185
193
320
98
336
262
236
210
176
113
284
209
114
110
378
328
338
61
104
52
113
131
223
227
112
224
308
235
334
151
155
415
172
265
281
293
331
160
152
192
286
199
212
45
168
39
132
356
149
145
181
164
66
285
206
319
266
158
215
165
329
414
265
324
312
355
350
289
381
320
367
210
164

30
100
10
9
17
12
19
20
13
6
7
14
14
15
19
19
7
10
18
8
19
6
15
17
8
7
12
10
5
5
11
10
13
8
9
14
11
7
8
15
8
8
10
6
15
13
8
9
11
19
8
19
16
17
13
6
16
20
13
18
18
15
19
6
6
7
5
19
19
7
17
14
10
10
9
17
18
6
8
5
12
12
8
13
20
7
6
11
11
10
18
16
19
10
10
9
14
6
9
10
10
7
0
241
268
267
222
71
147
165
106
18
3
126
167
269
103
256
173
222
93
259
202
167
52
164
106
266
182
103
84
58
118
55
156
85
153
49
12
284
25
0
14
8
231
239
71
229
33
129
123
66
84
2
159
22
282
226
218
232
187
284
102
196
24
257
123
104
111
192
246
209
6
40
140
100
251
89
159
251
292
139
142
31
197
290
193
132
56
133
43
82
235
83
260
273
215
172
141
46
85
48
120
283
300
363
315
122
234
279
194
114
79
204
223
294
195
295
300
259
161
294
322
262
114
224
199
372
198
142
102
171
245
157
203
102
242
88
38
314
85
119
34
62
329
252
90
329
118
211
178
155
170
88
286
61
406
354
318
332
247
385
143
286
36
374
142
219
159
214
305
255
77
162
180
190
373
212
246
372
359
254
183
56
223
376
315
199
106
186
78
152
264
144
332
389
237
205
223
60
207
99

