1
10
19
13
14
5
12
13
10
14
17
17
0
25
20
22
11
9
30
8
11
33
20
44
47
31
30
32
52
25
36
56

2
10
9
16
6
5
5
20
15
16
19
17
0
27
17
22
5
19
7
10
23
10
13
47
25
28
20
47
30
36
42
30

3
10
11
7
9
5
13
9
16
5
18
9
0
23
10
5
2
6
7
12
23
20
12
35
28
12
24
24
27
23
46
32

4
10
8
19
17
16
7
9
7
7
18
11
0
2
2
19
16
16
11
9
12
11
13
24
22
39
32
27
27
19
31
32

5
10
15
9
16
17
6
14
5
18
19
14
0
17
2
23
15
33
26
7
1
8
27
38
26
49
29
55
40
32
21
28

6
10
14
16
11
9
17
9
11
12
16
11
0
22
18
28
26
16
20
6
24
19
17
50
39
48
43
28
34
27
46
30

7
10
20
7
20
18
6
19
18
8
16
8
0
26
34
35
32
10
20
15
18
24
22
34
55
53
47
36
50
31
42
45

8
10
11
14
16
13
9
13
18
8
13
14
0
2
28
32
23
26
11
31
9
20
21
27
54
56
37
42
38
49
29
44

9
10
13
12
8
14
11
10
17
7
15
19
0
29
7
21
3
21
3
23
18
23
15
47
17
42
25
33
31
40
34
47

10
10
8
14
9
12
14
8
8
12
16
12
0
21
11
14
18
1
5
10
8
11
13
39
21
26
42
17
19
26
29
25

11
10
6
17
8
7
10
11
9
13
14
8
0
5
24
12
19
3
15
9
2
3
7
32
34
20
30
14
25
25
17
18

12
10
18
20
19
12
11
19
19
14
18
9
0
19
34
21
30
17
30
12
24
0
31
46
58
34
45
43
51
33
56
21

13
10
13
11
7
7
6
15
5
6
13
11
0
10
18
6
12
2
7
9
21
13
13
22
29
16
21
22
12
21
40
28

14
10
18
11
14
7
16
7
15
14
6
13
0
28
20
18
1
26
9
15
30
16
20
42
37
28
19
35
25
39
44
31

15
10
20
15
13
13
8
7
15
19
6
12
0
31
9
9
6
1
24
23
11
30
20
58
25
24
25
11
47
54
25
49

16
10
10
7
5
7
5
20
13
14
6
13
0
18
14
24
22
13
7
3
3
13
10
25
20
36
27
39
22
18
12
31

17
10
17
14
9
20
12
7
8
17
5
14
0
9
28
5
12
10
9
15
18
7
28
28
45
32
26
20
19
44
33
23

18
10
19
9
15
12
18
5
5
7
15
11
0
14
4
8
27
11
23
9
8
28
22
24
23
31
49
22
30
23
24
50

19
10
6
20
17
11
20
10
10
20
13
17
0
13
29
3
9
14
35
23
7
23
9
39
47
17
37
35
52
46
25
51

20
10
17
17
14
10
10
14
17
14
13
18
0
10
6
24
17
7
29
24
3
30
21
27
30
37
28
26
55
40
17
61

