1
150
19
12
7
9
18
15
7
14
10
8
14
9
9
19
15
7
19
8
19
13
14
7
10
20
13
16
11
18
6
8
13
19
13
19
19
15
18
11
16
20
11
11
10
20
7
13
18
16
14
17
17
19
19
9
17
10
17
17
7
7
16
9
14
20
14
19
5
11
17
8
16
11
20
5
15
12
16
17
12
17
14
16
9
19
20
7
19
17
9
14
19
17
17
8
7
9
12
19
12
11
6
5
13
19
9
18
10
16
12
17
14
7
6
13
20
15
10
9
5
17
11
15
16
14
10
18
17
13
9
12
13
5
13
14
7
14
10
20
11
7
7
9
7
11
8
6
16
18
7
15
0
477
14
383
322
218
413
431
4
290
214
74
309
342
159
197
238
130
212
60
407
393
387
481
422
304
174
4
156
278
417
336
130
165
11
402
338
149
112
182
34
224
378
55
268
224
425
166
452
162
321
219
31
422
89
310
440
90
354
250
344
303
197
460
366
148
222
399
24
292
40
63
150
420
150
30
368
277
341
201
4
170
196
51
309
463
192
59
261
317
153
270
422
95
412
65
284
356
488
483
158
390
117
436
369
462
414
402
18
446
198
38
287
488
421
372
376
297
14
432
336
241
465
441
355
370
17
456
2
62
178
226
190
260
35
395
111
253
114
59
229
261
57
105
146
306
125
487
484
268
62
640
34
557
436
280
518
626
86
378
237
214
374
413
252
317
350
220
294
79
487
515
474
624
531
339
295
66
327
344
447
478
267
192
61
513
517
191
261
295
196
246
489
111
382
304
599
356
640
315
420
357
63
580
195
428
598
188
473
347
538
322
240
651
472
235
273
582
212
328
63
141
305
572
165
71
568
399
410
325
70
380
337
74
399
489
321
236
371
380
233
411
591
212
521
162
384
525
568
515
278
512
252
574
401
634
595
557
89
580
387
204
314
517
448
522
419
489
196
466
375
276
587
595
519
392
201
605
176
223
254
413
386
436
194
511
233
443
181
195
333
305
235
134
238
340
184
644
590
389

2
150
19
8
11
18
17
10
10
13
6
6
11
8
17
16
19
6
7
12
6
7
8
12
11
18
17
19
17
16
16
17
11
6
12
6
13
18
11
16
17
7
10
9
13
11
7
15
15
10
13
6
9
20
9
8
20
6
13
7
9
19
18
11
18
14
13
19
11
17
13
19
15
17
8
6
5
6
12
11
7
17
8
19
8
12
20
14
8
8
7
12
13
20
15
13
6
7
11
5
12
17
19
12
10
8
11
11
9
8
18
9
13
9
14
5
13
17
15
8
20
14
6
20
15
17
19
18
7
12
15
17
14
11
11
13
11
8
19
11
7
11
19
11
19
15
12
9
12
18
11
20
0
181
152
5
432
178
263
203
400
47
242
144
378
80
262
124
54
183
202
92
139
73
272
152
196
232
321
378
450
299
284
460
325
223
268
431
286
413
411
218
216
121
413
185
417
100
260
400
353
381
187
356
264
125
1
119
332
221
462
439
174
163
326
16
348
152
147
26
255
429
360
117
176
371
91
188
438
101
77
71
310
141
270
247
358
459
191
384
127
33
59
207
4
158
23
448
79
21
212
437
181
356
310
354
437
446
449
26
7
97
251
439
333
224
150
312
298
160
436
417
357
258
263
86
244
425
10
440
311
366
376
178
443
102
183
346
60
10
279
168
165
352
110
372
203
6
419
294
33
428
39
209
257
63
573
246
407
382
475
230
364
286
411
186
318
246
96
332
320
154
225
198
346
347
254
265
340
504
555
344
316
617
501
397
369
520
428
477
533
345
277
265
607
206
596
229
326
568
498
397
319
400
396
201
116
203
507
399
526
632
218
219
525
152
472
258
214
119
429
584
407
144
240
525
183
201
608
191
167
143
503
309
327
425
462
563
304
451
312
88
216
378
182
208
30
570
90
174
274
583
243
502
474
466
528
544
533
208
80
267
294
613
441
387
167
512
468
186
523
495
486
412
390
288
368
556
155
525
376
506
451
308
603
208
372
372
88
176
429
188
299
389
132
404
234
175
471
468
183
564

3
150
19
16
14
18
14
10
5
10
18
8
19
14
6
16
12
14
7
7
19
16
8
16
6
16
16
19
6
9
16
19
6
16
11
8
16
19
8
14
19
12
7
18
6
20
16
11
5
19
7
17
10
19
20
9
17
12
10
18
6
10
9
16
12
12
6
5
12
19
14
16
18
12
14
13
19
18
10
7
8
13
18
12
17
15
6
8
17
11
16
20
8
19
19
17
16
20
12
5
14
16
13
15
12
6
12
8
10
8
9
14
14
17
10
10
11
10
7
17
8
18
8
18
18
6
15
16
11
18
9
14
11
19
11
9
5
8
18
6
12
14
18
9
17
12
16
20
13
18
10
14
0
352
219
74
318
49
44
35
3
414
482
74
265
220
430
162
293
447
90
205
48
10
271
17
383
54
237
271
273
461
476
298
55
113
48
48
478
58
225
147
162
280
189
73
159
383
380
41
296
191
245
313
340
436
152
122
380
473
31
109
354
471
150
290
397
190
478
354
18
313
141
116
169
403
223
166
421
408
275
24
166
280
7
162
396
263
426
353
449
292
356
216
338
99
82
241
137
386
283
432
254
385
233
197
354
391
422
479
307
219
469
140
422
251
400
197
447
371
25
154
443
68
149
28
96
335
329
95
42
460
310
284
333
42
350
475
95
295
273
244
304
420
241
253
142
82
156
460
11
384
99
469
326
217
499
70
146
216
164
468
665
136
306
424
500
262
394
608
204
268
204
115
350
176
485
95
386
355
323
517
610
363
130
219
140
82
636
187
322
282
175
459
235
97
277
464
515
99
308
274
333
453
551
559
354
158
563
512
108
303
430
591
339
337
586
212
575
432
165
518
205
168
188
577
405
276
482
459
407
57
258
441
166
289
403
422
627
459
598
346
437
335
369
217
171
265
184
535
384
467
369
529
412
256
553
544
522
630
369
272
593
212
502
430
474
366
629
400
128
310
541
216
358
164
273
518
376
233
196
591
375
330
442
105
485
659
283
447
443
421
458
440
328
323
269
126
179
671
26
522

4
150
8
6
15
14
12
19
12
11
5
9
7
12
17
5
7
14
14
14
13
15
15
16
20
16
12
7
11
14
17
15
5
18
10
8
11
14
6
14
6
8
6
13
14
16
20
8
7
13
6
8
14
5
17
9
18
10
17
6
19
7
13
8
16
9
14
9
17
19
7
6
18
11
5
13
8
14
16
7
14
8
6
5
11
18
6
7
10
7
18
19
8
7
8
5
12
12
8
16
12
15
5
12
15
10
8
17
16
15
5
7
18
18
7
17
6
6
10
5
14
13
16
19
19
15
18
10
15
10
19
13
6
11
6
19
10
12
10
7
19
13
18
10
13
18
10
14
14
5
13
13
0
152
12
422
278
245
217
181
172
437
361
77
400
383
155
338
226
17
203
344
359
11
41
161
390
235
361
96
404
286
397
219
41
147
183
252
431
174
432
3
78
257
30
303
270
429
223
213
43
124
58
175
259
128
79
237
366
0
172
395
314
319
186
112
41
313
242
98
172
226
87
318
309
322
163
387
339
121
195
316
230
366
186
245
233
291
63
225
38
183
207
6
130
47
10
344
359
387
203
26
296
333
377
296
371
15
75
290
396
195
181
430
229
321
196
77
61
383
10
183
218
228
36
331
173
379
342
40
193
231
152
336
12
331
140
6
171
167
33
203
413
407
140
349
323
134
204
309
146
194
98
233
167
494
362
405
254
335
249
488
378
198
512
483
174
512
347
195
222
521
523
72
100
344
529
371
496
139
580
320
476
355
220
286
305
293
576
260
454
116
140
325
165
391
388
462
375
299
120
245
141
200
345
235
186
339
530
77
349
438
388
488
225
234
120
427
358
220
305
292
138
435
411
410
209
476
364
276
334
368
242
439
366
383
379
365
238
311
151
277
331
118
231
77
126
394
439
446
224
125
448
502
530
310
520
159
173
391
548
280
299
477
324
418
228
193
120
441
37
247
298
330
101
484
251
457
416
57
282
419
240
520
188
507
263
162
257
239
79
335
586
467
263
489
410
174
269
355
200
279

5
150
18
11
12
8
18
13
18
16
10
13
10
7
6
13
6
16
19
16
12
14
19
11
10
9
13
7
7
17
14
6
8
10
16
19
16
11
14
17
8
17
18
19
16
6
6
18
9
8
9
9
13
14
9
9
11
15
10
14
14
17
8
5
18
8
11
17
15
17
11
18
18
17
16
7
6
8
13
18
17
18
13
17
5
16
15
8
15
14
13
5
11
13
8
8
6
17
7
15
11
7
7
12
9
11
6
6
7
18
11
19
7
13
8
11
18
8
11
12
14
11
19
19
18
12
12
20
18
8
11
6
16
9
15
9
6
18
13
6
14
14
15
14
18
18
5
18
16
11
17
13
0
447
32
369
426
400
31
401
47
187
130
114
107
49
32
290
232
88
402
453
317
332
397
53
288
330
328
95
412
402
324
443
113
334
83
392
42
461
365
77
246
460
121
49
91
327
175
317
272
258
355
387
415
170
54
189
84
273
324
173
429
129
208
450
273
423
355
66
231
231
79
17
239
51
452
358
371
129
55
154
98
147
169
411
291
64
445
87
310
256
417
244
79
259
47
371
435
351
189
84
426
130
368
21
280
188
349
210
295
123
109
465
171
361
8
148
259
119
438
457
348
378
425
36
293
450
52
147
421
294
107
398
424
415
107
311
283
308
223
359
43
354
327
2
148
182
285
344
66
280
144
497
116
514
610
573
61
495
238
257
215
134
278
147
193
406
272
157
532
621
441
484
470
157
398
447
447
255
530
435
447
584
279
395
254
563
150
496
383
187
301
565
253
198
199
476
334
341
299
302
379
403
600
336
127
375
231
454
349
317
587
311
227
601
284
488
481
242
421
329
268
116
320
126
463
471
559
279
211
184
272
271
277
514
323
235
607
109
399
441
575
266
242
447
73
507
620
451
291
195
617
310
523
55
287
292
425
315
360
326
179
598
202
473
36
270
271
147
494
582
486
538
478
227
425
549
163
308
507
465
235
589
599
603
217
348
442
379
363
490
130
454
356
142
272
219
449
359
123
319

6
150
19
20
13
7
19
15
17
19
13
12
7
12
9
9
11
12
19
14
10
7
9
11
13
12
7
14
8
8
9
11
17
6
20
8
10
18
19
12
10
14
11
11
18
7
8
15
18
15
10
11
10
7
16
7
13
16
15
14
13
13
9
16
10
11
9
19
7
14
12
6
18
16
19
7
13
15
9
16
7
9
5
6
12
12
19
14
18
12
11
13
14
5
19
18
19
20
10
13
8
18
6
6
13
9
19
17
18
15
16
6
15
9
6
17
12
6
5
13
9
7
20
16
8
7
12
8
10
5
15
6
17
9
12
10
5
12
18
6
18
16
20
11
10
9
8
11
7
5
12
18
0
129
328
342
192
106
225
286
451
268
133
226
15
94
77
366
405
231
4
448
235
174
186
420
317
283
8
38
143
127
45
428
299
384
274
404
149
303
237
125
342
240
383
331
392
335
370
181
426
323
405
147
83
181
29
241
13
217
410
22
329
326
23
220
96
201
246
149
402
205
260
280
72
166
77
69
222
336
194
410
359
408
281
332
381
404
4
72
296
197
269
116
186
144
246
166
419
46
325
361
80
267
411
55
14
404
84
141
244
270
54
107
424
391
31
372
405
393
207
192
437
245
89
289
376
441
59
64
158
174
320
358
430
45
309
252
160
185
89
240
130
326
414
274
5
418
241
446
186
167
112
188
434
416
252
285
256
415
516
399
178
305
114
211
194
387
600
417
60
595
410
350
321
531
454
385
165
214
278
209
84
520
358
524
288
429
277
416
417
172
424
257
473
461
489
401
415
292
573
447
420
217
183
249
94
358
96
349
481
83
457
343
107
284
194
294
319
198
531
369
425
422
222
297
259
168
319
479
265
539
530
447
316
354
467
506
91
130
418
235
396
276
372
264
320
361
460
60
434
379
101
436
566
91
117
473
103
230
384
361
169
225
472
500
69
437
513
551
371
231
470
313
278
321
460
555
160
187
173
278
479
397
453
143
421
376
308
339
282
386
279
337
565
378
89
568
403
475
271
276

7
150
9
18
10
15
18
6
11
11
10
13
14
10
11
19
7
9
14
7
12
13
10
7
14
12
16
15
6
11
7
20
14
14
18
20
16
9
17
8
15
20
18
19
14
19
18
6
8
14
18
19
15
19
16
19
16
19
15
9
15
7
7
18
10
19
12
7
17
7
13
14
10
10
16
20
11
8
18
17
15
16
7
5
6
18
19
19
19
5
15
13
15
19
5
11
8
5
15
19
15
17
20
16
18
5
8
6
11
10
7
6
10
13
16
15
11
11
6
12
13
10
10
19
11
8
8
16
6
8
13
6
14
20
8
17
10
12
9
12
17
16
16
8
9
18
15
20
10
18
7
11
0
29
73
449
321
13
180
88
156
183
331
32
180
278
334
164
182
453
431
303
282
421
60
361
34
27
69
272
151
161
20
189
49
312
297
239
79
352
183
339
221
431
162
321
242
320
105
392
315
257
144
244
369
318
230
211
44
360
362
395
425
431
370
176
264
349
284
294
395
259
161
291
382
385
416
246
131
349
67
60
156
120
212
415
214
78
36
116
111
336
364
189
478
165
139
297
89
76
349
262
34
190
313
431
263
328
361
197
239
268
154
455
295
314
418
142
34
133
225
360
469
336
12
443
473
445
49
433
2
103
224
110
183
74
9
357
226
258
122
398
14
416
432
50
135
346
440
30
60
388
104
182
147
646
379
153
232
252
356
219
447
152
197
344
388
283
276
549
606
464
372
599
217
422
106
155
193
442
291
195
57
292
119
332
480
258
239
490
213
363
240
517
333
400
343
486
150
466
353
381
253
298
397
409
353
277
99
474
462
548
450
623
496
362
313
492
426
305
571
363
174
411
495
558
515
431
234
538
234
258
282
244
361
433
387
236
134
171
247
401
401
344
636
325
175
407
285
101
419
333
151
270
422
498
291
497
482
264
368
462
284
652
461
420
523
315
43
149
292
491
637
398
122
504
530
569
124
618
106
176
416
255
287
127
200
378
372
277
293
557
98
481
502
206
282
378
475
189
235
403

8
150
8
14
10
5
6
12
16
17
18
10
6
8
9
10
11
14
19
12
13
6
10
19
16
16
13
13
16
12
14
7
10
7
7
9
20
11
15
15
8
16
11
5
7
8
11
6
13
18
6
7
20
16
18
6
15
16
19
14
13
5
11
17
6
11
8
16
18
10
18
16
12
7
13
7
14
9
9
16
20
17
17
13
18
6
15
14
18
14
9
19
7
5
12
6
15
13
12
18
11
18
15
18
7
13
7
16
13
10
19
19
16
19
17
7
8
9
12
12
17
6
8
15
15
7
11
13
11
19
7
15
9
8
13
16
13
7
18
17
9
14
9
11
11
13
17
8
9
14
15
19
0
324
295
289
321
298
30
99
154
151
299
122
356
191
382
296
130
406
314
277
56
187
155
303
243
215
198
173
442
309
267
462
403
287
229
131
360
416
317
248
394
138
143
57
421
15
100
236
11
12
329
47
258
442
13
414
404
84
61
121
253
142
359
405
155
171
196
16
310
222
19
221
457
444
132
424
302
310
47
142
367
330
156
118
350
43
134
181
255
266
379
94
463
149
464
88
419
253
410
347
3
343
156
325
6
334
265
412
224
52
158
321
388
192
161
437
140
147
414
34
18
207
143
450
113
71
90
177
246
246
460
151
152
143
427
182
289
366
383
155
367
207
442
401
381
188
85
38
322
185
151
410
346
366
343
377
69
211
255
236
411
218
461
332
406
329
205
468
494
308
131
311
333
323
275
330
364
321
631
432
337
541
412
358
324
286
430
470
399
339
409
283
301
126
597
179
225
312
45
129
412
162
299
622
202
520
448
100
125
169
336
263
458
533
322
264
265
166
463
310
164
248
530
536
223
584
347
467
99
237
437
369
332
220
507
211
169
336
362
291
404
194
647
320
560
236
564
399
596
413
173
507
283
372
182
364
458
501
274
157
349
373
533
240
307
522
255
280
495
47
198
398
263
636
240
208
147
306
279
396
639
159
299
220
560
278
401
510
478
253
415
221
636
530
490
323
228
110
416
360

9
150
14
17
7
14
11
17
8
19
19
11
18
15
7
12
7
20
7
7
20
19
9
20
11
13
9
6
5
19
19
7
20
18
17
18
6
11
14
18
6
18
12
14
15
6
18
20
13
16
9
12
11
18
9
17
11
6
16
7
15
17
18
13
12
9
12
8
19
8
17
6
9
13
16
19
16
8
19
13
5
14
11
10
19
10
13
14
14
18
6
16
5
17
12
18
16
13
12
7
18
12
17
16
11
8
10
12
6
16
11
5
8
14
13
13
18
11
17
16
20
6
5
19
19
18
6
13
11
9
8
10
12
8
20
10
19
19
20
11
7
19
17
5
14
18
15
11
17
18
5
12
0
137
417
107
115
112
234
231
210
342
33
74
339
54
462
19
429
379
20
124
212
204
226
57
456
102
254
363
206
176
27
316
352
397
257
66
183
16
354
378
184
227
263
346
162
327
333
59
105
323
382
294
184
251
353
349
478
349
328
266
223
166
340
248
120
277
169
95
169
274
69
267
462
117
172
59
354
488
1
368
1
432
218
190
189
125
248
166
48
239
250
390
282
352
76
409
287
92
304
350
215
95
402
369
241
101
101
274
295
74
3
430
324
204
174
435
436
296
89
81
21
267
121
64
77
308
147
138
30
479
339
453
109
233
195
379
75
102
401
53
481
161
161
413
200
436
425
138
296
334
138
302
489
229
149
143
408
319
332
527
199
264
528
254
576
59
440
460
205
288
407
369
269
245
491
187
302
499
298
311
147
483
425
436
319
242
274
47
476
461
348
266
389
462
326
514
453
257
189
483
444
501
269
339
504
427
518
496
514
376
298
374
526
311
152
402
380
180
260
368
198
311
576
302
216
115
484
610
129
572
150
538
412
335
387
288
361
266
156
325
434
432
308
411
150
582
408
103
380
528
312
205
491
491
388
178
287
460
475
259
109
519
481
332
386
521
545
438
240
260
44
342
273
241
121
341
267
171
170
601
523
558
293
303
357
500
270
161
434
77
523
304
199
528
364
533
561
188
467
467

10
150
14
16
7
18
9
12
8
11
17
7
5
18
8
9
6
20
15
6
7
15
17
19
18
14
17
17
14
18
13
17
20
8
6
7
11
19
14
14
13
15
11
17
14
19
11
18
13
13
14
10
6
7
15
13
16
6
19
18
14
6
12
17
17
17
5
11
10
15
10
12
19
12
6
12
7
7
12
11
15
16
6
17
15
12
9
10
8
16
13
14
14
15
15
7
10
17
16
19
17
15
19
19
18
8
16
11
15
10
9
19
5
12
5
5
16
20
6
14
19
18
13
18
5
16
11
14
13
10
15
11
8
18
14
14
5
9
15
8
19
16
10
19
6
10
15
14
11
11
6
7
0
296
403
218
368
404
302
251
321
230
315
374
234
223
351
176
266
26
421
189
224
50
20
458
345
156
4
206
193
155
421
124
219
432
381
415
285
241
118
407
157
91
353
52
97
42
45
34
354
331
77
327
56
447
111
140
63
207
448
44
224
388
421
147
381
246
406
355
360
4
390
410
150
376
265
24
285
36
74
129
300
312
85
306
55
327
372
112
346
473
259
321
447
296
167
328
460
96
5
147
390
426
473
402
1
191
461
135
432
463
262
157
182
333
429
300
292
72
254
222
335
304
65
230
56
25
294
309
213
354
92
32
244
102
395
417
200
91
351
362
248
401
148
185
391
297
88
141
435
318
158
397
585
246
556
438
403
443
418
279
395
572
283
387
494
305
432
186
476
270
343
204
227
527
530
244
97
271
361
281
532
148
247
521
562
615
312
340
260
550
341
152
483
194
262
176
151
64
513
394
244
353
252
583
131
232
102
414
519
133
324
532
617
318
519
340
566
382
479
136
497
446
275
439
377
170
412
202
92
227
306
465
136
453
151
408
472
318
405
626
323
350
600
317
188
488
660
168
106
193
480
465
640
552
118
338
540
162
467
492
391
317
227
395
627
405
384
270
345
261
530
486
213
261
82
146
455
389
384
469
162
60
319
228
541
518
405
237
510
505
421
466
327
357
495
315
182
273
485
473

11
150
18
13
10
11
18
11
19
8
8
15
13
14
14
14
8
6
14
18
17
9
8
11
7
14
12
19
9
15
14
14
20
12
10
13
16
9
10
5
14
9
13
7
18
14
5
14
13
18
16
18
6
20
16
10
8
13
7
16
13
15
6
17
18
19
9
18
8
20
14
20
9
12
7
17
17
12
6
19
6
12
16
6
12
12
8
13
8
18
18
14
13
13
7
14
17
10
8
18
19
20
16
9
6
15
16
9
20
19
17
15
8
17
9
13
18
20
18
19
9
14
17
11
6
8
17
11
18
9
6
11
14
12
12
20
6
20
18
16
9
13
6
14
9
19
10
18
17
13
18
15
0
144
52
136
265
66
311
242
343
346
207
362
424
186
148
67
131
55
476
221
333
490
211
136
422
265
150
421
165
469
34
455
451
118
457
350
419
170
240
286
13
84
418
172
69
346
151
401
104
43
148
271
187
432
379
219
179
132
282
31
248
294
68
174
391
427
477
351
397
304
105
465
447
431
437
84
340
249
482
93
2
358
13
162
256
29
183
163
99
257
354
146
304
161
85
97
241
428
193
19
185
140
17
70
448
179
70
309
242
53
302
300
416
335
219
59
163
43
420
162
223
147
488
28
208
82
181
65
108
419
316
298
29
48
475
191
309
46
247
146
26
112
146
39
474
248
70
206
286
447
139
251
108
246
464
78
367
355
487
457
265
438
525
295
331
113
301
183
630
312
368
681
299
345
608
335
281
565
373
655
166
640
628
227
608
547
491
363
396
348
202
143
594
320
232
539
248
452
140
97
306
411
303
516
416
418
192
241
318
145
278
369
110
343
499
585
681
443
466
497
186
597
556
468
501
149
348
319
640
292
65
451
133
338
331
186
261
185
146
408
520
222
504
303
221
251
316
478
284
111
235
327
217
124
636
247
266
388
384
83
418
500
492
385
385
114
309
98
561
288
329
268
681
94
279
102
377
143
286
530
336
405
171
129
673
228
339
225
281
340
136
139
335
230
547
445
115
340
449
481

12
150
9
10
19
10
6
13
20
17
12
14
11
6
9
7
15
13
9
16
19
9
10
7
17
6
13
20
18
17
12
6
8
20
17
13
10
20
12
19
11
9
8
18
6
18
11
16
12
8
10
20
8
20
20
19
19
7
16
17
13
14
15
9
17
13
14
15
9
7
14
13
6
6
14
20
15
12
16
12
12
5
8
7
9
17
13
8
13
10
6
11
12
17
11
20
17
13
9
15
20
20
6
5
17
20
16
6
19
9
14
12
12
19
9
18
11
10
12
14
15
6
5
7
17
13
15
17
14
5
9
6
15
12
9
7
17
18
6
17
8
7
12
18
14
19
16
9
13
18
9
17
0
234
402
134
383
129
285
194
99
402
60
140
230
65
67
384
262
154
396
371
87
354
327
327
301
76
179
61
359
230
100
274
213
291
107
113
308
268
196
232
320
261
64
356
101
62
125
105
352
73
16
194
285
265
100
373
279
366
252
267
139
390
473
449
466
396
14
362
132
15
31
434
238
464
241
242
392
40
331
63
68
107
413
54
423
195
296
104
255
160
457
328
77
422
189
475
371
119
98
122
344
403
149
324
443
319
407
471
151
111
465
85
47
369
406
272
135
410
235
247
80
25
169
332
35
386
138
186
65
119
409
317
198
455
264
397
48
219
451
65
52
285
143
14
405
157
321
470
202
117
19
287
435
217
496
197
331
306
147
570
118
240
285
158
120
413
433
253
426
467
231
443
346
519
412
169
300
209
402
253
174
425
268
483
263
148
431
424
373
365
382
463
112
551
261
198
197
256
537
205
170
223
346
451
167
562
319
568
308
461
216
428
587
479
571
460
144
401
256
173
77
580
328
601
266
403
416
189
424
114
102
195
435
243
571
207
396
284
319
278
636
432
147
628
352
513
395
293
119
327
513
544
257
344
464
426
554
586
310
274
587
226
157
406
559
469
258
601
376
431
249
212
253
512
129
571
223
244
240
191
441
342
378
541
360
507
114
336
627
79
219
386
203
183
570
321
421
585
284
173

13
150
10
5
9
19
11
7
7
16
5
17
10
12
5
10
10
9
8
5
6
12
11
10
9
17
9
10
9
17
17
5
17
20
9
17
15
11
17
11
5
19
16
15
16
6
17
19
19
6
9
7
16
7
19
16
9
12
5
15
19
9
8
9
16
19
16
17
18
9
20
9
19
11
5
16
17
16
11
10
14
11
16
10
12
13
19
18
8
16
6
5
11
13
7
10
8
9
11
10
8
11
14
11
16
13
17
13
5
10
15
8
13
6
18
15
20
13
18
16
14
9
13
11
7
19
18
15
10
15
10
11
19
16
19
19
13
11
10
13
14
17
10
13
18
15
12
6
16
8
7
11
0
27
138
450
215
429
374
274
368
207
196
29
388
322
141
142
66
268
236
140
369
118
406
36
283
52
110
311
156
377
177
418
216
219
296
104
391
232
240
190
320
41
150
179
116
442
46
452
311
131
401
392
138
229
234
199
18
357
123
48
434
443
98
192
291
369
274
288
388
52
225
162
255
407
319
285
20
354
77
16
191
89
29
215
345
187
283
405
295
268
403
343
71
257
335
331
431
74
1
406
253
324
71
153
397
283
171
206
181
396
269
236
252
10
102
34
291
348
68
364
245
192
307
452
26
309
2
362
322
399
116
50
399
394
462
83
172
113
348
451
115
279
208
151
245
297
453
464
105
443
29
114
168
526
373
548
472
475
406
316
303
104
438
489
233
302
169
391
268
317
518
258
480
61
460
122
138
341
265
562
305
455
319
244
328
199
585
400
260
379
410
176
220
223
210
466
204
550
367
200
510
549
306
345
284
374
46
417
198
149
535
476
222
377
383
511
370
334
472
118
289
255
419
597
368
341
168
548
91
111
350
253
50
309
531
356
321
506
358
409
491
404
117
270
491
480
607
146
75
425
399
336
117
214
555
474
289
269
329
493
322
411
395
131
249
112
411
407
128
518
384
269
321
628
119
432
132
510
343
583
213
186
480
482
627
222
248
168
422
560
196
412
260
303
366
474
576
524
258
628

14
150
10
13
13
13
6
19
11
8
10
12
6
9
12
17
5
9
19
16
19
7
10
6
9
6
12
12
8
7
8
7
8
12
6
20
6
16
13
9
19
14
16
11
6
7
12
13
6
18
7
6
17
6
18
11
13
15
12
9
7
11
8
19
18
16
19
7
16
7
5
18
12
19
16
12
10
5
19
19
12
17
14
19
9
7
14
20
17
18
9
5
8
17
15
19
11
7
6
14
18
19
7
18
18
17
16
11
6
13
12
9
12
8
13
9
16
14
10
14
7
11
17
8
6
9
19
11
5
11
11
16
16
8
19
12
13
9
7
13
13
7
5
5
6
13
16
17
14
12
8
5
0
140
202
325
402
261
343
227
430
182
281
379
184
396
437
269
69
207
247
437
354
442
78
342
321
312
262
426
324
153
259
243
134
233
290
268
15
248
26
120
107
346
216
388
114
324
67
346
227
45
254
63
377
378
376
112
84
182
298
253
439
160
403
72
267
232
433
287
9
367
373
158
29
397
399
363
231
328
225
118
122
209
216
120
439
195
148
105
136
307
199
361
75
79
72
438
107
263
364
402
438
121
325
84
189
20
111
355
51
191
340
80
154
57
402
357
73
71
309
348
61
269
4
307
226
142
7
124
310
242
1
91
316
359
110
211
208
24
145
314
270
157
242
409
349
67
372
425
438
193
170
195
375
468
556
455
514
297
446
296
395
516
325
439
554
345
231
257
353
492
420
487
127
361
397
353
412
459
457
288
394
384
288
293
470
320
175
305
206
286
247
481
357
397
238
358
222
533
366
159
439
173
541
530
541
165
213
347
441
310
506
335
470
180
334
354
610
410
65
542
514
260
115
542
428
512
379
398
252
230
187
277
305
200
604
333
170
193
280
365
244
408
258
272
126
506
272
400
447
470
608
309
385
249
277
50
250
379
144
306
489
118
270
68
555
494
226
237
483
412
240
445
153
328
278
220
163
267
376
406
55
237
484
442
292
333
380
114
326
362
392
302
418
585
484
249
533
599
535
227

15
150
12
14
9
15
11
16
7
8
20
10
5
17
12
11
13
19
6
14
6
15
7
10
14
11
10
18
13
11
16
6
8
8
5
6
18
12
20
10
7
9
8
15
11
15
8
19
5
19
10
12
17
6
18
18
18
14
10
8
20
7
15
16
12
9
18
12
16
16
15
16
7
11
15
11
17
16
18
15
13
16
11
5
7
7
17
19
14
14
20
5
17
6
5
19
10
13
17
14
14
7
18
10
11
19
9
9
11
13
17
11
18
11
9
6
17
14
19
7
8
9
19
13
15
12
11
9
10
19
9
8
11
14
19
18
13
8
13
19
11
20
16
14
7
15
17
11
13
14
10
13
0
278
46
227
446
82
348
225
436
98
72
204
96
329
183
252
356
305
98
296
55
340
123
172
28
429
90
218
457
462
193
24
415
7
289
332
262
371
367
58
250
132
337
25
233
59
428
207
457
108
347
163
302
181
366
328
132
63
147
165
305
327
349
256
135
79
466
107
297
425
299
165
137
89
410
277
462
81
455
274
442
76
183
89
133
99
118
378
94
85
94
114
172
51
223
138
235
65
94
171
228
384
314
157
440
0
314
63
289
109
289
22
304
346
254
140
413
448
324
440
149
385
378
267
44
272
380
459
363
199
5
37
221
344
242
190
338
90
442
211
176
288
87
38
288
303
158
218
134
121
80
386
177
282
614
175
511
300
495
183
243
395
289
528
378
413
380
327
185
430
117
527
189
281
94
463
269
417
607
494
277
163
578
25
450
526
433
476
486
183
342
251
375
219
312
153
504
397
583
290
438
286
344
327
452
357
303
187
174
230
392
425
392
403
335
157
620
132
498
490
393
255
256
208
503
333
549
136
498
311
559
227
278
254
267
192
266
450
119
162
146
214
336
91
331
292
414
124
143
341
333
530
421
317
608
150
333
235
458
128
454
70
444
469
276
227
569
543
413
476
220
447
577
446
124
393
478
481
548
349
67
90
253
474
418
288
526
207
635
299
262
327
234
221
317
417
358
377
178
309

16
150
15
11
10
9
14
8
5
19
5
16
18
6
15
9
12
9
15
11
15
13
14
16
13
11
14
18
20
17
17
19
13
12
13
18
9
14
15
14
15
19
8
20
14
14
14
16
20
16
7
9
9
12
19
8
12
10
18
14
6
18
12
6
20
12
10
7
10
14
13
14
18
18
8
17
12
17
17
13
18
15
12
13
7
9
12
14
8
9
8
14
9
9
12
6
16
18
8
17
7
16
19
7
5
19
20
5
19
9
13
7
7
11
19
18
5
6
8
6
13
5
8
8
15
17
17
19
14
11
12
10
13
15
7
14
11
15
17
13
17
19
14
11
11
20
16
14
19
5
16
8
0
39
40
274
342
342
120
57
143
91
175
176
22
320
86
466
371
414
263
387
2
91
330
166
244
174
2
124
33
48
270
81
423
70
331
457
126
96
365
232
13
469
342
130
123
472
136
392
369
108
257
91
41
226
330
317
63
114
374
394
241
77
99
48
250
421
319
40
453
58
244
257
238
73
43
249
63
89
37
268
89
477
150
96
143
141
102
446
154
70
128
381
14
452
315
335
431
93
245
349
354
370
412
211
220
336
376
242
365
127
401
298
2
227
98
52
40
288
336
38
256
464
42
278
333
276
369
312
93
383
183
320
258
347
155
428
35
188
353
308
64
238
476
459
294
362
93
105
377
290
158
160
171
351
453
468
209
167
253
141
384
213
53
466
124
636
497
448
452
549
120
180
371
259
282
202
175
276
226
232
408
247
456
167
509
616
229
180
402
316
53
495
415
250
155
628
203
458
463
286
445
138
150
273
460
500
272
306
527
600
383
160
281
250
392
449
515
129
567
136
355
301
427
186
155
268
181
215
146
361
282
580
260
246
237
276
156
460
256
107
161
392
106
504
411
393
545
251
438
415
555
385
456
255
309
415
483
319
409
172
471
497
55
381
198
118
236
332
472
83
393
611
226
298
494
448
450
480
283
558
267
364
384
370
330
607
62
209
432
365
163
345
533
665
400
557
112
224
460
391

17
150
10
7
16
10
12
20
19
13
13
12
8
14
6
14
7
19
19
7
17
10
16
19
12
12
13
14
9
6
15
6
11
6
17
16
7
7
15
15
19
19
15
19
18
15
10
6
14
11
16
6
14
15
16
16
19
7
12
13
8
12
12
18
16
15
9
9
9
16
16
16
8
13
13
14
14
7
20
13
19
19
15
5
12
6
16
12
10
12
7
12
20
7
17
7
12
18
6
9
18
10
10
10
7
18
16
17
10
17
20
19
16
11
18
15
16
18
14
20
15
15
14
13
14
13
14
15
13
11
10
13
17
17
12
17
12
13
15
10
6
18
19
6
6
11
11
5
16
7
14
16
0
318
322
396
85
32
323
449
452
164
6
70
59
27
104
310
410
428
65
404
87
414
48
381
151
419
353
163
87
87
182
160
474
331
337
322
15
335
27
242
182
53
215
195
212
372
240
312
124
237
155
241
344
35
411
392
458
257
69
276
356
336
338
423
410
377
434
435
29
402
388
165
61
317
239
487
53
113
457
373
234
84
374
437
236
96
446
372
482
120
227
445
217
85
323
332
81
301
219
86
241
14
235
433
54
213
482
347
34
455
197
330
369
220
90
73
190
414
334
391
132
400
261
48
193
332
201
315
287
272
291
47
415
4
121
484
16
292
384
106
260
234
140
219
55
239
152
143
282
395
19
417
414
543
140
200
523
540
581
182
115
199
179
67
290
450
577
611
156
594
254
453
252
520
263
543
431
191
281
144
287
169
578
489
485
332
114
435
178
397
277
176
264
282
358
511
407
496
182
299
251
423
531
221
468
473
573
447
92
447
526
530
516
549
581
570
525
555
64
530
505
191
184
377
349
534
124
133
632
583
316
129
426
540
259
285
500
531
552
283
373
593
393
280
455
491
224
481
322
228
287
126
391
488
132
353
546
377
174
553
331
385
465
262
217
208
251
535
430
409
227
582
317
184
364
366
236
497
313
423
403
167
563
127
283
669
119
425
400
237
307
414
171
253
100
431
191
263
393
591

18
150
11
14
18
9
16
5
15
18
18
14
13
5
6
18
15
17
10
7
9
13
7
5
9
13
13
9
20
19
9
13
18
8
20
20
8
13
18
19
10
16
17
14
7
17
12
20
7
10
12
6
15
6
15
10
11
8
11
13
16
17
7
6
11
12
12
19
14
13
7
8
16
7
19
17
12
12
17
6
8
8
13
19
19
10
12
6
6
16
11
18
16
14
16
16
8
13
8
10
15
15
18
8
19
9
16
8
17
16
17
16
20
8
7
9
5
18
9
13
16
19
14
10
18
19
17
12
12
10
6
7
14
14
6
5
18
10
18
20
15
19
8
11
15
7
7
14
11
15
12
14
0
429
184
173
97
338
277
388
461
129
281
440
301
39
208
257
198
315
226
160
236
168
290
173
8
173
361
328
352
458
443
171
406
100
305
123
439
74
449
51
290
421
433
89
41
165
377
462
357
163
312
162
121
289
372
233
161
173
293
117
274
134
249
424
228
109
76
90
34
345
343
356
184
247
415
194
3
80
282
353
36
21
375
204
432
329
421
262
320
422
111
254
88
174
266
419
174
280
142
156
179
221
23
288
458
209
445
215
23
400
91
15
44
434
327
199
132
197
359
143
4
102
12
267
379
369
284
428
20
451
154
60
351
448
217
152
313
445
224
224
7
95
167
383
76
60
34
189
157
52
129
494
390
305
171
460
443
522
594
200
425
445
385
117
261
323
376
381
319
237
385
342
464
300
66
335
436
516
468
612
497
302
453
268
489
239
516
143
597
160
488
477
470
196
173
359
568
482
500
320
508
357
317
379
523
419
253
293
338
219
414
161
288
517
307
303
236
152
74
422
413
473
283
375
605
229
206
128
368
454
166
184
484
272
475
346
595
399
503
514
142
281
278
272
396
504
320
400
184
209
373
237
103
404
510
232
498
369
105
570
119
73
209
625
513
347
213
223
518
285
27
181
39
296
502
558
346
622
48
535
227
228
455
589
397
287
492
501
376
264
112
208
283
504
254
256
232
314
264
69

19
150
19
12
15
10
16
16
18
7
17
8
17
18
8
13
17
6
6
14
11
8
5
7
8
13
16
9
17
6
17
12
10
16
7
6
19
6
10
12
5
16
6
13
12
7
11
19
13
7
8
16
9
6
7
15
5
9
14
13
18
12
11
18
14
10
10
6
12
17
18
15
6
18
8
7
7
9
8
12
11
6
18
17
8
16
19
14
12
11
9
9
20
19
9
10
18
8
12
13
10
19
20
17
19
19
12
13
10
20
11
15
19
12
13
8
11
16
18
18
19
18
6
16
9
9
14
12
15
5
18
20
17
10
18
8
14
11
7
17
5
19
14
8
14
7
7
16
14
12
19
12
0
403
10
207
437
143
385
183
362
235
357
410
317
411
402
227
218
352
133
370
303
182
169
458
323
385
91
277
428
361
40
423
216
180
175
5
93
65
418
45
461
305
314
457
108
319
12
185
39
55
349
64
116
100
226
218
349
415
9
451
281
151
262
107
377
315
351
248
232
79
227
435
348
172
123
408
400
410
86
391
284
131
119
2
142
275
84
257
32
459
124
249
134
53
288
441
277
363
123
436
144
98
185
347
349
374
160
190
135
237
211
325
290
349
260
185
28
18
65
190
175
96
413
334
455
180
356
360
431
301
141
137
300
226
98
19
341
2
463
265
373
11
342
242
344
429
319
220
136
226
174
577
101
322
471
173
439
338
432
257
546
453
424
582
425
348
277
549
228
553
416
283
210
522
471
488
220
303
621
474
107
487
319
267
372
193
179
144
424
135
517
485
467
468
289
523
130
314
191
144
490
158
264
214
374
326
520
524
193
564
467
185
450
136
428
367
516
314
365
175
236
576
460
349
245
598
534
474
251
403
412
286
188
89
244
309
174
354
113
479
203
331
243
198
409
478
432
395
290
483
310
181
268
451
509
474
306
314
208
327
409
448
386
387
301
264
207
195
181
233
248
170
537
442
636
237
382
548
588
409
326
197
366
291
232
41
421
124
533
335
515
63
474
361
506
527
352
407
248
340

20
150
5
5
14
7
13
6
12
14
18
13
13
12
18
7
15
15
7
7
13
18
16
13
17
17
6
16
5
5
6
15
7
7
10
6
14
19
19
16
19
18
20
7
10
18
16
9
19
19
12
18
9
15
9
13
6
9
18
20
6
5
5
19
17
15
12
12
18
18
14
11
9
9
18
15
20
6
12
19
9
16
19
14
9
19
9
14
6
19
12
19
16
7
19
5
18
11
19
20
12
16
12
14
18
9
13
7
10
8
20
12
7
19
10
10
7
9
6
17
17
10
14
10
16
18
17
8
18
16
17
16
10
6
9
20
8
11
13
9
16
19
11
19
9
12
20
11
7
20
7
7
0
188
31
236
289
196
106
316
233
390
123
290
78
94
430
54
458
65
187
11
4
306
362
342
248
357
277
340
204
202
8
428
269
177
467
46
167
453
451
301
472
392
314
237
124
270
473
414
444
379
60
265
353
1
317
20
55
407
215
420
285
418
459
390
412
234
475
369
332
139
192
381
285
170
385
48
154
335
368
252
79
274
306
137
124
339
179
247
307
92
270
192
200
68
19
195
375
381
108
203
64
92
310
139
76
79
347
286
36
317
153
58
418
80
51
437
378
178
125
130
420
319
252
349
399
332
86
100
469
293
459
243
282
78
176
140
203
131
288
328
321
139
179
340
61
264
426
305
449
198
70
290
143
323
319
359
150
473
430
554
325
408
210
293
515
166
640
264
205
217
168
433
500
398
315
442
463
530
301
256
153
437
335
265
512
240
220
504
505
378
592
540
374
352
281
356
530
491
512
519
172
448
503
34
501
184
111
466
262
605
392
609
584
434
511
301
556
553
512
314
206
425
459
318
438
178
185
501
417
347
129
379
392
314
159
451
358
320
457
183
433
254
387
171
96
318
549
471
202
272
147
180
378
329
153
146
545
374
170
456
340
169
592
245
58
632
535
317
202
255
479
340
326
387
506
415
140
277
487
495
619
335
308
268
346
330
270
196
468
455
382
193
249
532
144
459
548
467
579
368

21
150
10
12
16
12
12
17
12
11
18
8
10
12
14
19
13
20
7
9
12
10
18
6
10
20
16
20
8
9
11
18
17
5
13
12
19
17
17
19
6
19
10
18
17
7
6
14
12
17
19
19
12
9
5
10
6
8
18
14
17
7
11
9
14
14
19
19
8
11
15
13
17
19
7
14
20
13
7
14
15
6
12
14
10
17
8
17
7
13
19
14
6
5
16
10
12
13
18
17
11
12
13
17
9
18
6
7
7
19
17
9
8
20
8
15
19
16
8
10
7
8
12
11
14
10
8
13
19
10
7
7
8
12
13
8
8
16
11
18
8
19
20
11
8
9
9
13
16
5
15
8
0
399
19
225
246
273
255
301
348
345
447
465
208
444
314
406
236
206
6
401
8
387
434
146
416
13
144
452
62
411
201
155
343
157
120
153
449
3
85
352
20
389
462
457
105
266
229
289
389
58
375
226
294
75
239
247
14
52
385
73
155
41
440
291
297
335
328
374
292
196
372
70
401
116
233
55
318
315
168
345
230
214
315
366
215
66
105
86
170
52
82
21
342
392
220
459
422
132
337
38
93
19
445
173
399
98
48
397
376
244
345
47
53
382
350
300
37
148
310
356
328
382
119
120
333
96
469
344
373
233
92
366
65
356
120
391
465
37
444
461
173
16
50
232
284
341
316
170
393
421
92
529
61
268
345
442
349
489
465
375
619
659
326
630
455
445
309
380
115
483
156
534
620
314
619
145
180
627
192
552
379
300
396
187
152
222
605
49
255
458
49
459
655
551
249
436
400
357
579
218
566
386
403
235
405
259
212
68
442
106
230
169
464
377
442
419
364
462
412
228
527
243
555
179
275
239
366
407
265
373
361
340
344
417
272
113
155
215
296
110
191
117
365
556
254
659
538
241
410
232
278
210
555
328
531
108
206
489
395
416
358
94
107
485
379
411
61
213
499
387
424
520
169
147
435
134
585
431
478
338
256
479
142
414
236
513
644
131
576
505
317
181
243
337
389
416
363
350
563
438

22
150
16
16
9
15
12
9
6
19
13
7
12
11
7
18
19
8
19
10
14
8
15
13
8
9
12
6
8
6
6
17
17
15
6
10
14
10
19
12
12
18
7
9
6
18
7
16
8
7
11
17
5
6
20
7
10
16
10
8
8
11
16
12
18
18
7
11
10
19
12
10
8
8
8
15
10
15
16
10
10
5
16
8
10
13
8
15
6
5
11
7
10
6
11
15
12
16
19
7
5
12
8
15
6
12
9
17
5
13
11
17
5
7
9
14
18
8
6
20
7
11
6
14
12
14
12
7
12
15
11
9
13
17
15
11
14
13
16
15
5
18
16
11
11
6
8
15
17
11
16
6
0
322
197
272
41
243
250
316
335
140
240
429
196
302
338
216
256
281
349
364
83
146
84
290
342
83
414
213
284
226
158
193
56
256
147
63
291
230
137
123
309
21
332
68
306
123
103
315
230
336
40
190
310
388
368
161
238
285
145
418
245
160
166
400
210
409
217
189
46
161
64
191
80
64
418
10
371
77
338
272
267
429
232
118
150
306
42
141
224
254
33
62
6
311
231
32
271
260
352
54
347
42
122
354
252
288
115
225
155
118
424
329
180
368
315
364
354
343
40
126
292
124
211
144
120
424
362
39
86
377
246
256
362
323
362
138
203
83
71
159
135
217
133
418
278
191
283
191
230
94
171
390
233
390
103
364
307
439
385
225
423
547
281
324
517
293
420
311
459
514
199
169
175
440
376
154
453
284
413
265
268
219
151
384
205
228
414
410
263
150
401
192
505
124
411
202
191
351
279
468
168
233
478
546
428
214
374
360
164
569
381
302
278
498
356
427
298
227
222
339
179
343
158
181
469
127
459
150
430
308
422
562
408
222
280
470
188
268
288
380
125
141
159
489
402
146
387
309
398
178
403
76
142
451
364
431
132
270
323
228
542
441
249
434
418
455
408
514
182
199
460
182
355
232
252
450
492
151
182
465
344
359
534
436
479
253
325
265
228
345
213
260
206
537
372
328
409
253
264
191

23
150
14
9
15
10
12
14
10
12
13
15
8
7
6
7
14
12
11
16
19
8
9
12
12
11
14
13
17
13
18
16
7
8
9
12
10
12
7
7
8
19
16
7
7
5
7
15
13
12
10
13
18
14
19
16
12
5
5
13
16
14
19
7
16
7
13
8
16
11
16
18
6
9
11
8
17
6
16
14
8
8
20
15
15
14
17
9
16
15
19
20
15
7
12
9
15
9
17
14
16
10
7
8
8
6
6
8
12
14
12
20
14
5
12
17
14
19
19
9
10
18
10
7
17
13
14
13
6
9
19
18
17
13
12
19
9
14
6
13
11
8
15
13
7
6
15
16
15
15
13
9
0
250
317
407
163
188
215
163
378
262
347
335
129
235
344
7
220
125
436
165
212
298
304
99
156
229
128
30
58
387
7
407
240
73
102
375
31
249
444
19
249
51
7
218
34
157
396
121
360
325
15
268
217
153
84
393
61
442
143
380
374
35
283
273
315
149
93
43
309
90
137
38
299
40
60
70
255
280
50
359
140
198
223
457
447
169
68
291
54
40
304
351
281
60
144
139
456
278
84
143
287
122
6
33
293
133
445
185
31
260
449
150
14
324
348
242
200
280
116
324
22
395
272
156
167
329
112
387
95
450
224
336
186
255
432
343
238
424
87
239
443
170
119
367
223
98
32
347
161
374
101
332
369
544
202
326
399
256
542
314
466
493
178
291
454
162
269
143
609
281
261
394
435
125
172
291
278
48
152
572
60
534
262
120
185
458
64
357
503
188
405
155
19
393
100
261
506
235
408
508
159
339
286
319
197
521
171
630
222
513
502
213
426
405
434
289
289
85
360
183
198
98
319
68
226
163
348
406
241
441
273
342
359
561
528
338
106
309
179
104
403
534
322
130
209
220
624
433
251
271
418
191
194
65
471
217
612
212
223
376
560
294
100
471
529
437
259
388
282
506
201
521
419
220
266
402
229
426
278
523
303
505
338
287
502
475
423
445
199
378
504
322
267
548
384
200
67
537
256
455

24
150
9
20
17
18
9
9
15
17
10
9
8
11
12
8
11
6
11
19
20
17
18
17
9
13
11
9
10
15
12
7
11
15
19
19
15
17
18
7
14
9
8
19
10
10
15
14
10
9
8
6
7
13
9
8
16
15
6
16
17
7
15
12
7
9
11
7
10
10
17
9
5
18
18
9
10
13
19
8
6
13
19
19
15
10
17
6
11
15
13
13
10
18
6
12
13
15
9
7
16
16
16
16
10
12
6
8
11
13
17
16
18
7
14
12
11
13
19
6
12
15
14
14
8
6
11
19
11
8
9
6
8
8
6
16
19
14
14
16
20
7
11
9
17
7
12
11
9
12
17
9
0
74
267
22
338
57
428
23
107
54
270
448
157
167
161
246
58
307
149
138
303
415
62
102
71
347
124
308
198
194
292
437
19
182
370
303
360
11
7
372
431
430
194
77
444
44
328
275
444
221
232
451
318
118
287
207
167
172
370
212
51
202
372
263
126
400
228
147
184
46
414
51
74
410
391
256
4
246
46
60
386
427
269
242
218
170
364
337
69
28
355
40
426
48
380
141
98
37
199
418
79
387
174
396
170
364
324
423
181
60
204
254
322
183
312
383
250
403
456
120
90
4
378
380
130
226
327
161
240
131
30
164
270
17
170
243
211
103
215
30
447
270
388
384
419
20
257
387
160
321
144
231
391
76
396
68
528
216
233
142
326
557
258
285
181
384
246
343
300
257
371
580
162
282
183
442
179
470
329
295
346
456
164
284
536
393
391
197
146
409
607
597
372
210
543
175
496
328
528
239
394
636
495
131
417
293
352
276
547
292
74
369
464
332
260
435
387
183
358
75
427
249
103
470
466
324
95
340
96
111
426
538
459
310
392
289
542
457
208
118
434
121
519
220
431
224
228
73
371
573
262
554
287
530
304
400
493
585
263
102
277
356
449
375
424
467
305
501
620
191
176
87
524
552
203
364
434
203
395
196
161
236
306
135
219
380
341
172
260
108
472
412
416
456
549
143
367
519
305
447

25
150
16
16
20
20
11
8
15
9
11
7
11
5
11
17
8
17
15
17
17
6
9
20
19
10
12
8
6
6
9
11
17
5
20
8
12
10
6
20
9
18
16
16
17
7
13
17
9
5
17
5
11
11
17
10
19
7
10
16
18
11
12
15
13
15
15
12
6
8
6
19
10
13
9
18
17
7
20
16
10
17
9
16
13
17
13
19
18
8
11
5
10
12
9
10
15
14
19
12
7
16
19
12
6
13
16
17
19
5
8
19
18
15
13
13
17
7
19
7
20
18
10
11
15
12
8
19
14
20
16
12
7
16
15
17
5
6
15
19
10
8
17
10
7
8
6
9
15
19
14
5
0
143
127
320
179
229
47
114
465
160
408
31
455
361
169
363
397
278
171
336
455
424
387
0
334
458
52
141
75
432
142
358
178
247
331
428
415
169
338
340
275
291
185
316
373
378
243
6
179
347
328
81
428
449
164
174
325
447
2
195
303
199
366
412
431
448
211
176
11
56
59
189
340
368
360
129
16
108
242
315
449
53
178
192
25
401
436
403
287
108
278
288
209
114
214
429
12
259
398
170
121
347
331
218
66
397
81
243
38
85
104
171
406
14
358
299
465
65
73
389
284
317
274
457
275
277
462
99
446
454
111
21
132
148
154
224
176
221
412
436
273
445
16
72
97
211
96
467
253
245
56
169
257
484
329
325
128
275
571
269
539
124
469
475
192
406
493
374
325
530
486
620
493
188
515
560
223
331
106
538
320
522
347
396
392
562
580
189
411
438
431
317
368
325
503
539
431
133
378
481
392
168
487
627
363
330
382
512
118
373
494
239
442
447
463
549
237
216
153
146
143
224
521
446
418
174
125
253
331
410
536
80
365
270
137
427
557
453
317
247
397
319
244
263
359
538
198
315
478
331
181
414
462
366
227
472
288
303
59
119
186
223
570
169
429
317
555
175
97
437
480
427
341
510
322
306
644
182
544
549
143
145
187
231
264
268
306
316
480
479
465
582
178
248
228
287
265
593
301
339

26
150
12
15
19
17
14
12
15
16
8
6
13
18
8
10
14
6
17
16
9
11
6
12
14
6
9
13
6
18
16
12
10
17
7
19
13
20
11
16
6
11
7
11
14
17
7
14
11
18
10
14
6
12
19
10
14
17
10
11
15
17
20
19
11
10
17
11
19
20
7
14
6
13
13
6
12
17
11
10
12
6
12
8
18
8
10
15
14
9
5
17
14
18
11
5
16
20
9
14
17
7
9
9
8
11
12
20
13
19
6
9
18
19
16
9
8
14
14
6
9
18
13
9
12
9
13
8
19
10
16
7
8
7
17
14
8
12
11
10
16
14
7
19
15
14
19
12
18
7
15
15
0
70
385
189
216
268
373
343
367
229
459
301
418
456
32
366
63
301
361
406
155
277
288
180
155
411
52
100
342
220
260
171
152
24
114
210
131
273
178
36
283
25
221
375
424
143
223
374
3
161
232
430
189
18
136
120
75
295
184
443
90
439
53
123
259
316
99
350
322
369
233
228
104
101
91
100
147
460
131
167
33
8
296
347
58
298
117
30
378
22
151
377
29
391
203
341
241
366
320
310
392
460
1
304
395
290
216
90
201
143
380
331
385
207
44
397
101
210
259
414
142
137
313
347
342
108
258
426
13
77
247
395
15
233
75
11
151
440
230
155
339
53
380
414
189
200
329
11
266
33
136
190
466
309
248
464
528
496
544
370
578
440
523
507
184
408
198
478
402
583
237
383
457
331
243
555
174
270
392
295
311
305
245
183
171
241
179
300
337
134
355
202
284
410
494
157
342
478
107
209
344
479
253
189
247
173
121
449
373
549
142
485
134
278
315
486
120
381
412
524
390
261
141
271
272
190
264
597
202
215
90
165
376
476
243
472
270
187
399
122
249
455
78
410
289
493
363
392
397
475
444
497
145
474
578
492
404
193
338
157
566
526
541
271
229
418
177
249
379
533
242
314
503
407
492
124
416
462
165
155
342
539
193
360
224
101
305
490
331
211
372
90
471
539
265
221
450
55
314
208

27
150
10
19
6
6
18
10
6
9
7
10
6
13
11
6
13
16
8
6
7
12
8
16
8
8
6
15
14
8
19
20
7
7
10
20
7
15
9
11
14
7
11
6
13
7
17
9
10
13
14
14
20
9
15
18
6
6
10
10
17
16
14
10
16
15
8
9
8
9
19
14
10
13
12
14
12
11
18
15
10
7
14
10
12
6
17
18
18
11
16
20
10
9
13
7
13
7
15
18
10
6
8
5
11
11
12
18
13
13
14
16
11
5
19
7
11
6
11
14
14
13
19
18
7
10
14
10
17
17
13
10
17
7
7
15
16
6
17
8
19
10
14
5
11
20
13
10
17
7
17
10
0
129
392
374
252
267
123
107
417
389
17
402
413
192
151
211
292
149
84
352
233
31
254
25
409
18
35
280
391
95
34
42
49
300
78
224
125
173
36
203
436
416
225
422
120
221
147
257
90
399
269
44
112
428
273
401
17
434
270
184
106
235
177
422
64
235
198
37
312
293
269
6
224
33
84
7
257
258
222
206
206
64
219
210
163
415
318
311
409
335
85
143
165
32
177
319
277
223
443
407
32
424
210
131
261
129
148
267
267
311
16
357
292
298
129
368
164
324
393
296
77
365
318
416
350
250
68
180
347
66
183
223
68
100
36
155
156
218
208
162
271
126
406
417
14
439
323
107
129
222
173
267
472
476
333
453
223
139
518
518
179
579
523
284
207
373
409
310
257
450
314
68
335
61
572
184
202
378
553
281
164
192
127
364
143
272
233
252
79
265
476
570
275
466
241
350
187
361
111
455
381
53
171
596
340
508
113
479
369
299
266
299
313
545
186
347
309
209
342
335
420
28
324
203
114
65
438
281
286
296
238
152
287
333
244
550
385
350
430
404
125
215
239
196
344
377
439
332
615
558
197
521
232
264
400
222
322
329
329
451
120
407
369
333
239
549
246
489
514
482
205
392
389
433
402
326
159
306
512
172
213
385
131
263
74
336
319
361
230
231
398
294
464
589
31
577
432
190
199
384

28
150
9
12
7
7
12
15
14
14
5
17
11
17
18
20
19
14
15
7
14
18
18
11
9
7
12
15
9
7
13
10
9
9
16
13
8
17
18
7
18
15
18
10
5
7
6
19
14
13
19
14
13
9
18
12
16
19
15
12
19
19
18
19
18
18
19
11
10
19
5
10
15
14
17
10
18
5
13
11
12
12
16
12
5
9
13
8
19
6
17
12
16
13
18
11
17
13
12
17
15
8
12
5
7
17
20
8
6
13
8
6
19
10
9
6
7
16
11
11
18
12
11
9
5
18
6
17
7
10
11
16
8
17
16
18
10
17
10
15
12
13
19
10
15
9
11
7
17
10
19
15
0
474
44
329
410
4
248
373
26
123
217
124
355
406
289
196
183
466
57
45
453
259
155
327
364
355
307
210
474
344
98
360
263
471
118
74
332
353
352
234
50
368
161
92
343
28
95
11
55
370
297
103
342
374
50
200
281
174
413
160
62
133
124
232
208
384
129
465
282
463
217
330
337
276
234
404
457
101
376
105
202
411
113
41
469
157
284
72
33
44
265
228
278
355
15
358
322
329
330
390
368
122
120
430
259
415
286
190
79
207
109
314
284
293
32
306
82
62
93
437
166
359
230
387
364
64
340
103
245
78
90
424
417
449
171
321
101
52
244
270
218
302
23
7
394
333
181
168
64
437
194
634
140
422
530
173
354
435
60
251
246
146
487
602
487
237
325
585
111
73
515
382
230
429
456
372
357
227
598
395
128
406
399
644
200
202
521
453
555
378
232
490
259
170
525
84
190
169
211
434
492
250
535
432
213
317
332
262
580
354
127
300
286
300
334
438
323
639
421
546
394
492
544
475
373
517
529
206
422
210
354
489
260
134
650
325
313
253
209
238
361
391
317
382
55
408
483
366
529
417
452
236
157
578
350
534
372
250
98
242
217
472
391
396
193
474
206
112
291
593
273
459
420
492
381
223
478
274
443
222
109
570
523
591
246
402
202
103
371
351
360
317
221
183
526
429
248
304
213
589

29
150
14
17
5
17
7
20
7
18
10
18
13
7
17
6
15
16
9
11
11
15
18
6
15
13
16
17
9
19
7
8
19
9
12
16
17
18
14
16
13
7
9
14
10
17
16
5
19
13
7
12
5
19
17
19
19
13
9
11
8
16
11
17
9
9
15
18
20
12
18
10
13
16
9
10
7
18
8
15
7
9
14
15
16
18
19
16
10
13
11
8
18
14
18
9
18
16
12
11
11
14
10
16
17
10
11
5
9
15
13
11
12
13
18
8
14
11
14
11
5
13
13
15
13
12
9
13
18
7
15
9
10
9
12
5
18
9
6
11
14
15
19
16
11
16
8
16
11
13
7
11
0
84
15
126
393
443
36
147
438
329
240
185
66
9
194
189
371
311
129
153
29
393
51
209
333
138
268
311
2
251
172
347
143
106
25
356
332
238
190
248
454
461
171
131
270
55
28
179
344
28
311
177
132
97
223
67
217
390
186
203
170
49
394
254
473
341
91
231
463
170
164
181
235
184
387
140
393
18
139
215
426
121
126
458
82
320
84
448
236
374
28
108
464
392
17
266
316
177
268
187
69
129
415
124
315
394
229
402
466
400
92
283
293
250
233
99
302
392
337
316
278
68
454
75
386
33
46
348
368
26
383
381
236
314
462
213
413
152
245
343
415
108
424
330
231
151
109
306
155
431
121
109
165
144
587
600
158
332
476
516
264
343
99
97
224
318
505
345
290
178
160
423
91
330
449
256
350
375
185
296
324
512
209
260
111
496
460
410
370
435
531
622
286
295
309
141
187
348
540
114
393
268
326
248
276
249
282
555
285
227
284
106
590
288
572
408
300
332
630
329
354
315
421
200
498
220
427
96
162
360
450
181
325
628
152
416
130
625
326
406
86
247
594
483
70
292
447
205
382
215
85
207
591
308
343
442
359
599
653
429
205
358
493
368
434
293
484
546
370
485
315
273
526
115
413
48
83
444
472
146
427
426
324
430
569
312
440
317
389
415
573
137
483
413
400
210
175
451
273
538

30
150
17
16
16
17
17
16
14
13
10
18
15
5
10
16
12
6
12
15
9
7
18
8
11
5
8
7
19
19
20
19
15
19
15
10
12
19
19
17
9
18
7
13
17
13
17
15
9
17
9
10
19
13
13
13
11
7
8
16
10
8
11
18
7
15
7
17
16
13
9
19
15
13
17
8
16
8
14
10
13
20
5
9
11
7
12
13
12
19
15
17
11
16
8
16
8
16
8
8
19
17
16
17
19
8
7
11
7
6
19
20
11
13
17
16
6
5
14
11
6
11
19
15
9
18
11
5
19
15
17
6
11
17
11
8
18
6
17
10
18
20
11
8
13
12
10
13
11
8
10
13
0
94
12
57
135
191
448
64
129
333
124
262
345
313
172
313
111
255
368
194
355
307
358
448
290
76
221
66
209
391
272
25
312
156
239
47
147
11
110
444
117
268
388
451
35
33
199
121
4
377
123
60
63
181
27
298
28
31
207
285
289
383
449
333
186
222
22
245
15
255
431
265
415
9
473
83
344
89
341
71
418
424
458
10
298
453
255
429
262
256
371
382
465
415
3
167
325
77
134
379
200
153
478
38
91
65
419
121
425
253
435
288
138
306
319
442
474
117
329
216
97
184
128
306
48
268
195
200
275
238
99
69
29
389
238
410
213
237
461
463
229
315
276
68
434
189
289
203
320
109
197
163
92
259
172
359
505
164
264
461
194
282
402
439
229
408
175
364
377
241
399
482
377
483
334
197
336
90
303
585
431
210
446
289
326
98
337
167
162
492
157
432
442
475
95
213
372
286
33
561
218
253
213
255
191
432
63
58
224
476
310
509
645
379
379
256
228
335
143
401
569
337
492
72
647
109
430
205
449
140
555
486
531
181
386
550
383
605
414
450
499
417
479
493
161
213
355
170
324
514
353
291
623
157
157
193
588
205
507
464
522
390
271
337
444
576
543
155
524
286
136
360
229
505
90
449
251
390
315
400
114
142
228
478
281
544
289
352
499
621
266
381
373
269
514
212
357
334
507
143

