1
15
14
17
17
6
12
19
8
12
10
16
14
8
6
10
10
0
15
42
25
38
25
3
37
38
42
24
36
20
29
28
20
34
75
31
54
47
16
50
55
73
43
48
40
49
54

2
15
10
14
19
11
12
12
7
17
13
16
19
13
16
11
5
0
27
4
47
28
8
47
49
33
33
38
0
48
2
21
15
58
30
68
48
33
62
83
51
59
63
15
71
14
35

3
15
12
14
17
13
6
17
15
18
5
8
10
13
14
14
17
0
12
19
42
30
29
41
6
1
12
41
27
26
4
4
21
29
40
66
39
62
70
26
14
23
55
51
57
35
30

4
15
16
16
20
9
9
10
15
19
10
11
18
14
13
20
11
0
23
38
21
33
1
32
49
2
42
3
49
4
19
39
23
44
69
43
53
22
53
87
21
71
22
69
31
47
70

5
15
16
8
10
19
12
19
6
19
15
14
8
11
15
18
18
0
7
6
38
1
49
44
30
47
11
41
4
6
47
14
32
21
26
57
32
78
60
49
71
40
63
26
22
66
46

6
15
6
11
11
8
6
8
16
7
6
20
19
16
5
6
20
0
27
34
3
30
14
23
39
37
13
3
35
7
1
32
9
42
61
17
38
38
53
55
44
49
22
53
19
21
57

7
15
11
9
6
18
16
13
7
8
8
20
12
16
15
14
9
0
9
17
41
16
42
1
14
14
23
16
30
4
28
6
13
25
29
65
43
71
11
38
31
48
41
52
34
43
24

8
15
16
14
11
12
8
7
16
11
12
14
11
20
15
8
10
0
13
8
38
26
34
1
4
42
36
21
6
30
13
9
22
36
30
63
42
48
29
25
68
65
43
33
50
36
20

9
15
12
7
20
15
14
16
18
11
7
15
10
19
15
17
17
0
53
29
21
18
22
50
3
22
31
36
50
43
4
33
16
69
56
44
47
40
82
33
42
49
65
71
64
28
56

10
15
18
15
19
17
18
18
8
11
19
5
20
16
8
14
18
0
28
8
32
34
4
42
26
40
29
41
49
41
38
55
20
47
43
63
56
32
59
41
74
44
70
75
59
55
80

11
15
14
16
7
19
6
9
20
11
12
17
16
15
18
10
9
0
43
27
8
40
23
37
29
19
19
16
40
31
30
20
32
64
44
43
57
42
71
54
44
50
36
56
51
40
47

12
15
10
10
18
12
7
13
7
19
20
12
5
19
16
8
18
0
18
38
32
10
6
34
10
47
22
25
35
16
10
45
11
33
62
46
33
20
43
44
73
34
45
62
50
18
65

13
15
11
20
12
11
17
9
7
16
13
16
8
5
6
17
16
0
35
39
4
7
7
27
13
36
23
9
38
10
10
11
25
66
65
17
25
24
46
42
66
50
32
48
22
44
36

14
15
7
19
10
7
11
16
8
6
7
15
9
17
16
7
10
0
17
31
10
14
24
12
27
35
16
8
22
29
22
32
12
48
48
28
34
53
25
47
53
45
32
44
52
33
43

15
15
11
12
20
20
12
6
6
18
19
17
13
7
17
9
18
0
43
12
45
13
30
36
40
19
10
4
26
25
49
47
24
74
37
82
28
47
58
59
48
31
34
48
55
66
79

16
15
9
18
18
13
15
9
16
18
12
7
13
9
13
18
11
0
26
40
48
40
50
19
26
25
2
14
21
29
24
5
16
45
61
75
70
59
36
59
52
21
38
37
55
47
32

17
15
12
12
15
11
5
11
17
15
20
17
6
6
7
8
9
0
22
0
9
9
40
10
35
38
37
33
35
2
13
39
13
50
17
31
14
59
38
63
67
58
47
46
15
26
59

18
15
16
15
17
12
7
11
11
14
6
11
14
19
15
16
8
0
44
39
22
17
2
34
16
38
25
21
34
48
24
31
28
69
70
41
30
18
58
44
47
54
39
65
71
50
42

19
15
6
19
6
13
19
13
15
9
15
7
12
14
13
12
7
0
18
41
2
26
30
20
5
2
10
44
40
15
41
26
13
48
52
20
59
55
44
19
26
26
60
61
32
58
45

20
15
16
7
8
16
16
5
11
19
13
12
18
19
10
17
16
0
9
33
16
6
36
10
46
43
34
2
11
42
15
21
27
35
41
48
29
44
39
71
56
61
27
39
61
51
47

21
15
7
11
10
18
16
15
15
14
11
15
10
18
13
17
6
0
22
37
44
8
47
42
26
25
0
30
28
20
6
2
18
51
54
69
42
65
75
57
46
22
40
48
44
37
16

22
15
7
8
20
12
8
8
10
8
19
11
19
18
8
9
19
0
26
16
44
38
32
29
43
11
38
19
23
34
34
14
12
47
52
67
58
55
40
55
37
66
52
47
49
54
37

23
15
9
14
19
11
14
8
5
13
7
17
11
7
14
15
15
0
13
20
17
31
2
33
6
10
24
43
24
14
43
28
15
31
48
41
48
22
47
23
24
46
65
47
29
66
55

24
15
20
15
11
6
17
11
6
20
11
19
8
6
6
13
15
0
11
13
31
33
1
6
35
32
14
31
14
46
25
19
24
27
38
42
63
24
15
58
44
36
41
33
54
41
46

25
15
20
11
7
12
7
10
13
15
14
19
7
7
15
6
15
0
28
42
37
37
39
17
26
28
24
8
4
7
4
0
21
39
66
63
49
62
43
43
56
50
20
12
28
12
31

26
15
5
11
11
5
11
12
9
15
8
11
16
17
19
6
7
0
35
25
35
38
22
8
13
21
19
11
5
29
23
0
18
58
47
51
59
44
26
32
41
42
29
37
64
45
15

27
15
9
18
6
14
7
19
14
15
13
13
9
10
18
17
19
0
36
28
4
48
41
47
28
9
49
41
19
32
38
47
22
67
51
31
59
79
79
49
30
63
58
47
52
70
70

28
15
9
18
8
19
14
19
15
19
20
12
10
16
18
19
7
0
0
34
14
29
51
19
53
32
31
3
51
44
38
53
15
33
52
34
64
89
38
83
55
55
13
73
66
75
61

29
15
19
8
10
16
14
7
15
12
5
18
15
13
10
13
15
0
2
1
11
29
23
45
13
41
8
23
32
17
10
26
23
21
29
30
59
35
64
39
49
40
40
48
43
38
46

30
15
11
18
20
19
7
9
5
7
16
11
11
10
10
10
15
0
3
21
19
12
14
20
33
41
35
42
38
28
14
44
26
31
47
48
22
29
35
55
67
51
61
57
47
26
76

