1
200
19
6
17
13
9
11
12
10
11
14
14
9
16
20
7
14
10
6
15
14
12
17
17
20
17
12
13
18
10
18
17
20
12
19
13
7
17
9
16
18
5
15
15
9
8
16
7
16
12
11
12
8
15
12
19
18
9
18
18
8
13
13
14
9
12
8
12
10
15
9
12
19
17
17
13
9
19
11
13
14
18
17
13
11
18
11
17
14
18
11
11
13
12
6
11
13
6
17
12
19
18
6
7
13
10
6
18
10
14
14
17
9
5
19
14
7
15
13
8
10
7
17
8
15
16
19
13
12
6
12
9
6
10
17
15
7
5
18
10
6
17
13
18
10
7
17
11
14
14
7
7
7
8
16
9
18
6
5
12
15
19
7
11
19
10
5
9
9
18
10
9
8
12
17
18
10
19
7
12
9
12
9
6
17
19
20
15
13
12
16
7
15
16
15
13
9
8
20
15
6
0
295
506
107
591
366
406
298
293
592
628
251
596
90
140
559
604
458
257
58
197
618
32
595
285
216
616
10
2
270
257
604
364
124
358
183
338
192
475
517
533
107
166
310
429
494
58
575
587
503
503
238
185
574
289
404
35
62
65
147
175
451
340
378
319
628
622
530
416
618
254
220
181
258
588
53
505
385
231
524
560
581
17
102
459
405
620
257
111
71
5
279
370
548
100
322
259
310
276
589
146
62
241
590
253
45
11
244
583
16
61
473
480
345
625
4
111
468
116
521
201
80
453
509
434
548
366
2
390
606
212
370
286
188
7
549
366
141
353
327
599
366
541
115
168
493
391
241
303
587
91
559
483
338
189
251
391
535
409
499
145
216
76
452
510
240
91
531
1
373
402
317
35
627
482
28
564
248
547
417
482
53
305
619
370
250
529
122
442
63
467
627
85
143
169
98
40
190
105
599
175
441
612
187
776
410
533
474
537
807
825
292
722
169
236
803
771
568
387
90
343
652
241
651
553
444
699
188
78
330
523
799
420
182
586
353
513
206
517
726
643
140
235
563
482
655
173
815
728
754
594
455
451
677
347
464
111
117
258
356
372
528
370
637
376
657
709
638
647
840
371
361
251
515
698
133
768
510
479
670
742
608
178
153
541
602
860
375
172
247
37
341
403
801
203
374
502
500
513
644
339
305
407
697
495
259
111
269
608
121
229
692
546
453
765
177
316
509
239
687
391
246
471
593
502
801
480
242
532
864
440
491
479
407
150
651
612
345
399
387
853
623
737
187
238
566
476
467
373
735
325
804
672
565
247
369
465
751
476
609
374
377
210
672
726
265
188
754
143
480
661
466
166
665
515
188
691
416
621
456
661
139
508
874
572
501
597
343
637
228
570
668
219
387
193
241
77
356
368
745

2
200
12
7
6
17
16
15
20
7
10
9
15
17
11
16
8
14
7
5
17
16
10
9
20
5
18
18
18
19
6
9
17
15
16
20
13
14
6
18
11
12
8
10
19
7
19
11
17
9
20
20
14
8
6
5
15
12
9
6
10
8
10
9
14
16
15
14
14
12
8
20
14
15
9
19
10
9
7
20
15
15
9
10
13
8
8
9
15
9
14
17
16
10
19
18
19
17
15
11
15
17
5
11
15
8
9
14
10
8
7
10
13
7
16
7
8
15
11
12
13
12
15
6
14
12
8
11
14
8
17
8
19
20
16
17
19
19
19
13
11
18
11
12
15
6
16
10
13
11
12
10
14
16
20
12
11
11
14
14
9
15
20
17
16
9
18
17
11
7
16
17
19
8
14
14
16
14
14
10
11
20
13
15
14
19
19
8
12
19
20
7
17
13
17
10
12
17
7
11
15
12
0
542
605
273
554
430
633
69
86
263
124
365
102
24
340
550
374
409
126
303
538
318
603
554
217
454
604
334
437
471
452
497
4
166
92
289
363
582
71
342
265
596
503
18
250
444
634
79
232
601
20
561
440
335
8
284
54
591
51
204
529
576
548
166
168
508
226
355
566
534
413
237
436
495
318
463
63
295
226
516
320
333
605
164
6
478
399
120
131
274
47
205
75
174
156
175
74
638
65
203
172
170
223
321
351
210
280
384
403
396
60
487
376
552
504
156
162
70
66
154
336
7
542
7
232
503
274
297
566
131
396
239
81
204
116
211
30
499
224
435
123
454
533
261
404
111
67
301
479
568
0
174
168
154
611
596
147
384
50
649
155
369
480
236
480
236
161
516
404
31
415
638
615
357
196
454
20
323
68
385
464
363
645
312
42
285
405
383
208
123
34
395
215
644
8
641
197
47
527
242
39
780
707
445
813
514
772
106
257
435
303
466
198
290
586
722
634
605
343
477
583
408
713
696
408
514
779
600
681
579
542
527
213
395
171
462
399
663
178
527
434
643
571
128
434
501
850
329
367
628
275
723
466
599
55
434
107
740
153
214
693
721
623
283
233
544
414
409
663
593
499
483
614
620
572
620
225
461
421
590
413
344
695
220
135
631
594
369
191
399
258
457
157
193
278
303
221
858
248
324
276
426
385
550
556
372
473
557
430
606
73
712
620
590
703
187
306
231
217
308
461
217
801
158
419
672
459
504
624
352
640
396
332
441
341
272
145
653
484
563
356
654
589
429
622
284
277
554
581
820
82
389
202
291
811
778
332
503
73
803
177
585
671
444
627
353
344
770
509
59
649
850
787
537
415
721
57
477
218
544
477
582
833
455
223
318
564
447
430
325
255
508
321
669
36
754
368
149
550
484

3
200
19
13
7
14
19
5
15
17
10
16
18
15
11
14
15
7
6
5
14
20
14
9
8
13
18
18
15
14
16
17
19
7
17
10
8
17
9
14
15
14
9
15
10
6
11
5
11
15
17
11
13
5
13
18
17
14
14
9
18
18
5
7
13
13
5
12
10
11
7
12
20
10
11
17
19
14
17
6
7
13
13
7
18
9
20
17
10
20
6
19
14
11
17
20
7
8
5
16
6
9
15
19
17
12
8
9
13
8
7
6
8
18
13
5
14
15
8
12
12
11
9
11
11
14
6
9
8
20
16
17
20
11
8
15
13
6
19
6
14
14
6
14
8
7
9
13
14
10
10
14
10
7
11
5
15
19
19
7
12
8
11
5
6
20
18
13
15
17
6
16
9
19
6
11
18
12
16
19
7
9
11
10
19
6
8
19
9
18
9
7
16
16
17
14
6
5
14
15
5
16
0
317
595
110
600
258
435
51
305
257
216
229
355
280
590
405
318
476
577
518
482
594
1
521
570
560
282
211
351
234
344
262
272
365
571
528
503
306
528
524
194
39
346
573
233
219
31
568
287
430
480
369
148
423
486
1
444
193
223
589
511
23
602
550
102
25
431
220
281
282
346
238
388
543
138
132
509
545
304
205
201
545
542
283
467
62
511
269
341
551
503
367
587
191
572
380
363
607
78
249
578
244
480
15
406
305
455
146
71
461
285
396
41
414
290
601
563
461
449
360
249
602
82
375
88
521
441
573
585
606
504
239
219
191
472
164
90
564
190
416
275
335
246
476
113
497
344
233
189
57
232
17
478
176
236
2
383
130
567
207
14
604
117
220
501
67
34
476
220
355
549
535
49
477
19
490
437
273
577
325
344
298
578
304
441
578
266
267
406
525
256
292
57
205
254
7
287
369
276
224
45
404
665
322
689
474
538
298
368
306
280
479
449
342
820
629
519
600
818
593
631
640
93
572
831
773
409
397
485
375
374
270
467
458
805
579
604
350
709
682
397
263
516
789
326
321
266
643
332
651
563
460
312
531
535
99
480
336
257
718
535
142
668
764
128
116
494
270
458
486
501
318
415
796
273
162
593
591
329
409
289
652
737
401
541
248
642
328
413
607
705
606
723
450
732
413
512
699
140
462
743
502
702
205
462
375
607
174
300
585
452
622
186
636
357
810
753
523
564
586
492
760
305
502
334
654
497
662
641
809
730
440
357
388
647
357
321
788
359
444
287
409
306
723
246
621
492
325
347
291
287
251
514
247
363
27
613
232
618
451
91
739
297
303
737
87
157
594
300
488
595
752
164
549
192
706
560
459
647
500
418
473
680
530
498
832
374
350
529
746
273
526
295
438
328
63
338
552
494
444

4
200
9
5
11
17
5
8
6
9
6
13
15
6
8
10
16
13
9
18
10
12
7
7
13
20
14
13
17
8
17
12
19
10
20
18
11
7
14
15
18
8
16
11
19
11
19
14
12
16
18
14
17
14
10
8
16
9
11
13
8
13
11
6
18
12
10
19
19
15
7
9
17
18
9
6
18
10
19
6
19
14
20
8
17
9
11
6
6
6
18
10
10
20
12
20
8
16
15
10
15
16
14
10
18
12
19
16
9
20
18
9
17
9
10
20
13
16
18
14
6
14
8
18
16
8
15
17
17
6
17
16
20
12
18
8
9
14
16
19
12
9
10
15
6
7
6
18
15
18
7
13
15
13
19
12
16
11
13
17
16
10
8
7
6
14
20
7
13
16
19
17
16
16
20
13
19
16
17
7
17
10
18
15
6
13
10
17
12
11
16
9
11
14
16
20
17
14
6
9
14
15
0
417
390
100
373
260
120
641
478
493
172
181
199
294
338
493
242
63
19
595
470
637
334
286
160
632
81
605
320
33
418
314
243
150
153
301
411
228
465
626
1
433
268
120
450
373
387
272
81
299
392
447
372
646
355
530
391
540
533
0
628
82
135
396
589
484
595
168
271
360
125
634
338
519
651
286
19
536
199
74
606
126
310
182
503
332
258
484
165
567
456
191
267
258
541
418
324
465
166
589
59
502
380
249
281
619
573
472
345
549
631
103
63
396
643
620
530
202
639
479
612
100
542
572
561
15
178
347
356
141
196
354
309
519
490
548
30
295
206
330
26
204
520
93
67
352
566
475
550
132
75
377
352
183
443
394
653
131
136
337
392
558
321
66
25
296
309
179
542
111
639
18
53
614
602
616
373
232
174
281
433
19
347
223
63
244
73
75
112
100
141
70
239
497
442
186
599
394
279
585
113
550
646
199
592
389
223
836
558
755
379
358
398
477
578
605
462
104
136
822
574
678
551
332
357
802
126
764
571
79
489
374
401
256
342
355
447
415
505
866
65
646
347
334
513
388
566
371
106
475
475
704
450
765
447
690
566
703
657
80
749
338
228
654
639
546
637
238
372
453
378
702
444
725
699
547
232
801
300
108
696
312
520
299
551
431
276
724
267
682
664
307
433
287
570
485
434
727
301
808
276
587
550
423
323
748
624
529
594
711
711
334
123
554
749
645
806
285
710
674
648
209
693
774
617
120
428
429
476
221
344
374
364
638
701
680
242
522
359
351
212
426
703
128
236
616
584
581
666
285
92
622
495
248
616
663
807
380
394
566
571
580
401
315
279
466
334
261
802
235
874
80
296
792
825
791
531
301
194
459
637
186
442
416
90
336
163
218
338
297
232
278
438
773
552
227
645
615
518
825

5
200
10
10
6
17
17
8
14
11
6
9
6
6
17
18
8
14
15
12
9
12
15
19
6
8
9
7
14
7
15
19
14
11
17
9
13
5
14
12
8
17
13
11
10
12
10
17
10
10
9
6
15
18
13
14
7
14
7
7
11
9
18
5
13
9
12
9
7
15
20
16
11
11
10
13
9
13
11
19
13
19
19
7
5
10
11
18
9
17
12
8
12
14
18
6
18
8
12
7
6
10
9
5
19
6
7
6
18
16
7
17
12
17
20
19
7
12
5
19
10
15
10
20
18
18
10
7
15
7
6
19
19
12
12
13
14
20
14
6
12
9
18
20
14
13
17
14
11
14
15
19
19
15
7
16
9
17
15
9
20
9
19
12
16
9
9
14
19
14
16
20
16
7
5
6
12
19
20
13
12
16
11
8
14
10
10
9
12
17
19
14
15
8
14
5
18
16
6
9
12
15
0
368
530
591
83
191
411
228
150
170
536
361
506
563
549
477
282
344
490
591
577
525
189
347
420
551
262
131
306
469
620
364
75
238
144
364
538
211
281
376
560
339
66
120
258
275
223
543
160
414
131
264
163
459
335
232
536
509
606
3
120
31
4
411
188
310
138
390
417
177
77
213
400
533
235
166
611
6
573
101
93
377
535
41
317
393
320
458
64
312
348
547
74
144
406
556
478
299
278
278
424
610
250
406
300
259
194
93
452
146
580
504
523
307
396
277
126
124
292
112
32
134
357
556
228
163
196
261
232
18
41
510
509
580
25
326
443
362
47
370
396
255
486
565
202
374
596
340
401
473
420
88
400
249
589
311
506
470
244
172
151
617
476
580
484
183
512
526
567
542
226
475
297
297
550
279
542
227
486
470
577
191
269
597
64
405
91
350
77
612
200
254
493
242
478
235
27
541
357
260
243
617
636
663
299
208
597
319
165
271
689
582
752
698
576
713
525
536
538
690
773
761
335
521
607
652
481
174
536
521
668
608
324
416
394
604
785
309
460
479
736
440
176
152
337
428
473
577
388
550
273
416
390
477
497
448
790
586
671
171
213
86
115
426
279
323
222
483
437
271
183
279
619
606
435
179
729
147
711
275
125
413
605
105
457
571
337
602
295
466
549
729
133
364
488
609
687
334
356
314
652
742
349
553
307
281
401
268
606
389
621
635
734
506
650
503
252
305
386
209
269
382
574
689
253
305
377
477
324
102
121
651
586
633
60
573
655
379
59
483
603
292
564
693
382
568
813
448
498
642
473
288
633
284
650
482
615
564
413
262
229
860
507
626
640
234
598
710
634
698
396
520
478
522
666
404
717
401
601
502
686
373
297
643
316
415
201
412
166
627
230
480
510
426
534
251
61
552
498
329

6
200
12
7
9
6
20
19
7
6
18
8
19
14
17
17
16
17
12
17
10
14
16
19
6
14
13
11
12
12
18
19
13
16
6
11
9
18
19
12
19
18
17
8
7
8
12
12
18
19
7
16
11
15
11
8
16
14
17
19
12
11
14
17
19
12
18
9
8
12
16
10
11
12
9
15
7
8
7
17
8
15
17
8
15
15
19
13
7
18
10
10
8
5
19
6
13
10
19
15
10
11
8
6
7
8
8
16
18
16
7
16
11
19
17
17
15
8
12
8
10
7
16
17
8
19
8
18
5
11
15
18
14
13
6
20
18
11
5
16
13
20
18
15
10
15
13
9
12
11
7
11
14
8
20
18
12
8
13
7
9
13
14
5
9
7
16
17
8
9
8
7
6
16
10
16
17
17
18
12
14
16
18
16
7
17
10
5
15
8
19
9
5
12
16
15
8
17
13
7
17
19
0
446
394
451
110
181
553
364
559
534
282
185
618
116
321
15
303
130
594
611
526
36
257
138
539
215
284
452
427
270
44
321
258
407
568
285
503
235
269
365
423
522
247
79
309
355
489
401
456
306
313
610
224
248
215
443
212
520
62
521
125
165
313
22
430
294
587
440
363
607
341
445
419
275
420
196
590
117
104
140
581
137
450
557
264
131
325
247
246
620
356
602
172
387
553
126
356
563
513
256
555
129
625
561
197
374
492
359
251
25
633
67
231
487
482
281
54
353
16
154
259
549
588
53
119
537
216
526
515
579
506
48
297
32
121
58
614
306
249
93
239
561
152
403
169
491
619
580
530
171
403
153
446
521
278
471
411
76
443
502
53
520
190
464
337
140
154
204
564
375
214
528
494
164
326
122
467
101
534
52
345
610
478
252
305
291
315
616
480
232
251
623
597
108
558
589
409
139
559
381
72
623
552
694
360
324
584
417
776
573
301
266
761
138
450
223
533
318
771
713
548
130
399
234
767
430
361
655
647
371
183
588
287
611
647
380
644
420
523
397
525
568
319
169
418
527
619
517
682
488
486
876
329
359
457
656
277
755
153
741
236
336
371
181
554
348
773
531
536
799
503
529
484
291
568
365
675
321
142
257
705
361
543
707
313
391
554
352
316
812
383
681
243
626
706
261
402
712
601
488
778
203
721
663
248
576
515
405
453
63
775
324
343
507
671
327
66
375
169
168
322
587
784
285
246
777
237
761
769
772
696
166
330
250
163
285
828
491
493
168
428
626
246
460
298
539
875
731
576
308
593
386
498
772
455
650
624
310
630
753
225
735
358
703
538
280
262
288
759
486
385
775
593
272
573
211
567
261
667
313
394
856
651
270
329
417
408
761
545
283
295
855
804
220
571
828
540
246
694
477

7
200
10
18
17
16
13
15
9
13
13
18
16
7
18
15
12
12
18
9
11
16
6
15
16
19
18
6
19
10
12
9
8
13
6
8
8
15
9
20
5
7
13
19
10
12
16
6
18
13
11
7
15
5
10
7
12
11
9
19
14
17
9
17
6
13
6
17
14
10
8
19
13
12
16
18
7
14
12
19
9
8
11
8
7
16
7
7
20
13
11
9
12
12
19
7
9
7
14
13
6
17
9
19
17
17
10
7
6
6
8
6
13
17
12
16
19
17
7
19
14
17
12
13
20
19
15
14
16
5
15
9
19
16
16
9
11
12
13
11
9
16
14
20
11
14
6
12
10
14
11
15
8
12
14
16
18
9
11
6
18
19
10
11
11
9
11
18
15
18
12
15
5
19
14
5
9
16
15
10
16
5
12
8
13
19
17
18
5
9
9
7
18
14
12
12
7
7
11
12
13
12
0
63
156
457
414
391
155
31
382
436
340
520
336
28
121
458
420
11
286
263
43
490
250
323
585
547
233
442
320
211
391
342
421
204
420
15
273
257
335
241
339
206
367
189
113
315
58
511
98
82
84
144
301
28
48
189
467
141
128
612
135
110
455
14
616
595
485
385
158
114
338
365
554
457
157
43
282
313
73
217
540
554
551
482
481
257
129
213
571
89
251
587
317
181
537
529
571
435
424
262
410
336
432
371
29
609
371
123
256
74
166
347
209
596
605
334
468
436
385
258
221
90
415
456
134
290
569
376
3
108
482
304
457
311
129
17
272
20
600
566
399
521
204
217
75
563
580
94
476
78
571
593
3
406
612
405
427
555
352
315
512
559
462
21
58
298
47
86
326
476
611
363
163
348
539
169
506
129
364
252
428
190
304
35
521
619
384
96
502
106
167
273
611
193
338
263
541
189
48
531
207
320
311
660
656
550
221
177
404
515
364
589
584
109
256
586
652
121
325
490
296
580
330
575
633
737
356
498
517
270
590
541
618
290
644
56
482
429
475
250
462
304
539
397
234
432
298
671
138
97
173
275
358
208
199
250
701
268
363
630
372
329
583
41
623
714
596
517
321
323
530
429
749
626
192
127
454
503
183
347
716
789
628
512
706
307
391
244
592
232
452
776
367
232
636
701
604
635
647
504
573
494
561
467
183
672
466
165
412
137
316
583
371
614
737
492
490
692
418
291
296
130
465
552
307
490
656
411
168
303
586
448
614
549
190
71
477
75
761
819
613
723
368
266
98
617
711
179
557
260
636
688
93
449
713
649
500
656
605
489
580
746
501
186
260
362
120
166
357
585
710
489
261
414
715
257
576
182
463
407
593
286
462
229
538
737
400
335
583
196
385
295
783
417
539
449
569
223
204
720

8
200
10
15
12
12
17
9
14
5
9
15
8
6
15
12
6
15
7
16
8
16
14
9
7
18
13
10
8
11
18
17
6
10
9
16
19
6
9
14
20
15
11
9
15
11
13
17
10
9
14
18
20
19
15
9
18
9
15
7
14
12
19
17
9
15
19
8
6
13
12
14
9
9
18
12
12
11
19
15
20
11
10
10
18
10
9
18
19
7
17
8
9
19
18
7
13
15
6
15
14
7
14
18
15
11
20
14
16
7
6
16
8
13
7
14
15
18
19
18
18
18
15
11
6
16
13
6
7
9
15
13
11
10
9
13
7
12
6
20
16
17
14
20
5
14
5
6
12
15
15
13
5
14
8
12
19
9
12
12
18
17
17
8
15
18
18
7
12
10
12
17
8
16
18
20
10
13
19
7
13
19
19
15
13
8
9
6
8
18
15
12
13
10
9
17
18
14
6
13
7
15
0
370
159
35
209
381
354
453
390
606
562
327
11
533
229
270
66
446
477
215
50
452
409
424
434
153
428
504
280
137
39
353
519
492
169
275
196
88
11
362
628
52
326
190
350
587
47
210
242
287
3
160
437
419
632
315
130
467
495
277
341
117
253
492
401
325
504
541
288
214
28
46
229
254
16
43
140
196
476
489
518
305
125
34
345
90
579
64
609
535
75
85
118
212
433
438
463
168
418
47
455
368
469
114
70
10
222
180
570
404
451
10
525
492
386
94
432
197
125
211
414
437
365
311
530
361
279
616
227
344
380
94
133
496
384
399
175
42
206
436
386
49
437
83
310
226
269
140
181
537
36
518
413
269
596
244
56
210
386
40
269
558
160
255
128
247
349
595
349
459
438
190
338
215
520
603
340
175
470
154
449
608
67
611
619
150
575
623
448
373
333
128
309
535
106
280
73
241
568
258
81
431
194
155
228
556
532
482
489
778
711
449
139
644
327
529
150
548
503
414
217
674
654
541
641
170
638
554
433
220
136
392
650
680
211
447
340
303
61
622
892
187
538
303
403
711
121
418
503
554
266
265
668
459
903
433
178
493
636
472
407
154
280
743
624
453
548
769
491
240
188
245
286
281
84
279
328
428
651
547
775
427
388
256
528
108
665
296
654
705
223
252
383
321
591
578
615
403
592
93
591
451
695
228
139
147
390
188
813
427
630
201
772
514
508
238
574
358
322
259
657
552
398
450
782
451
488
682
437
401
596
105
313
705
392
585
213
309
360
485
423
274
464
261
366
255
421
383
396
662
216
598
504
310
680
362
143
349
429
143
289
759
394
300
261
378
534
633
518
672
594
437
463
386
759
645
535
433
608
398
544
824
332
678
857
286
833
825
564
404
404
347
469
554
348
409
104
465
790
524

9
200
5
7
7
9
10
10
14
20
6
7
9
14
18
10
17
16
17
11
8
19
17
16
10
12
12
10
18
10
6
16
18
11
9
11
14
12
13
12
20
19
13
19
18
12
13
8
16
9
16
13
14
19
6
17
5
16
8
8
15
9
18
16
14
9
5
18
8
5
14
20
10
10
6
19
6
7
11
8
16
5
10
18
6
18
7
18
8
6
6
6
8
6
10
17
7
7
14
19
6
14
14
11
11
13
8
13
15
14
17
15
8
6
14
8
6
7
20
10
10
13
6
13
5
19
9
13
8
13
19
19
9
11
13
17
8
11
9
10
11
7
9
10
20
9
10
12
7
11
16
5
7
20
14
20
18
9
18
19
16
15
14
11
17
15
14
17
9
17
6
17
16
9
12
13
9
9
19
14
16
16
15
9
18
7
5
7
9
14
8
15
8
12
19
15
12
6
8
12
12
10
0
129
399
88
496
24
149
449
192
366
338
123
226
148
570
7
286
78
299
325
41
439
498
202
476
474
169
100
294
514
271
28
134
540
266
49
542
34
476
218
412
11
243
441
506
60
287
405
115
314
465
71
489
570
89
274
84
469
469
307
81
164
570
481
414
592
494
483
530
353
78
349
173
354
82
288
585
593
486
140
192
223
368
131
229
325
487
101
523
77
421
65
280
177
402
485
371
599
290
304
255
536
442
143
517
227
498
295
528
499
251
304
396
316
428
593
347
208
328
312
59
436
376
277
140
552
514
354
420
65
85
174
288
231
364
350
549
62
347
435
572
427
188
430
474
297
484
287
291
216
374
576
441
67
102
586
280
182
170
42
244
96
329
100
162
386
164
160
443
84
310
19
516
521
21
295
44
263
394
394
284
440
504
204
273
297
589
577
285
460
154
353
597
383
287
29
182
235
485
210
102
260
598
141
639
199
321
678
356
414
360
229
288
342
712
246
477
263
482
497
263
640
656
424
606
649
365
292
388
654
480
109
329
772
431
267
620
220
684
306
537
72
461
559
652
291
431
507
321
404
509
121
610
817
268
308
265
505
528
320
227
194
672
724
535
776
556
637
671
538
218
503
227
513
290
416
786
803
566
336
365
349
595
263
357
365
612
287
595
174
590
183
326
246
452
653
612
816
498
551
297
650
598
170
611
281
747
346
638
580
415
462
457
551
643
746
454
250
418
528
194
593
408
449
354
648
624
381
524
320
277
253
329
482
411
438
606
167
392
658
607
476
238
627
709
376
679
387
495
260
435
771
614
216
225
831
430
431
384
113
426
220
420
323
390
521
401
287
636
184
399
56
532
677
195
435
127
421
527
533
480
555
680
252
419
455
747
795
399
645
310
532
793
460
499
257
206
323
549
446

10
200
19
17
12
7
12
17
18
14
10
15
18
15
13
11
15
10
6
19
15
12
20
11
14
10
5
19
16
13
14
19
16
15
9
7
13
7
5
8
15
6
6
5
17
12
16
13
16
18
13
9
13
6
20
6
6
12
18
18
10
17
14
20
19
18
7
11
16
9
14
11
16
13
8
15
8
10
8
14
6
15
10
19
11
15
11
18
18
17
10
19
8
13
15
9
12
9
17
11
19
13
11
20
6
16
8
12
6
14
5
13
8
7
13
6
9
9
15
20
11
13
11
15
16
15
13
16
19
20
7
12
11
18
19
19
12
8
11
16
10
15
14
9
10
7
19
9
10
17
9
19
14
6
15
12
12
17
8
13
6
13
19
15
9
7
17
8
19
13
17
14
6
14
14
6
7
18
7
5
15
19
7
9
17
10
13
6
18
16
5
18
12
16
16
15
14
5
7
5
10
18
0
156
528
174
327
41
161
478
548
431
171
288
260
282
529
55
522
243
104
392
560
376
124
624
5
460
509
395
136
132
460
503
505
238
486
60
296
122
205
5
150
417
461
621
552
395
310
560
104
70
569
154
493
527
66
132
16
59
67
396
165
385
501
79
168
369
295
389
210
331
595
92
235
40
457
294
509
255
200
161
338
337
109
244
478
568
203
96
585
418
145
533
392
129
553
386
389
34
399
620
584
550
582
614
69
409
154
112
394
497
345
476
312
144
319
448
52
152
468
245
154
51
312
359
419
87
495
55
388
474
390
236
608
207
147
524
431
596
590
273
408
42
354
304
6
347
55
573
585
374
261
13
582
488
552
79
417
531
303
574
269
264
279
629
46
168
2
369
466
172
63
359
64
511
571
39
284
400
479
444
234
613
342
431
194
598
1
551
501
15
53
615
396
369
489
58
496
217
326
401
102
356
716
423
369
276
248
656
708
546
193
518
373
462
667
201
567
410
160
454
617
558
357
811
60
619
762
642
286
276
529
748
744
292
586
70
488
223
351
249
314
557
483
668
795
475
520
651
274
197
658
291
693
551
140
156
167
183
309
617
349
642
693
319
262
458
391
437
455
528
777
144
277
190
611
401
687
426
221
217
419
390
125
332
588
780
441
238
697
451
244
563
520
183
739
529
635
181
553
850
719
736
803
639
107
585
200
236
505
731
402
713
350
382
473
706
317
322
586
275
173
92
466
391
435
353
548
173
463
510
549
410
684
253
266
751
690
846
823
331
612
164
403
521
142
592
285
623
648
563
483
96
601
501
675
148
534
654
330
716
417
527
468
879
261
264
237
500
616
234
203
501
126
527
599
244
329
424
617
528
414
722
392
515
300
848
180
796
676
250
256
753
444
632
707
178
689
452
532
465

11
200
20
6
13
11
7
15
9
20
10
5
15
19
19
12
13
15
13
20
11
15
14
18
13
11
5
15
11
15
13
14
20
18
19
18
20
17
19
13
8
12
15
8
8
17
11
17
12
12
9
18
15
18
6
11
19
20
12
11
17
9
15
14
11
20
12
18
15
15
18
8
12
14
7
19
16
12
10
15
11
13
18
7
5
7
14
15
15
10
8
9
16
18
9
8
8
11
20
18
19
7
19
13
17
10
6
7
12
14
7
13
5
19
19
6
15
5
20
6
14
8
9
8
17
7
14
6
13
15
9
17
18
8
10
14
8
6
11
14
7
19
17
10
7
11
12
19
12
5
14
10
15
18
10
18
8
18
17
7
19
15
15
20
7
5
20
17
16
19
9
5
10
7
12
6
18
10
6
13
6
18
18
14
6
5
7
16
15
16
18
16
18
6
17
17
8
15
15
18
13
11
0
245
449
120
30
34
30
125
242
276
357
370
51
78
54
91
5
117
100
513
353
448
186
99
547
455
230
51
236
154
418
90
381
452
491
348
262
303
8
345
615
579
315
566
272
375
276
204
435
67
41
443
67
61
383
401
404
549
285
259
158
207
287
4
28
451
99
553
36
303
555
210
580
81
367
318
374
237
318
153
248
49
194
98
160
518
468
211
339
75
460
347
357
326
488
557
594
142
371
175
550
474
518
119
390
118
532
379
188
329
281
443
23
417
301
418
552
295
24
302
133
499
381
313
353
180
244
372
574
335
333
366
442
548
212
571
641
355
40
638
211
611
446
389
37
501
605
188
535
383
102
258
552
330
176
580
331
19
249
103
94
166
159
122
304
198
136
233
337
76
561
116
316
338
632
54
267
534
565
550
67
426
2
407
126
270
475
58
495
36
90
508
267
323
525
152
104
327
326
452
64
296
621
208
194
304
116
243
406
427
428
585
236
91
264
319
140
392
303
534
537
610
271
314
798
656
253
185
439
361
578
146
519
579
629
401
424
573
255
589
794
632
500
609
398
621
526
425
566
119
273
544
220
240
589
590
561
766
448
342
228
286
542
50
153
719
198
608
111
341
678
278
607
160
587
487
524
375
388
311
398
94
288
175
408
623
659
228
490
89
672
564
529
368
652
599
791
244
631
300
707
696
702
136
401
313
752
571
451
558
474
518
153
618
411
629
603
449
201
491
345
527
606
486
385
291
440
624
663
457
552
581
568
680
402
638
671
384
255
758
456
866
643
417
206
541
820
323
724
433
205
440
727
365
353
672
512
29
451
213
355
325
200
285
572
303
155
475
447
86
734
231
416
523
870
207
518
713
643
731
108
652
227
655
140
412
503
263
632
253
198
639
488
458
548
417
142
511
403
489

12
200
15
17
19
7
13
18
19
9
18
11
9
6
18
8
12
18
11
9
13
15
16
12
15
12
13
9
11
14
18
12
11
9
6
6
6
14
14
7
8
5
11
15
6
11
15
18
18
18
16
15
10
12
14
15
19
14
11
14
16
18
11
17
15
19
11
17
9
11
17
7
6
15
5
7
13
18
19
10
18
13
13
13
14
7
11
5
16
12
7
9
13
19
18
13
15
16
18
12
13
5
11
11
9
10
16
6
14
10
12
17
16
14
18
18
8
10
9
19
20
15
7
17
19
10
9
13
7
11
10
17
13
9
14
9
17
8
6
20
17
9
17
15
17
18
9
9
16
10
14
17
17
5
7
17
19
13
18
12
7
5
7
7
18
19
16
6
19
15
8
17
12
18
15
6
17
13
18
14
14
7
14
18
14
12
13
12
9
12
18
5
7
15
7
6
17
9
8
7
9
10
0
481
614
459
17
491
16
561
414
164
214
55
248
496
207
82
91
103
290
255
564
329
413
493
383
437
444
314
145
226
302
418
508
533
130
335
141
588
383
153
440
411
97
89
242
275
169
215
204
333
434
454
58
43
530
602
193
487
280
502
272
358
120
133
619
103
450
357
385
559
422
300
89
456
141
337
30
631
428
330
276
346
351
176
34
521
578
565
224
524
108
225
92
179
133
220
547
596
49
195
629
292
6
278
423
444
72
514
624
582
289
143
46
449
541
606
263
77
84
66
319
543
98
396
194
615
247
485
397
589
190
13
535
321
211
176
67
222
505
198
287
435
261
183
619
21
499
256
300
205
412
231
419
244
46
521
314
84
308
280
372
261
495
473
181
572
158
261
278
606
416
93
229
513
162
525
32
40
607
33
114
525
337
466
567
295
4
603
604
185
105
400
142
127
211
196
61
356
173
345
221
585
753
518
101
720
187
631
520
398
319
90
301
520
407
242
209
285
415
472
726
343
680
726
440
607
497
407
343
345
522
593
647
757
248
391
265
679
637
210
472
450
222
249
414
415
227
351
378
389
515
700
305
280
664
866
261
653
525
555
339
492
196
156
639
221
500
491
581
798
631
488
253
678
167
419
185
788
589
433
297
498
572
355
93
658
829
597
315
660
267
488
206
366
337
279
806
701
222
301
800
358
123
520
568
657
177
691
756
821
469
262
148
473
741
665
337
245
282
213
476
630
273
590
352
661
378
734
417
787
270
256
651
560
250
292
175
293
528
246
470
683
530
230
723
106
572
361
475
417
675
485
493
360
282
576
561
313
444
397
436
501
735
712
418
753
413
280
324
810
452
327
491
594
209
589
92
211
806
271
257
739
565
582
775
523
154
814
635
437
306
430
299
383
403
409
207
438
186
550

13
200
16
15
5
15
20
14
11
16
18
16
8
9
16
10
10
5
15
8
10
18
11
14
7
12
11
12
10
7
14
12
10
6
10
18
15
9
18
13
8
19
16
5
20
16
16
9
10
10
16
12
10
13
20
19
10
14
19
11
18
19
17
6
15
13
9
14
9
6
12
16
15
13
10
9
17
9
16
11
15
7
17
9
19
14
12
6
6
16
19
12
15
7
15
17
18
7
19
16
12
12
11
18
5
9
9
17
17
17
12
12
6
12
19
16
5
15
8
11
19
10
19
15
15
12
10
15
14
5
19
15
12
10
15
17
8
11
9
14
12
17
12
12
8
16
9
13
18
8
9
20
11
9
18
17
6
12
14
12
11
16
8
9
14
13
9
7
8
9
10
6
19
16
16
8
13
13
9
18
8
11
7
9
17
13
16
5
13
10
18
6
17
5
12
7
18
15
13
17
18
15
0
313
76
236
473
122
436
357
485
228
251
71
154
186
291
337
327
442
15
74
84
172
356
155
586
623
71
279
43
448
375
555
377
40
195
419
478
107
531
405
414
159
258
31
300
395
614
467
548
85
57
208
447
341
526
614
524
576
491
77
588
345
232
611
190
267
403
602
312
486
423
10
418
473
430
590
406
485
107
342
318
316
7
20
423
63
579
138
202
421
110
618
110
318
17
426
224
90
420
521
293
467
131
534
346
527
335
52
48
4
289
602
394
279
66
321
258
10
541
61
188
509
552
335
320
435
312
294
379
594
302
170
600
298
321
134
220
407
505
129
550
169
179
570
451
478
143
286
62
9
462
396
592
29
627
436
270
546
461
451
104
441
437
427
14
14
421
53
243
295
547
266
581
96
75
136
340
254
479
607
439
301
407
472
446
159
109
495
134
287
459
446
284
283
291
537
329
60
509
219
81
517
241
317
717
363
565
530
539
367
415
216
407
307
486
415
428
563
172
229
325
320
489
325
633
730
197
286
76
475
405
760
601
83
349
595
553
227
758
617
646
236
341
72
404
555
667
728
783
305
301
248
563
569
563
772
597
797
737
281
630
587
415
652
280
349
557
849
365
573
662
73
500
536
607
839
478
573
162
479
483
505
139
37
492
254
744
290
451
513
262
644
322
437
235
661
274
153
487
760
482
658
168
636
437
760
422
277
222
157
527
716
435
449
299
390
481
96
606
182
401
647
729
461
354
652
502
473
643
839
441
340
779
446
383
305
264
660
573
360
681
188
370
617
518
533
312
310
184
84
701
425
759
87
636
622
483
586
639
687
335
623
451
624
167
97
633
130
299
398
575
422
686
111
306
159
392
319
578
701
690
524
672
531
583
242
370
514
253
541
476
647
333
513
511
588
549
134
681
344

14
200
8
8
17
18
16
13
15
11
10
15
13
8
8
8
14
11
17
6
12
7
9
16
6
14
10
6
13
9
13
7
10
8
8
15
8
8
16
8
12
12
11
15
6
8
14
20
6
8
8
15
16
5
11
9
8
13
9
18
10
17
15
13
16
14
12
5
11
8
12
9
16
9
12
12
10
10
12
12
14
6
15
15
18
8
17
9
17
14
7
9
19
6
17
13
14
12
13
18
6
7
14
15
17
16
15
13
9
19
20
15
12
10
10
13
9
12
6
20
10
16
9
7
13
13
13
20
17
15
11
18
11
13
17
6
6
18
14
12
11
19
19
8
6
8
17
6
19
6
14
10
9
16
12
16
19
9
7
11
6
17
6
18
8
10
9
16
8
12
8
19
16
11
6
10
15
19
16
8
11
17
16
19
6
12
14
10
9
14
13
17
11
13
5
18
16
19
7
12
13
7
0
256
578
468
22
421
81
491
331
173
574
414
421
200
586
176
317
592
242
308
240
391
604
364
241
558
551
507
75
223
589
428
373
469
302
407
470
67
64
500
592
462
353
243
126
164
225
295
293
92
381
557
524
31
286
425
485
485
237
529
64
363
230
162
225
548
484
5
43
175
327
117
76
483
279
402
151
58
417
151
502
557
473
243
379
81
175
390
44
547
445
433
284
176
361
498
509
470
139
557
447
3
218
242
463
178
69
77
75
91
78
120
572
237
488
215
424
37
118
262
269
469
337
471
133
410
99
10
221
381
190
53
9
495
86
585
357
263
140
584
326
340
337
596
75
570
488
436
317
473
361
65
35
148
376
6
463
473
165
309
109
595
442
428
323
42
71
273
116
419
400
541
367
147
301
182
335
145
26
586
566
17
335
442
580
252
517
535
558
243
468
6
265
391
196
315
205
528
106
259
25
461
693
524
243
647
126
708
423
242
811
446
473
282
789
284
359
763
335
415
470
435
652
437
298
733
584
707
300
263
806
561
534
685
460
542
532
305
142
608
722
508
368
407
362
405
391
365
386
280
470
596
626
110
447
674
592
627
286
623
82
507
336
264
284
566
646
88
287
355
449
297
311
604
313
575
212
292
483
266
630
685
527
283
477
107
427
405
280
733
674
543
542
323
513
666
756
507
359
648
679
61
419
402
587
429
78
284
215
150
121
174
611
291
599
467
487
148
290
314
420
546
510
724
268
530
351
41
253
587
209
67
65
545
104
820
567
469
339
623
508
429
523
766
308
658
707
649
554
705
575
146
49
259
435
110
617
521
351
416
254
687
655
481
401
136
262
404
275
499
570
611
376
350
332
243
417
340
92
697
741
80
414
515
786
390
562
682
762
399
652
98
360
434
278
407
268
773
120
334

15
200
12
19
19
12
8
17
16
20
15
13
15
17
6
12
12
5
12
12
13
19
19
9
11
16
10
18
11
10
11
9
13
8
16
18
7
11
10
8
6
11
10
5
9
17
10
16
12
13
10
9
12
13
10
14
18
12
8
15
12
17
12
8
18
8
16
7
20
11
18
19
6
17
12
18
10
14
16
19
5
16
17
10
7
17
16
16
19
9
14
15
19
15
15
12
20
10
18
8
9
8
16
11
10
13
8
19
12
6
10
13
13
15
6
7
19
18
7
14
6
8
7
13
10
13
14
13
15
13
8
19
19
7
9
5
6
20
14
12
8
13
10
6
7
11
7
15
11
9
7
19
11
6
9
6
10
12
9
16
9
19
17
9
7
5
7
18
10
15
13
19
11
17
11
15
13
19
8
7
10
7
14
8
15
18
11
11
19
6
20
7
19
14
15
14
8
8
13
17
15
6
0
503
72
23
168
421
166
42
280
55
553
350
60
564
392
159
371
457
548
17
338
391
350
182
429
450
295
311
404
550
292
161
360
132
40
96
525
411
378
493
36
403
478
60
203
474
228
189
170
327
179
554
331
233
401
462
193
432
494
442
485
124
242
63
518
220
61
33
612
162
137
259
569
395
476
75
332
189
134
321
583
525
337
533
161
519
493
192
409
188
453
355
351
488
469
446
235
489
510
95
415
485
246
173
153
431
117
605
590
45
491
179
427
434
558
266
286
28
129
408
592
89
444
614
311
252
363
210
495
602
84
23
249
594
137
240
165
237
378
104
219
10
314
407
391
614
553
158
258
256
525
80
280
448
299
31
386
127
413
510
454
164
124
273
137
568
343
250
149
97
560
206
18
304
333
205
563
331
206
94
575
482
294
438
260
289
21
597
306
456
356
439
520
571
291
161
433
121
28
400
127
616
145
105
375
503
391
225
469
79
644
389
150
671
557
175
425
638
723
68
409
641
524
242
640
500
474
454
648
738
332
192
441
234
290
350
548
542
430
668
102
445
535
126
340
704
387
312
191
487
419
588
439
318
436
492
295
683
715
579
641
345
497
162
780
277
305
181
791
371
161
279
756
507
647
277
558
279
264
550
703
627
514
680
229
647
686
421
494
299
538
484
561
590
634
646
265
513
761
169
440
511
459
194
267
494
280
665
670
81
561
420
604
445
597
360
377
204
204
611
680
181
581
871
387
359
564
280
711
845
221
168
297
786
273
433
348
467
460
158
296
54
424
634
473
747
690
275
267
394
601
229
368
589
419
224
445
264
426
618
674
331
366
281
267
747
364
429
361
300
622
311
229
501
474
390
747
491
382
123
826
720
536
635
297
491
91
733
425
625
547
553
653
601
358
261
465
372
52
458

16
200
8
19
7
15
11
13
16
18
11
8
13
14
12
11
9
10
14
14
8
10
7
9
19
9
10
18
12
13
12
9
19
10
7
12
6
9
8
14
7
16
19
18
11
11
11
16
8
9
14
13
8
11
8
6
13
14
18
16
20
14
15
13
19
13
8
11
12
9
15
11
11
8
18
8
16
7
6
6
9
17
8
6
6
18
5
10
10
12
16
7
13
15
11
10
6
8
16
13
18
6
19
19
8
16
17
15
11
15
9
7
18
8
10
12
8
10
11
14
14
18
13
12
6
9
15
10
7
7
10
14
9
8
16
11
17
14
9
15
13
18
13
18
7
6
19
19
5
9
17
18
16
10
18
7
17
17
10
17
14
5
11
12
16
11
8
13
10
15
6
13
11
17
16
15
6
19
6
15
11
14
8
14
15
6
11
11
8
20
11
11
17
6
14
13
17
12
5
12
17
11
0
455
218
486
526
226
315
217
476
505
421
312
63
599
327
130
497
527
180
131
411
456
130
597
51
253
266
109
236
278
401
459
9
66
190
364
235
258
345
331
214
193
592
412
574
143
581
579
122
596
587
494
517
358
376
582
423
316
314
578
233
189
76
474
220
521
237
26
573
262
296
552
8
390
226
356
216
279
292
160
203
312
222
247
406
437
306
261
57
332
64
255
444
523
91
58
557
483
305
381
172
278
206
323
477
590
388
117
429
448
82
166
27
153
208
381
262
291
77
516
71
105
250
98
552
580
288
437
505
439
288
95
168
61
353
158
227
307
278
438
338
411
219
552
484
13
410
251
365
437
91
290
173
63
344
32
333
583
153
296
549
294
20
417
584
290
58
440
67
278
243
423
370
249
8
538
447
409
32
586
485
509
394
202
466
49
367
150
257
470
17
595
362
574
486
351
336
156
90
217
247
496
455
721
713
384
412
401
643
540
445
517
269
794
364
194
607
751
299
186
533
665
331
749
66
276
358
233
343
437
524
552
178
242
319
481
467
379
352
488
466
269
641
580
717
385
692
766
293
677
831
647
719
384
583
710
670
485
350
651
488
272
102
648
341
666
337
193
681
434
323
709
218
402
431
507
248
370
512
238
373
353
447
373
570
454
544
408
268
522
162
301
460
658
204
89
656
511
497
430
294
425
216
490
710
707
455
366
617
582
140
394
97
243
435
404
381
473
175
674
250
211
364
248
638
611
433
483
738
592
463
329
315
272
540
226
398
435
462
549
554
551
322
715
704
204
544
491
560
609
252
309
268
203
487
139
536
674
342
347
677
429
105
461
683
514
176
648
121
340
334
619
620
473
36
602
584
483
108
602
553
751
575
259
503
135
530
297
429
488
184
671
609
662
607
425
515
296
329
356

17
200
8
15
7
8
18
16
7
5
7
18
12
10
18
9
5
8
7
16
17
11
8
14
11
10
19
12
19
6
13
8
8
11
6
6
5
9
10
16
19
11
5
14
12
10
14
15
10
17
5
5
18
13
17
5
13
5
16
12
14
14
19
16
18
6
17
11
18
15
11
5
7
11
9
11
10
15
15
18
19
14
8
8
14
17
7
14
20
17
7
17
20
8
8
14
16
7
7
20
11
10
10
10
18
18
15
11
9
11
11
7
11
7
16
14
16
12
19
11
7
17
16
7
15
12
16
18
8
18
11
18
9
16
11
19
17
12
13
14
9
15
9
7
16
13
8
10
18
18
7
18
15
8
17
19
7
10
6
19
19
10
14
11
19
10
7
13
16
13
20
8
8
5
5
8
10
16
20
14
12
17
16
6
17
15
8
20
15
18
6
18
6
11
11
17
6
5
8
11
6
8
0
402
171
553
199
234
74
42
348
51
519
24
150
34
349
5
489
278
526
381
389
308
158
96
468
102
223
508
589
194
280
358
351
573
27
45
392
224
131
111
303
83
163
504
297
267
274
196
597
440
159
70
184
298
126
86
484
489
252
371
355
318
7
282
184
510
425
210
211
54
221
190
525
272
136
45
59
262
205
56
197
523
558
144
548
128
208
222
430
588
187
336
357
557
587
157
570
13
291
152
58
511
587
308
461
593
55
561
567
444
239
59
461
221
352
593
441
18
504
354
300
575
266
455
590
469
446
584
474
503
400
138
505
29
577
134
38
199
166
244
69
114
184
318
592
240
21
130
215
286
220
580
563
414
132
113
608
317
167
575
562
136
327
379
462
194
473
196
269
478
124
281
39
498
175
583
274
464
65
463
394
120
104
23
333
473
62
469
140
462
47
5
144
525
274
415
236
245
270
48
88
482
263
794
333
441
105
143
465
295
687
109
349
54
357
213
665
412
683
465
519
375
207
193
578
120
427
651
722
251
404
409
589
669
83
210
482
339
155
180
313
102
300
629
326
283
329
377
718
622
211
203
428
502
154
235
688
667
477
465
409
527
251
451
277
601
519
268
435
101
440
275
774
483
303
248
150
333
347
164
399
546
658
395
778
287
441
416
592
708
253
576
530
665
697
182
624
42
354
197
226
694
844
521
706
789
301
724
694
689
329
101
554
410
559
661
490
218
559
413
553
709
329
540
781
576
691
670
523
533
534
157
632
246
652
230
119
440
288
346
276
302
328
466
722
391
48
326
352
480
278
775
712
651
229
162
656
399
267
726
712
288
547
430
581
311
501
447
329
507
165
336
256
536
314
748
437
521
261
675
501
362
240
216
565
521
134
541
202
665
212
183
282
660
475
639
482
416
361
85

18
200
13
14
5
10
12
18
9
16
14
16
14
15
8
8
10
16
11
11
10
6
10
16
15
16
19
9
7
11
15
16
14
14
7
14
8
16
16
20
9
16
10
5
9
13
16
8
12
16
8
16
9
8
9
7
13
8
13
8
13
17
13
7
18
16
13
16
16
11
6
12
12
17
10
14
13
10
7
6
7
9
7
13
15
6
6
7
7
5
17
20
16
5
17
11
13
6
18
12
17
8
6
13
11
15
5
15
7
8
16
18
6
7
19
5
6
19
6
6
15
13
18
8
14
6
18
9
17
16
11
16
12
18
17
15
9
9
13
5
17
18
8
19
16
15
5
7
10
5
16
12
6
12
19
19
17
16
15
14
9
8
17
8
6
6
11
10
13
6
16
6
12
7
12
16
19
11
15
10
5
12
6
17
15
6
16
6
9
16
7
12
19
9
18
10
16
12
12
9
10
19
0
236
20
525
414
441
520
1
345
513
452
534
182
114
590
235
425
481
575
494
423
431
21
358
175
529
2
442
257
406
211
272
53
584
382
11
92
294
87
553
342
281
177
461
278
312
549
370
285
374
486
259
123
17
401
221
549
87
560
226
251
133
353
592
135
454
215
454
584
303
281
93
178
35
241
260
474
474
417
203
413
191
219
592
392
569
533
586
151
351
262
571
427
246
95
419
238
468
171
42
348
501
561
392
28
588
133
424
30
4
342
27
79
490
27
286
252
424
218
414
464
586
276
496
313
534
227
502
50
528
104
545
158
492
478
571
307
251
324
279
521
258
567
448
575
512
555
526
451
457
538
171
242
520
378
229
566
354
443
122
93
402
261
192
140
49
270
63
484
171
489
358
502
380
240
18
467
556
462
142
492
525
293
42
262
345
140
13
9
421
533
63
536
325
87
194
362
298
268
401
120
320
64
544
525
570
682
244
494
608
696
691
356
144
662
462
578
541
632
543
583
618
186
469
197
697
14
454
370
485
345
470
142
823
469
201
340
324
227
605
523
313
319
488
379
490
682
415
293
542
522
350
284
118
630
341
701
98
679
353
401
339
487
621
344
593
409
627
780
497
332
293
196
81
317
446
642
565
584
373
461
334
290
603
580
762
740
648
199
443
387
777
666
484
210
587
402
495
305
264
373
593
730
523
204
606
247
622
153
235
436
270
111
585
144
480
413
479
397
462
613
609
469
577
387
696
364
605
265
645
185
669
389
675
584
703
413
296
372
396
618
395
666
472
813
605
652
547
669
535
754
224
300
680
557
262
610
417
465
210
132
462
394
292
216
91
494
212
516
362
736
558
525
539
385
104
648
687
504
297
690
752
309
244
444
582
207
113
51
487
688
159
619
537
167
412
397
343
460
425

19
200
8
17
10
8
20
19
20
18
11
14
16
20
18
8
17
7
9
6
7
11
17
14
16
16
16
13
8
5
8
14
18
14
13
6
8
19
14
13
19
8
13
9
13
18
10
15
7
16
12
13
14
13
11
11
9
10
9
7
15
20
9
12
7
14
11
5
9
9
8
14
17
13
8
16
18
19
11
6
6
14
7
16
15
7
8
7
9
11
6
13
16
5
19
9
16
20
12
5
16
14
5
17
6
10
15
9
12
19
6
10
17
12
15
20
19
11
12
12
15
20
14
7
20
10
17
13
19
6
15
7
14
8
8
20
12
19
16
17
19
14
10
17
16
13
18
8
16
18
9
11
19
11
20
10
17
9
8
9
7
18
13
10
13
13
16
8
18
18
15
18
10
16
7
6
10
10
18
7
5
18
13
8
11
14
13
7
8
20
13
16
19
17
19
7
16
5
15
19
9
11
0
591
65
331
80
162
613
176
177
100
225
214
587
155
281
431
69
631
330
486
600
17
201
119
532
72
31
90
100
486
535
495
200
387
446
610
416
242
413
275
15
510
139
612
295
86
604
316
597
412
37
510
292
547
554
447
343
481
198
241
265
516
582
504
561
49
458
491
121
83
340
486
559
100
521
516
11
598
535
486
405
46
129
172
591
58
285
367
603
604
580
425
211
301
262
487
581
92
624
467
409
13
206
268
430
0
37
289
79
182
326
343
177
175
107
491
501
433
245
18
417
115
406
575
295
202
550
212
479
18
59
180
607
298
1
443
484
333
381
73
232
437
409
22
300
431
604
367
311
325
194
274
493
215
34
409
255
522
64
181
176
220
275
324
67
514
526
32
13
209
576
425
218
367
123
392
230
68
210
382
333
229
75
205
611
462
318
58
488
235
135
361
565
82
112
104
59
175
227
57
227
714
130
506
277
255
735
400
345
314
459
341
709
395
299
536
177
651
365
525
672
94
365
208
683
289
106
259
350
501
657
657
275
443
592
699
455
274
633
361
143
611
375
699
483
296
722
453
807
535
253
581
413
725
787
635
523
545
323
267
467
540
614
634
734
179
643
595
192
116
401
737
717
337
669
545
272
712
583
650
505
160
205
336
633
242
307
437
690
775
644
432
384
401
483
707
607
229
702
597
636
117
370
454
523
203
215
377
306
266
398
581
428
407
361
532
529
540
340
151
683
290
636
832
472
416
624
425
502
256
215
362
803
532
143
648
601
578
652
130
243
625
655
209
515
468
644
441
321
489
259
303
708
325
158
660
513
561
141
436
351
408
486
560
246
635
668
141
77
362
838
591
241
575
343
517
436
319
415
416
540
290
197
472
683
542
536
238
720
253
208
554
707
173
341
240
177
427
358
76

20
200
13
10
19
6
16
17
18
17
8
13
17
12
8
19
7
9
13
8
15
10
12
6
13
17
16
15
12
16
18
19
16
11
18
11
16
16
17
15
7
13
5
10
17
18
7
10
15
6
9
12
11
7
7
15
6
6
19
19
6
9
20
7
15
7
6
8
10
11
6
11
7
14
15
11
6
11
13
6
15
16
16
15
8
13
6
11
18
14
12
17
20
15
14
19
6
10
14
13
8
14
8
17
13
6
7
5
17
17
9
12
20
18
13
20
20
5
14
10
10
13
18
10
9
19
15
16
5
19
11
18
17
12
7
14
10
9
17
5
20
13
11
20
18
5
19
18
14
11
6
18
20
8
13
20
15
18
8
19
18
9
6
16
9
17
16
13
17
12
17
13
10
16
17
17
17
6
17
9
13
12
19
5
18
6
8
15
19
18
8
14
8
16
15
10
13
5
18
6
14
10
0
439
107
156
5
381
73
292
634
261
264
123
205
328
501
101
504
143
433
208
632
477
631
606
550
437
125
161
159
283
471
273
342
310
575
71
544
517
632
619
586
370
54
380
11
186
82
199
106
262
433
63
634
550
32
164
228
180
108
626
160
294
574
324
635
538
83
616
188
344
260
398
88
448
243
419
73
468
553
67
99
105
495
119
154
428
466
380
65
61
389
625
283
570
533
137
464
581
420
419
28
576
157
13
64
438
532
28
549
222
467
374
553
256
302
208
492
201
551
452
77
189
156
195
578
485
466
152
588
234
440
518
297
36
189
27
261
618
239
132
103
427
235
52
362
362
434
23
177
614
123
393
381
377
137
509
237
74
434
347
589
271
536
536
371
117
162
544
526
332
220
238
367
170
204
127
436
409
457
394
70
518
234
399
553
136
38
50
145
26
437
245
150
528
82
595
45
320
460
571
79
664
251
303
103
586
101
520
844
307
358
173
282
371
747
191
626
388
634
357
776
649
810
696
697
669
387
192
244
367
539
512
562
568
836
225
630
714
866
668
753
399
215
525
128
216
192
349
351
284
592
168
883
589
137
186
394
275
172
884
219
487
619
550
807
663
175
859
438
573
302
564
128
471
261
508
317
488
577
213
159
215
599
275
383
578
643
600
178
208
438
696
396
646
739
168
533
699
564
437
179
811
413
252
132
482
723
300
727
322
538
542
599
350
395
421
584
265
810
693
119
289
236
239
662
524
581
203
606
367
704
783
541
161
304
67
343
629
469
344
202
527
265
184
614
554
672
207
418
718
392
651
639
455
349
710
438
270
500
571
797
475
648
746
530
220
307
686
674
555
287
417
442
275
390
195
658
666
506
523
99
570
269
405
670
167
71
310
271
153
469
355
256
782
101
602
217
427
503
748

21
200
13
9
6
10
9
18
6
6
9
7
12
9
15
6
14
8
6
10
20
12
15
17
7
7
16
10
11
8
18
11
6
11
20
13
18
12
6
10
6
14
17
14
14
19
11
10
17
5
16
5
18
15
9
7
6
17
6
14
14
15
18
7
20
19
15
11
14
9
18
7
14
14
8
11
17
6
13
9
17
9
8
14
9
17
19
6
16
10
16
6
19
11
14
14
14
15
15
8
16
19
13
19
9
8
11
8
15
8
6
10
17
5
14
9
11
19
17
5
16
5
8
13
9
8
20
14
10
8
20
16
19
10
16
8
16
17
11
18
8
13
14
5
14
14
7
12
16
16
17
15
16
11
5
10
17
16
11
8
14
15
6
10
12
8
15
12
13
7
12
8
17
5
10
15
7
15
9
10
6
18
13
12
7
9
6
11
7
10
19
8
17
8
8
19
19
18
7
12
5
6
0
563
152
199
278
164
471
134
38
227
365
492
359
77
84
181
467
162
38
174
93
197
469
81
282
103
506
176
376
474
413
385
521
207
424
588
239
563
566
312
20
158
242
372
67
307
186
349
158
436
178
451
120
5
525
441
132
384
66
591
319
448
535
348
66
219
465
245
106
349
405
376
15
442
266
362
178
114
395
92
237
422
342
204
106
14
346
395
347
336
106
496
215
525
454
594
336
502
117
391
548
54
335
27
471
485
583
176
506
201
543
66
75
368
529
175
355
56
588
513
562
8
32
22
411
411
10
558
187
457
136
99
311
3
127
105
211
381
461
366
140
470
480
276
404
18
461
158
445
353
137
113
582
137
167
142
528
203
256
218
435
173
401
477
402
316
165
200
18
317
82
534
425
20
72
75
332
405
176
188
419
325
280
250
378
362
555
281
53
390
472
92
272
430
512
488
499
312
256
442
112
802
375
418
361
234
636
359
179
340
388
717
450
236
313
241
508
336
202
228
162
238
697
105
399
237
671
396
455
603
510
519
631
354
551
768
449
608
641
462
212
261
293
609
134
370
381
394
183
485
301
514
131
206
696
649
340
472
182
627
565
604
763
534
100
256
641
476
346
423
625
559
132
610
350
514
397
192
474
281
268
665
374
413
344
159
595
626
414
549
156
721
408
713
628
662
578
641
136
532
782
248
411
246
565
649
744
348
609
328
734
158
185
383
726
347
425
264
772
743
640
49
89
77
485
495
158
788
378
706
253
303
564
77
259
248
299
607
675
434
355
509
607
361
486
163
526
361
695
538
348
183
622
184
335
227
718
321
373
370
530
335
502
628
435
409
283
208
167
558
168
714
657
86
280
270
453
627
336
372
433
559
359
293
409
426
786
499
186
404
511
294
327
675
750
517
720
325
296
583

22
200
14
17
15
7
8
10
8
18
17
13
18
9
19
19
8
18
17
16
8
6
10
12
12
8
16
12
14
16
19
5
14
11
6
9
10
15
5
16
20
14
12
6
9
17
7
16
12
12
6
8
18
10
6
17
12
8
18
19
13
15
13
16
19
13
7
14
6
6
12
11
15
19
5
10
13
19
17
7
9
6
8
11
9
14
7
18
6
9
16
8
10
9
16
10
8
19
6
6
10
13
11
19
14
14
8
9
9
17
18
11
15
12
13
7
18
9
17
6
8
13
15
9
6
8
10
10
12
13
12
6
5
13
13
14
11
12
5
5
8
18
7
16
17
15
18
12
18
5
7
13
20
9
11
11
13
18
5
9
20
7
9
9
13
19
9
8
14
7
17
17
18
7
6
15
19
9
9
14
5
19
5
19
11
14
18
19
18
16
8
6
18
10
13
10
17
8
18
11
16
6
0
147
59
150
504
556
413
58
579
592
518
326
396
18
380
329
307
229
196
492
533
596
255
218
523
450
179
271
22
190
195
214
489
89
271
496
437
518
424
384
200
362
428
120
43
351
440
330
523
253
155
419
441
270
417
425
92
398
93
246
342
265
560
107
412
429
364
389
558
430
247
476
494
601
494
174
331
517
550
329
306
488
327
175
65
178
514
108
377
161
95
165
223
480
431
500
577
235
272
171
588
77
76
511
479
194
602
386
514
495
323
430
90
389
93
564
152
42
334
56
367
513
415
84
245
446
522
4
487
551
27
507
490
318
496
84
319
0
125
370
92
131
370
159
250
181
130
303
487
51
58
474
197
595
175
381
29
245
137
257
189
181
352
574
475
72
82
12
123
448
340
62
12
345
492
261
506
258
8
234
500
263
265
383
552
316
398
547
45
430
176
512
274
508
263
473
395
536
212
527
231
295
157
284
617
612
534
195
803
838
773
461
600
38
435
356
423
388
361
656
703
694
319
240
569
491
220
294
179
341
308
255
645
260
518
714
632
575
578
578
409
401
612
227
169
475
607
447
713
408
239
453
547
485
625
644
139
656
177
483
382
479
799
173
481
608
387
524
780
531
435
621
732
715
746
418
414
574
730
405
512
563
503
427
149
285
652
152
429
313
300
225
297
699
468
674
731
342
365
335
812
206
149
572
598
357
777
577
721
628
572
466
186
526
168
718
357
56
473
250
578
608
576
140
337
662
761
236
597
794
203
678
608
537
529
132
412
202
346
580
125
230
551
269
508
359
239
490
640
219
218
628
361
841
414
567
81
418
384
399
258
379
419
763
612
265
305
216
296
539
549
249
194
482
685
446
599
332
194
444
509
476
299
551
579
439
656
579
293
440
279
563
447
638
303
575
555
597
428
692

23
200
8
16
17
15
13
13
15
16
18
6
7
14
14
19
8
18
10
20
9
8
10
10
6
10
6
6
16
18
12
19
19
7
16
5
11
9
18
18
15
19
19
7
13
13
12
7
14
8
17
8
11
12
9
17
14
16
18
17
13
16
10
13
15
18
6
10
11
15
11
13
15
6
18
5
20
15
19
10
16
17
13
19
6
18
7
13
7
20
8
7
10
10
18
10
10
9
15
7
12
14
8
12
8
17
18
8
16
9
19
11
14
14
13
8
9
18
16
10
13
17
9
18
19
9
6
11
18
20
6
7
17
10
18
10
10
18
20
16
10
13
16
16
5
18
18
12
7
12
11
15
10
19
7
8
9
18
12
16
15
15
16
12
11
14
10
16
20
19
9
18
8
18
18
14
9
13
11
10
16
8
15
20
15
7
16
11
13
18
17
19
7
19
19
11
14
16
18
16
14
19
0
408
652
58
262
323
130
310
617
499
569
422
73
368
280
212
153
632
72
7
477
318
342
602
265
557
330
636
390
157
323
260
326
562
644
622
453
22
184
158
112
474
139
200
568
390
590
548
651
378
203
124
130
48
463
434
567
438
433
37
322
385
520
74
378
463
579
517
576
245
335
617
316
553
595
296
372
381
75
202
194
170
123
444
461
441
344
329
16
261
19
436
231
304
152
149
9
528
30
528
406
518
202
372
81
396
490
619
580
509
367
349
21
391
154
164
108
499
516
174
433
641
31
480
399
544
122
563
471
453
70
232
67
631
571
509
254
262
532
524
6
550
330
622
80
52
148
552
24
150
52
287
373
163
284
233
146
28
537
507
406
532
642
620
31
646
115
578
386
344
299
125
442
548
653
431
338
72
139
352
201
241
509
100
384
634
121
517
452
577
44
263
450
338
560
160
464
231
648
555
27
471
753
191
310
398
372
434
685
765
715
588
215
617
294
285
314
857
234
129
494
462
519
829
511
579
400
673
628
429
564
344
402
694
742
648
518
284
391
343
175
726
361
311
746
623
804
571
781
454
264
363
349
201
498
658
672
617
656
161
549
434
554
225
504
589
770
709
623
309
608
723
461
572
854
437
474
610
274
430
229
417
353
671
492
690
518
531
25
333
204
549
366
467
367
268
79
794
271
564
639
720
419
490
156
504
519
786
771
708
468
420
163
658
344
210
261
519
630
344
446
905
84
571
431
665
362
746
728
706
257
306
274
802
615
533
399
499
719
699
97
783
581
827
266
298
183
782
98
360
107
350
509
319
500
412
339
90
800
618
475
552
670
704
211
759
323
685
499
432
445
286
560
799
812
541
495
285
364
401
458
318
688
322
554
886
271
772
641
803
187
427
596
588
693
287
503
484
682
578

24
200
7
11
14
14
15
6
6
19
9
16
16
11
17
6
7
13
12
15
13
19
20
14
17
16
11
7
11
7
20
13
13
11
19
19
9
6
10
18
6
16
19
16
7
7
14
10
19
6
11
12
7
15
7
10
17
7
12
7
18
20
19
20
7
13
20
10
6
11
8
9
19
19
13
16
13
20
13
11
20
15
14
17
9
6
8
8
10
15
11
9
19
15
18
10
16
6
13
7
18
11
12
15
19
6
10
13
17
16
13
8
5
10
10
7
16
12
15
15
19
17
17
17
6
8
11
8
20
9
19
15
17
16
7
16
19
15
12
18
20
11
18
18
14
16
18
15
19
8
15
17
19
16
11
19
6
12
15
13
10
7
12
8
10
12
11
15
16
15
8
9
12
6
11
6
20
8
15
16
11
18
18
18
13
10
19
16
18
17
9
14
20
10
13
19
8
15
8
6
17
15
0
420
242
574
40
371
545
205
423
653
244
13
56
268
493
421
73
53
130
526
312
255
105
604
80
296
653
185
374
25
567
344
74
107
373
122
515
168
447
307
463
204
464
579
494
614
373
610
110
464
118
305
46
463
281
591
299
453
203
619
441
510
334
620
608
27
143
394
559
620
294
66
427
20
431
276
573
458
606
584
224
397
324
456
155
300
621
317
609
454
522
471
355
613
502
620
500
398
369
407
9
415
264
426
268
406
47
214
403
291
536
512
65
408
555
418
527
262
453
652
525
613
173
287
602
345
546
116
597
151
500
18
115
550
144
223
367
380
463
377
193
298
426
424
369
418
554
465
500
539
27
361
643
611
276
143
464
65
210
46
213
199
576
576
265
408
643
113
229
287
150
278
258
357
152
202
336
368
7
404
167
360
508
29
27
151
581
300
632
478
155
549
399
166
577
342
602
373
117
610
182
628
310
696
198
392
753
321
533
758
458
113
224
518
524
473
137
172
191
764
568
277
122
745
99
444
832
344
420
247
763
403
113
157
413
222
668
414
689
381
553
466
580
624
556
848
546
700
211
489
320
402
285
512
412
799
444
630
469
889
585
780
565
705
832
77
240
500
656
733
481
92
681
135
503
447
767
661
695
809
240
629
569
496
281
504
834
401
782
490
667
706
567
683
609
714
681
539
435
630
29
578
395
624
471
597
149
353
642
434
681
681
177
514
807
641
613
288
643
748
697
750
399
478
807
438
641
196
665
397
732
128
351
789
189
258
584
638
681
629
376
493
496
580
474
545
806
513
564
755
77
380
739
707
420
229
604
206
272
256
380
463
681
839
354
490
896
275
439
346
288
371
285
422
310
255
442
566
260
488
235
423
682
114
138
226
845
480
669
622
177
643
594
328
799
576
836
461
263
751

25
200
6
14
10
10
11
16
7
18
14
19
19
12
12
6
5
17
18
18
11
5
19
15
6
7
20
11
6
12
10
6
19
19
16
11
7
20
6
8
20
17
18
20
18
12
9
17
13
6
17
20
7
6
12
17
6
10
14
9
5
16
13
7
15
16
11
15
13
11
13
9
14
18
16
14
12
7
6
8
18
9
13
8
8
15
9
9
7
15
10
5
10
14
13
15
14
13
12
16
6
7
14
6
17
16
8
15
10
16
12
15
7
12
10
9
16
20
8
6
19
15
15
14
14
12
13
9
20
16
19
16
9
5
6
10
17
20
7
7
7
15
10
7
16
11
5
5
15
11
7
12
10
18
16
17
12
19
18
8
12
13
11
5
12
6
19
7
10
17
19
18
10
18
12
6
15
17
6
8
16
15
8
13
16
9
9
15
10
19
6
6
9
20
8
19
6
16
12
9
12
9
0
455
464
198
130
58
263
46
546
339
365
469
456
414
471
521
588
449
61
306
424
497
124
444
464
191
485
91
336
536
9
368
159
179
538
268
88
225
453
467
560
218
101
252
593
559
96
560
346
107
64
175
396
554
233
512
270
217
600
555
304
453
77
408
194
609
130
533
152
436
32
497
475
547
467
140
538
309
160
301
375
213
435
511
346
202
554
544
212
370
557
205
468
412
571
573
527
566
489
455
261
418
576
448
116
171
198
418
195
102
107
348
238
399
602
137
298
133
384
364
354
1
17
215
514
289
180
65
44
492
440
48
524
609
321
271
397
166
489
95
250
476
315
330
586
86
10
258
445
525
561
48
15
82
489
479
298
58
360
164
550
11
48
490
610
318
269
163
266
180
113
563
341
229
263
127
103
319
564
194
546
432
420
527
214
154
450
226
458
396
448
567
53
364
7
460
363
171
525
570
153
571
595
250
251
108
417
253
718
397
594
651
678
508
567
754
607
530
163
493
676
610
172
694
520
260
659
267
508
653
147
529
416
284
737
288
108
337
532
695
774
257
123
327
797
718
339
684
416
302
139
294
582
762
456
716
377
297
681
623
443
554
229
609
258
765
177
643
318
624
70
634
693
794
627
294
580
386
398
409
389
426
455
764
578
301
656
568
436
561
595
445
659
566
793
685
708
592
659
535
444
600
700
482
293
216
421
491
362
250
182
557
284
532
695
313
484
358
576
589
489
91
118
293
571
457
358
297
207
625
578
172
544
668
356
402
441
314
520
250
325
627
488
400
647
151
206
445
601
601
676
261
243
164
582
649
318
174
564
410
776
77
276
665
830
361
361
392
466
432
268
810
434
432
298
309
256
385
584
305
625
569
593
729
329
313
550
304
621
623
610
778
136
472
244
608
463
348
561
813

26
200
17
14
15
13
11
16
8
12
11
10
18
16
17
18
20
8
11
19
17
10
17
7
6
19
11
12
19
13
10
7
16
17
10
11
17
13
10
6
9
12
13
5
6
16
11
15
15
16
16
13
6
19
12
12
13
11
12
20
8
8
15
17
9
17
10
20
9
20
9
15
17
16
16
12
10
9
15
11
9
14
8
11
13
7
19
9
19
14
14
16
19
17
14
12
6
18
11
15
13
17
13
13
7
19
11
12
14
7
13
17
7
10
11
6
16
15
15
8
17
9
14
13
13
14
13
17
7
8
5
11
7
17
19
18
20
6
19
12
14
6
6
15
20
20
15
18
5
13
15
19
7
15
9
13
11
16
11
15
20
14
10
15
12
17
11
19
15
13
8
15
9
15
15
5
6
17
5
15
5
9
18
11
12
10
18
17
17
10
8
8
16
6
11
17
7
12
8
8
19
7
0
123
500
325
270
87
600
188
435
282
24
126
402
524
408
613
209
482
521
190
179
153
345
582
46
8
411
447
189
570
256
99
28
259
168
175
492
240
496
603
487
362
127
113
38
73
569
84
28
541
602
178
333
113
93
431
353
455
495
452
540
154
160
150
603
166
130
339
23
430
620
589
418
551
25
354
6
469
327
100
203
601
45
158
519
582
332
421
508
545
252
510
299
241
456
358
534
587
225
179
294
368
85
412
230
361
61
615
522
588
18
452
240
377
497
465
537
401
225
28
324
359
238
402
291
436
571
47
100
213
72
360
115
582
21
37
187
445
359
47
461
124
79
630
548
88
188
172
128
508
312
348
513
479
145
564
2
522
32
154
478
148
350
285
156
503
379
410
171
33
184
375
558
232
406
467
515
450
327
291
252
104
594
256
128
68
88
177
135
465
384
42
545
81
237
17
387
379
572
257
146
192
714
397
364
233
750
252
617
340
291
372
630
737
641
720
380
528
777
342
218
323
381
621
89
99
675
571
230
577
316
341
202
411
235
387
513
246
514
669
577
437
358
193
255
319
717
308
150
554
638
325
485
140
190
531
524
693
589
674
699
417
379
205
793
237
232
363
260
569
736
625
682
672
59
410
164
527
453
245
288
822
269
401
644
790
382
553
730
717
322
634
466
436
561
583
581
624
430
392
472
609
110
600
328
600
106
726
588
726
94
681
362
483
734
649
657
629
378
179
483
429
476
520
510
649
727
310
309
460
205
606
385
709
220
135
330
634
409
222
668
376
290
839
656
183
370
335
187
696
515
434
564
519
253
594
185
772
118
264
724
211
457
375
292
673
409
446
406
211
442
574
631
489
622
638
531
703
440
455
330
323
649
475
218
201
195
354
293
537
513
85
604
138
458
247
563
424
610
344

27
200
12
10
7
11
11
10
14
11
18
12
18
15
6
8
9
19
5
9
7
13
18
7
10
5
15
18
20
13
18
7
18
5
11
7
15
12
20
6
10
14
13
17
10
15
19
7
15
17
18
9
14
20
15
7
8
9
17
8
14
11
12
19
14
15
13
7
12
18
16
10
11
10
9
15
6
16
9
19
9
8
16
5
13
12
7
9
13
16
12
15
5
10
15
7
16
11
19
11
19
12
7
17
11
20
15
13
15
17
6
11
6
14
19
18
6
10
9
16
6
14
5
17
11
11
13
14
17
17
5
13
8
8
15
9
6
17
15
17
15
18
11
14
6
15
7
18
8
6
5
19
12
18
6
14
11
17
7
14
14
18
17
6
6
20
16
18
8
9
16
12
20
8
11
18
16
17
12
19
12
7
8
16
17
18
16
8
11
12
11
13
18
9
14
9
18
18
14
5
19
15
0
388
202
250
488
501
510
223
10
350
456
141
5
312
36
93
291
350
150
317
423
57
64
436
182
63
142
430
500
305
227
232
346
335
48
173
509
286
166
392
418
152
448
189
156
390
210
473
103
261
157
225
332
27
247
171
334
299
468
199
565
276
566
576
139
63
68
395
299
33
258
176
467
555
70
172
265
60
88
36
581
397
338
200
154
545
434
580
162
163
288
77
145
302
554
37
246
210
383
86
620
118
436
151
469
147
582
225
79
231
229
398
164
583
117
247
33
81
365
93
148
252
481
91
567
323
522
280
213
418
349
82
373
233
530
362
446
278
602
270
621
503
113
142
132
276
35
153
134
175
584
372
478
160
535
54
40
223
353
564
544
579
437
378
359
12
543
326
124
44
488
11
425
416
23
453
215
435
495
118
15
432
555
41
420
366
427
190
556
450
106
244
199
219
356
126
146
281
31
283
87
418
394
337
719
542
692
277
218
521
677
206
213
478
264
244
374
498
406
533
587
122
79
451
335
227
283
499
747
534
485
466
519
553
308
219
608
357
200
602
456
323
541
433
405
469
377
515
269
456
252
315
445
140
450
214
595
477
617
369
826
413
693
742
251
105
183
416
503
57
421
415
608
666
160
342
462
266
116
59
828
435
595
220
307
739
541
626
303
202
448
100
379
368
734
143
324
259
587
118
868
237
643
192
668
185
746
304
266
491
375
622
248
627
132
272
157
225
380
254
313
444
587
287
827
369
786
358
315
549
466
130
582
269
657
622
701
379
781
391
703
750
269
163
163
407
137
408
228
194
659
461
568
362
611
229
247
237
402
675
710
607
636
576
383
246
763
435
377
71
720
110
664
526
49
560
337
549
670
158
182
538
773
90
468
607
559
279
769
616
146
272
251
332
570
360
314
356
124
387

28
200
20
15
9
5
7
5
5
16
18
12
9
11
15
15
16
8
6
10
6
5
13
14
6
18
18
9
9
11
12
18
13
20
19
19
18
19
12
12
18
9
11
17
13
12
19
18
12
15
17
11
16
15
14
14
15
10
6
17
19
16
12
6
13
14
6
5
9
10
13
9
10
6
15
16
10
13
18
17
13
19
10
6
7
16
12
6
15
9
15
16
5
20
14
8
14
14
11
13
19
7
18
18
10
13
18
6
12
14
19
10
18
13
11
15
14
13
18
10
8
15
6
6
17
18
19
12
8
15
8
13
7
17
7
14
7
9
14
7
13
7
16
7
15
8
7
18
8
18
11
16
14
13
7
7
7
17
11
6
8
14
12
11
17
14
6
15
9
19
7
12
17
12
15
16
11
16
9
16
18
9
17
11
14
9
12
19
18
18
8
5
17
8
16
18
18
11
9
8
13
9
0
95
78
307
257
297
422
495
77
48
561
215
597
467
335
35
131
596
349
258
504
217
168
144
371
607
194
495
381
357
207
597
219
590
379
272
348
429
234
565
349
185
120
29
441
619
55
160
580
111
478
66
578
612
427
166
37
438
160
4
282
413
612
608
199
190
464
208
58
605
82
22
213
151
615
154
20
195
614
432
100
121
364
7
175
166
16
519
604
5
477
399
460
223
8
130
297
352
496
405
549
622
105
487
591
469
4
611
50
327
24
93
497
373
295
616
351
249
609
99
539
311
172
381
586
301
131
371
177
363
268
392
266
297
379
6
623
120
255
34
410
291
616
438
544
322
193
414
67
376
63
480
283
190
400
393
117
560
156
210
227
468
452
184
568
95
301
552
175
291
461
46
134
6
282
435
365
377
231
288
574
81
559
282
375
56
69
113
170
303
449
581
305
620
98
288
93
496
456
522
203
110
324
415
482
317
672
702
167
72
654
370
774
549
536
115
217
619
441
397
675
273
200
197
536
806
357
684
551
425
268
763
351
799
500
350
460
579
255
780
484
346
208
289
612
722
303
334
795
352
598
268
686
850
645
184
233
466
278
125
418
471
780
654
378
255
697
338
129
727
319
45
447
276
814
284
229
384
803
485
195
365
569
184
250
335
67
762
679
111
531
603
608
401
191
332
523
480
659
629
679
829
345
743
671
577
169
762
254
511
75
283
622
623
398
838
538
371
695
231
653
506
219
548
657
441
368
389
315
622
282
634
470
434
438
88
784
329
311
179
630
492
691
585
745
391
298
612
258
474
185
624
513
399
577
587
281
724
367
413
337
701
532
415
736
291
523
588
190
422
516
205
381
113
532
491
400
542
395
414
616
184
705
363
470
232
287
275
307
308
651
615
410
838
274
506
122
638
675
686

29
200
18
17
15
13
15
19
7
9
11
13
6
6
8
15
13
8
14
18
17
12
10
14
20
12
12
18
20
15
17
6
5
13
13
15
9
6
9
5
11
20
16
18
9
8
6
11
9
6
17
15
11
12
7
12
16
13
18
17
12
19
8
12
8
16
15
13
18
15
15
7
13
14
12
6
7
11
11
15
13
17
5
17
16
10
16
14
6
9
19
16
17
6
8
18
6
10
6
11
17
12
11
17
5
15
19
7
6
20
12
16
18
17
15
11
11
17
11
8
20
18
7
12
18
10
14
13
9
17
13
15
17
14
16
15
10
8
17
13
15
5
11
17
19
14
7
10
9
8
8
9
11
20
7
9
8
14
15
16
9
18
7
12
6
16
12
11
16
9
15
10
6
11
17
7
7
7
8
17
16
16
19
19
7
10
18
19
14
15
11
16
12
13
9
10
7
13
7
14
15
10
0
344
92
569
464
6
8
538
282
386
472
373
204
510
313
566
9
77
507
172
31
291
496
116
48
95
218
619
217
600
609
90
111
284
12
35
297
600
495
234
28
208
286
599
487
604
51
209
271
86
482
564
63
95
192
436
50
250
93
601
173
490
159
203
488
367
376
542
502
192
512
536
380
299
519
264
375
16
584
595
147
106
129
329
558
263
393
71
244
437
555
530
157
60
120
110
281
196
38
65
450
211
298
250
85
207
186
603
58
197
212
123
220
409
31
376
194
553
104
292
88
563
161
521
607
30
357
366
474
93
57
576
618
621
118
619
562
201
507
610
218
512
368
257
4
122
476
620
5
513
219
442
464
10
297
317
573
282
134
222
356
479
575
556
102
548
250
332
283
25
537
156
148
112
15
528
434
336
210
605
267
97
405
428
557
131
184
541
218
485
605
115
12
0
194
613
358
153
373
514
175
418
221
827
581
196
16
711
342
547
552
430
409
642
465
613
164
296
772
262
117
340
693
298
192
320
374
777
316
607
686
248
261
495
59
236
380
678
737
481
188
332
471
803
519
616
212
412
292
171
591
739
224
190
297
541
268
369
218
733
263
684
173
324
654
573
401
721
546
351
579
693
436
369
561
325
423
196
686
650
348
191
353
366
795
471
611
245
468
460
668
738
226
238
219
336
407
308
227
85
677
452
387
394
259
330
373
708
192
460
330
321
409
562
90
467
328
705
163
533
308
611
235
592
755
199
603
469
521
119
144
772
713
656
321
759
783
359
549
742
347
578
475
492
222
162
703
689
166
640
302
536
582
111
402
521
697
351
239
289
566
546
700
815
121
741
279
415
534
108
661
270
223
157
240
766
595
361
431
718
333
333
483
441
680
267
402
748
470
651
704
293
28
164
321
729
450
187
567
626

30
200
12
12
13
8
15
11
15
6
15
13
13
13
19
18
8
6
18
11
20
6
19
15
13
18
14
6
5
6
11
5
10
11
8
6
13
9
12
6
11
10
19
7
19
5
11
6
7
12
9
7
19
19
19
18
16
19
14
14
11
11
5
7
14
14
6
9
8
16
7
20
18
17
15
9
14
11
18
20
9
5
7
6
7
19
9
10
14
16
11
9
10
10
20
13
6
11
11
11
19
16
19
16
17
11
11
17
14
17
11
13
15
13
14
12
16
7
7
5
20
9
14
12
9
20
16
7
11
19
18
19
13
7
17
10
6
18
18
13
13
15
17
13
14
15
16
19
10
20
11
9
16
7
8
15
19
7
12
12
11
11
9
12
9
6
14
16
12
6
7
13
13
17
17
8
9
19
7
8
5
10
18
9
15
7
11
12
18
18
9
15
16
18
18
17
8
6
5
9
18
12
0
334
592
159
360
487
337
581
561
375
36
275
227
591
507
454
494
436
369
522
346
542
332
140
89
578
551
413
33
191
59
118
434
484
133
533
401
571
174
539
582
125
352
528
513
588
205
484
405
513
23
256
114
587
386
392
106
189
501
398
268
429
618
235
129
457
494
51
58
130
429
247
208
176
556
592
469
557
569
490
55
529
536
333
7
512
24
498
417
587
507
388
598
64
245
241
205
375
229
107
257
252
463
538
184
307
233
9
387
394
208
458
250
74
201
452
459
413
356
375
191
90
201
397
511
159
231
135
204
532
466
568
319
37
42
409
577
468
304
504
192
477
616
398
504
148
504
25
296
247
424
576
394
283
554
152
369
408
415
554
227
159
574
388
436
303
577
116
159
166
547
421
61
433
598
337
268
69
553
30
455
458
294
438
78
450
153
324
164
368
423
296
318
517
16
92
431
495
171
552
60
473
692
281
544
645
592
715
647
614
116
502
352
653
691
681
550
466
453
551
421
588
460
172
287
810
640
631
195
413
241
189
583
554
357
677
452
679
283
715
677
158
575
565
743
594
412
614
415
747
281
302
203
631
582
599
354
227
592
572
515
533
739
435
166
603
626
277
73
371
515
300
303
293
712
607
694
641
789
615
274
766
681
413
174
560
244
695
652
661
658
644
799
273
349
488
338
565
387
325
330
406
554
575
217
551
420
83
501
603
363
709
466
109
311
638
692
589
575
425
284
245
420
624
580
241
279
257
278
643
592
680
342
220
252
614
655
694
451
522
251
545
716
659
737
326
745
114
337
478
519
651
598
417
590
328
422
653
650
747
428
268
773
439
494
419
800
202
251
389
708
467
89
677
665
528
508
106
775
86
644
653
486
520
293
637
247
481
356
505
571
449
461
771
82
130
636
636
201
582

