1
20
14
12
8
19
20
18
20
16
11
8
13
8
13
11
17
13
12
6
10
10
0
55
39
33
42
6
33
42
44
4
24
58
5
29
34
33
65
39
51
63
27
68
71
60
87
47
72
74
72
24
62
79
28
52
62
68
98
66
61
77

2
20
6
15
9
11
10
16
9
19
6
7
12
9
14
8
18
7
9
13
11
14
0
49
34
33
30
25
36
14
34
12
6
29
52
11
9
42
39
38
45
54
9
73
61
48
47
56
47
33
60
24
38
38
79
26
39
50
48
71
62
79

3
20
12
17
7
14
11
6
6
10
12
8
15
16
16
15
10
15
7
8
19
13
0
37
27
44
0
6
59
37
40
28
33
25
15
34
21
51
49
57
47
9
14
74
49
79
32
14
79
50
58
38
52
48
45
49
48
83
58
87
81
41

4
20
15
9
10
10
6
13
13
16
19
17
18
9
13
11
17
19
17
14
12
8
0
50
64
49
43
23
57
13
64
42
23
53
55
26
52
37
28
66
16
38
40
73
79
84
63
57
70
54
100
75
56
78
77
50
91
70
69
80
47
50

5
20
12
12
20
17
19
8
8
17
8
16
7
15
11
12
8
7
7
13
7
12
0
44
51
11
48
48
25
21
9
48
47
13
20
37
3
52
40
2
22
39
32
63
79
50
85
67
42
54
34
72
74
37
35
60
30
70
47
33
50
62

6
20
18
15
5
16
14
17
9
13
11
17
11
8
19
15
15
18
14
12
7
16
0
15
53
36
1
66
55
65
31
36
51
66
40
51
27
64
40
17
41
41
37
45
72
70
36
95
72
98
56
66
65
88
84
80
44
101
69
37
56
76

7
20
6
18
9
6
12
16
16
19
6
16
17
6
17
14
6
16
9
6
10
12
0
54
50
52
24
9
47
6
14
1
36
17
35
2
54
7
9
21
23
54
13
80
77
65
38
34
82
27
43
26
70
26
53
25
75
44
32
49
42
84

8
20
10
16
19
14
6
7
16
7
18
17
8
18
13
12
13
8
18
14
7
17
0
0
54
47
8
23
51
47
62
6
51
6
21
53
34
9
54
45
63
48
21
21
96
71
22
54
76
63
95
46
83
33
35
73
50
32
97
75
78
83

9
20
12
17
7
18
20
6
13
19
8
6
6
15
8
18
20
19
11
6
19
17
0
2
21
18
6
32
38
53
13
31
58
41
62
38
45
24
59
14
1
29
33
35
48
58
35
60
76
96
37
39
74
56
90
80
85
67
86
25
29
51

10
20
13
13
11
15
14
19
16
15
17
15
20
8
20
14
12
14
7
18
7
19
0
70
71
31
16
38
1
33
39
8
13
22
45
7
23
15
70
50
5
3
16
94
83
74
35
70
27
70
75
38
58
47
83
31
43
49
82
81
15
23

11
20
10
12
18
7
9
12
6
16
10
18
19
15
18
17
10
12
9
6
16
12
0
9
22
53
7
8
58
55
52
24
24
18
54
45
23
29
34
16
41
9
34
45
57
68
31
40
74
85
73
58
51
38
77
63
48
58
66
42
70
28

12
20
11
9
9
14
14
15
9
17
9
14
17
8
12
14
11
14
7
18
18
5
0
29
61
40
59
51
26
47
34
50
33
52
49
5
3
28
29
37
34
30
19
41
73
66
95
73
40
67
60
72
67
63
62
33
20
46
55
56
53
44

13
20
16
7
14
11
8
13
6
13
10
16
6
5
10
18
16
13
8
6
10
16
0
24
23
4
25
15
25
55
46
13
43
44
25
44
44
37
19
0
26
21
24
47
42
23
47
37
40
71
75
29
67
66
52
63
73
61
34
12
38
58

14
20
9
10
17
9
7
8
7
17
17
11
15
5
8
13
8
20
5
8
14
5
0
52
37
19
46
41
33
7
29
30
4
18
23
5
53
1
4
53
47
1
18
73
58
45
73
55
54
43
65
51
34
29
48
27
71
36
14
78
77
12

15
20
13
8
13
9
6
12
13
11
16
16
15
20
13
7
19
16
5
13
9
11
0
31
13
48
29
5
10
60
45
4
60
48
27
48
42
58
36
59
29
8
32
52
36
73
35
25
45
88
69
43
95
80
42
67
64
93
43
73
46
37

16
20
14
17
20
15
18
13
14
14
14
13
19
13
9
19
11
7
14
14
7
9
0
30
28
33
57
6
7
1
57
10
6
33
49
7
19
23
0
2
54
56
39
51
68
61
77
42
23
23
84
44
35
65
62
51
56
31
35
41
85
73

17
20
15
15
9
10
17
13
19
11
7
9
15
14
15
12
17
13
19
13
6
5
0
17
11
14
18
27
46
5
25
9
42
54
19
43
44
48
55
7
53
22
22
55
21
25
46
53
77
27
37
38
66
91
52
59
82
61
83
41
79
30

18
20
14
16
19
11
6
19
10
12
12
20
9
16
18
20
18
17
6
13
13
16
0
35
4
39
44
60
5
34
5
22
59
9
29
9
43
65
19
34
6
53
21
72
48
72
67
103
32
50
33
58
89
40
53
32
81
86
52
51
19
75

19
20
7
6
12
16
6
14
19
9
16
7
14
5
20
14
11
18
18
14
15
13
0
6
17
30
59
50
37
29
22
43
45
11
49
25
37
32
46
16
4
6
10
22
40
55
74
72
58
43
48
73
69
33
83
60
66
53
82
48
24
36

20
20
10
12
16
18
11
10
11
10
7
19
16
14
11
9
14
8
6
18
16
10
0
60
27
17
59
49
22
53
17
25
50
7
22
25
49
56
40
50
56
58
33
73
43
36
70
64
51
78
32
49
68
28
53
47
77
88
53
90
94
88

21
20
15
5
7
6
8
16
8
5
7
11
13
11
6
15
10
20
9
12
16
8
0
43
12
24
37
47
38
51
6
15
26
43
7
10
7
13
43
22
35
3
20
49
37
47
60
65
48
67
23
31
47
62
31
31
24
38
58
53
63
21

22
20
5
6
10
9
12
18
18
6
16
7
13
14
5
12
15
7
15
5
15
10
0
3
9
54
24
54
2
53
42
34
26
41
34
46
25
4
14
45
53
45
26
9
37
77
36
73
31
74
78
57
49
66
44
63
44
23
47
63
68
64

23
20
6
13
8
11
6
12
5
13
18
13
17
8
16
15
19
12
11
10
11
10
0
11
19
51
54
40
4
53
6
8
40
49
7
12
10
2
12
56
38
52
16
44
31
83
75
62
19
71
32
37
59
70
36
35
38
16
28
89
65
80

24
20
5
7
17
17
12
7
19
19
11
20
17
18
15
8
14
19
12
16
19
12
0
54
64
68
44
60
11
66
60
53
31
45
45
24
10
28
57
71
52
38
5
81
83
92
67
95
43
111
93
83
64
75
84
37
45
67
77
92
94
64

25
20
11
18
7
15
10
14
17
16
12
7
16
19
15
12
15
5
14
11
10
14
0
22
43
18
3
18
9
63
33
33
13
64
37
46
59
14
55
64
51
14
31
65
62
52
23
41
36
93
68
48
46
90
60
79
77
37
86
83
65
32

26
20
16
10
19
15
10
11
11
14
13
17
13
18
11
9
13
12
12
16
19
20
0
37
68
60
53
7
34
12
0
3
15
59
63
1
63
65
12
60
48
50
20
57
90
75
81
18
70
51
19
45
44
103
89
17
93
102
26
80
89
88

27
20
17
13
17
17
13
11
15
11
12
17
13
11
16
8
13
17
18
7
6
9
0
35
60
56
51
18
20
1
51
30
2
26
64
4
28
46
39
32
3
7
17
65
99
86
88
52
42
29
65
53
34
54
84
27
62
79
67
54
24
30

28
20
13
6
14
5
7
8
16
6
20
19
13
19
20
12
9
18
19
11
6
12
0
39
54
54
10
24
43
19
10
20
24
52
22
19
59
58
37
32
7
15
30
61
70
75
41
32
83
28
40
61
51
76
62
46
74
78
74
57
33
33

29
20
18
12
17
13
6
6
5
11
8
8
19
13
7
9
19
12
8
11
13
12
0
46
26
54
50
52
46
19
56
16
31
3
56
21
25
35
3
4
5
11
34
60
59
74
78
70
66
40
72
42
70
38
82
33
51
65
18
17
31
33

30
20
16
9
5
9
19
10
9
17
11
12
11
8
18
15
7
9
16
17
14
13
0
2
6
54
43
49
24
7
21
7
52
46
22
26
48
51
22
57
44
34
37
21
31
70
80
83
43
25
39
36
69
77
63
48
67
64
44
87
81
60

