1
25
14
16
15
9
7
6
19
18
11
10
12
8
9
12
13
18
15
15
18
12
10
10
6
17
13
0
69
12
55
9
46
64
41
55
29
72
47
18
75
29
22
63
8
23
62
51
69
43
43
62
41
115
53
85
26
69
89
81
91
65
96
76
54
117
60
47
106
31
50
82
87
88
75
78
99

2
25
19
6
9
13
8
12
13
12
9
10
9
14
9
14
12
11
18
14
17
15
12
5
13
12
16
0
41
72
72
15
42
21
14
24
38
4
69
3
32
51
15
69
74
37
20
3
0
10
41
46
47
61
110
102
26
81
42
41
35
57
24
86
20
53
72
43
89
95
68
39
21
5
24
55
68

3
25
6
10
9
9
8
12
18
17
9
13
10
9
14
7
19
8
17
19
18
6
18
13
19
10
13
0
26
29
58
18
21
18
4
14
36
2
39
62
44
28
71
4
68
25
65
52
65
31
48
29
12
60
65
74
39
57
45
23
36
52
39
74
90
79
49
91
26
89
63
76
91
82
67
62
52

4
25
17
8
7
15
14
16
9
15
20
17
13
19
16
13
10
12
13
14
10
12
18
11
17
17
17
0
69
34
71
27
55
23
4
66
78
82
4
36
26
11
34
19
78
73
21
34
19
23
87
30
44
80
54
117
60
93
44
29
86
108
105
28
68
57
50
71
42
123
110
57
79
34
53
132
55

5
25
20
16
16
19
8
8
20
12
11
14
7
17
18
15
9
12
7
16
7
5
12
12
5
19
16
0
73
47
8
59
33
68
2
70
21
56
67
63
17
45
54
34
72
56
58
44
36
78
24
23
51
117
84
58
74
56
100
19
105
46
84
112
111
64
66
72
65
105
84
71
82
72
96
51
44

6
25
20
14
11
5
13
15
15
9
6
11
12
13
15
8
15
19
12
12
18
10
14
13
15
13
13
0
53
9
56
80
68
74
53
36
11
30
51
51
65
61
74
58
63
50
21
72
76
52
25
33
20
80
38
83
113
108
96
70
60
32
48
73
66
83
105
117
90
105
75
49
116
94
91
65
70

7
25
14
9
19
9
13
6
5
10
15
14
19
6
5
15
9
16
8
13
11
7
9
16
17
18
19
0
42
26
31
21
59
52
72
3
7
26
65
47
53
8
2
10
5
45
5
58
3
35
68
43
33
69
53
52
41
78
63
99
22
39
58
83
59
86
29
42
21
27
67
12
93
42
56
109
72

8
25
15
19
9
16
16
13
13
9
20
16
13
17
18
13
13
10
15
12
17
16
8
17
10
12
16
0
48
74
59
19
35
83
60
76
8
64
38
20
36
66
1
17
68
87
6
30
14
69
22
39
42
85
87
78
44
61
97
103
100
25
88
82
69
62
80
24
62
87
110
29
39
34
82
52
75

9
25
10
19
10
7
18
16
14
17
15
13
8
13
7
14
10
19
13
12
5
10
9
8
8
16
16
0
19
10
26
4
48
0
37
66
55
29
62
47
30
29
1
16
25
40
54
11
41
40
56
9
37
54
49
37
43
90
16
59
86
85
62
85
69
51
64
46
54
45
52
73
42
71
73
101
32

10
25
8
15
12
7
6
11
12
17
8
13
20
19
16
11
10
17
9
12
8
10
13
5
12
6
19
0
71
45
73
17
56
49
20
41
44
34
38
4
62
18
42
5
26
15
65
44
19
70
16
7
33
93
74
105
33
87
75
49
78
74
57
60
30
73
47
61
25
66
35
83
84
51
109
27
32

11
25
13
13
7
7
14
18
7
6
12
12
17
10
14
12
19
19
17
19
9
7
13
19
11
10
8
0
37
15
48
73
68
68
37
17
46
39
53
67
29
52
54
21
77
49
33
77
48
68
73
3
44
58
44
80
114
97
85
65
31
84
83
82
100
59
71
98
51
115
71
43
113
96
106
98
38

12
25
9
6
15
17
16
14
15
15
10
16
7
15
18
17
14
10
5
16
8
17
20
9
10
10
20
0
4
60
17
48
24
31
62
23
67
29
24
21
10
32
82
22
67
63
51
80
56
28
25
11
15
36
78
59
70
45
56
104
39
113
45
45
44
45
75
121
33
102
87
76
107
75
70
56
52

13
25
20
12
5
11
15
15
8
10
12
17
19
9
9
8
5
14
18
17
15
8
6
12
6
17
19
0
12
56
11
74
23
50
75
65
5
27
0
69
66
75
21
17
11
36
32
53
38
75
74
46
43
24
81
32
100
44
67
107
87
48
66
16
90
76
96
46
56
46
51
60
67
74
84
117
92

14
25
15
9
7
14
19
6
6
15
10
11
9
9
15
9
10
10
19
6
13
13
12
6
12
18
12
0
33
1
68
53
4
12
69
68
63
42
52
51
49
15
1
65
49
8
44
14
27
66
51
33
21
56
29
108
84
37
29
108
106
86
71
74
72
80
41
34
108
71
41
78
45
53
101
76
56

15
25
13
15
11
11
15
11
6
12
10
18
9
11
14
9
17
15
17
9
10
19
10
10
20
10
18
0
23
16
69
24
25
2
76
44
38
26
0
48
41
36
58
49
37
77
77
79
72
39
20
26
44
46
38
89
67
46
36
112
84
83
39
28
92
79
60
96
92
74
87
115
105
102
72
37
74

16
25
7
19
15
19
9
17
16
6
5
17
6
11
18
18
19
19
7
12
19
12
19
16
18
9
14
0
18
52
9
62
43
53
38
42
21
7
17
59
14
16
40
74
57
76
22
62
77
32
32
13
32
68
67
30
85
73
78
61
61
47
22
59
93
48
66
77
112
89
128
46
98
95
84
66
32

17
25
5
6
9
9
14
5
15
19
16
17
15
17
18
19
12
13
10
10
15
11
5
6
10
18
12
0
53
10
47
28
12
24
59
40
53
1
57
41
38
6
10
47
45
5
70
35
11
69
32
20
30
74
41
81
54
34
45
103
60
100
41
84
68
82
44
37
69
72
41
93
46
31
88
70
36

18
25
18
11
15
15
19
5
14
14
7
15
18
9
16
19
17
10
6
5
16
13
9
18
16
16
16
0
78
80
30
48
49
82
62
61
23
36
84
28
23
60
66
43
63
50
51
67
18
27
50
54
34
109
119
51
78
60
106
92
96
45
82
118
45
55
103
94
57
69
79
81
82
65
68
86
75

19
25
16
11
13
6
9
13
8
8
14
13
17
15
13
9
19
11
16
12
6
17
17
5
11
12
9
0
70
41
60
19
19
46
45
41
12
19
57
37
1
20
43
38
32
9
36
32
71
21
71
31
37
85
57
93
42
42
74
59
68
29
39
101
55
37
46
72
64
44
26
72
55
96
49
106
58

20
25
14
9
11
19
6
13
13
18
11
6
11
12
18
6
11
13
16
9
5
18
19
18
20
8
12
0
16
24
47
25
59
10
12
40
57
74
6
59
53
72
4
68
77
65
47
27
35
68
49
30
24
34
58
80
53
73
42
61
65
63
111
26
79
80
107
39
96
97
88
69
57
71
90
61
44

21
25
14
15
12
6
18
18
16
12
14
15
8
14
15
11
13
11
8
5
16
7
6
7
16
20
19
0
74
11
18
11
51
44
51
13
72
7
61
20
23
12
69
57
62
9
68
4
1
60
29
9
24
93
23
28
43
92
65
91
53
110
25
90
39
37
25
103
86
70
54
79
28
29
98
55
41

22
25
11
11
18
18
20
15
6
12
5
10
11
5
14
15
9
9
8
10
20
17
11
14
13
16
15
0
33
7
22
74
21
48
16
25
43
14
76
9
59
11
10
2
23
40
50
65
22
1
47
69
21
56
42
62
115
54
55
29
51
56
47
91
47
86
23
28
19
46
68
92
105
48
31
64
101

23
25
16
6
13
16
6
10
9
6
18
8
6
17
19
18
15
15
14
19
17
14
18
11
19
6
12
0
32
29
59
63
12
9
26
49
62
47
72
18
33
3
69
81
28
79
23
40
68
12
71
26
43
68
73
84
83
54
47
50
92
91
69
92
55
62
30
88
127
59
114
42
87
80
41
100
46

24
25
16
15
5
15
8
9
12
6
7
10
18
7
10
9
11
15
9
18
8
17
7
20
17
17
6
0
47
37
17
17
59
30
3
17
38
18
42
52
33
51
7
18
5
41
36
9
20
8
3
36
23
81
45
56
52
76
70
23
25
70
39
72
66
67
80
23
35
45
75
75
30
68
27
47
58

25
25
11
18
12
12
7
16
8
9
6
6
8
14
18
8
5
16
11
14
5
15
10
15
12
15
8
0
23
41
68
52
3
33
24
21
63
59
70
22
14
63
35
67
31
0
62
14
55
50
45
46
34
50
60
88
77
25
44
55
50
83
68
106
60
43
91
78
90
65
18
78
49
94
77
78
63

26
25
7
7
9
19
11
17
18
12
10
11
18
17
5
11
6
15
6
12
11
16
11
14
7
16
17
0
10
75
69
71
9
36
13
58
28
38
45
33
19
6
19
67
70
32
8
72
6
14
27
76
15
22
96
104
88
37
62
53
87
47
60
81
63
48
29
37
102
105
57
51
84
32
31
67
104

27
25
16
11
18
19
9
15
6
10
8
18
7
8
8
16
7
9
11
10
7
12
7
13
14
20
9
0
9
36
21
57
7
17
56
7
16
25
50
32
51
22
64
61
69
56
11
3
11
38
53
22
40
27
74
42
71
45
50
87
37
51
35
59
46
78
47
75
100
93
65
40
34
48
72
73
42

28
25
14
17
7
18
12
11
10
6
13
11
11
7
12
19
7
14
9
15
5
15
15
6
16
17
7
0
68
48
54
0
11
73
50
34
56
59
36
29
9
15
69
7
21
60
10
31
35
1
24
13
19
94
72
89
29
38
101
77
47
77
78
50
42
39
22
109
38
38
90
53
52
42
26
62
27

29
25
7
9
17
16
8
15
14
17
13
14
19
11
10
7
11
9
11
16
8
17
10
11
6
14
6
0
11
69
46
35
57
66
11
72
60
51
32
70
4
49
66
13
35
35
12
23
62
2
36
27
22
37
97
70
64
95
106
46
108
81
91
54
100
32
86
100
38
66
62
58
51
100
27
67
40

30
25
9
6
8
20
19
15
16
12
12
7
7
13
14
14
15
13
5
13
8
9
20
11
9
8
17
0
14
30
32
53
32
9
25
39
62
75
48
24
53
69
48
57
13
12
14
42
37
70
22
37
24
37
49
54
92
61
26
42
58
88
87
90
54
95
93
76
83
33
38
49
80
54
88
54
81

