1
250
12
13
14
11
13
14
6
6
10
19
10
12
18
14
6
6
8
19
6
6
10
14
7
17
14
17
12
19
17
10
7
16
5
12
10
18
6
17
19
18
19
15
8
10
17
17
16
15
10
10
8
12
17
19
6
11
17
17
19
9
19
8
8
15
12
16
18
9
17
17
12
15
11
10
9
7
8
14
18
19
17
15
16
19
16
8
14
10
11
19
12
16
12
18
6
14
7
10
8
17
17
11
11
13
15
11
11
8
18
19
7
9
10
19
16
15
18
15
15
7
9
8
14
10
10
17
20
15
6
10
10
14
12
5
18
12
8
9
12
11
15
6
15
12
10
11
7
8
7
18
14
6
17
13
12
14
13
9
18
14
5
18
7
12
8
12
10
6
10
12
7
17
16
19
18
9
17
6
16
9
12
19
6
7
5
19
9
7
9
19
18
8
10
7
11
7
14
10
17
17
5
13
6
15
11
6
16
10
11
7
9
17
6
15
9
9
15
12
7
19
18
20
14
15
6
10
17
18
12
12
14
19
16
6
18
14
5
11
14
17
13
18
12
8
9
9
16
5
8
9
0
90
168
654
122
111
284
633
445
6
763
470
324
314
280
552
455
686
442
161
352
87
662
188
327
582
766
441
404
294
626
445
323
32
430
677
574
672
146
0
146
373
252
146
163
341
753
661
623
446
531
548
181
341
251
85
74
528
50
505
537
473
638
420
46
577
578
587
421
483
695
441
334
500
662
320
316
191
247
523
274
131
321
313
254
93
658
375
135
463
435
236
486
131
21
350
288
737
683
362
693
501
29
141
475
634
671
517
82
608
581
281
713
645
379
267
652
67
668
266
760
599
708
375
529
172
125
244
438
222
263
100
518
451
707
104
61
179
719
381
719
335
315
585
186
507
716
567
320
534
440
245
682
303
646
244
583
266
582
620
681
216
594
19
205
374
487
299
152
10
690
453
31
744
157
277
45
475
17
720
156
531
736
534
200
412
242
56
203
398
89
187
453
282
85
458
471
621
49
430
287
156
687
618
94
433
646
246
126
465
271
355
699
182
606
318
409
150
478
143
125
96
255
475
760
688
447
335
129
315
671
707
30
575
256
113
306
630
610
348
289
321
597
764
581
696
475
60
113
210
107
177
471
961
219
298
415
671
664
116
1060
657
494
448
490
710
745
948
638
390
461
169
835
439
473
707
933
663
660
595
815
637
394
349
627
765
763
804
233
69
222
416
391
451
227
532
998
740
822
472
557
772
345
592
423
170
319
709
206
787
671
766
761
683
200
694
818
759
661
502
960
498
395
782
890
529
588
414
513
712
503
275
505
492
293
355
759
502
272
690
571
366
594
330
40
545
429
843
799
650
982
532
236
458
784
920
795
574
218
822
715
319
930
823
524
414
894
352
904
456
897
632
946
478
619
237
198
396
698
281
309
328
547
708
762
297
125
340
890
502
827
642
378
693
316
560
893
587
577
858
705
317
708
378
751
344
804
434
714
882
866
306
649
277
222
440
733
528
395
91
946
640
343
1047
377
468
352
553
141
847
322
837
920
688
451
631
418
157
457
478
191
197
758
308
140
595
596
855
95
472
557
407
823
772
254
541
836
322
354
751
515
645
933
224
629
487
591
222
607
406
339
240
438
580
910
800
551
416
259
541
887
805
342
884
296
178
552
865
799
483
409
467
686
893
671
867
578
184
236
453

2
250
10
13
5
20
18
17
19
18
10
8
8
20
6
16
17
18
5
8
13
9
11
8
17
8
17
7
14
20
11
6
15
11
11
17
12
11
6
14
11
15
12
17
17
7
18
19
12
13
20
13
9
18
16
15
10
16
20
17
20
17
13
10
7
11
6
8
11
19
17
15
9
19
14
19
16
9
16
8
7
11
10
12
7
18
12
16
11
19
18
11
13
20
17
5
16
7
12
17
19
9
18
17
7
18
5
18
13
11
11
16
13
18
18
15
9
14
10
7
17
12
20
12
7
9
11
17
14
8
8
19
6
19
7
18
6
5
14
8
12
19
12
14
13
13
20
11
12
16
8
15
15
13
12
17
10
5
14
9
10
7
10
13
11
6
12
13
6
20
15
6
13
6
17
18
8
9
13
8
9
16
18
19
8
9
6
16
14
8
15
17
16
5
14
18
12
12
16
9
17
13
8
19
13
14
6
13
5
19
5
19
6
17
10
13
8
6
18
19
7
12
17
19
18
16
8
13
12
13
18
16
20
14
15
14
6
6
7
11
15
14
10
5
6
14
13
18
13
11
15
12
0
759
63
316
700
38
354
651
547
476
302
598
147
514
213
14
411
386
444
621
132
191
520
796
184
130
512
293
197
248
716
515
650
600
63
621
680
769
440
585
574
465
635
357
5
112
626
623
223
775
717
728
436
750
318
37
592
91
781
691
786
73
359
505
745
79
50
261
774
419
411
590
431
49
140
751
312
66
442
7
15
357
425
331
74
279
339
21
105
324
283
45
186
486
10
743
88
253
248
361
198
743
777
123
346
340
467
222
363
297
103
220
197
496
452
170
215
248
363
20
311
260
132
794
46
720
573
306
46
408
605
478
484
532
583
661
73
681
597
425
177
150
180
554
703
793
609
211
362
756
290
527
725
747
371
620
349
233
685
293
716
452
796
192
697
396
588
120
487
238
39
646
497
787
568
724
198
669
434
446
738
533
148
67
392
69
767
417
204
300
705
630
128
121
221
702
627
371
87
27
395
397
416
199
393
410
489
69
61
170
786
93
697
125
87
778
275
322
18
308
240
31
315
71
619
570
399
45
783
719
88
736
524
775
687
17
458
630
89
747
401
764
653
790
314
304
384
436
65
237
222
948
153
476
767
130
400
823
630
591
313
750
206
784
361
38
549
497
621
668
317
420
559
1024
339
221
680
501
464
426
961
831
844
692
317
641
710
1016
718
750
802
583
755
648
297
184
792
867
306
911
1004
774
582
804
561
314
891
124
816
809
1034
157
587
630
776
306
152
449
865
627
478
758
676
270
246
922
622
96
767
320
300
522
466
527
199
462
617
205
393
493
584
183
233
627
289
830
154
327
349
673
488
896
1000
157
637
658
529
460
454
339
274
343
448
795
648
403
284
486
429
274
555
520
384
1073
326
885
701
368
212
436
929
681
594
642
682
848
208
987
643
521
474
259
484
663
971
1107
806
512
647
799
575
630
883
797
466
663
400
309
993
437
840
647
1040
511
768
668
720
193
507
353
123
686
531
920
768
754
413
680
530
747
922
713
313
273
648
313
1078
693
281
338
916
677
371
198
422
718
686
432
348
281
499
707
583
406
430
560
594
282
253
336
1032
326
841
264
117
806
296
621
88
623
422
357
601
135
688
668
609
314
809
743
295
760
664
928
942
125
637
707
172
986
596
999
660
968
644
551
705
680
115
536

3
250
11
15
15
10
12
7
6
9
16
17
18
14
12
12
7
16
19
7
6
19
18
19
8
9
19
19
18
19
20
12
16
7
17
12
12
9
17
13
8
14
18
14
18
15
10
10
18
15
14
6
12
10
9
13
16
13
10
18
15
7
10
19
7
18
14
8
16
8
13
14
9
18
15
9
9
13
15
16
18
6
11
16
17
15
16
15
6
5
19
10
12
17
13
14
10
14
17
18
13
7
15
10
12
12
19
6
13
19
9
10
18
18
18
15
7
18
6
9
17
10
10
16
8
5
16
14
19
15
10
17
7
17
16
11
16
6
6
12
12
10
10
19
9
6
12
19
17
8
13
5
7
5
6
17
6
11
8
19
7
14
8
15
19
9
15
13
13
8
15
10
15
12
12
16
8
13
11
17
9
14
15
10
19
15
14
12
13
6
19
12
19
18
6
10
11
7
15
5
7
12
7
16
8
17
15
6
11
11
6
17
6
12
12
11
16
20
8
19
6
17
5
16
17
20
15
5
9
14
13
19
11
14
14
7
6
10
12
16
9
13
12
16
7
15
10
10
17
14
7
17
0
295
505
115
782
45
376
450
138
280
313
281
178
679
210
361
89
516
339
515
450
651
156
556
578
180
621
127
676
709
105
441
635
208
348
285
346
451
753
253
441
542
605
509
467
535
104
544
503
235
132
364
37
670
288
587
153
401
626
80
479
453
331
421
64
584
343
89
749
698
26
239
157
327
380
263
395
543
762
264
739
462
43
438
359
546
156
342
612
157
182
633
729
773
150
12
766
756
331
198
170
160
275
651
318
670
665
589
161
304
439
240
411
197
123
781
689
303
673
423
347
541
131
239
753
740
187
683
104
179
570
32
545
297
460
91
605
368
545
497
577
719
557
332
139
137
52
188
126
479
419
573
326
414
163
33
493
728
306
682
382
4
166
117
496
727
351
228
132
701
311
98
712
60
205
324
763
313
717
130
743
557
355
459
168
329
380
682
503
54
392
545
192
717
212
511
43
11
530
303
594
712
669
615
251
262
69
714
200
94
276
38
509
537
682
463
500
178
522
26
380
122
359
733
707
570
647
19
607
372
30
265
762
354
387
439
275
628
73
354
520
546
449
451
366
145
54
107
596
761
307
372
654
323
850
75
452
577
256
347
448
541
297
1002
382
572
195
780
394
611
534
821
196
763
689
460
758
311
812
884
416
705
667
356
524
480
558
628
846
566
700
666
694
550
608
574
256
769
739
345
359
406
174
795
548
787
404
518
688
298
527
769
595
472
153
657
547
349
1001
894
153
476
379
428
542
329
450
655
1079
271
1000
564
265
595
589
666
211
476
875
460
295
728
963
951
259
125
880
900
429
414
377
313
337
667
353
706
705
763
287
373
665
318
463
284
307
810
713
493
690
450
557
867
206
412
935
837
406
728
294
290
869
129
630
392
637
241
776
464
789
558
611
803
692
637
380
214
289
274
328
532
535
787
391
492
463
190
513
777
395
772
670
207
421
219
718
753
558
470
206
941
621
406
786
310
305
387
861
498
768
190
884
581
536
641
437
555
509
887
744
332
712
786
400
849
441
570
69
239
831
548
816
982
979
710
494
293
313
993
489
136
504
188
703
589
731
514
637
502
585
133
397
215
618
946
956
631
811
317
773
423
106
427
835
434
665
499
501
768
219
435
620
571
471
619
466
219
71
428
738
1091

4
250
17
10
14
19
5
8
15
18
15
8
8
19
12
7
11
7
12
11
7
17
10
14
14
20
14
10
16
19
10
19
17
7
13
10
18
12
10
19
10
17
13
11
10
19
20
5
13
6
12
11
7
9
16
13
15
20
12
14
6
20
15
18
7
5
10
12
13
10
14
11
9
15
7
13
7
14
11
15
11
19
8
7
17
16
6
14
16
12
15
15
14
17
13
17
10
19
19
15
8
17
19
9
13
14
10
9
19
11
12
16
10
8
17
10
9
20
9
15
14
8
5
13
14
18
7
6
5
11
5
12
13
8
18
12
16
8
18
18
19
15
13
5
5
13
10
11
17
16
10
16
13
13
19
18
11
11
14
6
10
10
18
20
8
15
7
6
18
10
5
10
12
16
17
12
19
7
13
10
13
15
15
18
13
20
18
18
9
16
14
8
17
7
15
7
19
10
15
9
16
10
6
10
19
16
7
7
19
13
17
16
15
9
19
10
18
15
17
14
14
19
19
9
14
14
9
10
13
7
17
11
10
5
6
7
16
17
12
12
12
16
14
20
13
19
6
15
14
6
15
14
0
668
17
625
49
408
698
361
645
556
0
133
789
320
411
527
522
170
735
82
590
387
158
780
56
346
84
208
343
60
10
66
162
317
7
414
522
538
472
515
275
256
559
445
588
174
316
374
406
708
759
449
489
349
503
608
491
546
769
43
265
278
614
428
248
594
574
677
147
685
580
97
326
181
754
108
365
412
507
646
762
174
573
553
652
290
205
501
733
522
546
167
244
743
18
184
408
298
725
596
778
278
546
736
100
236
274
257
111
466
487
635
723
572
745
489
201
645
547
6
743
589
262
630
333
701
681
135
34
651
193
377
404
763
218
696
219
350
330
653
736
196
85
256
742
741
172
573
779
681
739
92
209
289
692
108
707
621
599
109
640
502
232
450
328
22
565
458
232
478
460
485
86
680
252
47
200
342
69
549
159
86
317
755
139
788
139
696
71
598
486
558
274
323
423
671
386
350
486
331
213
597
128
764
120
229
668
374
599
658
781
385
234
570
737
221
469
81
25
724
447
352
583
161
698
612
276
321
534
477
4
450
758
714
320
327
528
772
537
627
772
600
181
275
625
277
587
532
64
180
57
813
347
654
316
663
796
495
667
765
30
293
906
635
660
556
673
435
872
366
674
410
201
1081
93
609
212
293
503
223
308
363
192
612
96
502
849
661
490
816
531
328
872
605
743
291
557
491
519
790
867
578
612
680
830
920
715
764
1041
74
335
537
903
669
357
625
671
783
407
870
699
128
544
203
992
313
546
502
701
928
1087
206
738
759
724
392
262
699
767
844
633
213
349
912
229
309
526
620
818
931
821
577
577
942
343
362
601
410
222
771
719
843
844
594
783
519
360
731
787
220
818
643
494
705
556
803
789
250
153
952
382
586
500
988
441
805
519
595
476
682
1009
341
126
563
779
769
376
831
841
1012
923
393
231
559
865
319
913
848
871
248
875
677
427
477
338
300
668
470
537
761
763
818
265
911
433
341
512
465
242
684
406
260
357
831
222
1084
199
806
316
892
706
652
415
513
760
868
568
450
730
505
420
884
322
912
212
327
758
637
763
820
969
400
256
719
910
339
640
281
123
926
505
659
897
390
878
727
470
385
656
666
158
682
949
751
497
653
657
993
631
907
832
672
376
408
717
393
769
612
216
328

5
250
14
11
9
14
13
11
6
8
9
9
11
6
14
12
10
8
7
18
12
20
9
10
11
13
14
14
7
11
15
17
13
7
6
8
6
13
20
8
16
18
7
16
6
19
19
17
10
5
19
16
16
9
13
14
12
19
17
11
16
16
19
6
8
18
17
20
17
6
10
19
12
11
11
8
7
7
18
14
19
17
14
20
14
9
7
19
14
6
13
7
13
7
8
18
16
17
6
9
8
10
11
12
16
20
14
14
16
10
12
19
11
6
19
9
19
13
13
17
18
16
9
13
10
9
17
10
11
15
7
6
10
10
15
15
8
8
8
12
13
7
12
16
19
12
19
19
7
10
6
14
10
8
14
18
12
12
17
12
8
10
16
20
15
16
8
13
10
20
19
19
11
16
10
7
12
7
15
17
18
17
16
16
18
20
11
6
15
19
20
10
8
20
12
7
8
20
18
20
12
11
16
15
18
9
7
8
7
10
13
10
8
18
7
15
10
17
13
13
20
14
15
6
11
6
8
8
9
11
19
5
18
17
13
16
14
12
12
6
16
15
18
10
17
8
11
19
13
16
9
6
0
741
216
746
616
447
270
11
194
415
91
437
483
662
771
454
677
723
81
578
684
70
23
291
277
380
127
394
55
747
26
549
203
333
315
360
518
362
641
50
54
122
693
371
679
283
646
173
182
282
395
787
632
694
476
591
205
497
36
3
506
183
308
272
774
607
237
456
704
576
620
546
695
548
258
46
660
368
472
757
482
769
686
721
62
557
643
736
472
777
675
99
187
651
527
609
610
549
47
245
566
734
673
305
345
68
691
290
514
51
670
350
208
143
137
645
756
61
306
783
309
549
294
580
393
57
24
561
534
262
430
253
313
411
692
636
36
550
552
72
359
769
299
391
792
648
140
552
556
329
265
120
165
256
141
281
61
198
744
41
209
170
308
732
178
690
2
592
423
219
604
471
334
713
224
63
122
95
326
161
500
29
746
639
114
664
497
141
533
417
97
674
507
226
20
77
418
202
529
145
206
1
646
703
605
380
743
261
473
583
151
506
67
133
617
390
653
480
677
36
5
776
475
244
346
708
523
373
524
676
458
182
94
353
303
508
568
190
790
416
577
564
485
762
343
747
552
718
321
322
259
896
489
948
838
707
536
269
290
529
106
681
726
725
949
647
928
798
268
794
818
113
184
464
466
643
159
531
332
1050
221
689
237
518
619
455
820
625
811
111
266
336
700
688
818
431
800
435
223
454
593
1100
757
919
584
922
436
629
198
172
710
345
492
367
879
681
300
708
758
607
842
716
807
856
290
154
709
562
608
1064
543
856
736
893
186
881
722
873
618
1001
702
121
404
935
574
901
806
798
150
523
752
845
724
596
557
259
938
520
752
189
775
387
437
353
326
797
840
364
548
949
320
648
407
858
420
152
189
796
572
408
528
288
503
622
737
827
259
679
711
325
481
1018
566
708
824
893
222
815
872
517
548
206
318
396
416
468
383
292
920
222
415
191
638
1062
451
734
172
756
560
539
874
545
468
943
524
236
295
129
547
354
826
84
846
727
283
963
550
391
864
567
288
887
742
512
152
98
560
237
740
371
343
181
784
851
779
544
840
334
496
885
226
711
341
148
632
495
906
632
947
321
309
977
645
418
607
766
673
524
696
975
592
467
159
676
554
827
807
345
821
688
727
649
640
986
507
994
813
968
507
371

6
250
12
10
18
16
16
10
6
14
7
13
15
10
7
19
19
17
13
7
8
7
18
14
8
14
17
13
6
19
16
10
5
18
17
11
8
18
7
12
11
14
13
12
16
6
18
12
17
9
12
7
12
9
20
8
16
8
19
16
7
14
14
6
6
8
12
9
14
10
9
16
14
8
16
8
18
5
7
6
11
8
9
7
11
14
6
14
8
19
11
16
10
14
14
14
11
9
7
7
20
12
7
10
7
7
17
17
10
9
17
7
12
6
13
8
5
7
12
10
10
10
16
20
16
7
13
17
12
19
15
18
14
18
8
6
10
17
17
5
19
7
12
8
10
6
7
9
16
6
18
9
20
15
15
17
15
12
15
19
13
15
16
12
20
10
13
18
8
8
20
15
13
18
9
10
6
6
18
9
7
16
16
13
13
16
18
11
16
8
18
18
14
15
9
15
18
16
16
9
15
20
13
12
11
7
15
20
15
11
13
18
8
12
18
19
9
6
19
19
16
18
13
14
14
14
19
10
10
5
5
7
10
14
14
18
6
13
19
20
16
10
19
18
7
6
14
12
7
17
17
10
0
711
178
412
646
746
78
593
769
587
348
719
543
497
720
410
383
247
27
542
452
728
429
44
612
301
116
713
526
53
670
56
524
518
218
212
329
125
131
453
160
584
293
547
521
580
537
438
513
160
472
89
347
314
448
594
89
606
566
208
303
436
489
488
548
557
76
577
597
270
476
267
337
183
240
47
106
505
142
20
528
81
329
734
503
177
371
7
205
268
677
494
720
4
216
216
155
46
730
332
489
354
664
9
13
316
710
196
467
87
292
210
588
511
639
336
508
184
10
613
419
330
641
414
762
438
472
698
640
768
156
276
143
159
761
456
171
573
1
43
747
530
692
524
778
608
219
293
266
32
467
79
114
492
769
5
511
123
46
291
98
35
357
64
13
79
565
71
158
766
441
614
406
525
779
503
329
529
352
74
2
30
233
0
162
674
716
500
366
398
585
498
459
69
334
543
91
335
386
461
29
142
572
226
3
152
504
491
743
652
100
347
256
314
656
437
583
235
259
425
265
88
342
506
453
186
772
636
685
199
265
135
547
515
622
734
413
105
328
79
323
12
209
630
322
68
471
691
540
315
42
832
379
504
833
879
204
887
829
783
394
861
852
816
762
430
460
456
229
598
648
918
607
140
935
344
359
992
737
98
949
359
615
608
522
529
383
417
201
703
226
812
618
729
771
626
850
484
700
432
552
321
367
495
771
887
275
860
662
271
504
572
511
761
852
859
263
618
914
350
517
519
455
299
309
78
329
762
159
75
732
248
546
757
594
391
465
202
328
527
780
621
1008
328
495
388
328
256
1047
433
633
491
695
86
75
424
919
261
636
175
582
387
699
564
859
381
708
326
295
659
443
555
822
585
920
478
751
877
817
832
198
580
323
357
793
664
277
828
283
305
905
763
722
540
1003
859
379
541
554
206
534
322
215
646
816
177
532
431
216
520
285
277
478
129
36
401
846
315
352
994
644
866
609
682
1085
703
350
840
526
268
201
237
357
286
181
901
905
810
655
677
651
573
600
160
481
568
179
550
467
716
335
239
636
394
203
427
799
687
953
924
380
627
573
456
874
522
681
417
534
540
584
145
393
664
506
204
947
711
743
482
496
453
733
670
683
881
647
156
376
252
374
326
481
878
591
257
530
992
631
500

7
250
9
16
20
8
13
8
16
20
9
9
13
18
18
6
15
14
15
14
18
15
16
9
7
13
9
9
15
18
18
7
10
20
15
9
8
10
13
11
13
13
13
13
14
19
8
20
16
14
7
18
16
20
16
19
13
8
8
19
15
8
13
12
20
12
6
15
12
6
6
10
5
14
17
5
11
10
20
19
11
6
11
19
14
12
8
19
11
9
11
11
14
8
7
18
19
9
8
12
13
17
6
14
16
16
18
15
13
11
12
12
10
18
16
8
10
13
18
6
17
11
17
17
19
18
9
10
6
6
18
20
13
6
9
19
11
19
17
6
10
13
18
9
12
13
18
19
13
15
13
7
7
19
16
9
18
20
14
11
8
9
14
10
12
9
12
13
19
16
11
15
16
6
8
11
19
7
18
7
13
13
18
13
17
15
6
13
6
13
14
16
15
15
7
12
18
5
9
16
10
8
13
16
10
13
11
10
18
9
7
13
6
13
11
16
13
19
5
10
6
11
16
10
14
13
14
20
19
18
7
10
19
19
15
8
11
9
11
14
15
6
15
16
17
10
15
13
6
15
8
19
0
712
502
215
312
459
674
545
315
470
377
452
111
64
73
469
724
679
705
2
51
698
115
557
61
742
459
12
97
264
130
534
407
257
124
390
425
118
769
261
726
269
341
686
391
183
295
470
284
227
640
667
796
148
571
783
558
235
691
597
652
370
353
651
59
604
35
415
446
78
679
770
442
309
329
212
705
78
763
221
724
736
488
411
665
354
381
489
401
342
725
44
236
571
763
395
261
203
287
328
462
279
787
326
100
469
102
748
96
418
466
558
540
517
715
433
257
517
539
89
142
406
333
31
402
399
562
764
622
426
160
91
786
785
300
706
168
354
244
739
233
399
417
240
455
7
212
259
397
763
64
325
159
295
113
566
532
312
174
680
576
772
559
391
353
186
450
14
135
94
567
152
607
141
454
751
213
166
295
138
533
546
2
662
654
400
687
781
231
94
452
190
181
466
13
243
727
396
494
679
115
344
106
483
139
689
41
702
186
81
707
246
341
242
223
92
55
40
305
532
130
452
271
465
122
55
275
182
493
253
114
653
49
684
320
749
370
16
667
627
572
163
414
682
519
352
220
330
614
656
184
888
636
470
537
708
732
810
613
748
415
598
216
315
289
650
857
971
990
102
164
940
357
788
73
1020
630
311
400
357
303
640
495
303
202
701
502
139
969
489
1045
482
386
902
614
510
417
554
588
561
907
809
936
231
618
909
607
321
830
784
844
589
589
828
171
635
171
557
495
121
911
926
710
627
577
534
897
113
914
353
1054
1006
529
517
846
398
525
735
630
610
757
236
321
879
918
509
522
454
546
578
528
309
958
467
344
545
235
967
300
464
476
621
724
737
977
477
514
734
567
401
318
542
513
107
550
670
791
813
823
626
353
264
991
925
526
879
207
509
458
1065
287
601
701
323
631
320
298
283
577
976
107
588
316
487
131
838
596
501
251
696
804
1023
648
601
425
513
729
137
228
403
726
298
893
286
665
770
524
419
315
308
843
602
206
887
792
722
729
1099
554
336
621
438
225
632
212
256
809
468
577
762
345
539
120
713
212
966
264
925
461
200
735
272
513
464
288
346
166
58
530
673
451
543
534
687
445
337
476
471
686
477
142
709
312
792
590
917
680
206
730
900
693
379
607
818
663
395
335
586
674
713

8
250
18
5
16
14
8
18
10
16
14
11
14
14
6
14
5
5
14
18
12
15
6
19
13
14
19
11
9
17
11
7
18
13
20
17
12
13
13
5
9
7
8
6
9
12
7
18
19
11
12
18
16
15
8
19
12
6
19
7
8
13
11
20
13
12
17
5
17
9
12
13
6
17
9
13
19
8
12
18
5
6
15
16
7
12
19
15
12
16
14
16
5
10
8
20
8
20
9
19
20
11
10
11
16
11
5
13
14
8
12
7
18
14
18
20
16
11
16
10
15
10
8
13
18
18
10
13
18
7
14
6
16
5
11
10
14
13
18
5
17
7
7
19
6
12
19
7
19
8
13
5
9
11
10
6
14
20
10
16
15
16
11
7
10
12
14
15
19
17
12
20
12
9
7
6
10
5
6
20
18
19
9
11
13
10
19
20
11
6
9
8
18
15
11
18
15
14
16
10
19
12
20
15
10
5
8
7
7
13
15
10
5
8
14
16
16
14
6
5
7
19
7
10
13
15
16
9
19
15
9
5
19
20
13
13
10
11
13
10
10
7
13
9
13
19
18
5
9
10
8
8
0
195
536
562
127
668
272
588
398
40
247
448
14
223
399
641
18
117
656
325
328
475
693
460
28
63
364
297
700
391
651
14
511
427
721
407
267
126
162
121
639
352
462
558
234
290
158
491
695
744
63
522
738
540
669
172
735
600
426
58
522
586
125
407
486
376
493
657
158
517
540
652
514
44
741
455
371
454
69
83
3
344
226
22
59
303
698
745
424
260
270
555
207
370
222
771
430
6
150
610
559
533
132
35
484
245
210
647
635
281
91
507
261
628
60
739
457
395
622
529
385
758
332
672
217
89
93
762
23
464
303
164
419
430
670
198
357
176
618
704
199
130
110
756
57
635
330
558
752
698
215
403
489
369
590
663
750
116
357
253
613
219
335
594
737
490
734
201
62
244
174
25
286
384
709
41
409
582
579
285
266
350
715
691
725
86
567
616
196
73
22
105
579
465
714
692
705
246
373
91
422
491
482
155
309
680
88
103
144
324
657
554
372
53
209
393
431
543
96
448
535
381
334
624
737
494
677
623
21
29
333
132
63
599
378
156
189
678
230
585
525
129
730
289
634
533
563
267
610
469
57
471
711
861
197
694
473
605
630
203
432
538
227
250
422
909
252
321
808
365
625
724
952
742
250
297
514
405
906
605
696
245
635
492
919
726
515
362
208
386
722
585
601
704
545
507
183
662
892
993
154
571
882
621
833
467
757
896
476
345
600
615
159
549
738
579
663
769
310
597
846
919
743
85
823
503
402
521
274
383
281
598
378
226
101
473
977
856
575
571
357
721
406
468
383
1005
689
137
288
813
728
839
415
87
722
535
265
925
799
304
353
789
461
825
281
842
486
502
692
679
637
931
629
757
502
239
201
769
129
505
354
340
461
677
881
377
502
267
665
791
446
173
255
925
176
905
349
830
902
883
484
529
593
414
841
719
1063
440
539
378
764
373
406
872
831
732
839
308
114
304
383
310
394
471
962
245
720
626
693
318
364
526
863
885
939
131
649
726
438
260
188
209
867
734
974
802
1015
327
683
162
680
549
790
293
456
972
130
298
441
489
689
759
537
276
436
467
695
687
202
480
842
437
501
912
960
586
920
852
47
311
640
327
258
849
676
333
316
888
518
645
796
188
890
447
920
780
718
510
735
505

9
250
16
11
10
19
7
16
8
17
12
18
10
15
16
9
9
9
6
19
8
10
17
17
19
18
9
10
7
19
18
11
7
15
17
15
10
12
7
20
11
5
7
14
12
16
19
16
18
15
12
10
20
6
13
9
15
8
20
7
20
13
20
17
11
13
13
7
13
13
10
9
11
13
13
18
6
14
9
17
18
16
6
13
15
10
6
7
6
14
15
16
18
6
9
7
17
19
13
20
10
7
16
18
20
13
7
13
13
6
17
5
7
7
10
10
6
19
13
9
12
8
6
8
9
14
8
7
12
17
8
14
20
17
13
11
7
6
19
14
11
8
13
10
6
7
10
14
20
15
8
8
16
18
15
10
14
9
12
6
19
19
11
10
16
20
5
8
11
5
17
5
19
8
15
8
8
5
18
7
20
5
11
20
18
11
14
8
5
14
17
15
5
19
18
14
15
16
16
5
14
19
7
17
9
18
15
17
16
14
12
17
16
12
15
7
14
9
13
17
16
8
9
9
6
5
17
16
16
8
9
8
20
9
19
20
13
20
7
14
8
15
8
15
14
17
18
16
18
17
18
9
0
654
215
19
557
668
265
138
129
762
718
383
446
272
144
774
515
678
581
505
565
381
527
618
427
62
150
622
330
8
6
497
502
210
47
227
306
326
615
438
345
114
455
235
425
569
482
503
730
70
494
139
668
712
714
548
399
278
49
367
269
714
607
470
32
730
136
422
159
247
12
162
27
4
210
648
15
497
241
743
734
57
295
572
112
161
342
783
437
507
68
77
139
583
559
81
496
478
391
293
463
379
380
20
382
148
240
262
354
771
615
467
662
438
5
376
238
405
70
325
582
36
180
22
108
96
185
134
466
784
154
439
407
204
327
453
284
191
238
196
639
68
267
736
669
150
646
601
443
300
386
267
113
436
582
598
759
56
420
374
114
552
561
6
385
307
649
60
204
489
117
119
483
529
48
768
152
416
322
66
545
593
34
644
692
64
119
750
737
11
456
280
418
179
610
625
423
24
395
313
637
539
11
610
705
682
634
299
104
27
499
66
777
777
728
435
77
343
214
332
675
616
100
628
27
778
306
117
179
579
17
56
530
549
277
15
180
164
176
364
757
56
508
450
221
664
84
708
764
266
78
708
246
231
786
826
574
251
405
922
932
546
693
369
324
1045
802
988
814
714
813
461
548
923
709
233
449
796
451
293
236
642
613
296
192
289
513
541
831
571
573
206
604
443
690
859
546
571
949
301
825
300
853
792
926
790
425
293
329
539
326
776
791
543
120
1042
258
580
174
338
174
309
300
95
448
955
50
621
333
976
1036
294
379
752
321
427
413
1001
479
644
210
355
395
601
818
136
806
753
636
609
705
708
668
159
497
243
331
462
474
1040
810
564
772
597
42
690
504
709
134
527
696
52
375
338
247
271
406
315
676
907
205
640
548
240
397
546
512
314
308
285
653
136
288
981
883
371
935
695
630
362
702
458
235
613
878
790
1050
149
618
603
385
665
699
195
554
459
971
350
374
698
232
393
613
800
193
1026
192
453
420
213
643
857
70
734
994
276
229
1056
1019
202
728
521
524
400
671
804
527
251
635
346
890
711
297
876
864
990
852
324
118
288
694
367
802
994
1051
580
149
448
370
531
910
730
389
853
64
923
455
316
406
609
325
178
805
682
521
317
221
249
367
684
815
335
723
606
469
810
190
949
955
425

10
250
10
14
16
8
7
14
13
17
17
9
13
12
7
11
7
18
8
11
19
8
8
5
13
14
17
8
6
9
13
14
15
12
13
11
18
12
6
10
9
8
11
12
11
11
20
16
13
18
8
18
9
18
12
13
10
12
20
17
12
5
10
13
13
14
9
17
19
19
7
15
8
7
19
12
14
6
6
14
6
8
6
11
10
6
10
16
7
7
13
9
7
10
9
19
11
11
8
20
11
10
17
8
14
10
12
19
9
11
6
11
9
6
16
10
6
7
19
16
17
9
11
20
8
9
7
18
16
14
13
14
16
17
16
15
17
15
17
5
10
19
14
9
15
16
17
14
8
7
10
15
12
18
7
16
11
17
13
14
10
19
19
16
20
9
12
12
14
5
7
9
12
17
12
10
8
12
7
11
8
18
13
11
11
20
16
18
9
10
8
8
11
12
17
18
6
9
15
5
6
14
8
13
7
17
11
14
8
6
10
11
11
14
16
17
10
18
15
18
9
7
19
14
7
11
17
16
14
19
18
15
12
17
12
8
14
12
6
20
7
6
11
15
18
11
6
15
9
18
6
17
0
331
705
424
466
240
719
224
529
118
177
615
456
285
760
449
6
698
712
342
231
554
338
3
528
382
748
559
520
295
461
366
147
585
172
624
64
618
460
145
290
698
473
156
743
556
656
25
69
673
20
209
218
79
173
178
214
658
504
742
293
160
563
73
621
727
123
467
513
644
760
652
667
702
212
602
618
501
127
514
1
74
144
339
430
461
465
572
564
306
336
25
210
411
106
426
716
365
395
628
734
693
683
161
502
746
24
253
32
453
651
721
530
715
410
659
516
657
722
568
575
238
744
149
568
344
629
51
176
467
564
283
340
591
180
543
469
516
277
483
392
196
15
618
409
430
644
356
53
600
570
714
317
440
440
595
71
231
740
265
574
308
706
158
399
379
78
262
32
295
315
401
744
493
697
579
226
699
409
166
72
440
517
439
167
730
161
104
397
562
691
503
748
523
635
238
380
313
564
476
484
198
743
669
64
33
723
625
113
547
533
89
7
538
428
340
51
758
381
490
106
513
90
605
604
53
665
533
443
100
419
457
382
174
381
442
307
6
523
415
516
358
55
145
746
710
286
656
204
9
231
562
1014
527
548
275
876
530
581
252
461
797
490
555
813
469
43
880
853
466
497
566
616
156
560
541
776
656
611
511
639
413
410
835
468
679
99
732
686
304
387
870
621
431
784
720
824
71
238
929
166
316
324
358
220
417
444
715
597
779
453
244
880
144
746
847
392
768
708
962
955
865
917
759
284
767
735
561
405
753
73
155
409
389
472
551
543
635
790
380
480
332
382
574
170
711
923
651
534
853
1033
988
903
237
691
892
322
345
341
469
670
747
618
1007
643
857
665
922
864
698
721
532
875
396
876
614
645
278
354
764
687
549
443
799
444
754
620
674
428
537
450
446
52
894
524
725
735
577
252
861
665
975
612
569
703
822
269
325
1001
532
778
346
775
429
448
404
195
344
249
487
444
534
802
717
872
816
495
802
544
374
141
741
782
634
452
1006
269
157
500
655
818
593
785
817
734
469
400
525
868
528
594
501
832
881
231
206
857
669
396
613
570
384
260
717
596
571
245
950
512
761
179
806
349
866
863
85
721
733
675
294
692
513
404
428
571
688
579
193
536
480
567
587
100
280
819
831
345
956
225
277

11
250
12
18
11
16
16
6
10
8
19
19
6
10
13
19
7
12
15
19
6
14
7
19
19
6
7
8
12
16
5
17
19
19
18
12
12
17
6
11
17
20
18
11
8
5
18
18
13
9
18
12
20
6
19
5
9
11
18
14
15
14
15
14
12
8
17
7
17
17
7
18
7
8
20
7
9
9
10
9
19
13
9
8
17
17
19
6
19
6
18
10
7
9
9
12
16
5
11
18
7
18
17
12
17
13
10
9
14
10
14
5
14
16
20
6
17
9
8
10
6
8
12
10
8
16
8
9
9
17
15
15
10
15
8
18
19
17
16
13
17
16
18
19
13
7
6
11
11
11
7
18
17
9
6
16
13
11
10
15
10
19
15
20
11
11
19
13
10
17
5
16
12
18
15
13
8
10
10
15
8
15
11
15
16
12
18
7
19
10
20
6
19
20
7
13
13
18
5
16
13
12
18
20
11
11
19
8
20
16
15
15
19
6
10
9
7
8
7
10
9
20
16
15
14
11
19
10
5
10
18
13
14
14
19
16
16
15
8
6
16
19
15
15
12
9
11
7
20
18
18
9
0
419
387
638
479
415
506
473
452
275
507
163
579
249
69
574
553
399
379
66
740
31
295
78
792
751
153
620
400
685
705
782
299
13
293
445
432
536
268
626
638
115
63
259
748
94
752
500
648
7
128
693
412
92
536
305
229
385
437
610
273
35
584
337
204
78
614
755
65
462
56
763
676
170
450
662
431
89
76
795
295
586
499
94
227
679
348
780
437
399
357
175
354
372
711
767
655
240
265
202
461
362
372
388
649
399
390
589
568
30
458
42
735
218
219
684
375
618
244
167
1
410
455
302
286
552
702
214
196
249
194
159
116
127
132
539
60
80
636
390
314
245
320
764
222
322
49
381
70
63
760
266
146
164
90
699
343
763
197
764
4
784
171
716
563
177
691
568
246
226
762
741
254
780
519
588
453
34
372
646
756
502
48
395
713
334
657
599
621
110
468
406
684
241
390
684
751
654
213
556
358
368
770
230
800
606
331
281
131
222
392
51
491
734
305
598
164
112
765
362
237
640
400
271
652
354
672
3
256
623
102
512
578
163
283
187
579
22
665
532
601
272
544
708
369
86
536
38
401
422
111
707
615
695
700
665
579
709
653
513
546
363
664
414
280
664
630
681
566
343
764
190
400
284
831
853
367
643
635
789
858
1084
388
82
428
780
658
866
477
833
823
326
176
397
884
422
1079
659
692
183
270
962
521
208
854
534
363
636
466
668
401
109
883
559
398
127
843
1060
181
531
351
991
716
490
717
684
569
386
359
1101
348
652
776
228
483
996
476
853
646
431
497
370
501
537
770
935
887
507
442
226
589
468
467
658
688
500
445
899
642
318
638
308
761
258
320
839
599
880
314
200
162
593
536
363
565
795
913
287
388
453
463
232
276
251
174
834
88
258
871
474
537
411
556
905
523
644
363
632
199
142
976
372
206
438
343
794
515
916
256
976
213
952
205
1006
750
227
736
900
530
249
973
964
490
816
613
707
641
326
646
838
822
671
371
426
870
641
685
622
760
432
731
707
956
473
629
771
862
798
337
695
399
574
1066
449
915
638
489
366
203
326
630
324
629
1019
585
822
338
251
1064
459
387
877
666
360
906
671
950
20
518
905
137
693
814
296
364
306
739
262
892
827
799
326
569
785
521
233
628
260
489
458

12
250
20
9
15
17
18
7
11
11
12
16
16
20
17
19
9
19
6
11
9
8
16
9
6
16
9
20
16
8
9
14
18
9
15
8
7
10
18
5
10
12
8
12
6
10
12
10
18
10
17
9
15
13
14
13
12
16
10
6
15
7
13
10
9
15
6
16
19
11
19
15
16
8
14
20
18
9
7
14
6
19
11
5
17
16
16
5
7
10
10
6
16
6
15
17
18
10
9
9
8
18
14
20
7
16
19
15
6
20
9
16
8
13
16
10
17
15
14
6
6
6
16
8
12
14
17
7
13
17
19
18
19
15
14
19
18
20
9
15
15
16
11
5
16
9
12
13
18
8
7
11
15
17
7
11
10
13
8
14
16
19
13
8
12
12
19
16
12
5
12
15
16
15
15
16
20
18
5
16
6
18
12
16
18
18
15
8
5
11
13
14
11
7
12
14
19
19
18
16
9
10
6
6
10
15
9
10
16
9
13
13
16
11
7
19
7
7
11
18
6
13
15
16
7
7
16
6
13
14
6
11
6
19
13
19
14
16
15
14
7
20
20
10
6
10
17
7
14
15
7
9
0
27
302
634
592
728
726
184
268
422
771
268
273
48
151
47
730
526
520
627
207
83
588
106
62
230
734
327
404
636
770
280
713
530
161
273
401
265
117
483
519
223
307
674
354
110
642
446
330
574
101
513
247
733
670
417
326
630
498
275
394
635
90
393
755
508
128
37
57
379
573
229
19
58
97
30
507
515
784
644
338
773
617
503
692
386
732
377
515
710
497
115
488
193
330
534
221
533
265
726
509
782
5
372
52
210
282
472
40
389
242
269
494
526
126
325
190
143
27
61
596
763
49
517
449
221
527
637
293
411
561
210
468
28
582
115
57
195
144
417
745
65
575
350
266
45
547
716
662
738
490
161
267
319
760
9
161
473
40
467
304
762
141
519
341
241
68
63
777
344
462
80
599
297
515
169
429
355
575
274
215
172
439
410
530
509
224
493
420
336
119
399
105
654
421
753
658
26
484
649
322
223
371
684
65
678
684
414
699
145
408
180
229
14
86
365
539
125
687
153
569
401
763
640
64
757
379
237
499
767
233
559
468
214
505
526
517
433
453
20
520
488
169
259
633
678
751
203
755
345
173
253
346
692
894
909
848
270
478
473
1043
420
451
335
303
353
989
730
649
948
342
139
850
170
349
474
1025
588
467
935
1020
293
978
655
208
316
660
444
357
675
683
264
476
745
380
164
837
692
530
616
216
612
353
781
983
500
490
864
741
418
487
705
387
548
874
770
291
293
320
524
792
524
191
149
129
243
541
608
833
776
505
1037
848
832
939
676
851
468
813
1026
743
395
533
424
362
646
440
773
549
751
694
966
72
458
379
470
556
701
124
607
270
392
818
764
404
436
371
246
324
311
907
897
196
770
780
455
647
740
342
533
684
304
516
62
637
297
115
303
332
641
914
244
868
472
392
74
659
999
954
1026
582
268
350
381
929
112
378
626
264
783
611
1071
444
657
642
552
341
326
844
549
763
278
705
627
779
203
715
474
823
577
385
489
630
536
679
748
483
554
499
586
298
413
236
753
728
1068
912
332
614
726
355
484
646
984
204
933
890
465
938
269
448
235
350
241
321
540
862
415
800
362
633
523
812
718
248
832
620
525
793
938
397
826
746
330
659
744
564
597
734
145
820
567
243
533
944
967
865
364
869
538

13
250
9
12
11
15
9
10
11
5
19
16
6
20
13
15
10
17
19
10
20
12
16
11
11
9
10
17
6
10
13
17
17
8
18
19
10
5
13
5
19
8
8
13
8
12
14
6
8
7
16
6
6
18
5
8
6
8
16
10
6
12
8
8
13
10
15
20
15
11
19
8
18
13
13
20
18
16
9
6
10
15
11
11
18
14
8
11
15
19
19
11
13
12
18
10
16
17
9
18
13
14
10
15
20
7
19
7
18
12
19
20
6
18
13
12
7
11
11
6
18
14
12
8
13
12
16
5
12
17
11
13
13
10
8
10
19
9
13
14
12
6
13
6
6
12
7
5
8
16
11
19
10
17
7
18
15
8
13
20
13
17
7
11
13
17
15
6
8
14
15
15
12
17
18
13
15
15
7
7
15
19
15
19
13
8
19
16
15
10
18
5
18
12
12
12
19
10
12
18
10
6
20
5
17
13
7
17
7
16
16
15
15
19
10
6
17
19
18
16
19
7
16
20
9
17
14
7
13
17
6
13
13
18
6
18
6
7
9
7
16
10
10
17
15
15
6
10
12
10
8
13
0
129
617
28
592
203
73
67
432
415
667
373
202
140
334
563
19
148
46
13
762
410
318
213
224
356
525
242
529
633
781
263
82
319
200
151
151
393
713
308
150
343
70
403
752
304
434
745
636
312
530
445
540
415
97
229
405
311
304
126
141
679
628
677
13
157
185
243
186
344
70
207
128
216
601
431
567
187
212
697
51
347
64
690
579
532
772
135
252
130
767
260
717
541
741
371
309
363
176
121
664
349
595
453
67
343
744
499
504
554
700
647
127
346
126
430
466
628
590
679
67
674
314
157
773
165
695
28
687
407
391
113
10
630
253
288
84
569
378
380
657
530
19
163
8
724
457
641
598
493
370
380
566
769
306
631
417
206
287
452
500
78
92
280
592
548
366
643
712
272
780
358
363
733
429
501
38
646
622
466
611
631
369
233
532
347
365
657
565
461
320
217
300
267
719
412
98
179
126
224
551
717
703
452
552
140
488
691
194
377
19
344
166
686
282
571
731
438
728
511
591
657
248
373
272
617
407
30
163
306
512
207
182
351
297
409
608
7
546
665
83
502
225
445
517
230
20
279
780
42
278
219
898
220
812
422
176
193
553
725
709
421
363
284
586
697
167
354
356
318
933
613
535
365
350
641
766
383
743
937
1081
288
138
430
307
228
274
554
898
471
320
648
390
460
902
482
482
916
887
594
671
579
552
549
249
389
688
581
357
300
355
783
712
719
140
210
322
317
360
597
362
495
161
353
626
532
774
394
422
755
353
650
271
903
767
733
984
373
297
353
952
511
990
731
781
429
629
588
323
372
840
514
833
678
307
436
890
540
659
831
759
934
221
383
379
741
700
874
849
837
143
757
536
241
825
459
732
200
771
603
649
144
71
862
549
464
401
681
512
430
827
650
64
407
279
820
573
804
700
691
394
570
613
792
405
923
702
449
427
765
528
142
368
368
735
788
643
771
778
540
867
643
621
971
579
590
220
708
853
551
764
927
427
289
725
414
421
881
784
611
572
430
395
391
744
493
271
204
316
410
690
955
801
647
701
306
668
774
229
393
113
403
357
915
390
860
1051
607
771
630
701
944
361
438
403
859
661
348
182
359
689
527
340
607
548
593
634
136
713
969
342
741
397
482
646
308
104
498
981
199

14
250
19
14
20
16
19
12
16
14
14
9
17
17
16
16
7
7
8
20
10
10
16
6
20
18
19
17
18
16
9
20
13
8
15
7
7
5
17
19
12
17
19
17
20
19
16
12
16
18
17
18
11
12
11
16
14
16
6
20
9
16
7
14
14
12
6
10
11
19
17
10
11
20
12
8
19
15
13
8
14
13
7
8
14
19
5
11
13
8
12
8
6
17
10
16
11
16
7
15
17
16
9
18
9
10
14
20
10
6
19
10
14
11
15
17
12
7
16
19
8
17
16
18
8
18
14
5
8
7
18
13
14
18
7
8
13
15
6
14
6
14
18
16
13
10
17
14
20
13
8
15
5
16
13
12
15
16
10
12
10
9
8
6
10
19
15
8
11
15
12
11
13
17
7
14
5
5
6
7
10
19
14
10
7
19
11
8
19
13
14
13
16
15
8
12
17
17
20
11
19
11
12
13
7
9
19
13
10
14
6
6
19
7
14
20
12
18
7
9
13
14
16
6
20
11
5
16
8
9
12
14
19
16
16
9
16
19
19
14
15
5
10
18
14
7
13
7
15
16
10
18
0
456
241
699
247
603
74
528
712
677
392
156
780
711
185
73
519
347
588
349
249
682
650
441
8
295
55
76
652
153
275
732
729
131
158
345
705
195
142
212
594
340
544
513
123
190
14
175
448
424
675
200
363
484
113
239
594
385
230
500
193
273
160
409
269
692
23
418
681
453
542
8
53
725
179
718
162
95
745
756
729
566
447
565
245
308
728
224
227
453
197
760
163
101
365
794
790
348
554
590
553
449
210
72
443
400
553
449
446
365
333
51
370
713
278
519
436
353
480
159
631
397
463
345
679
298
730
137
448
776
165
152
216
700
232
586
613
593
617
627
40
762
504
378
731
226
670
379
185
640
317
645
209
342
42
794
567
537
6
766
567
640
635
447
706
731
608
136
145
328
257
168
771
60
276
25
667
315
631
85
694
203
99
684
533
642
507
24
603
316
718
172
774
451
631
9
146
704
248
574
165
478
300
43
743
98
8
545
576
793
106
3
248
329
216
117
665
258
315
438
272
573
249
734
619
139
565
230
230
604
213
537
105
523
75
31
11
106
591
280
783
85
787
122
708
510
782
428
403
1
210
470
339
894
493
935
244
811
793
887
628
267
986
850
243
148
791
503
828
662
347
697
958
492
203
332
156
114
664
452
399
779
953
281
372
562
771
364
269
231
655
619
649
547
432
280
160
261
473
764
975
259
374
738
353
445
681
660
421
730
478
300
473
498
311
837
70
602
826
577
734
177
209
783
312
842
335
315
1042
1042
855
599
734
634
261
484
905
380
448
755
300
815
371
438
605
873
1028
366
781
738
833
700
272
156
550
585
776
542
559
397
508
255
591
900
371
572
478
512
598
465
791
586
598
665
704
520
759
182
572
1062
386
303
392
921
291
806
927
687
721
877
345
1086
549
462
1004
472
759
412
361
850
362
774
390
449
108
935
756
571
108
908
895
666
934
585
774
831
742
238
441
427
533
308
950
337
416
287
978
508
719
314
835
265
332
889
832
773
634
210
693
397
912
435
1068
577
845
319
206
959
483
593
395
500
347
269
803
170
47
757
697
973
203
148
387
439
489
325
912
424
344
522
554
625
578
791
740
455
704
379
381
700
457
572
153
688
276
320
106
325
822
381
941
294
972
353
998
566
827
668
545
294

15
250
18
6
15
19
13
17
19
13
10
7
16
20
6
17
6
7
19
18
6
16
14
16
17
9
17
13
17
5
7
12
11
9
15
12
19
16
6
9
8
11
16
5
12
9
9
5
15
5
9
14
13
8
9
7
8
13
9
17
19
7
10
17
10
19
19
14
7
15
13
10
6
11
13
17
12
9
17
15
7
16
9
14
6
14
18
18
12
5
11
7
12
17
7
17
6
17
10
11
17
19
14
7
12
18
18
20
12
10
18
7
17
9
17
7
20
15
15
16
15
17
7
20
12
10
16
19
12
8
6
15
18
15
17
20
13
14
12
19
17
18
16
18
8
11
9
12
6
7
15
15
6
13
17
13
13
6
11
19
17
20
15
19
19
8
17
14
12
6
11
17
10
7
14
16
7
7
12
11
16
16
18
6
19
11
8
17
19
12
7
16
8
14
7
12
12
17
19
18
18
8
6
10
17
15
12
19
11
9
13
16
9
9
8
13
18
6
13
12
15
19
20
14
8
20
18
11
11
15
14
6
8
11
10
9
10
17
8
18
19
20
6
18
11
13
12
17
12
17
9
8
0
196
647
647
123
288
515
556
437
279
193
25
510
185
574
375
31
9
17
603
127
18
27
102
115
542
345
258
31
518
215
344
222
8
545
356
141
312
471
610
474
489
667
310
309
740
518
141
695
250
682
675
685
739
561
45
425
107
623
311
581
261
675
313
643
675
28
474
640
172
292
554
772
116
682
585
298
251
204
421
602
406
645
112
153
98
639
544
704
469
409
150
428
537
256
750
545
248
333
696
336
713
44
398
703
449
579
23
751
501
102
2
382
393
354
171
565
210
537
167
635
375
459
113
360
785
44
206
467
511
318
639
576
503
214
477
260
96
726
127
566
186
308
405
489
657
285
435
172
103
156
216
527
699
752
465
590
567
748
764
777
567
469
648
525
640
115
650
69
596
715
722
469
539
540
266
398
562
133
407
661
539
625
711
515
437
491
590
754
374
294
20
60
44
497
191
377
743
287
302
576
5
160
756
608
506
142
153
212
0
424
321
733
798
290
398
556
717
505
602
713
20
244
710
738
701
135
264
551
558
92
743
449
115
306
706
559
768
487
156
661
193
102
332
118
287
331
751
435
785
37
417
883
764
207
417
631
574
746
359
244
347
563
364
814
395
56
95
70
828
207
311
321
303
349
764
512
319
337
675
450
518
237
165
800
497
189
527
738
937
696
813
943
532
551
925
575
226
939
374
740
963
934
786
845
349
731
163
675
326
737
503
831
614
848
995
258
654
837
308
553
869
805
320
756
597
522
572
355
746
663
610
969
426
344
216
671
761
925
713
600
369
449
791
546
798
865
560
517
738
547
924
188
646
1038
748
870
124
846
810
166
26
716
455
467
286
715
277
715
186
856
498
671
404
470
814
327
489
584
552
480
850
870
784
412
739
349
314
993
450
699
265
465
418
791
736
584
643
430
379
165
467
805
904
884
730
707
729
1076
945
1095
894
806
925
686
901
127
733
299
779
768
932
616
806
687
279
630
810
153
637
823
810
697
828
830
518
556
801
1021
476
519
43
72
75
812
405
409
1006
360
603
645
63
313
803
720
586
430
454
247
238
442
449
1038
860
422
688
572
944
707
835
1030
90
304
759
1029
959
270
585
832
710
214
828
684
125
452
816
730
884
615
227
946
506
330
612
178
356
579
825
732
937

16
250
14
12
11
9
11
5
16
11
15
6
13
19
14
9
7
12
8
9
20
11
9
19
19
8
19
10
14
14
9
15
14
18
11
15
12
5
8
16
7
7
12
8
12
14
16
18
13
18
6
10
9
9
15
19
6
6
7
8
10
15
14
10
6
9
11
7
19
10
5
18
9
6
15
19
10
11
11
10
18
12
14
18
11
18
15
16
9
9
17
6
19
20
10
6
11
16
12
16
6
14
8
16
14
9
12
17
13
14
19
17
7
9
17
10
5
17
18
11
10
7
17
15
11
12
16
7
15
10
13
16
17
11
19
9
15
14
10
16
18
19
14
20
12
10
17
14
7
19
16
14
10
7
8
17
11
13
17
15
18
6
19
11
11
19
5
6
17
19
6
14
16
11
9
9
5
15
5
12
11
15
14
19
9
11
13
14
6
5
11
11
7
17
10
7
18
16
7
10
14
20
16
13
6
14
15
14
18
20
8
18
6
16
13
10
5
10
10
8
6
6
8
14
16
11
14
13
14
15
17
20
14
11
14
17
9
10
11
18
7
7
12
7
17
7
10
14
17
18
14
19
0
517
268
487
239
566
342
630
294
427
137
91
481
228
582
283
627
304
53
572
166
77
545
8
407
628
436
529
53
432
22
534
248
450
661
632
203
309
470
394
471
194
728
153
325
277
345
642
133
680
325
563
594
752
212
362
424
690
696
705
647
384
592
26
18
64
14
587
595
754
297
295
213
560
95
623
206
306
669
151
472
609
422
192
122
5
230
539
661
257
394
175
452
569
672
365
663
760
521
161
630
568
143
339
472
410
223
395
536
51
208
710
11
537
758
734
547
391
111
652
194
748
121
463
519
348
44
75
608
472
44
542
34
765
257
750
772
594
308
519
683
50
649
563
338
541
512
192
299
611
66
259
543
116
6
595
85
658
743
219
727
649
631
426
595
60
40
418
757
46
639
326
525
89
499
496
62
339
730
278
642
167
235
687
251
604
497
206
444
135
81
531
465
51
772
663
728
291
369
4
193
439
268
526
447
752
523
739
239
58
447
206
249
134
685
377
307
213
27
307
299
539
722
187
164
174
46
382
137
222
501
384
516
757
112
110
571
324
637
189
495
239
561
572
627
64
634
316
270
459
192
606
443
717
493
623
471
881
578
471
382
185
652
368
662
452
887
403
372
668
447
210
794
129
720
738
725
664
63
510
274
618
276
681
873
811
493
624
730
622
697
260
922
387
622
445
398
944
246
810
560
694
780
917
359
369
501
809
959
900
738
615
723
85
239
192
42
784
746
900
452
476
292
860
190
693
406
520
894
311
531
774
481
411
277
322
474
707
968
558
571
247
543
590
729
685
689
1012
722
249
801
763
280
465
637
515
252
474
641
128
317
722
34
662
769
1048
593
578
368
882
479
1072
297
690
741
544
80
318
674
496
78
829
67
1020
524
996
796
642
578
639
846
267
892
839
413
768
754
291
592
702
346
567
612
186
51
836
404
696
876
251
893
715
818
451
879
281
87
682
996
349
691
377
750
346
725
789
150
600
885
455
715
272
379
745
431
906
542
490
649
271
220
585
716
365
819
714
1008
356
626
72
494
488
326
617
557
1011
595
925
337
353
729
459
327
206
722
598
594
379
69
568
603
812
974
363
274
196
123
613
360
376
688
402
607
1018
379
222
768
648
718
416
719
525
712
582
667
340
848
490
490
766

17
250
9
8
8
19
6
13
16
14
7
10
18
19
9
7
18
18
14
6
17
6
7
18
9
13
7
10
19
10
19
6
15
20
12
15
13
11
7
18
5
19
17
13
19
11
19
15
9
20
16
7
19
19
10
6
10
11
17
18
14
5
8
12
7
9
7
20
19
11
6
16
16
17
15
6
10
19
15
11
11
15
5
11
6
18
11
17
13
15
15
15
20
14
12
7
16
7
13
19
12
10
18
5
14
19
5
11
11
16
18
16
14
8
19
12
7
10
6
7
18
12
18
19
18
5
9
9
11
16
11
10
19
16
19
20
19
16
15
10
8
13
18
11
13
13
14
9
18
7
7
15
18
14
6
18
19
13
7
10
15
20
9
20
7
14
16
13
12
14
7
12
6
6
11
18
12
13
18
15
7
10
16
13
11
17
13
15
16
14
17
13
10
14
9
15
16
8
18
6
8
11
14
15
18
14
9
19
19
17
8
11
11
10
5
11
15
11
11
14
16
7
5
13
15
6
7
11
10
19
7
12
15
6
19
15
15
13
10
6
16
16
15
12
10
15
10
11
11
15
8
20
0
303
53
726
403
254
499
285
27
322
448
308
178
550
97
412
166
150
427
615
224
348
339
61
651
294
265
223
265
593
433
259
79
750
670
481
169
303
291
14
410
288
166
631
237
480
746
449
135
206
529
609
2
551
680
681
297
631
389
340
308
92
623
554
246
496
64
347
712
248
80
696
664
402
142
456
171
76
535
677
325
410
145
595
223
561
588
64
117
713
490
500
293
354
745
756
788
424
561
714
273
788
355
270
4
36
71
100
19
220
209
659
653
413
518
226
533
45
463
392
132
671
376
686
468
34
261
290
439
547
730
500
701
557
634
385
58
82
668
8
242
523
334
479
265
590
728
76
204
587
532
389
390
560
76
209
710
496
49
698
350
6
158
341
286
108
258
25
90
556
482
747
131
123
510
747
719
443
76
49
525
112
50
96
167
362
643
97
523
244
20
63
101
259
253
202
130
315
786
290
185
608
676
621
198
75
160
205
414
196
478
170
24
54
490
79
357
780
164
708
629
495
705
176
94
296
254
173
165
781
416
412
452
107
248
446
580
164
127
505
164
795
93
590
38
579
758
628
287
54
65
363
293
905
437
332
817
550
202
517
765
583
330
616
206
605
185
302
542
821
344
621
352
362
852
619
578
466
437
666
488
411
371
992
825
584
452
509
356
72
604
549
292
699
277
724
944
681
235
474
619
915
141
605
697
1001
420
796
532
376
442
118
939
761
495
658
224
589
792
455
235
978
773
529
440
741
332
127
775
702
536
463
229
925
463
809
713
110
391
989
753
596
517
560
803
826
974
583
811
1033
601
826
471
375
299
89
302
401
191
256
518
702
680
441
737
304
689
124
527
436
426
968
651
704
492
342
556
483
526
850
1044
699
933
777
813
625
346
385
759
307
511
806
509
577
453
720
846
201
412
605
734
625
581
767
372
440
740
709
243
724
402
113
190
517
514
237
485
137
374
821
717
1002
397
291
773
1008
942
484
261
255
841
155
335
277
286
412
920
377
557
264
184
336
364
287
531
256
182
369
974
352
506
929
918
921
436
269
220
485
430
295
579
346
325
111
579
117
616
1019
199
888
664
524
728
204
127
600
366
273
461
948
725
495
609
371
382
777
761
288
433
677
396
884
394
627
336
747
1075
911
567
336

18
250
13
9
6
10
14
17
7
16
9
5
17
13
13
12
18
17
11
9
5
18
13
17
18
11
11
15
19
7
10
7
17
6
15
18
15
7
14
6
10
14
18
6
7
6
8
14
6
14
6
8
16
15
13
13
8
10
9
6
19
15
16
8
6
7
12
14
9
12
14
13
11
13
18
10
10
14
18
10
9
7
7
18
20
5
9
15
12
18
12
12
13
11
12
8
12
5
13
8
7
16
19
7
9
20
14
9
11
9
9
10
18
10
17
13
18
17
10
17
16
17
13
13
7
10
20
9
6
16
17
15
8
11
9
11
9
10
17
14
6
17
11
6
12
9
5
7
10
15
9
13
12
8
15
9
5
5
15
8
7
13
18
13
11
7
7
20
18
9
18
15
6
15
8
19
8
11
5
16
6
16
14
13
11
9
10
20
7
16
20
6
12
16
20
16
8
15
6
10
19
14
15
5
15
19
14
10
8
6
17
19
11
19
5
6
10
12
17
14
9
11
12
13
17
18
15
12
19
7
16
18
14
9
14
16
7
10
15
12
6
18
15
18
16
17
6
13
15
9
15
11
0
709
467
420
233
273
554
105
382
543
332
611
589
98
221
486
102
252
235
289
370
515
469
452
583
738
434
362
135
608
264
108
672
411
445
652
754
504
62
94
732
401
36
699
274
212
20
157
122
35
699
643
319
58
186
84
437
729
23
699
118
470
407
740
141
137
160
722
74
332
711
648
273
21
125
621
518
736
648
241
24
584
667
119
173
507
616
147
361
208
533
111
388
139
636
330
551
571
25
338
11
535
352
85
462
516
474
186
571
327
270
386
301
606
420
329
584
98
426
292
75
206
576
685
160
647
308
239
281
715
192
745
46
593
737
148
39
565
696
739
369
126
192
640
241
156
738
637
616
310
671
573
362
76
14
755
91
216
412
714
283
164
553
187
345
199
708
714
317
193
148
623
531
728
329
697
196
638
626
433
23
562
251
690
44
516
718
187
8
305
542
139
308
617
742
711
246
13
740
549
650
19
192
474
95
674
711
651
69
264
343
643
755
488
457
744
518
549
519
386
426
316
410
322
412
582
129
608
529
154
669
334
699
493
419
197
296
230
731
245
69
105
644
703
152
690
429
483
464
544
17
922
583
678
487
469
641
388
429
732
505
701
782
267
411
658
177
450
251
558
645
682
772
587
798
782
462
556
216
636
433
395
802
629
734
776
892
552
211
334
851
454
230
976
344
506
73
404
430
242
870
774
379
101
417
138
518
938
279
753
372
481
540
870
421
278
347
785
231
361
848
882
573
116
365
672
828
792
796
358
135
700
737
173
332
639
922
197
526
220
747
146
566
364
903
632
649
861
248
505
100
798
615
405
692
781
665
260
667
405
486
400
418
807
516
539
808
157
608
561
118
360
820
813
182
952
509
337
595
794
350
1058
81
777
998
295
95
806
910
978
602
342
302
717
458
338
1035
825
860
526
917
778
469
229
65
840
351
260
452
928
318
268
580
364
530
463
1001
976
423
486
307
796
547
945
473
793
458
732
726
751
288
825
373
899
69
680
936
260
255
610
837
257
398
716
873
838
390
224
1057
755
955
117
335
708
122
901
850
733
337
508
452
734
810
790
602
984
817
848
603
677
676
623
492
415
694
668
295
881
713
408
800
381
880
784
645
417
558
254
760
558
191
173
923
991
227
715
607
671
538
668

19
250
13
13
5
20
12
7
6
10
7
18
19
10
18
10
7
16
14
8
13
9
14
6
17
15
16
18
14
12
14
14
16
10
8
10
16
12
14
13
12
16
6
9
16
5
12
8
12
18
7
6
13
16
13
20
7
12
14
9
7
8
19
6
7
10
17
18
11
11
18
15
11
15
20
12
9
6
18
8
19
10
10
16
10
20
6
18
7
16
7
14
14
16
9
20
14
5
16
7
12
10
6
16
18
9
11
5
7
10
19
18
14
10
6
14
14
12
12
16
5
16
16
13
7
7
17
7
5
20
12
9
17
9
10
13
14
18
17
17
19
19
6
10
6
19
9
13
7
19
14
9
18
16
19
7
6
19
7
6
19
19
8
15
8
16
7
15
19
17
12
19
12
18
20
13
17
10
13
14
19
15
16
7
9
6
19
14
14
8
7
7
12
13
6
7
17
18
12
15
16
10
17
18
15
11
18
8
17
16
12
7
5
14
13
12
13
6
6
14
11
15
8
13
12
13
8
15
16
10
15
14
15
18
19
10
15
12
9
19
15
11
16
18
17
6
6
12
15
6
11
20
0
119
320
140
87
382
485
475
428
298
247
389
467
57
551
747
252
605
401
192
8
640
466
526
567
533
69
527
47
218
452
780
634
529
100
136
481
517
511
95
276
226
345
72
269
674
267
645
46
313
335
90
395
133
479
510
701
182
56
245
642
468
727
626
416
779
38
631
395
621
332
444
744
87
759
26
321
493
162
362
99
106
571
542
230
302
618
723
696
174
14
184
167
446
485
518
658
213
723
50
34
276
613
503
370
536
513
230
98
500
616
529
281
570
338
135
25
595
381
503
380
438
357
89
365
613
115
265
556
656
22
280
216
362
477
751
271
774
620
196
473
628
459
134
682
56
65
130
118
187
82
683
587
238
342
25
455
372
34
390
312
129
144
386
18
708
637
22
213
130
156
541
578
537
121
448
46
179
600
537
680
341
54
454
16
534
431
375
266
426
679
554
349
699
574
536
700
85
265
220
184
409
183
630
158
404
51
311
475
321
67
112
134
480
657
503
727
51
716
271
244
425
161
347
525
632
431
434
208
136
125
30
391
398
610
148
357
135
727
60
369
772
148
289
663
541
706
660
291
779
68
426
589
373
314
417
544
754
448
356
364
664
573
235
749
993
342
879
643
261
139
944
763
690
817
736
221
614
304
503
637
837
805
840
134
406
795
824
627
158
330
500
669
242
512
971
402
968
235
381
364
349
433
234
610
701
1017
331
158
411
667
569
1018
757
640
961
322
795
635
692
600
755
873
268
769
119
527
574
482
417
193
137
649
801
469
366
872
772
883
495
200
314
242
674
565
743
936
268
1039
330
245
580
810
718
579
685
799
497
420
652
850
642
385
780
605
355
67
823
432
542
662
651
390
211
686
729
274
364
825
908
299
531
396
426
748
1038
455
872
930
379
782
753
555
393
771
244
130
351
414
449
365
896
788
333
531
269
756
588
71
521
610
369
371
625
71
983
676
125
261
462
229
690
836
805
348
723
111
470
774
714
994
473
228
482
67
600
608
467
522
699
848
720
663
932
784
814
801
330
313
480
508
470
370
701
345
550
93
364
691
340
279
365
169
565
708
782
819
368
769
454
328
440
392
444
646
938
570
733
472
340
453
194
487
581
819
217
532
413
753
162
648
1064
286
454
707
864
986
868
455
1035

20
250
12
15
5
8
17
12
19
18
14
12
13
6
7
12
14
13
17
11
20
12
10
8
11
15
8
13
20
9
8
7
15
5
9
13
19
10
9
6
8
14
16
13
12
15
6
8
7
16
11
12
8
16
6
19
13
5
9
10
14
13
19
11
9
14
8
14
16
8
16
7
6
10
17
19
11
18
16
6
16
9
8
16
12
19
13
14
19
6
16
19
18
8
6
10
9
18
14
5
9
15
10
19
6
19
17
7
12
5
11
18
12
14
7
7
8
9
12
13
19
8
11
6
18
13
5
10
8
12
15
13
11
10
9
17
8
13
12
7
13
10
12
10
9
15
16
10
15
17
16
9
9
11
18
9
12
17
10
16
6
13
9
15
6
17
6
11
20
17
9
15
15
6
16
13
10
17
8
14
11
15
12
10
9
18
14
13
17
7
20
6
13
13
7
12
7
12
15
12
14
14
13
9
19
7
8
12
14
14
16
17
16
15
10
15
16
10
15
14
20
12
6
7
14
12
16
15
14
16
6
17
13
11
10
17
12
15
9
13
11
10
8
14
9
16
19
8
8
18
6
17
0
43
622
80
584
16
432
303
619
316
664
605
316
51
25
377
103
235
373
304
96
477
357
209
200
281
372
268
736
313
6
401
186
129
748
614
729
683
471
127
673
492
84
362
438
619
483
480
421
503
291
445
672
572
701
298
483
503
496
725
218
692
500
460
446
377
542
154
692
724
567
667
484
249
397
67
455
758
644
124
72
531
37
727
419
557
33
598
229
525
569
248
438
496
95
438
141
179
497
454
731
320
372
111
349
411
79
670
750
275
524
215
334
484
69
729
35
51
445
357
365
40
176
274
315
110
102
399
34
473
275
438
461
53
610
287
303
304
582
294
301
138
446
732
699
551
13
241
336
603
529
177
32
290
351
172
409
328
622
236
631
697
226
3
377
151
28
574
117
38
241
315
490
200
284
726
399
181
185
31
734
358
711
495
395
256
535
287
640
61
537
441
652
316
631
24
332
484
730
182
65
511
365
45
534
719
219
604
688
372
66
317
1
149
204
59
73
465
99
416
283
150
566
574
77
336
175
65
298
565
559
441
157
357
668
529
528
70
741
605
273
623
592
11
71
452
51
494
468
707
261
286
729
214
685
41
510
428
840
595
823
735
608
154
95
597
133
543
669
348
252
502
626
406
344
502
677
527
777
406
195
419
425
227
795
897
757
821
608
305
770
626
394
395
611
843
596
674
557
771
536
741
760
729
1016
373
532
683
627
912
412
909
547
701
707
610
608
266
787
942
796
803
799
547
505
283
763
1037
867
278
181
701
324
1048
494
769
69
650
484
560
724
275
463
601
130
714
412
465
574
767
873
453
598
263
585
721
118
877
1053
516
786
439
356
635
89
835
214
90
759
617
452
307
285
300
490
257
389
473
199
496
316
620
640
315
815
325
403
452
605
340
540
412
474
927
935
719
55
387
652
910
635
419
139
589
440
431
563
383
855
459
760
855
468
139
387
193
175
854
249
186
272
493
788
437
404
918
533
411
232
156
927
471
825
656
583
450
792
336
847
121
656
520
676
613
760
120
525
543
929
296
284
616
446
75
698
899
330
640
732
506
189
552
273
451
507
227
288
576
285
553
347
217
630
808
369
477
272
257
444
777
706
467
360
611
893
625
819
177
813
778
474
688
650
216
299
570
261
665
483
1013

21
250
10
12
18
14
9
8
9
8
18
8
9
5
17
15
16
17
19
9
20
17
19
12
17
20
6
16
10
19
16
6
6
14
5
17
13
12
12
15
11
16
16
12
19
13
8
16
8
14
10
17
19
13
6
10
10
20
17
8
14
17
20
17
6
14
17
9
17
18
6
6
11
20
15
12
19
7
18
20
12
15
16
20
11
19
18
17
17
15
8
16
13
18
19
11
8
15
19
10
11
12
8
14
10
20
15
14
6
16
15
7
12
18
18
14
11
5
8
10
15
16
8
14
15
17
18
15
14
16
16
5
15
16
14
9
8
7
16
17
14
18
5
18
12
10
16
19
12
16
15
14
10
9
6
13
18
7
12
9
10
5
19
18
7
5
14
8
16
6
6
17
6
18
8
19
9
9
13
17
10
17
11
9
8
14
20
19
14
6
9
20
7
5
7
20
19
11
8
15
18
17
8
12
14
19
19
8
17
12
13
12
10
15
9
19
11
9
13
13
12
15
12
15
20
13
8
18
13
16
7
16
7
13
13
13
14
19
16
12
17
17
8
17
7
13
17
11
7
7
10
16
0
567
549
708
111
464
548
243
581
631
499
616
571
161
659
692
72
725
477
597
437
17
375
144
210
691
396
140
298
265
328
64
413
662
629
718
209
406
587
441
127
779
396
20
642
413
315
814
659
613
325
587
287
812
798
176
568
720
232
161
483
3
404
650
154
631
250
523
766
263
274
242
318
615
445
501
236
371
294
812
720
687
518
109
669
182
88
209
483
125
439
297
727
806
104
452
634
772
361
753
93
401
354
65
107
212
630
678
431
281
72
10
34
183
278
62
723
87
743
316
761
782
503
662
75
16
244
493
621
79
93
124
615
289
170
454
519
793
756
524
693
307
172
313
446
307
285
247
435
777
583
696
189
809
546
270
52
625
236
290
137
331
39
338
695
139
109
447
556
645
448
549
517
540
529
485
150
142
221
183
633
790
112
42
441
293
515
309
573
638
540
304
453
369
610
367
357
84
792
26
477
20
789
164
238
174
491
233
226
739
411
744
536
222
66
443
356
471
175
48
760
440
209
307
5
183
402
535
466
182
614
119
154
319
228
134
219
782
454
210
555
210
177
69
206
726
588
31
25
457
309
624
798
856
184
551
603
289
714
665
619
786
849
234
959
711
214
783
508
848
546
181
645
272
337
749
624
403
482
404
649
284
422
690
651
953
513
423
634
763
199
935
700
307
884
618
499
961
971
765
376
676
557
828
963
402
814
755
260
402
572
241
545
836
355
910
564
717
782
549
479
550
523
659
569
510
379
702
512
996
857
987
854
175
843
261
181
245
729
349
630
461
1017
826
138
590
785
862
503
790
290
461
628
272
446
250
919
925
761
305
122
252
362
209
385
392
1025
228
765
644
1015
842
641
900
312
293
323
748
688
307
301
236
884
416
337
470
727
825
1008
719
993
588
347
536
680
383
490
341
762
866
708
710
474
1019
815
581
169
793
422
470
229
407
238
374
765
203
424
672
675
777
504
573
827
649
802
681
266
205
399
279
913
935
206
182
754
536
850
534
795
899
676
357
717
532
807
475
549
228
1101
152
491
352
940
363
269
409
707
246
393
904
660
844
856
520
184
645
539
715
290
149
1036
572
426
427
278
468
622
753
489
523
868
216
212
519
515
304
407
941
797
525
722
339
489
237
247
929
807
228
86
682

22
250
6
20
8
10
13
9
6
10
6
15
5
7
11
6
5
12
16
20
20
6
14
15
13
14
18
19
8
17
18
16
5
7
15
5
14
16
5
12
5
15
6
5
6
20
7
18
17
13
13
8
8
9
14
6
11
16
8
15
15
19
7
16
6
11
11
12
19
18
14
20
5
6
19
6
8
7
5
6
9
12
13
9
11
19
14
9
19
19
17
14
20
11
7
16
6
13
17
9
12
8
6
8
7
15
19
8
14
6
12
13
7
13
10
5
18
20
19
17
14
20
13
11
5
19
7
11
14
20
8
10
17
8
6
18
9
20
12
14
17
14
11
13
18
15
8
10
12
15
9
17
14
10
7
18
20
11
18
15
5
6
8
13
16
17
13
8
6
10
17
12
13
14
11
17
15
11
17
20
5
8
18
14
19
7
13
14
8
15
15
18
11
15
8
12
12
16
5
17
19
15
11
18
19
8
13
10
13
20
14
14
18
8
15
20
13
7
14
7
12
5
9
17
14
12
17
18
9
7
14
16
6
15
15
17
9
13
11
15
8
11
6
18
13
9
19
8
20
17
10
17
0
563
501
51
538
282
401
456
178
694
133
703
270
424
391
76
34
128
5
79
563
248
52
755
79
616
95
402
678
471
179
572
38
174
41
752
95
86
633
115
730
228
206
60
385
60
103
99
360
443
136
206
577
152
226
633
610
627
593
675
4
476
116
575
22
405
653
291
73
66
676
96
279
547
713
606
315
183
101
233
562
509
556
69
355
746
708
217
145
725
224
710
32
734
752
317
702
347
607
178
13
238
679
143
565
505
632
172
555
281
563
131
324
688
368
219
761
409
349
38
387
650
739
95
639
259
583
628
565
85
619
9
550
446
526
23
152
726
613
105
364
446
629
244
35
11
352
71
647
451
63
653
639
359
136
385
463
222
165
32
349
696
751
565
304
366
609
305
634
500
652
612
88
604
721
273
10
53
629
224
732
464
498
313
131
26
410
440
11
76
564
182
721
374
410
715
541
279
279
28
429
111
90
760
393
507
220
720
492
280
669
142
496
644
483
399
349
46
574
309
105
652
250
427
724
634
678
514
510
296
171
584
210
61
716
30
705
516
567
559
98
376
60
472
514
241
131
762
377
253
221
764
640
175
764
347
448
508
355
880
360
853
541
544
627
206
274
403
332
103
820
397
256
866
123
925
151
685
722
688
185
860
188
258
288
867
149
207
671
425
820
459
435
176
501
308
323
193
416
677
399
481
782
410
279
650
824
661
816
714
268
612
320
631
82
437
795
343
317
184
787
121
573
817
1008
740
489
425
292
310
869
728
843
360
384
948
919
543
398
869
296
818
199
781
1046
542
787
419
633
478
46
358
756
326
715
551
953
189
833
400
580
144
357
731
409
456
957
634
647
366
545
963
746
350
931
495
696
781
612
216
879
261
713
714
553
277
180
823
935
190
498
595
769
472
233
37
574
302
754
712
316
667
657
443
453
504
626
307
221
216
526
981
800
710
616
374
627
420
683
681
781
883
382
630
1037
471
277
377
755
239
775
737
779
421
416
91
479
703
101
280
797
383
822
524
708
842
573
395
386
109
459
361
123
906
660
557
537
853
523
590
787
339
610
886
713
561
535
172
682
505
419
940
309
520
855
779
853
816
572
366
426
779
403
138
812
189
773
773
740
840
388
566
378
534
575
358
399
894
632
567

23
250
9
6
6
7
13
14
18
14
15
9
7
5
13
19
12
16
17
6
16
6
15
10
7
18
9
8
9
16
13
6
12
13
13
9
14
11
17
19
7
12
11
9
13
10
9
5
14
16
14
8
18
6
9
7
12
14
14
20
8
16
7
20
14
8
17
5
9
18
19
18
14
17
10
13
15
13
17
18
8
8
10
15
14
19
9
6
6
18
14
13
20
13
18
18
11
15
10
19
11
15
14
9
17
6
11
14
11
10
15
18
12
12
17
18
14
18
9
7
6
11
11
17
10
6
17
14
8
7
16
12
6
19
14
9
14
10
18
14
10
7
13
14
18
13
10
8
9
6
6
15
17
12
14
9
14
13
19
12
12
11
6
17
19
20
12
11
18
5
12
14
16
14
17
19
19
19
16
16
13
16
7
9
17
16
7
11
19
18
6
19
19
15
16
18
10
5
16
10
15
7
12
11
10
11
17
6
11
16
5
9
8
7
18
16
15
13
11
11
19
11
8
20
11
17
12
12
8
9
18
6
9
10
10
13
16
7
18
11
9
12
17
12
12
13
17
9
8
17
6
8
0
8
163
723
425
612
70
530
114
211
85
52
745
746
494
50
288
139
383
89
569
331
190
776
657
257
225
74
222
333
583
306
468
131
407
707
48
197
339
703
130
623
662
511
379
290
534
22
56
335
185
502
32
144
544
740
391
344
604
742
380
321
278
698
41
58
452
520
141
64
175
164
506
587
676
575
424
140
504
0
422
8
86
339
497
688
776
325
362
61
282
356
679
347
22
445
702
45
509
506
651
556
304
52
368
583
441
275
202
183
160
129
369
60
700
296
71
23
649
440
390
145
366
473
553
750
561
631
175
77
33
152
189
576
307
259
231
42
297
350
35
426
455
87
272
344
323
216
207
239
341
744
123
284
427
232
433
427
710
313
705
655
66
434
706
711
179
216
437
472
609
683
467
219
413
654
335
443
397
647
232
422
446
436
603
678
61
262
191
740
483
428
455
446
110
693
468
109
329
451
381
765
202
305
697
594
255
582
591
453
50
503
475
562
408
594
353
478
449
338
699
50
309
668
547
193
477
198
305
383
19
245
64
328
270
516
145
363
617
502
120
203
773
187
705
769
88
268
72
126
190
77
451
1027
537
730
233
692
415
414
285
113
954
1070
545
323
493
224
403
103
666
573
267
806
737
276
284
288
452
494
710
551
691
195
717
976
377
341
620
877
303
903
960
706
496
439
606
269
263
545
266
583
235
361
668
758
641
478
815
798
435
598
522
780
200
306
770
554
340
359
411
274
800
842
745
668
702
179
702
128
437
94
364
374
592
837
1007
634
555
217
589
392
979
466
169
518
890
171
604
571
893
570
485
180
568
605
636
555
302
358
336
335
527
165
817
491
131
195
735
512
627
305
622
554
848
892
720
880
404
126
136
431
408
718
527
278
299
125
504
438
163
714
736
402
471
352
431
235
449
482
577
1027
220
421
557
417
638
719
934
593
865
749
372
736
748
773
269
253
497
754
638
836
599
462
509
861
412
613
645
942
254
526
639
659
706
773
98
308
204
761
690
738
701
711
175
813
582
330
389
506
458
883
480
497
729
896
334
712
899
700
327
728
673
861
466
906
668
769
630
376
931
186
514
745
614
425
625
326
357
645
53
375
375
650
407
829
386
654
628
745
358
442
832
256
849
963
250
529
211
151

24
250
16
19
16
5
18
11
14
18
11
9
17
18
13
15
7
5
8
7
8
10
15
18
8
8
11
8
7
17
12
17
18
11
18
8
16
11
9
7
18
5
19
11
9
12
15
12
10
13
9
14
18
10
19
14
10
19
16
18
18
12
16
11
12
13
12
13
16
11
14
11
16
18
9
13
19
15
14
5
11
14
14
9
15
12
13
10
19
13
11
10
10
18
16
13
14
20
10
19
13
8
8
5
8
6
18
10
14
6
6
7
5
7
16
20
19
16
16
8
19
13
6
19
14
14
13
19
11
6
14
8
9
12
12
12
8
19
14
17
18
11
16
9
6
5
10
18
15
13
16
19
9
11
16
8
12
17
9
17
10
6
13
16
15
10
11
18
13
6
11
5
14
5
18
13
10
19
12
8
12
13
12
6
18
12
13
18
8
5
14
7
15
9
18
15
19
8
18
19
10
14
15
8
12
15
16
17
16
14
11
11
8
19
16
14
17
20
18
14
13
6
7
14
16
16
11
15
19
20
11
6
13
18
6
16
10
11
8
12
6
13
14
20
12
11
18
9
20
8
14
13
0
650
248
127
357
39
347
352
188
3
784
377
289
164
718
283
177
703
621
775
541
307
185
791
557
340
626
265
445
459
36
607
545
694
359
619
500
1
300
341
190
748
689
182
429
336
624
659
276
173
533
462
135
442
49
553
332
506
471
68
345
503
480
494
331
65
485
701
576
58
281
106
492
115
584
500
778
228
337
725
785
772
330
227
294
471
243
81
138
202
466
2
503
221
575
636
125
284
249
110
784
613
77
480
387
426
73
324
568
747
523
273
132
250
595
116
282
413
119
720
125
770
776
566
411
530
154
144
405
106
395
795
250
499
200
132
87
445
679
67
351
434
181
121
54
760
640
0
683
307
549
53
569
783
297
495
88
781
568
740
185
305
398
550
218
169
290
342
728
154
263
767
406
247
625
509
24
100
101
375
212
220
736
670
276
39
637
736
75
350
703
389
195
482
54
180
64
99
706
226
380
754
199
96
738
368
702
310
436
474
531
763
500
244
606
602
569
348
542
471
636
230
167
465
492
665
283
317
485
793
142
717
429
684
589
336
282
212
780
214
216
526
621
513
512
494
10
497
502
761
286
788
332
389
409
121
545
571
492
259
924
549
463
411
1040
448
291
872
663
789
698
461
194
847
639
505
845
407
583
647
74
916
736
960
691
727
795
229
482
376
440
988
889
284
457
510
914
984
596
445
604
482
331
549
287
709
403
604
717
347
533
792
539
588
473
146
638
751
848
249
605
394
548
244
632
553
1067
313
479
1034
803
949
397
456
462
663
428
217
212
354
623
81
830
324
640
754
292
520
418
320
1102
839
287
502
711
635
201
568
879
834
831
440
212
477
735
241
403
505
360
874
220
911
863
811
468
774
338
158
501
143
654
883
398
576
325
275
211
526
875
381
435
472
191
257
286
1081
897
153
722
528
774
241
842
840
309
748
216
913
862
1023
378
354
601
680
267
350
359
375
1026
341
436
947
560
458
723
808
58
418
402
523
420
303
769
749
471
257
777
923
385
595
1024
663
431
547
338
351
369
217
789
523
590
1080
417
235
851
701
898
534
539
502
564
1028
759
550
798
757
834
508
799
662
951
448
391
622
596
832
332
382
665
984
425
762
719
867
640
460
434
420
1062
243
466
641
691
524
602
752
59
741
522
797

25
250
5
8
13
7
6
16
12
6
14
17
15
14
13
12
13
20
16
10
11
8
10
18
8
14
17
15
14
8
16
9
10
15
16
16
15
12
10
10
16
16
10
5
18
18
18
12
17
19
18
10
13
16
9
12
18
15
7
10
12
19
15
13
6
10
9
17
7
11
19
10
18
19
15
12
15
8
15
17
9
17
15
9
8
12
6
16
10
18
6
13
8
18
9
17
7
15
11
17
16
17
10
11
10
8
5
15
11
16
18
5
19
17
17
7
15
19
11
6
14
14
7
6
8
9
6
15
16
11
18
9
9
17
9
16
16
12
7
9
10
17
15
20
9
17
16
5
6
5
6
12
7
15
14
12
14
15
17
9
13
17
17
16
8
18
13
20
8
17
13
6
16
7
8
8
7
13
14
19
11
16
19
10
15
6
8
13
15
18
8
13
12
20
7
18
6
17
8
11
10
17
11
16
15
14
19
15
17
13
19
6
15
14
6
16
12
9
13
18
11
18
10
13
7
18
10
8
10
15
10
17
19
5
14
19
6
13
11
19
17
7
9
12
15
8
17
7
7
15
15
10
0
563
156
260
156
213
82
553
287
207
529
269
404
277
468
500
453
775
244
339
0
246
289
455
227
171
373
299
574
569
317
412
592
439
306
394
625
149
152
35
73
55
374
506
242
311
504
482
295
120
637
646
405
591
58
420
607
781
550
365
21
538
315
410
680
528
314
241
153
435
288
698
57
702
738
689
457
138
751
275
159
251
56
499
462
783
714
385
95
437
295
574
148
675
289
631
442
579
346
288
624
341
512
310
33
596
168
649
183
191
104
241
731
92
354
57
692
251
222
350
467
309
234
26
690
390
623
118
575
266
1
360
403
246
672
312
611
475
583
336
546
437
437
470
360
67
454
384
454
325
313
41
373
707
430
313
228
205
740
10
229
765
677
403
634
62
445
296
56
218
186
616
730
375
300
784
571
527
287
307
315
285
185
492
64
287
376
783
121
172
680
386
153
26
50
485
520
18
122
371
603
414
552
111
335
612
432
730
549
175
6
350
475
523
437
101
602
786
577
121
575
663
311
264
331
653
750
12
467
667
611
376
567
7
326
717
168
497
617
375
291
0
775
375
760
175
707
147
711
715
77
685
423
269
207
532
404
738
345
258
749
489
530
555
743
610
764
992
522
542
194
385
540
522
258
331
639
415
775
602
613
461
663
538
543
408
795
297
460
168
249
204
522
825
455
538
530
762
349
161
780
894
489
618
379
686
688
960
863
619
266
784
391
584
706
752
410
418
379
599
409
799
163
957
1065
910
489
392
844
295
195
297
231
628
724
963
735
676
376
763
557
765
224
933
397
955
650
753
651
515
808
509
614
369
318
901
188
706
496
347
293
294
813
334
479
179
751
418
271
444
650
403
323
123
916
530
862
196
889
557
176
670
706
420
989
614
639
777
812
371
664
752
718
590
444
126
634
645
739
459
429
293
442
1033
681
603
447
386
1043
300
347
819
861
493
745
142
608
399
335
534
421
809
758
652
399
1031
605
779
407
462
467
347
490
516
349
585
472
1012
213
428
857
558
280
232
368
778
840
318
163
661
781
561
652
211
596
824
736
857
882
482
172
436
781
705
465
352
654
1095
675
269
770
767
356
445
344
945
864
216
493
900
632
463
803
254
388
748
444
609
895
410
473
161
860
574
918
437
1026
287
925
763

26
250
18
9
11
20
10
10
11
17
14
13
10
7
12
19
9
13
16
9
12
13
8
16
13
7
11
11
15
20
5
10
11
16
13
17
9
10
18
8
19
7
11
8
13
15
17
8
9
16
16
16
14
17
8
6
6
18
10
18
7
16
11
19
16
7
11
18
13
14
10
9
11
19
18
13
6
7
10
11
9
8
14
14
5
20
5
14
12
17
18
14
8
10
14
12
8
18
6
5
11
14
12
14
18
13
13
19
6
9
11
14
18
6
7
11
8
17
19
19
11
9
11
16
18
16
17
19
15
15
17
19
15
17
7
9
12
7
15
6
14
10
11
6
6
15
17
7
12
14
7
13
18
14
19
15
7
14
14
12
8
10
7
17
7
11
20
6
20
11
18
7
12
9
16
15
9
10
14
8
19
10
6
16
20
13
18
9
14
7
10
5
9
18
11
8
9
7
19
18
7
18
12
16
6
14
18
9
18
16
20
11
12
16
19
16
10
16
8
17
15
10
11
11
14
12
10
7
9
14
16
10
6
12
7
18
18
15
9
17
17
14
19
18
15
19
7
16
15
7
12
19
0
494
582
356
316
69
389
139
41
208
604
302
45
199
108
176
627
736
319
377
689
86
631
37
253
35
776
69
596
62
658
596
648
360
468
723
522
26
288
601
558
8
411
558
461
295
33
408
308
128
249
21
115
194
337
301
545
601
381
162
642
681
779
475
694
742
634
300
601
764
581
344
264
107
212
530
261
327
374
302
649
182
512
386
104
689
535
435
329
653
544
748
605
524
1
114
20
508
725
340
141
564
315
59
437
20
79
200
491
505
701
554
546
468
227
372
207
750
731
551
255
16
412
635
311
305
321
25
440
721
120
545
233
293
237
67
310
667
604
358
549
469
708
703
2
386
604
482
690
568
548
391
506
706
440
235
304
172
707
352
146
693
287
643
316
253
429
321
225
431
527
247
544
84
210
707
128
739
221
457
166
555
525
116
5
624
24
770
262
493
249
78
16
352
63
386
545
179
307
402
57
676
685
706
515
224
727
154
781
581
535
58
329
556
535
306
365
655
651
336
582
282
524
184
460
244
375
336
211
26
201
311
788
227
67
238
425
408
743
628
558
369
369
653
436
638
572
384
363
720
173
584
594
517
358
275
652
452
176
339
657
613
280
405
343
230
860
953
396
540
875
178
942
200
519
236
972
210
903
147
938
840
733
415
619
797
838
216
308
793
664
52
492
740
631
357
133
569
548
187
395
75
181
389
575
622
720
681
499
202
869
1008
1080
710
987
979
738
384
820
1066
885
454
399
263
321
701
417
565
438
351
927
485
786
617
218
853
712
702
374
803
761
1015
735
712
98
183
27
728
941
472
432
594
563
344
574
113
145
524
720
636
798
805
682
552
262
594
465
770
791
779
463
84
486
907
525
443
356
59
686
999
313
820
364
567
547
358
587
777
758
469
674
720
964
977
153
498
806
765
786
849
846
453
817
811
602
424
391
297
944
435
433
991
599
966
375
489
620
580
495
641
737
293
821
140
371
861
312
907
490
580
467
637
664
268
161
857
67
1035
311
798
307
179
333
577
294
585
620
411
592
633
90
726
749
815
723
280
875
379
821
614
847
240
629
827
763
512
455
796
786
554
715
339
742
361
506
265
550
561
481
93
437
483
816
463
232
275
545
451
785
706
881
505
474
985
594
940
684
541
421
838

27
250
15
11
9
12
19
8
7
17
6
12
11
9
9
5
18
11
16
18
18
16
11
14
18
17
19
15
8
9
6
15
13
12
7
15
7
19
5
7
11
19
19
13
14
12
6
15
9
8
7
13
8
11
15
9
6
16
17
17
15
10
10
14
11
19
19
11
14
7
13
7
7
9
14
16
20
19
7
17
13
9
17
5
12
18
13
7
12
15
19
17
15
17
16
11
14
17
6
15
11
8
10
14
6
18
11
8
14
8
18
12
18
14
14
15
18
14
9
9
15
6
7
12
9
6
11
5
11
6
13
6
9
17
16
19
13
14
14
10
10
12
5
12
19
11
13
7
19
12
9
9
19
11
7
19
11
7
18
9
19
5
6
8
11
5
13
7
16
14
11
17
11
11
18
12
6
16
9
8
9
19
13
13
7
8
13
10
13
12
19
14
18
16
11
8
17
15
17
20
10
17
19
13
9
8
19
18
9
17
14
7
15
20
10
10
18
6
18
12
19
19
20
10
12
12
10
10
20
18
6
7
16
11
8
19
10
15
10
18
9
18
7
10
19
5
13
15
10
14
15
7
0
155
85
602
403
662
273
191
165
261
366
261
56
724
364
68
270
180
23
374
364
269
91
244
390
145
139
139
281
332
327
217
377
105
18
299
61
485
579
547
501
413
580
739
687
545
108
303
539
656
68
120
283
431
693
451
520
539
760
683
753
511
141
712
14
469
192
285
491
89
709
33
628
295
407
514
435
289
468
654
27
88
147
482
88
398
365
196
93
632
400
454
653
164
454
602
354
504
687
515
465
234
135
422
99
657
129
499
660
746
47
50
587
134
158
404
27
406
153
436
332
68
327
521
87
728
271
728
628
372
439
481
143
633
697
296
249
33
440
361
213
101
590
464
390
235
413
706
174
423
346
495
342
169
666
710
551
253
180
297
288
354
355
770
296
730
358
500
291
198
111
85
115
167
750
678
166
734
77
185
434
150
481
404
226
43
392
385
249
419
15
5
564
74
199
728
744
481
223
249
437
708
666
752
434
151
761
181
85
537
292
294
543
578
115
121
305
476
457
6
336
297
414
473
565
57
149
17
356
354
644
245
341
462
144
642
291
552
104
728
537
230
272
463
63
92
394
309
341
38
282
306
187
715
613
945
440
277
177
342
444
489
239
862
642
95
333
474
117
405
624
322
337
469
579
336
438
430
344
658
466
445
569
188
328
470
112
632
750
729
531
713
703
837
694
677
390
370
640
904
266
184
412
714
792
739
543
671
855
800
985
721
324
738
225
520
290
497
518
351
848
80
660
590
660
764
659
546
778
682
268
232
370
712
184
454
607
252
225
805
675
574
873
442
598
829
443
642
946
605
552
377
213
540
247
772
169
609
746
801
297
337
603
266
315
681
333
676
376
698
555
346
409
658
284
783
536
870
771
575
740
622
386
827
772
488
283
311
706
657
273
396
676
478
501
357
648
898
470
651
675
653
553
413
927
973
620
549
465
382
444
635
635
1028
464
893
646
665
410
355
181
106
197
309
944
1000
271
946
389
347
661
299
771
654
374
309
613
521
270
567
317
96
699
254
378
1026
943
615
257
525
529
883
741
1035
757
453
905
347
160
816
502
539
803
786
405
309
553
569
705
235
610
581
629
687
772
225
368
269
381
426
949
422
413
760
369
754
359
735
271
851
767
260
532
548
341
356
604
600
610
219

28
250
16
17
10
11
5
18
8
20
16
6
5
20
17
15
9
17
8
17
14
10
19
13
7
15
10
14
12
10
9
18
12
15
6
15
8
19
9
13
14
15
6
8
14
13
11
12
19
18
7
14
18
9
5
9
9
14
19
20
9
13
20
17
19
18
20
16
10
11
17
10
19
13
17
8
20
15
15
10
10
6
13
11
19
9
12
17
11
5
7
8
19
15
12
8
6
19
14
7
12
16
13
8
16
7
15
16
10
5
17
18
6
19
12
17
13
5
8
14
11
15
6
18
7
17
14
15
9
20
15
16
12
13
12
6
9
9
11
8
17
7
10
15
8
9
13
18
14
8
11
10
15
14
17
5
16
6
11
19
12
14
17
18
7
13
5
8
5
9
10
12
17
14
6
15
12
10
10
10
18
13
13
15
7
9
8
14
11
9
12
6
6
16
11
17
13
7
16
20
9
17
16
11
13
16
6
18
5
17
20
17
11
10
12
15
10
14
17
5
19
10
12
6
19
16
14
8
11
19
13
18
16
20
13
6
9
17
16
11
14
16
14
8
7
6
8
10
6
19
20
12
0
147
739
309
171
553
299
297
380
674
151
545
447
508
202
452
503
370
92
494
531
377
467
71
281
5
76
46
743
20
659
712
565
37
653
397
719
260
666
310
635
653
154
486
688
630
437
248
498
338
543
592
108
341
205
764
553
27
447
527
699
131
411
385
173
308
420
299
575
298
564
145
693
286
84
68
613
402
148
84
277
457
452
219
337
618
17
531
230
212
487
735
570
71
367
356
62
119
407
676
305
737
769
24
83
402
778
105
326
484
678
42
574
294
540
539
277
311
446
290
664
620
216
27
133
712
465
229
50
220
123
60
595
494
22
781
412
291
652
63
56
390
555
33
285
217
674
584
678
504
2
8
587
551
360
328
69
206
175
222
463
603
574
334
688
469
518
730
669
47
399
413
154
45
192
578
388
623
645
389
60
347
646
263
27
114
10
654
398
255
70
380
580
502
338
469
733
413
70
364
358
574
635
279
309
577
321
463
26
367
173
212
200
189
742
677
311
223
529
240
478
628
255
576
191
739
274
441
218
492
723
2
278
452
340
573
332
395
425
651
420
674
469
528
645
14
538
703
147
253
46
206
979
609
325
776
460
556
548
857
283
767
522
754
282
721
818
417
169
774
672
537
543
265
419
206
201
143
991
199
799
881
831
336
778
561
883
475
843
391
875
705
474
765
793
843
583
475
804
408
812
866
145
443
516
851
576
114
647
561
817
330
659
420
300
477
486
535
821
588
597
295
1007
325
358
99
659
558
435
228
534
776
613
232
425
914
120
695
449
526
650
1049
852
310
519
470
387
134
720
853
616
857
915
225
351
585
1062
294
601
737
780
197
826
562
722
690
527
513
581
331
849
830
523
58
260
856
659
426
85
534
347
140
708
746
233
1091
720
556
762
172
103
657
869
352
345
298
877
850
709
691
51
238
848
602
473
637
127
478
417
298
708
926
721
569
825
697
650
960
961
250
529
635
170
288
472
739
416
643
770
480
354
582
947
296
122
399
297
943
719
548
135
580
614
546
524
608
819
565
87
418
408
849
806
463
322
720
501
578
212
518
374
356
354
426
762
701
630
338
606
411
500
792
554
640
235
921
416
556
268
518
890
181
576
688
451
716
646
556
550
954
594
933
604
716
755
44
607
839
364
410

29
250
19
6
18
7
12
10
15
19
15
18
19
11
11
8
13
17
14
9
6
11
8
16
18
18
19
12
13
6
19
19
20
10
18
9
11
6
7
15
15
6
19
6
17
7
7
14
8
17
7
14
7
11
14
10
10
13
12
10
11
15
10
15
15
11
5
12
7
13
17
14
16
6
9
13
10
17
14
5
19
17
7
13
7
12
18
8
14
7
12
6
17
16
7
11
6
10
14
12
16
10
6
15
12
10
14
9
14
12
10
19
15
7
17
15
14
11
18
18
8
8
15
19
19
19
18
6
17
8
17
15
12
8
7
13
13
13
9
19
20
7
16
17
10
11
11
5
11
16
8
19
14
12
17
18
12
14
13
15
6
7
7
17
18
14
19
15
7
15
13
15
9
16
14
7
15
14
13
9
18
18
5
6
9
7
17
8
11
18
19
9
6
17
8
12
20
15
19
18
17
19
19
6
17
15
14
12
11
18
19
15
15
18
8
18
12
14
16
20
6
16
12
18
6
19
17
12
8
13
11
15
16
18
8
12
7
10
18
9
7
14
10
18
19
15
9
6
9
11
19
14
0
363
714
176
374
47
561
614
291
298
741
79
678
800
198
143
399
240
650
321
112
223
544
687
133
188
2
359
282
766
455
672
48
586
713
684
192
776
386
218
110
557
372
474
90
582
161
646
382
626
52
545
603
265
35
482
215
353
232
408
381
342
260
758
743
456
5
616
236
543
754
416
267
644
402
24
183
687
61
211
151
342
599
740
582
460
22
713
411
719
640
773
176
499
135
13
203
20
249
794
634
761
28
723
18
587
145
185
791
209
418
682
770
396
261
790
588
185
180
156
588
278
454
773
313
291
711
744
504
449
528
168
740
367
796
778
645
740
343
535
175
567
375
31
528
525
34
306
389
338
409
114
242
745
327
249
665
301
441
584
146
41
551
612
735
624
268
345
657
181
760
379
621
705
100
352
538
786
741
226
578
146
33
413
93
161
735
370
331
234
409
492
457
619
652
523
21
320
681
114
584
714
185
348
438
291
786
667
738
766
626
410
169
358
202
205
486
91
382
426
34
523
318
750
787
328
190
426
428
567
499
98
584
465
435
797
362
521
652
120
691
373
162
443
605
49
690
366
589
27
96
463
940
472
425
123
620
649
605
543
1003
91
691
983
386
275
712
330
797
377
335
392
717
961
329
375
75
613
579
904
794
916
116
652
789
816
483
820
494
286
343
612
407
637
303
834
312
889
465
950
218
600
903
295
140
708
545
455
364
501
568
489
408
891
1049
553
236
753
304
689
840
659
590
814
667
128
343
757
148
386
179
532
808
1024
631
565
150
771
567
797
726
800
337
554
316
204
248
127
320
817
865
824
116
733
95
915
287
316
1008
409
487
692
1046
434
559
930
663
446
264
420
807
448
674
988
488
385
881
840
813
679
755
314
924
521
871
1011
788
954
460
769
413
785
439
345
747
610
155
582
497
402
439
287
276
1014
524
376
904
538
712
879
297
199
664
796
763
821
423
656
841
490
1084
430
753
825
305
495
723
946
793
248
892
254
182
610
421
358
762
560
522
382
654
588
643
731
725
611
274
654
1002
210
671
776
504
463
680
573
913
967
824
1029
741
696
458
478
397
476
647
418
410
556
259
759
617
936
1081
549
337
537
613
678
546
297
879
567
672
1114
398
649
953
227
762
663
222
468
636
158
750
463
716
243

30
250
15
19
6
17
13
10
17
12
9
12
14
9
18
9
17
17
18
14
5
10
9
19
17
6
16
9
18
15
12
13
9
20
20
8
20
9
11
16
12
12
19
10
11
17
17
5
20
19
5
15
12
11
18
14
6
11
12
5
17
18
7
13
14
6
6
6
19
16
15
6
20
20
15
10
15
20
18
6
8
14
17
13
14
8
16
10
18
12
11
18
17
13
15
15
13
14
7
11
16
5
9
9
20
20
15
19
11
5
15
18
6
9
17
12
17
15
13
15
18
16
20
6
19
12
16
14
5
19
9
19
13
7
13
12
6
7
10
13
17
10
9
12
18
8
17
15
19
18
10
14
13
5
13
19
16
15
16
15
17
6
16
9
15
8
8
11
12
16
19
8
13
11
10
8
16
7
13
7
18
5
17
13
20
6
10
15
17
9
13
9
12
15
16
18
16
11
17
7
11
15
19
8
12
5
20
18
15
15
15
20
20
11
20
6
9
6
17
10
9
13
15
12
9
6
15
9
16
10
9
5
15
16
15
13
14
20
19
15
10
18
5
19
18
15
15
12
6
6
10
20
0
199
705
792
538
278
195
535
616
705
376
775
797
752
810
500
83
430
220
332
126
141
501
373
774
272
284
60
214
58
488
345
348
318
706
798
500
406
695
114
488
522
494
761
239
519
411
156
655
669
77
116
263
397
287
638
512
445
289
777
364
419
757
443
415
417
231
572
436
340
150
376
777
678
537
585
512
18
666
751
311
398
626
348
479
249
166
722
497
751
536
484
318
433
792
163
766
593
14
560
25
431
152
11
718
409
558
293
52
67
140
268
411
642
624
57
617
369
773
555
335
130
325
669
717
14
244
765
271
353
103
10
92
40
381
183
284
811
737
363
73
490
380
796
602
209
591
342
36
433
16
89
370
202
715
803
84
528
110
269
175
251
670
238
163
793
238
450
191
760
565
77
490
117
206
369
460
584
355
286
59
759
418
119
54
366
447
790
541
715
295
803
13
256
385
543
94
61
471
396
260
180
479
780
732
46
604
312
295
216
690
222
709
664
142
649
394
253
20
155
458
770
420
440
58
563
494
657
73
747
737
446
237
39
224
173
561
383
648
340
344
234
48
98
708
108
333
76
689
537
38
412
779
1091
808
504
415
860
919
1016
638
1055
978
854
1069
804
297
631
252
436
441
239
825
524
899
400
598
276
316
106
561
561
569
541
863
952
522
440
975
429
572
772
560
1087
340
618
487
328
846
776
287
195
394
598
299
871
554
454
384
1047
533
738
933
621
662
552
388
673
697
494
404
618
953
861
803
657
765
79
998
1040
440
449
699
585
775
312
401
808
802
961
719
790
477
681
1001
214
993
716
305
787
71
640
263
220
1039
459
704
348
96
271
313
380
502
778
687
78
943
639
1050
761
515
189
599
703
778
223
339
885
546
558
349
291
409
160
507
281
565
1073
873
502
156
558
708
960
847
521
683
423
307
526
102
271
626
328
900
860
191
798
191
388
423
483
843
465
394
946
498
696
420
896
673
129
709
347
362
443
599
616
561
305
135
899
661
181
295
449
656
1035
619
884
612
1060
52
540
725
840
273
322
526
432
603
310
578
907
916
337
941
540
332
490
954
286
913
699
415
924
598
414
119
255
766
1100
750
540
317
778
673
975
135
833
778
741
466
259
491
503
789
532
840
443
573
398
292
417
743
202
382
125
927
648

