1
30
14
19
5
8
7
10
16
8
20
16
11
9
6
6
11
19
8
10
19
7
19
10
17
18
5
9
13
9
19
11
0
50
70
70
25
18
74
38
80
2
46
29
83
8
0
52
58
22
88
70
87
32
75
46
44
3
81
57
27
42
38
69
90
86
32
58
108
60
111
25
78
39
89
17
11
78
91
46
130
99
109
50
126
78
59
13
94
85
50
80

2
30
15
16
20
17
13
14
11
13
13
6
16
16
19
16
6
11
5
6
16
16
15
5
6
8
15
12
12
19
19
13
0
11
86
17
20
93
6
35
90
50
36
3
60
83
57
37
63
41
7
58
97
30
17
46
38
25
19
91
5
24
48
40
135
67
42
118
42
61
141
85
88
31
107
106
84
70
89
77
51
87
143
35
37
76
69
72
42
120
39
52

3
30
15
10
18
15
12
17
19
8
20
16
5
16
19
8
15
19
10
14
17
5
13
11
6
9
13
14
14
6
17
8
0
77
28
73
38
12
25
57
67
68
58
9
58
78
34
76
97
16
87
58
53
67
12
18
60
94
85
3
39
92
23
105
66
95
69
66
44
74
120
97
93
32
114
123
65
108
145
59
135
94
74
111
53
62
85
117
115
31
63
108

4
30
17
8
15
12
8
7
14
18
15
5
8
15
15
17
11
13
13
19
6
17
9
7
17
16
7
12
20
18
14
15
0
8
58
56
18
97
33
40
3
74
3
73
51
25
96
39
67
59
77
10
9
24
29
41
27
20
81
57
48
63
46
32
103
74
53
121
52
91
31
116
47
122
73
62
114
56
87
93
114
28
50
43
71
65
41
56
114
98
95
95

5
30
14
20
6
13
9
15
7
20
13
7
8
19
17
12
20
8
15
6
16
13
18
16
15
9
16
20
5
16
7
18
0
52
92
58
82
60
91
22
42
37
70
5
80
13
90
29
71
12
92
84
48
71
1
39
41
44
80
68
54
69
50
77
117
92
92
95
104
64
58
66
79
28
97
56
111
73
114
53
125
111
91
87
54
70
76
90
102
94
95
95

6
30
8
17
18
17
15
15
16
16
7
17
18
20
15
20
8
6
7
18
16
18
7
13
9
15
9
11
6
17
18
9
0
19
28
30
46
57
29
12
72
96
96
12
57
51
96
25
65
52
42
59
79
69
24
98
35
66
59
20
81
15
31
50
74
65
64
89
53
47
97
130
133
47
73
91
135
59
99
78
91
79
116
122
35
142
77
105
93
57
132
58

7
30
18
15
16
9
16
8
8
9
8
12
6
15
18
16
8
19
18
13
8
16
9
18
8
7
14
11
8
18
12
12
0
72
40
31
78
52
56
63
1
32
64
9
73
49
60
64
60
0
17
61
40
35
66
63
85
25
2
80
64
74
35
108
59
40
104
71
78
85
45
72
77
47
117
69
70
89
107
47
45
82
55
78
86
97
119
71
46
120
101
114

8
30
19
16
10
19
17
13
18
13
11
6
16
10
6
12
12
19
11
6
8
13
17
16
5
18
13
15
11
18
18
8
0
37
79
88
93
94
44
93
42
94
30
37
44
86
75
80
39
38
88
24
97
69
45
83
3
93
80
67
33
12
30
61
105
127
110
137
68
119
60
131
55
57
63
105
89
136
65
66
111
71
142
104
72
124
44
138
119
98
70
56

9
30
15
6
7
14
16
15
19
7
19
9
8
13
16
18
5
8
8
9
15
10
15
14
16
11
8
6
11
16
15
17
0
47
71
32
42
32
40
3
54
67
90
42
5
44
16
81
73
10
6
91
74
87
6
65
30
77
64
10
64
47
42
55
78
81
63
80
94
41
78
91
101
88
46
93
52
94
108
21
36
102
123
112
25
105
58
92
76
39
96
70

10
30
20
8
17
11
18
13
10
14
6
15
6
10
9
16
6
20
10
10
7
18
7
16
10
18
11
16
13
11
18
9
0
20
17
87
58
59
32
30
33
11
48
71
68
23
39
24
70
32
40
79
18
6
17
56
51
19
4
61
20
63
33
30
69
129
99
80
75
46
75
49
59
103
94
70
52
76
104
58
57
100
48
38
60
85
67
55
36
104
41
86

11
30
18
13
18
6
11
15
17
8
9
16
14
7
7
10
6
16
6
19
10
10
5
11
17
17
15
11
8
18
7
7
0
4
73
21
42
66
36
17
38
75
81
82
10
66
22
9
24
66
34
50
31
80
45
22
52
73
17
65
83
12
41
33
92
50
82
81
86
31
77
101
103
108
51
82
55
37
55
96
70
83
56
116
93
47
98
111
45
102
114
33

12
30
9
18
8
5
8
14
20
17
8
15
10
9
15
14
16
9
5
13
9
15
14
17
15
17
10
12
11
19
13
12
0
85
92
67
73
73
85
59
6
38
33
36
79
78
28
54
39
17
56
15
64
91
42
82
84
54
88
22
79
12
33
110
133
76
110
106
118
113
42
77
54
81
107
114
74
85
79
44
71
63
94
121
78
130
116
74
116
43
107
30

13
30
7
11
9
13
19
10
8
17
12
13
16
5
8
7
13
17
17
19
11
18
19
8
9
15
7
8
12
14
17
12
0
46
53
19
65
61
7
43
14
62
57
26
21
46
91
46
14
72
85
43
43
32
7
32
2
35
14
67
41
12
24
59
87
49
112
82
35
74
49
80
103
51
62
60
108
74
33
113
123
90
88
62
44
47
34
45
61
93
82
54

14
30
8
20
13
6
11
15
6
19
16
11
12
11
9
11
13
18
11
18
10
17
11
12
19
11
16
8
14
11
9
14
0
94
28
20
6
94
42
92
49
49
86
12
22
26
47
14
58
19
32
29
51
10
17
24
70
12
19
29
13
24
23
148
64
59
26
122
83
129
90
69
110
33
39
69
95
37
84
60
72
70
93
36
38
44
105
22
49
72
51
62

15
30
15
11
6
11
5
19
6
16
15
5
19
19
14
9
9
6
7
13
18
14
12
11
18
9
17
20
11
9
13
13
0
10
5
18
22
90
90
30
65
44
45
76
2
24
16
65
36
57
19
79
36
51
63
23
86
26
65
60
83
26
15
57
28
44
63
128
109
69
99
54
85
109
17
55
36
85
79
77
52
101
76
92
117
58
103
73
100
75
120
39

16
30
5
9
20
17
19
10
6
7
17
9
13
7
19
6
19
15
6
19
19
14
5
9
12
8
5
13
13
14
18
19
0
26
74
77
31
57
8
3
52
1
85
83
86
28
1
87
2
70
24
3
13
16
40
76
18
11
67
56
83
61
25
60
103
123
68
71
21
45
100
40
108
119
119
53
33
124
22
119
45
33
19
31
60
109
33
34
108
97
122
90

17
30
12
15
9
10
5
14
7
7
11
16
7
9
19
12
13
18
8
19
5
14
9
19
10
19
5
20
17
18
5
12
0
54
87
73
30
41
62
43
25
17
51
16
25
17
21
6
29
83
59
68
46
63
22
5
40
80
20
23
24
54
42
78
121
84
70
57
75
85
63
37
78
53
60
52
58
27
53
128
88
103
84
88
36
31
67
100
44
43
38
79

18
30
11
10
11
6
17
17
6
10
10
14
10
17
10
12
9
15
14
6
14
7
7
7
17
12
8
10
13
6
16
16
0
60
53
74
66
64
31
39
14
31
38
52
14
11
43
58
32
69
72
31
28
28
65
32
66
42
17
82
84
49
26
89
72
102
84
110
58
78
32
59
51
84
56
39
70
100
67
100
92
53
56
35
86
45
89
60
32
93
132
70

19
30
6
11
15
14
14
14
11
9
15
16
8
15
5
9
9
5
15
18
17
18
6
18
8
7
17
7
9
17
9
11
0
2
19
35
47
42
61
13
39
30
39
59
9
80
25
79
16
43
4
40
72
83
55
66
11
45
11
50
84
49
13
17
46
62
69
56
82
54
87
79
61
80
35
106
62
97
48
67
54
79
111
131
96
81
50
69
44
80
124
90

20
30
15
19
17
18
11
19
20
18
6
10
14
12
9
7
13
5
12
18
16
19
16
10
18
18
13
7
16
6
13
10
0
6
1
39
41
3
23
55
19
90
2
98
39
5
85
8
8
73
11
70
2
57
74
19
23
46
57
76
45
88
46
61
43
94
70
27
47
95
49
139
41
150
66
19
134
48
43
106
57
97
46
103
115
64
60
62
92
89
96
124

21
30
8
8
12
13
12
11
15
17
13
8
18
11
11
6
9
16
6
16
17
6
14
17
17
12
16
5
8
9
8
6
0
13
21
55
5
46
47
57
13
2
25
38
76
25
82
42
34
48
44
37
52
11
41
1
78
26
60
75
46
61
12
29
62
77
30
72
91
104
42
41
54
53
96
61
116
89
43
84
64
59
79
49
72
39
106
63
88
94
80
89

22
30
12
16
20
8
18
12
18
12
7
19
9
15
19
12
11
8
6
7
16
8
18
8
6
16
11
11
17
9
14
17
0
75
9
16
51
44
53
12
88
36
87
75
65
21
16
38
60
22
0
18
83
25
69
1
84
25
3
78
30
38
35
103
65
52
84
60
103
46
111
68
128
110
90
56
50
50
81
30
23
34
107
62
102
29
100
57
50
105
48
64

23
30
8
6
11
17
17
13
7
20
19
17
17
18
13
18
20
16
16
7
8
16
17
16
18
13
15
6
11
8
8
8
0
88
33
43
20
75
77
54
99
9
57
63
93
46
61
20
75
39
41
68
74
5
97
13
99
54
40
37
4
2
15
111
74
76
70
119
104
100
138
38
106
95
140
73
87
72
102
53
69
109
129
40
154
41
151
94
59
82
26
43

24
30
8
13
13
16
12
8
16
14
8
18
7
10
15
10
20
15
8
12
8
17
11
10
19
17
8
10
12
15
12
6
0
58
66
76
10
83
45
43
83
18
78
77
87
17
79
0
60
18
22
8
23
22
46
46
23
10
67
15
71
11
22
97
88
114
29
118
88
76
94
68
105
103
134
41
104
18
73
42
39
60
69
41
69
66
53
53
101
38
84
20

25
30
12
20
17
18
5
17
20
6
8
11
20
16
11
19
16
9
14
17
13
20
11
18
9
14
16
5
14
13
17
11
0
95
56
83
94
67
80
29
85
27
42
3
5
63
84
1
22
80
25
13
102
27
20
51
74
18
37
57
98
92
22
134
102
105
120
88
113
69
94
43
85
53
45
105
133
27
36
106
41
37
134
62
66
97
95
38
65
77
124
135

26
30
11
5
17
15
13
19
12
11
11
8
10
5
5
19
10
19
13
19
5
7
11
9
16
18
12
12
18
7
18
10
0
26
37
67
46
78
53
28
10
8
50
80
68
14
59
28
45
12
89
75
66
41
14
22
27
74
69
37
68
28
12
46
63
82
68
124
98
74
50
41
63
110
76
40
80
80
93
57
121
90
92
82
42
70
74
116
118
53
86
69

27
30
6
11
17
12
6
10
18
6
18
15
7
13
15
18
12
12
19
20
9
16
15
9
16
14
11
14
13
13
6
18
0
45
81
90
88
25
53
33
48
56
78
86
28
65
63
34
65
79
45
59
53
13
94
57
18
7
55
54
7
6
38
78
132
126
127
67
90
63
77
83
94
119
77
111
79
76
93
137
73
78
88
35
140
84
35
40
86
88
47
41

28
30
13
7
12
14
19
18
8
10
17
11
14
16
15
15
18
6
11
7
13
6
8
5
16
8
16
20
9
19
18
19
0
45
76
5
47
24
92
5
30
65
7
28
23
41
78
34
58
84
52
16
72
96
59
4
10
83
35
28
49
29
42
79
117
49
77
71
110
21
77
102
53
78
60
70
105
77
80
96
98
50
117
119
103
17
31
127
69
54
100
62

29
30
13
13
15
13
12
5
17
14
17
11
19
16
7
6
13
11
16
12
13
11
15
20
7
8
15
15
16
6
16
17
0
89
75
5
43
60
35
11
97
95
39
73
20
76
37
64
0
65
48
26
51
30
87
12
71
74
23
30
56
92
45
110
105
44
59
75
70
35
140
133
64
118
65
83
53
79
30
103
70
60
100
78
120
21
114
127
70
66
81
137

30
30
17
19
16
16
10
11
20
16
10
16
10
19
15
19
5
18
15
11
16
8
20
7
13
10
16
14
12
18
15
6
0
91
33
63
38
12
69
52
36
90
20
101
75
61
22
34
46
7
82
74
47
100
4
104
103
45
40
60
49
6
21
125
67
106
75
35
105
93
56
133
62
126
121
93
42
54
98
39
104
108
87
112
51
153
151
92
93
94
93
27

