1
300
12
9
13
9
16
15
6
10
12
6
7
13
9
17
12
10
13
13
11
9
19
12
11
17
10
20
17
6
14
12
5
17
18
12
6
7
15
10
17
11
19
11
8
10
20
11
13
15
18
9
7
8
18
14
13
19
7
7
8
14
10
20
7
14
6
13
9
6
9
6
14
8
17
14
19
10
19
11
7
11
14
17
12
11
12
6
11
16
11
12
18
18
12
13
18
10
20
19
9
13
6
14
10
9
16
7
6
20
10
11
18
14
9
7
15
7
17
12
9
15
14
15
5
13
11
6
9
11
12
8
11
16
18
12
13
8
8
19
9
6
16
17
16
8
8
13
7
11
13
10
5
11
6
15
20
15
5
10
12
11
10
10
9
9
20
6
11
14
13
20
13
6
8
17
13
7
15
13
13
12
16
18
8
13
9
17
10
19
12
19
19
17
9
11
14
11
7
13
18
7
6
16
20
19
8
10
14
13
16
5
14
12
15
6
5
17
11
13
15
14
11
8
18
7
18
20
7
16
12
15
11
12
5
18
18
6
13
6
7
11
11
6
10
16
8
17
9
17
14
15
18
11
19
9
9
20
15
17
20
14
13
9
8
9
11
9
14
12
12
14
15
18
16
6
16
9
14
14
12
11
19
10
19
13
11
5
13
5
20
17
8
16
7
17
6
12
10
7
16
16
0
627
164
661
47
546
591
63
670
448
772
783
221
349
765
17
771
663
116
7
767
170
366
163
409
665
424
523
586
620
82
30
798
158
807
234
103
620
746
666
92
802
598
149
160
701
771
393
600
155
63
436
116
452
130
320
520
893
302
709
644
219
768
331
463
396
515
892
227
623
720
234
3
192
887
823
14
806
261
570
761
363
80
426
549
21
835
321
433
40
189
466
434
700
429
699
693
304
791
196
623
168
69
332
526
313
452
171
570
372
344
200
695
437
193
133
910
743
789
886
56
449
634
217
755
806
303
399
255
138
180
897
608
618
441
834
436
483
658
752
806
855
556
912
330
818
224
314
69
724
392
123
701
243
148
66
601
115
53
674
241
525
702
842
446
496
72
837
832
387
835
219
649
871
686
808
85
485
715
496
599
739
304
875
499
675
712
723
830
872
518
155
392
629
501
317
426
74
208
501
546
89
110
500
53
786
784
887
864
624
169
806
512
559
524
619
819
616
437
744
494
645
40
371
23
907
276
209
870
458
518
131
733
21
164
453
837
879
240
455
387
43
562
137
600
786
391
647
768
226
903
208
508
590
891
243
769
351
526
173
291
830
14
171
284
74
642
457
259
427
539
798
534
674
914
740
768
101
422
560
854
40
737
710
898
858
96
669
165
163
628
465
903
286
715
295
410
508
69
574
90
817
443
906
63
653
615
424
694
762
967
837
326
385
856
339
1104
913
304
357
1114
214
648
223
561
921
566
656
623
681
263
267
1102
196
1128
436
409
821
861
810
185
967
867
191
345
957
891
594
737
442
226
503
265
552
373
564
529
1168
481
802
854
577
1095
641
501
455
688
1047
455
947
1074
407
142
254
1075
1041
269
1070
588
749
945
436
287
756
737
80
850
426
569
163
280
500
743
866
810
811
815
504
884
314
843
187
110
447
706
380
622
465
772
502
579
237
864
671
459
381
1183
1032
923
1236
413
466
958
265
875
1008
440
671
457
483
276
1045
796
669
668
1067
662
726
902
1112
932
941
886
1048
496
1142
248
430
443
882
708
200
834
399
198
374
969
340
157
852
254
551
988
1204
637
754
97
1150
1161
580
953
493
922
998
1013
1179
343
663
752
755
921
1064
511
985
574
1019
991
1009
986
1001
823
362
761
798
657
544
565
344
540
852
683
344
467
775
82
827
1004
1019
1019
968
353
1144
632
641
607
649
854
954
814
987
708
947
349
582
298
1125
647
551
1046
658
608
393
824
394
309
710
893
1023
515
590
713
303
663
212
938
829
561
674
1026
475
1031
357
540
829
1244
591
951
637
809
432
506
1155
52
328
539
132
900
710
358
591
882
1065
701
705
1191
1071
1066
262
644
727
1118
165
905
737
1256
1127
343
858
397
286
1001
809
923
647
795
351
736
801
176
863

2
300
9
18
11
15
11
9
11
14
13
13
16
6
17
20
10
17
19
11
7
5
11
11
13
15
17
10
7
13
6
12
16
9
15
15
9
8
7
12
8
19
10
10
18
12
17
15
10
6
7
13
10
16
11
7
10
10
9
19
6
18
13
13
7
13
9
12
11
20
6
15
9
18
18
18
15
16
13
8
5
10
9
7
6
13
18
12
15
8
10
9
9
8
14
11
13
10
15
20
13
8
15
17
19
10
10
18
14
16
15
12
9
8
13
17
18
7
10
10
5
20
14
6
12
8
13
10
13
9
16
13
6
18
9
17
19
13
13
8
19
19
8
6
8
14
16
14
6
15
8
13
10
10
20
12
11
6
16
12
19
10
6
17
7
13
13
10
9
16
15
9
16
11
19
15
8
13
6
17
16
7
7
16
15
8
6
7
11
16
15
18
15
13
15
18
18
11
19
6
7
12
15
20
17
19
17
17
5
5
12
8
18
6
13
14
12
14
19
7
17
19
15
13
8
7
7
8
20
11
19
14
7
10
17
12
15
5
16
17
14
12
9
6
6
16
6
15
10
17
8
17
13
18
8
8
7
12
14
15
6
6
9
12
6
7
18
12
18
15
15
7
9
9
10
20
17
19
9
10
9
8
20
19
10
11
17
18
10
6
16
15
12
14
12
19
5
18
12
17
12
16
0
663
833
467
84
31
834
285
242
721
840
466
177
893
791
815
205
875
24
36
652
663
736
261
876
175
382
359
492
343
104
382
492
767
296
165
613
342
237
565
828
303
638
540
516
341
143
382
439
202
351
616
138
210
224
418
503
146
5
763
437
118
116
444
139
89
388
356
850
744
799
470
634
539
745
278
105
847
815
73
70
177
371
913
391
486
466
610
549
65
782
258
74
666
106
148
284
569
141
476
868
321
876
537
131
256
286
682
789
809
448
724
527
443
460
28
634
356
466
347
862
623
870
904
858
631
678
688
348
480
349
221
887
497
125
177
391
160
150
241
858
40
758
189
146
671
907
102
232
103
534
789
46
692
189
394
687
72
36
284
358
894
797
471
345
413
430
446
324
60
214
480
595
695
138
749
647
564
65
756
545
501
426
117
86
94
425
383
381
463
460
651
23
140
255
517
676
627
348
352
368
720
269
409
428
794
131
780
654
776
825
25
304
42
277
12
799
534
399
10
902
72
906
526
585
275
185
837
680
338
665
547
643
158
19
220
6
700
806
307
325
142
440
828
233
482
597
100
762
42
697
525
583
431
706
297
191
611
108
316
232
162
689
557
30
119
6
370
46
343
757
78
424
299
704
793
277
370
421
730
79
380
892
662
677
791
493
146
374
486
387
876
271
280
107
631
787
529
686
647
203
737
1165
736
283
95
1063
532
465
972
890
552
350
1137
990
968
515
1242
170
62
860
751
897
305
906
360
721
698
591
522
351
461
698
814
423
363
859
527
510
665
951
590
776
675
630
578
428
654
619
231
654
922
357
241
334
568
812
517
220
792
816
407
478
534
250
358
719
640
1101
811
1101
820
995
829
883
611
373
1000
1161
174
298
509
630
1251
452
671
530
901
598
268
1159
541
265
853
473
296
372
598
381
566
886
362
1037
633
508
334
557
807
969
823
534
994
591
749
610
281
818
674
473
531
1083
820
1057
1065
1162
891
964
910
675
733
384
517
1190
576
498
213
487
211
317
603
1208
231
1015
254
252
906
1109
209
449
338
845
1131
427
990
457
479
939
243
174
295
704
1165
869
778
648
574
769
653
524
148
543
796
681
1070
256
1080
727
840
200
953
919
608
582
454
206
355
714
438
550
791
713
704
150
444
359
763
841
919
527
733
699
964
594
735
788
1011
491
959
833
784
940
78
685
157
453
198
1064
603
473
332
974
100
1111
768
597
314
566
968
960
457
992
627
835
531
243
437
215
850
987
636
558
495
550
1043
418
578
845
471
888
305
1009
869
794
516
985
533
292
746
316
582
407
542
764
588
308
328
267
556
428
577
939
153
590
496
988
1174
292
621
625
1096
355
456
914
889
1046
1009
837
273
504
770
578
1035
287
664
272
972
817
553
746
918

3
300
5
13
14
18
17
7
10
12
17
8
13
11
10
7
13
5
10
9
14
11
16
6
16
17
12
11
13
7
8
16
11
8
19
10
11
15
18
19
9
16
16
11
6
11
6
15
12
6
12
15
9
15
7
14
15
6
12
10
8
15
18
11
10
17
16
10
8
14
17
11
6
12
10
5
10
12
16
10
11
9
13
20
9
9
10
9
6
9
10
19
9
14
7
12
7
5
5
17
11
19
19
15
16
19
17
15
13
9
10
8
8
8
14
14
18
14
10
9
5
5
8
13
10
9
6
16
12
7
7
6
8
9
19
11
14
10
19
7
17
18
7
19
8
19
8
18
10
12
8
15
7
18
15
9
19
9
5
14
10
9
6
13
16
11
12
15
12
12
8
8
5
13
12
15
9
14
16
7
14
18
8
16
12
8
6
12
12
15
10
6
9
9
11
15
5
12
9
9
12
8
18
13
7
18
18
6
12
17
7
18
17
19
17
13
10
6
11
11
9
14
15
13
6
17
11
17
5
18
12
9
9
18
16
6
19
15
5
12
11
9
19
12
17
10
14
12
13
10
9
11
15
14
17
19
6
10
20
12
14
11
9
14
18
17
8
13
7
8
16
13
5
7
11
12
10
18
10
14
8
15
5
17
16
11
13
19
18
7
16
6
12
19
18
11
14
5
10
19
9
16
0
880
559
653
613
415
304
135
609
776
428
95
388
507
61
550
80
24
450
532
62
847
243
301
700
690
492
265
327
74
115
889
95
843
456
274
644
631
578
803
123
260
158
123
821
460
529
184
25
418
212
665
29
423
481
691
411
602
344
173
385
681
42
566
199
803
499
840
839
304
858
73
827
721
271
664
87
123
746
366
738
212
232
178
498
780
436
221
705
300
694
805
539
443
602
478
328
272
585
204
711
220
793
114
8
704
1
668
664
318
255
6
349
776
198
232
886
320
661
123
780
629
122
401
46
28
15
837
77
690
192
157
473
859
60
333
560
677
841
342
373
666
415
612
810
47
271
566
417
707
849
657
85
789
356
239
645
689
97
874
183
63
165
171
142
609
149
55
271
357
296
254
407
483
826
36
753
566
194
388
793
623
717
213
103
121
33
179
309
696
17
633
744
110
38
84
432
228
793
303
752
493
808
443
876
562
222
510
848
549
185
162
846
226
13
665
786
780
45
438
389
689
756
71
323
9
710
95
75
168
859
236
293
185
830
416
798
496
46
610
228
138
43
716
105
260
295
237
549
600
867
708
250
108
645
849
411
864
881
764
289
574
137
711
114
462
180
47
784
466
872
618
65
506
39
560
582
272
474
636
739
231
773
148
853
765
720
79
73
348
612
338
310
391
227
716
792
705
47
460
146
1031
824
961
985
537
326
288
834
940
592
430
507
699
190
581
202
270
568
601
242
1147
436
359
739
718
537
292
527
263
248
1083
362
1089
803
351
981
668
724
909
398
447
469
340
869
651
712
328
392
750
364
950
75
786
692
1024
502
828
537
273
506
773
217
637
500
998
659
1142
1188
505
1220
352
1080
1060
528
803
324
269
1108
513
899
419
381
312
803
1043
626
243
811
638
855
1152
772
736
728
797
518
569
928
455
922
488
917
433
320
1031
314
956
830
517
273
283
638
871
412
366
1143
344
876
175
962
772
394
638
174
79
176
1056
242
1032
292
360
647
1111
168
662
692
714
941
467
553
851
541
837
833
175
350
583
446
774
1034
772
431
837
515
514
817
793
354
1094
524
122
267
268
375
868
294
309
314
719
600
361
762
797
886
178
1123
836
446
614
1004
764
907
553
258
450
182
396
443
876
268
845
813
175
308
237
574
289
1038
442
1088
749
1048
792
1015
738
324
882
912
614
329
236
914
290
161
1022
1001
831
310
561
618
776
912
313
350
178
950
318
179
398
1104
448
379
510
1101
595
937
635
401
904
558
427
299
992
471
332
478
504
839
914
1039
752
309
474
831
963
538
911
1222
862
340
885
329
799
229
485
207
387
839
699
923
797
158
734
67
676
799
366
706
946
827
543
1013
490
896
958
750
253
239
682
794
635
354
637
507
980
897
771
340
588

4
300
18
13
7
8
7
8
20
14
15
9
8
11
18
11
11
16
19
14
15
12
15
10
10
12
13
7
14
19
19
19
6
12
8
14
18
11
8
18
19
11
10
11
8
19
12
15
18
11
12
11
13
6
7
10
12
12
8
12
15
5
19
16
19
9
6
10
16
6
19
11
12
10
19
19
19
11
12
9
8
15
15
6
11
11
15
16
5
19
20
19
9
14
16
15
16
10
14
14
17
13
14
12
8
19
20
8
12
6
8
14
14
7
18
18
12
19
18
19
20
17
8
7
6
15
11
10
13
9
9
9
12
14
6
8
15
16
11
18
9
14
17
14
10
10
14
9
12
15
6
19
13
5
11
15
11
15
6
6
15
14
16
11
18
10
9
13
12
6
11
15
12
9
6
20
15
17
16
6
16
20
13
11
16
11
9
10
20
12
10
18
11
16
6
8
12
10
16
20
10
6
12
11
13
12
15
6
18
18
12
19
7
14
9
17
18
14
5
7
8
9
17
11
6
20
12
6
11
13
17
16
19
6
8
8
14
8
6
17
8
17
8
19
5
16
19
5
6
10
20
8
20
16
17
19
19
14
15
14
10
11
14
14
5
7
16
10
9
17
10
18
7
17
15
7
8
18
6
18
14
6
17
17
14
19
11
12
11
15
10
12
11
14
6
6
9
7
10
20
17
6
0
610
420
913
912
743
741
167
81
904
499
704
294
446
358
101
222
469
527
878
290
656
462
195
317
857
369
526
60
488
759
771
129
616
549
170
236
867
341
825
685
717
78
746
313
141
509
841
556
697
517
841
382
155
659
72
232
552
277
610
639
208
407
530
517
876
794
185
533
550
412
743
557
296
129
71
385
332
27
915
228
539
315
728
779
395
248
682
284
343
248
379
652
523
655
749
279
763
458
472
678
578
712
878
826
252
931
903
657
811
708
817
815
204
470
66
311
415
472
411
853
272
399
661
670
888
550
760
711
383
398
572
401
120
208
804
179
52
556
791
249
698
731
600
512
635
268
292
545
455
841
23
817
170
523
432
239
82
224
395
671
575
207
57
281
492
834
595
510
838
517
137
71
313
304
816
721
688
554
53
136
83
70
784
378
609
89
579
696
913
902
926
339
94
98
408
812
450
910
827
331
725
121
314
6
245
723
636
400
897
905
844
474
68
786
697
123
68
123
136
470
806
188
363
277
310
900
316
516
897
783
692
416
443
233
840
789
404
608
670
775
646
578
429
36
505
117
143
75
587
390
49
720
276
540
37
490
505
296
379
651
180
7
823
43
517
456
325
246
27
608
149
629
57
389
363
36
814
41
7
644
237
329
353
640
101
798
840
424
696
349
287
504
671
165
471
752
325
67
228
344
819
657
1193
946
1120
1091
321
359
1183
828
1007
607
714
744
184
350
636
898
1048
642
944
839
486
415
985
447
676
359
875
1102
846
196
879
774
428
453
939
430
885
741
745
452
938
560
318
554
1064
774
928
887
1086
421
210
910
252
549
604
665
874
783
356
616
815
725
1067
1042
465
569
568
490
907
696
340
514
304
721
637
393
1179
361
661
362
768
1037
501
446
769
410
524
554
511
825
593
708
981
413
885
523
577
1021
912
845
1268
921
370
1161
996
872
1135
972
1062
967
422
773
392
560
526
652
707
1040
634
731
886
781
1209
764
923
992
645
617
602
699
390
527
1073
410
262
822
1174
325
862
1077
861
655
828
482
478
712
496
1173
385
894
401
794
553
448
329
363
749
1016
780
419
252
630
636
997
716
598
1151
649
508
286
387
688
1207
1059
955
604
121
502
240
430
1045
409
819
440
919
825
1161
1158
1247
648
467
414
604
1129
626
1135
1120
602
919
393
639
28
432
1091
979
553
1270
1022
1047
633
356
958
1002
398
190
209
241
515
1024
317
722
460
493
1047
508
693
1015
967
1053
641
535
302
1142
883
648
763
899
895
783
644
735
232
633
415
227
335
848
638
399
1003
311
874
419
754
797
411
541
720
223
301
1125
179
873
540
540
365
232
868
321
989
126
726
631
124
928
99
346
745
511
406
654
839
286
930
1184
502
998
663
588
784
968
548
572
860
634
278
356

5
300
15
19
16
16
12
7
16
12
7
10
8
17
17
15
7
10
7
19
14
12
15
18
10
14
10
6
8
10
15
9
19
19
10
11
9
20
20
7
10
18
6
8
11
5
13
9
19
17
17
12
6
14
15
13
12
11
14
13
7
6
15
7
11
16
13
9
11
12
13
11
7
10
9
8
17
13
13
10
6
13
18
15
18
9
15
15
19
11
12
10
7
13
11
11
6
12
19
15
8
16
5
11
6
14
13
13
8
11
18
7
9
18
11
7
16
11
6
11
13
6
10
14
10
17
17
11
8
14
17
12
9
8
10
18
6
7
18
8
18
16
12
20
11
9
14
6
8
20
7
6
11
14
19
8
12
20
16
17
9
6
13
9
16
10
7
18
9
17
18
17
18
16
8
16
13
19
10
14
8
6
5
11
15
15
15
16
16
8
6
11
19
7
7
14
15
16
6
16
18
6
10
6
19
12
15
11
17
15
14
12
13
14
18
11
15
13
19
15
10
16
11
11
18
19
18
15
12
20
15
7
10
19
15
7
11
9
15
9
13
14
20
11
13
17
14
10
19
19
18
6
18
16
11
8
5
19
14
12
11
14
12
18
9
17
13
6
9
9
16
19
9
14
12
16
10
16
8
14
6
6
19
5
15
12
12
14
12
7
11
17
11
9
17
6
10
18
6
18
8
16
0
209
235
637
800
378
589
554
498
446
107
934
767
769
224
715
205
173
515
393
127
787
204
883
623
823
314
451
554
797
76
475
909
564
335
474
248
500
105
617
345
109
890
562
461
829
235
704
251
710
335
268
931
834
110
214
417
857
281
704
108
748
146
171
315
111
650
689
161
34
842
521
430
708
453
28
898
692
353
896
910
418
553
559
335
864
575
89
325
919
2
325
62
242
278
791
154
886
910
461
437
450
490
892
44
871
343
531
583
403
670
317
661
354
94
50
356
668
588
39
117
58
687
586
571
920
460
735
788
167
172
45
538
795
271
166
373
71
499
614
386
391
138
479
816
555
16
472
701
419
800
209
528
42
74
104
417
128
477
885
741
750
559
781
420
497
268
196
766
499
193
833
738
528
308
699
847
37
705
900
643
667
726
423
454
681
833
440
748
264
843
867
432
672
720
415
539
297
359
644
599
521
823
22
699
132
655
912
255
528
8
555
883
474
609
182
688
764
292
504
404
369
932
920
314
684
502
576
908
382
219
852
212
281
318
898
760
768
455
727
438
870
705
674
751
218
490
535
183
860
713
282
590
796
851
29
864
518
13
237
173
382
254
774
911
775
603
720
37
645
643
371
22
748
232
768
73
653
202
343
725
517
883
842
206
412
499
592
722
749
559
387
275
309
662
44
291
103
130
629
21
315
284
925
997
662
616
764
547
500
239
956
940
835
546
963
418
323
732
412
312
1177
576
1012
973
1050
523
771
828
813
261
510
1240
705
440
615
447
596
458
874
643
161
998
792
511
839
524
1081
458
790
488
307
1163
1061
154
340
496
877
491
748
351
881
332
342
410
245
862
849
396
294
854
568
625
985
532
372
1219
845
406
1093
1117
784
692
686
644
1202
666
450
621
1244
112
500
292
534
433
983
277
1238
941
779
627
580
757
909
130
1018
351
641
835
567
1010
706
856
372
242
419
639
721
904
374
454
333
727
626
652
1252
731
781
1085
238
455
84
871
958
515
409
520
407
700
930
613
471
190
633
1183
663
129
808
762
600
1089
586
640
285
113
451
787
204
534
977
1080
994
668
939
585
881
566
355
1139
710
266
929
1033
752
390
1002
1182
384
970
1087
921
1046
770
516
526
728
907
603
952
295
1127
902
598
775
764
650
887
350
502
960
811
878
941
360
841
318
965
1055
572
731
372
581
998
718
690
472
851
1123
306
852
626
702
1231
1287
598
818
690
648
967
637
537
1136
295
361
671
1209
941
1025
789
939
772
945
783
808
962
323
768
882
302
1015
770
353
873
1103
1176
150
1091
757
199
327
500
583
275
1129
1098
1062
968
994
158
968
892
710
243
881
362
1083
215
909
414
378
996
593
1153
1120
491
797
843
871
871
860
899
614
640
430
683
231
493
301
143
987

6
300
6
12
15
6
7
17
6
14
14
12
19
19
20
11
17
16
10
12
5
6
5
17
10
16
9
16
8
13
5
15
13
11
6
8
15
20
7
18
19
14
8
10
11
10
7
11
8
6
9
8
15
9
19
8
7
17
16
10
6
13
7
20
15
18
13
10
17
15
18
7
8
6
19
16
15
6
13
8
12
8
10
19
13
11
6
18
12
12
9
13
15
20
13
13
11
14
18
7
11
8
20
16
18
9
19
6
18
9
9
6
6
8
11
13
15
15
19
12
10
9
18
16
7
12
14
17
13
14
10
17
6
6
17
7
17
18
6
14
8
8
16
14
6
20
9
14
10
13
13
9
11
9
12
7
19
19
20
15
14
11
10
14
17
14
6
8
14
10
10
13
11
9
6
6
12
19
19
16
6
14
12
18
8
7
7
19
19
8
6
12
19
11
10
10
16
12
6
8
14
15
18
6
9
5
17
18
19
6
9
10
16
13
17
7
5
10
19
7
20
13
15
19
14
12
15
6
10
14
16
17
7
15
15
8
6
8
6
19
19
10
8
17
12
8
7
14
18
18
19
17
13
7
8
7
13
7
18
14
11
17
12
8
5
15
18
17
8
14
13
15
18
5
16
12
14
15
14
19
15
12
10
16
8
13
13
15
10
17
12
14
5
9
7
17
5
15
14
17
12
9
0
288
615
566
221
891
430
857
108
866
429
888
504
164
759
705
272
122
387
423
208
918
742
443
190
118
521
620
429
67
750
800
422
128
155
129
674
796
845
330
813
306
686
215
65
653
639
429
153
866
682
181
47
908
649
353
86
469
737
262
312
394
549
628
407
226
630
28
812
492
750
135
438
479
739
592
672
124
886
668
69
437
348
485
436
51
704
577
452
700
208
850
284
849
615
468
673
369
155
632
675
87
60
759
507
719
61
154
794
645
129
252
87
703
446
224
337
763
317
352
126
847
894
422
36
753
452
199
898
830
895
270
909
632
440
191
852
848
337
514
421
632
588
105
416
344
568
845
239
895
653
94
848
518
527
487
779
376
399
874
904
534
793
748
4
453
714
355
525
257
865
324
149
370
717
494
493
365
683
834
312
164
31
478
823
726
893
516
653
19
706
130
658
730
4
912
731
659
536
675
563
662
402
794
256
172
727
103
814
424
214
318
410
155
362
598
242
214
473
701
237
9
621
459
269
401
895
328
29
551
395
836
308
593
831
173
704
381
739
633
181
666
793
139
73
643
712
727
356
55
880
109
714
703
222
15
911
854
689
198
35
379
694
778
163
906
735
189
221
449
789
368
300
803
753
20
362
512
61
476
721
888
422
368
194
647
422
886
222
210
662
603
735
420
829
702
676
187
908
529
363
610
961
814
331
956
689
1031
195
1083
473
1160
571
241
991
778
341
236
475
758
445
1235
1001
661
549
158
573
692
714
189
1034
1082
756
483
457
208
766
904
1037
586
1175
520
874
388
164
833
762
698
486
1230
824
428
399
1179
958
571
394
701
952
576
379
698
830
982
634
342
742
367
1012
683
967
409
754
651
1091
674
736
168
905
748
185
562
557
620
798
241
996
619
563
886
337
1164
300
1122
638
522
795
526
533
668
899
364
368
941
715
754
407
413
1146
987
315
440
446
1004
610
372
676
833
512
497
146
895
1015
598
239
1020
520
251
1236
1163
1111
381
942
720
584
389
1049
1031
649
832
780
742
930
224
455
368
756
1005
558
1049
837
251
951
861
710
646
821
689
769
1057
1268
634
976
883
287
794
1046
428
871
469
894
688
374
384
1057
878
724
611
763
999
403
299
217
838
1168
907
1096
712
725
305
1017
343
927
797
28
1036
969
731
686
941
745
790
703
1015
469
416
904
439
1179
515
557
565
629
384
652
829
481
291
552
723
459
274
757
644
644
509
1117
562
332
922
510
1208
514
919
911
381
897
762
1101
643
354
858
1097
367
270
824
1091
988
565
333
900
258
742
818
490
75
1044
972
813
535
217
661
876
1076
253
999
862
548
400
688
888
412
635
851
790
73
727
753
130
584
940
1120
642
509
448
978
579
1000
558
551
783
637
776
628
898
932
760
373
959
597

7
300
12
12
13
17
16
17
16
9
18
10
16
10
9
12
9
19
13
7
11
9
13
18
14
11
9
17
5
16
18
16
11
18
16
8
12
11
8
11
17
10
11
11
13
12
18
19
10
12
20
12
19
12
16
19
7
11
15
16
7
8
9
9
5
6
15
16
6
7
7
14
7
7
17
8
19
8
8
15
6
13
12
14
18
19
14
19
14
18
8
17
18
20
7
7
14
19
17
17
17
18
19
10
12
12
15
13
12
17
17
11
13
5
15
5
9
10
6
16
18
18
18
8
8
14
15
15
15
20
19
12
12
10
16
10
13
14
12
17
10
9
17
19
17
6
10
13
16
10
11
8
13
15
20
13
10
13
5
5
17
6
17
11
10
20
11
14
18
20
6
19
18
11
6
19
17
6
11
14
8
11
18
8
7
20
17
5
20
19
16
13
10
8
13
17
7
7
10
5
19
11
11
12
6
17
5
9
11
18
20
8
20
14
8
15
6
16
18
11
9
17
8
13
14
16
8
11
17
16
14
13
9
19
13
9
8
17
18
16
10
10
9
18
19
18
17
14
15
6
17
19
14
19
9
11
17
11
8
12
19
17
20
6
5
19
16
18
20
14
10
8
8
17
16
13
7
19
17
20
10
13
12
10
20
17
16
12
19
6
20
17
11
16
19
16
12
19
10
10
12
6
0
940
593
632
833
952
755
273
341
877
840
89
752
835
978
670
793
705
98
199
861
209
708
379
104
435
517
735
862
934
289
232
19
771
815
97
284
612
696
270
354
477
260
69
892
72
698
396
978
241
805
398
385
678
44
650
971
293
510
847
950
282
794
145
857
587
833
926
254
590
933
532
41
625
299
234
243
418
857
269
268
869
71
393
347
358
175
302
361
844
810
728
632
204
521
538
910
799
637
450
158
920
631
864
235
54
96
467
376
351
379
809
299
868
357
905
791
341
36
812
960
161
571
219
636
725
622
165
233
501
248
818
670
806
458
487
569
105
783
564
195
463
678
968
531
146
226
599
76
890
66
129
333
890
941
49
3
61
806
142
632
413
698
158
779
588
623
4
465
799
578
224
842
518
743
99
207
234
235
14
762
457
242
526
737
428
153
853
13
508
323
21
753
915
106
434
728
758
874
415
109
839
675
38
788
434
84
897
320
364
971
576
779
595
83
750
289
744
398
232
259
586
907
734
9
89
547
573
56
1
498
177
456
552
336
506
748
282
697
568
665
412
109
674
293
62
609
928
818
526
953
602
609
935
888
666
542
588
201
390
542
96
287
105
281
910
814
71
728
287
189
641
825
896
261
570
731
717
419
603
10
86
142
360
228
384
98
565
354
797
223
591
315
35
573
434
110
586
451
29
23
1282
852
689
914
983
828
455
699
1145
1094
379
859
999
1086
991
1012
1055
451
446
944
520
1049
713
401
821
619
1077
980
1293
525
490
112
966
1080
225
604
872
899
415
630
507
584
313
1208
117
965
410
1082
458
866
547
610
724
154
894
1163
346
786
981
1279
572
1013
527
907
955
995
941
513
684
944
647
243
737
377
242
458
596
1151
343
393
1124
182
719
649
420
497
457
530
1230
1152
896
902
502
840
596
1260
1190
880
644
337
1283
853
927
576
391
256
524
519
509
750
899
321
1099
448
1030
1138
691
331
1000
1301
197
631
569
839
827
913
573
597
771
418
897
909
1025
812
775
821
281
1068
755
484
696
947
1007
918
159
443
873
405
1263
218
183
429
998
1187
73
275
99
1133
335
994
492
953
255
942
825
979
294
846
1145
942
257
1229
608
917
327
591
495
307
73
860
717
286
744
872
575
468
1097
225
879
543
153
1089
1257
320
800
1093
815
1046
704
230
888
762
157
898
521
371
1060
380
515
1270
688
979
979
217
1043
389
947
660
474
635
970
1105
819
398
138
927
644
442
15
651
303
583
692
540
861
954
361
743
623
994
533
218
717
655
244
810
1200
936
880
1306
822
924
978
963
923
887
841
282
440
608
344
581
440
678
1262
878
105
847
412
255
786
1143
1119
400
975
891
884
820
730
50
420
370
490
476
740
182
627
493
882
276
753
649
76
770
702
349
634
828
202

8
300
7
12
12
11
19
13
8
17
16
15
11
10
13
19
9
8
16
13
7
7
11
16
8
5
8
6
14
20
15
15
11
20
9
9
16
17
13
18
11
18
13
20
7
12
19
18
10
19
9
19
16
17
13
10
10
12
7
7
6
5
6
11
11
7
15
18
13
14
6
6
9
15
6
12
18
10
14
13
10
15
8
14
14
12
11
10
20
14
13
8
6
17
18
7
11
16
8
6
14
5
11
7
11
10
13
20
6
11
10
17
14
18
8
15
13
7
19
7
8
14
16
5
15
8
13
20
13
19
11
11
15
7
14
19
8
9
17
7
12
6
8
20
18
12
15
20
8
18
10
8
11
7
7
20
19
7
14
8
8
12
15
5
13
18
20
15
11
10
13
7
14
15
12
9
12
17
19
6
11
13
6
11
17
9
16
7
5
11
7
7
14
9
7
17
20
7
9
15
10
17
8
16
8
12
16
8
8
14
20
6
19
20
5
13
19
12
12
7
8
14
10
11
8
17
16
7
17
15
10
11
17
11
6
14
19
12
18
11
11
6
15
17
16
19
8
15
18
14
19
9
15
11
16
15
8
19
6
9
19
7
11
11
10
7
7
17
15
17
7
14
6
15
13
15
13
6
20
19
10
20
13
15
15
8
6
16
10
19
17
18
7
8
19
13
16
12
8
8
20
10
0
728
731
553
338
54
727
276
777
899
759
483
219
402
839
481
395
410
681
620
390
43
389
352
242
745
666
490
323
852
279
749
13
617
49
850
540
281
909
907
690
99
686
93
449
635
274
452
346
230
718
16
456
872
41
606
715
899
4
609
32
557
173
875
460
688
592
504
59
227
610
490
118
532
358
320
204
21
752
876
227
95
184
569
567
274
446
848
25
738
605
605
214
384
627
239
436
272
887
462
907
558
832
873
226
787
535
38
317
910
73
254
139
859
456
235
610
668
136
165
216
833
64
522
41
271
209
593
461
817
531
314
848
816
410
233
239
640
273
462
151
828
346
817
97
858
276
235
851
566
100
450
472
164
748
896
914
879
870
21
45
325
192
140
797
337
637
476
223
127
621
523
366
795
587
199
28
540
385
434
78
130
82
845
815
747
539
905
904
816
540
335
459
762
681
512
193
108
637
761
156
467
924
569
149
707
419
689
700
612
741
261
233
246
436
526
255
232
243
216
314
336
533
598
113
654
179
643
703
913
139
274
857
367
671
515
915
255
70
904
17
193
523
565
857
671
271
544
490
231
808
841
743
421
919
831
107
634
711
238
668
557
409
85
278
643
420
767
751
780
379
415
420
509
903
832
16
34
228
132
357
764
553
655
469
919
528
156
527
675
747
420
655
344
540
363
915
520
875
372
365
997
748
832
584
176
904
339
1104
1099
1022
652
414
525
1134
809
778
645
944
827
580
91
697
366
523
931
773
663
557
1031
332
1056
99
938
104
1018
904
423
1137
1220
748
191
917
359
618
729
614
527
433
499
885
81
753
989
215
710
811
1246
300
764
267
592
197
1246
727
736
811
565
368
544
659
860
490
910
628
393
435
206
987
1209
426
259
353
611
663
339
655
1206
54
902
674
860
411
551
985
473
795
641
1235
668
1100
662
1179
950
601
1001
625
115
476
1002
357
577
395
1152
499
454
848
955
511
328
376
1034
99
692
241
600
297
867
832
1160
665
450
913
960
432
451
267
729
364
481
206
1163
443
978
425
1048
435
553
1038
754
115
657
820
390
1042
952
1266
1199
1017
368
107
688
450
257
1126
381
908
761
417
242
738
574
726
848
668
396
273
567
422
461
240
510
413
1128
1086
977
615
952
1221
937
611
492
535
818
856
540
413
412
744
1105
207
750
1193
860
508
1084
767
888
1072
933
907
474
556
342
806
883
323
441
258
503
443
480
684
933
254
666
472
843
799
932
244
538
888
484
853
683
962
548
394
1057
124
554
675
793
914
828
624
773
573
255
1007
1032
873
588
960
1037
176
706
898
399
908
813
530
228
623
849
464
989
868
1151
589
676
545
585
1145
1024
220
415
412
403
377
977
772
963
715
994
695
206
796
1002
759
669
835
669
660
632
1153
807
1221
615

9
300
11
12
17
10
10
8
12
15
7
17
13
16
11
9
17
8
7
14
16
18
9
6
13
6
9
20
8
19
14
7
16
7
6
10
12
19
18
12
17
13
5
18
8
18
10
8
11
8
10
19
12
16
16
15
17
15
15
17
7
20
13
13
9
16
19
19
14
13
5
8
10
12
8
14
15
13
10
7
9
10
19
16
9
19
10
8
9
9
6
8
11
7
16
14
15
17
13
6
11
16
7
11
8
19
13
13
10
5
10
14
6
9
10
18
19
11
15
7
6
18
16
14
12
8
17
17
17
7
9
14
10
16
6
18
12
12
17
14
15
18
13
6
18
13
19
10
11
13
16
14
17
13
20
11
20
16
14
11
8
9
13
18
17
7
6
6
13
12
16
5
12
9
17
13
15
18
5
14
16
9
19
14
6
10
18
12
15
15
16
11
7
18
12
9
14
8
16
10
17
14
18
9
12
19
7
19
18
18
17
9
10
6
8
16
16
8
13
20
12
11
18
14
10
15
10
15
12
15
6
19
6
12
15
6
16
7
6
5
15
10
11
10
12
19
16
14
15
10
17
9
11
19
9
14
11
11
6
7
12
17
15
15
19
14
14
11
11
14
13
8
20
20
17
5
16
11
9
13
7
17
15
20
17
18
13
16
12
17
17
6
15
10
9
8
13
15
20
15
17
16
0
798
731
199
528
887
765
894
483
660
486
262
766
798
98
11
257
744
161
366
650
202
69
475
609
110
15
729
334
25
394
388
247
745
701
519
859
553
460
864
863
570
419
654
515
925
831
558
689
383
776
535
840
180
111
314
562
908
369
127
356
799
497
786
574
456
881
745
814
470
125
659
660
786
903
705
213
629
758
220
351
238
365
154
232
365
374
767
539
786
309
771
445
441
141
809
621
456
888
361
272
289
93
468
502
619
431
413
102
372
639
768
827
551
345
925
625
363
376
670
468
201
603
591
381
794
693
400
799
704
130
430
93
524
15
626
567
721
144
400
455
525
546
316
401
47
18
415
37
643
852
909
781
951
861
46
928
759
933
602
120
594
663
733
215
646
759
669
588
225
23
12
622
420
821
934
717
693
385
622
325
632
900
615
511
458
482
222
24
97
860
703
7
860
526
727
605
38
608
277
806
556
792
167
935
251
170
80
119
84
332
363
520
620
841
23
153
341
564
923
395
386
742
140
481
716
406
492
310
851
14
234
61
670
111
509
804
120
420
121
311
9
444
30
634
808
308
465
702
699
90
674
38
257
160
402
169
717
784
732
308
384
649
520
555
860
192
350
620
45
814
717
646
738
143
641
708
357
157
567
807
117
692
531
788
156
870
273
105
852
24
873
656
609
647
311
237
854
184
582
333
1170
1091
498
551
925
996
920
816
773
722
300
1005
975
490
126
544
934
230
618
1010
426
119
486
813
350
147
1082
514
339
781
721
596
1004
845
578
1173
572
742
1061
910
744
445
957
768
938
897
680
986
573
884
719
1147
418
467
622
926
964
461
394
391
874
588
937
717
819
985
1101
1133
514
232
698
913
1062
1028
980
275
854
868
492
714
373
732
538
362
428
395
986
567
796
417
870
669
796
295
829
882
591
1241
534
516
385
393
672
753
946
569
442
416
482
716
846
927
623
428
1130
941
697
735
831
529
587
836
758
731
943
957
550
979
909
498
471
155
816
229
668
681
914
346
498
795
759
765
393
738
416
99
655
407
943
1162
1275
920
1199
1128
98
1150
870
973
869
253
936
777
907
566
768
1013
1007
895
299
164
257
671
646
1098
1215
1032
942
601
966
347
740
1108
828
869
641
566
367
264
410
1041
1020
355
1152
544
838
980
89
979
473
983
724
1088
547
1236
456
514
271
258
466
721
434
845
704
1224
103
216
693
648
1082
629
591
883
243
799
900
669
680
632
1123
47
347
270
883
455
516
1097
183
812
441
524
304
720
218
933
1121
553
681
850
788
465
930
268
405
209
488
476
772
1153
763
577
748
850
608
708
1190
247
645
781
326
1153
1036
911
953
537
966
947
640
456
922
1153
401
731
771
896
443
1209
491
331
1189
365
969
699
698
796
665
386
1051
282
705

10
300
14
16
19
6
19
19
13
14
17
5
13
8
6
12
10
20
16
10
13
16
18
15
16
11
9
10
15
15
17
13
7
19
16
9
13
18
14
9
9
8
10
7
17
6
11
13
19
14
16
12
18
19
12
11
6
5
18
10
9
11
8
6
8
6
17
14
18
10
6
5
12
8
13
19
9
17
8
18
9
14
12
15
9
19
8
18
18
17
8
19
14
16
5
18
19
9
9
14
14
5
13
10
13
12
13
16
9
9
5
10
5
20
14
19
5
9
19
16
7
14
19
5
6
20
15
17
7
11
8
11
13
8
11
11
9
16
16
7
7
7
10
14
7
7
14
15
8
6
13
15
10
10
10
19
16
20
15
14
19
8
6
14
6
19
7
9
17
8
10
9
17
14
14
12
19
14
6
14
13
20
19
7
7
9
10
14
13
9
14
18
17
18
20
10
11
15
6
19
11
5
17
14
7
13
12
11
19
19
13
6
17
14
5
15
14
13
9
6
7
8
6
6
10
12
14
19
14
17
16
8
16
14
9
5
13
13
13
19
19
19
16
15
8
18
17
11
19
16
19
19
20
13
13
16
13
13
20
8
9
7
14
20
15
12
11
18
13
17
11
12
6
14
8
11
6
15
9
17
16
10
17
10
10
17
17
6
14
12
18
11
7
11
8
18
11
9
12
17
7
7
0
630
212
644
884
705
622
197
291
470
749
731
255
771
541
136
300
450
433
96
21
397
137
449
623
1
463
423
867
26
920
308
150
74
408
432
285
870
332
404
849
494
524
177
333
434
469
263
785
234
911
774
937
377
484
379
868
640
308
486
371
394
842
708
933
310
183
318
71
669
658
211
145
425
6
336
651
690
309
283
829
804
631
802
374
61
884
777
653
775
745
605
796
372
454
844
452
161
485
514
780
602
334
831
408
386
2
899
493
167
652
536
585
59
495
521
352
200
262
404
167
72
187
133
558
247
68
15
109
358
292
556
277
729
356
455
726
529
293
882
228
813
591
219
822
625
380
543
222
162
742
636
217
107
720
567
101
806
377
133
41
723
377
246
333
670
220
825
804
94
570
504
372
373
541
199
108
458
72
799
416
756
135
765
345
606
583
849
12
516
578
84
62
166
482
589
49
542
745
659
23
233
437
249
647
855
360
202
445
362
210
547
579
472
389
814
711
385
744
185
90
221
250
429
606
447
262
35
548
24
312
350
262
244
349
865
924
62
286
686
694
234
406
250
499
176
77
605
213
167
206
866
277
328
292
585
839
536
225
117
284
234
505
84
256
397
674
546
280
61
939
23
330
936
182
633
113
297
32
689
243
707
701
747
663
800
105
701
549
372
789
755
676
907
467
782
297
51
752
568
316
883
432
705
1058
941
976
534
484
802
973
929
634
1146
596
462
534
548
611
400
93
756
315
560
820
171
744
573
1025
228
1236
564
481
93
566
801
555
1245
671
471
1169
640
680
226
428
703
489
376
924
444
1105
946
1197
437
592
757
1062
806
344
579
408
456
1185
932
1281
339
363
701
290
749
789
289
379
769
225
537
810
1008
677
562
1034
925
935
886
708
104
1100
1070
887
886
1098
895
1064
542
484
1100
677
549
857
790
845
725
476
1159
539
751
252
1039
737
268
824
924
921
299
641
659
435
511
369
619
200
363
534
528
639
532
132
156
389
648
547
674
333
871
732
585
1012
791
503
958
498
1192
917
304
925
663
626
921
467
319
927
914
251
254
816
928
154
1025
431
294
153
988
611
514
676
848
294
845
1065
385
803
621
757
751
727
515
372
792
220
1178
779
1125
146
1100
403
954
726
906
297
688
814
437
216
433
620
817
242
842
1020
953
110
368
623
516
883
968
539
389
606
609
514
888
748
750
662
1158
1035
709
841
233
451
544
359
488
703
556
560
251
799
185
467
566
445
285
506
964
1034
425
637
745
976
491
586
321
590
476
170
965
589
254
314
907
413
498
562
867
970
661
298
442
533
490
822
336
578
530
1002
770
425
445
1252
50
385
1173
362
1009
451
460
98
856
403
866
740
780
713
1072
230
920
628
536
912
992
874
1167
688
1040
602
339
1057
593

11
300
19
14
7
16
10
17
8
10
17
17
5
7
8
13
19
17
7
11
12
17
13
14
9
15
19
16
6
12
20
15
14
19
16
19
15
6
6
5
13
19
20
9
9
5
15
7
10
19
18
6
12
19
11
11
15
15
8
7
17
8
8
18
5
6
5
6
6
7
11
14
14
10
6
8
7
11
6
10
9
17
15
12
11
15
15
19
11
5
10
9
19
10
12
17
8
10
18
10
6
9
11
12
8
18
10
17
19
18
6
15
6
12
8
10
12
5
14
17
16
19
19
11
14
12
17
10
17
7
19
19
6
6
10
19
9
15
16
12
17
8
10
11
13
19
7
10
13
9
14
9
14
12
9
19
5
16
14
18
15
18
14
6
14
14
15
19
9
13
19
15
16
14
15
8
18
18
12
11
13
6
8
20
20
9
9
10
7
10
8
11
10
14
17
7
5
5
6
5
7
7
7
17
14
11
7
8
15
17
6
8
10
7
19
7
13
5
14
5
17
17
8
10
12
8
7
11
13
17
7
7
6
19
10
11
11
11
18
9
19
18
11
15
13
16
17
13
8
19
12
12
18
20
11
16
10
9
19
9
10
16
19
17
17
8
6
17
18
13
7
14
5
9
15
16
17
9
15
11
11
8
17
9
20
5
15
7
13
9
8
6
11
19
11
6
11
18
14
15
14
6
0
509
42
683
639
448
140
603
355
685
560
831
588
190
743
788
287
22
614
44
435
434
278
704
637
756
474
258
684
735
507
151
417
605
870
324
752
391
898
448
106
287
480
814
7
772
729
886
470
674
809
298
747
37
376
293
592
527
267
387
366
248
1
82
563
248
180
413
18
489
162
584
643
747
9
873
655
571
725
681
544
149
863
170
85
743
797
745
640
166
26
94
157
171
588
672
563
300
163
63
409
514
665
314
643
802
437
104
18
76
404
481
729
745
477
777
777
348
197
866
41
300
825
22
176
382
135
363
766
855
763
579
57
832
622
677
858
240
803
698
842
373
373
506
589
352
748
882
402
882
897
287
129
788
583
275
338
447
174
243
865
330
588
906
538
590
94
805
478
812
634
670
216
416
360
890
857
643
525
521
888
426
699
373
677
724
432
415
364
527
447
405
810
15
548
359
496
441
81
656
767
772
847
222
488
666
122
775
701
704
51
106
327
383
161
584
803
250
166
375
681
471
723
856
806
429
219
440
196
722
700
103
516
335
114
837
169
359
351
124
453
670
52
413
249
29
780
294
790
564
63
458
612
726
802
608
405
416
568
294
616
553
280
751
592
767
320
726
300
242
861
637
703
823
828
772
167
144
444
612
268
273
885
425
186
515
509
409
323
782
317
344
714
556
815
484
297
750
194
293
343
821
282
814
839
733
320
965
494
815
847
1135
609
546
857
968
352
260
870
64
697
709
483
907
719
825
755
564
743
755
827
293
644
691
1003
572
1107
708
963
790
400
538
657
1105
112
901
1043
905
538
838
853
674
1045
132
702
316
695
611
337
447
663
367
335
124
888
310
509
541
238
517
481
625
739
771
131
1073
794
731
779
726
747
200
1135
515
208
1036
983
959
740
343
173
440
338
418
814
780
603
370
260
368
471
605
678
497
801
1157
507
435
64
190
444
509
902
908
667
865
835
653
265
982
100
386
1090
197
365
482
389
703
849
992
900
768
326
1024
871
794
1093
421
1099
909
1026
445
470
770
920
653
896
1000
583
897
942
514
360
958
774
626
519
632
306
445
898
474
675
1178
779
630
208
915
854
987
672
782
505
608
585
957
1068
773
669
665
1181
536
754
547
792
992
509
589
498
812
602
755
938
295
839
597
680
581
433
851
950
901
1196
436
675
983
375
798
1045
983
237
342
657
560
352
648
991
389
236
411
812
761
810
1029
932
623
289
608
279
1080
786
321
823
411
223
1173
385
705
582
252
581
849
359
473
523
335
826
469
901
696
378
715
957
854
1028
902
530
557
719
330
985
773
374
858
772
1081
363
975
318
476
1217
788
1005
1019
996
1084
423
357
573
758
489
348
1152
456
509
640
867
424
389
1045
543
543
801
568
1033
509
583
996
319
338

12
300
10
19
19
6
8
14
12
15
10
8
6
13
5
8
9
6
8
19
8
15
15
14
19
14
15
11
12
13
15
16
5
12
8
6
9
14
7
6
5
10
14
9
16
18
6
8
5
8
8
11
16
14
10
15
12
5
11
17
14
19
7
17
8
17
13
11
5
13
5
6
10
15
13
13
10
15
20
18
14
7
14
7
14
8
12
10
13
12
16
14
8
16
15
9
5
7
15
11
6
18
6
7
15
7
16
20
10
15
16
10
14
9
8
16
10
7
7
13
10
13
8
11
6
19
16
7
13
10
5
16
14
7
8
14
7
10
18
14
17
6
7
13
14
19
8
19
18
13
7
5
6
15
15
15
12
18
13
7
18
8
12
8
12
6
9
13
7
14
18
16
9
11
16
19
9
12
6
15
17
5
9
6
6
7
9
10
8
9
5
15
9
13
6
17
20
19
16
14
19
10
7
14
18
15
19
16
11
20
13
18
9
11
18
14
15
10
12
10
16
11
18
15
19
19
9
15
5
11
19
5
18
15
8
19
8
8
17
17
14
13
13
18
19
7
6
10
8
10
20
16
18
16
16
18
5
19
15
6
5
12
19
17
10
18
18
9
11
16
10
14
14
8
12
20
19
19
20
12
7
10
17
19
5
9
17
13
18
18
8
12
18
15
14
13
15
18
9
13
8
14
0
148
284
288
729
791
632
876
831
317
35
682
266
124
221
178
398
173
635
748
211
77
338
32
741
625
438
351
583
828
667
729
201
737
689
435
122
533
646
200
640
617
538
538
56
566
272
782
2
745
890
107
167
776
566
478
162
499
557
839
37
362
15
871
638
467
345
870
850
704
780
453
231
288
351
107
438
47
771
10
158
273
607
156
830
230
85
777
413
393
445
698
764
677
665
863
366
294
284
565
714
774
101
65
872
350
312
778
227
510
706
205
505
72
661
338
417
331
792
63
649
311
322
412
618
174
301
532
128
56
304
357
190
468
579
709
528
706
23
296
910
484
130
520
134
339
690
128
740
476
133
711
400
54
92
496
125
264
424
197
122
310
805
192
584
691
651
873
294
138
611
107
211
592
159
598
348
151
19
865
764
320
293
76
490
143
264
575
640
783
844
662
919
490
35
48
360
767
735
449
718
905
129
769
363
798
211
568
68
221
412
242
288
695
844
590
275
895
112
302
678
904
593
464
705
751
518
847
652
278
474
737
887
467
907
112
756
405
771
130
424
144
561
576
864
854
580
583
405
591
431
277
505
59
685
466
800
126
788
785
672
905
574
771
259
679
369
588
694
811
627
392
163
230
680
536
280
308
280
709
66
68
780
210
301
696
441
180
137
205
902
843
462
909
47
69
501
439
212
85
135
167
522
370
834
1041
910
1154
1174
590
386
804
532
482
392
487
469
194
739
973
537
306
596
123
1115
895
771
555
958
956
1033
818
442
1065
911
725
193
625
691
445
711
671
810
918
167
852
306
1099
44
770
1151
183
405
981
666
800
178
811
692
1121
124
593
323
1166
871
801
636
1197
1136
971
826
468
377
612
687
174
506
335
879
37
173
413
777
183
1035
273
385
803
569
494
751
983
885
855
874
1063
417
546
475
896
827
978
317
246
1161
549
685
1015
603
860
762
314
779
368
825
644
435
404
1153
416
932
411
648
494
869
495
561
668
467
121
397
584
355
832
942
1001
703
1058
268
575
1277
549
312
664
504
472
961
355
748
616
178
1002
670
190
181
576
180
446
552
228
395
512
1012
377
683
1067
855
1117
476
264
829
285
478
971
443
656
506
297
196
875
1039
371
384
366
758
263
526
727
1001
1097
934
888
958
626
140
230
459
946
781
759
995
942
432
846
398
1115
259
785
284
435
424
361
628
939
1222
699
350
988
251
323
1014
968
936
779
912
876
613
1196
765
624
516
803
946
827
1038
434
930
723
890
329
748
440
919
638
1071
1180
840
800
568
779
563
593
840
256
831
740
982
317
1036
1129
923
1213
823
947
427
1017
563
970
926
1163
909
767
413
330
1008
859
386
534
394
720
289
332
1135
223
483
968
636
282
197
318
1186
1192
493
994
290
290
584
542
468
329

13
300
16
18
13
5
8
11
14
7
18
10
11
20
17
16
16
11
12
11
14
11
17
8
18
20
14
6
11
11
6
13
11
9
12
6
11
14
16
6
7
10
15
12
11
18
7
18
10
10
9
19
17
10
14
9
13
16
18
7
8
19
13
14
12
6
15
19
16
16
8
8
14
9
12
5
6
7
12
14
13
14
12
14
16
20
12
13
14
8
15
18
15
5
18
14
16
15
18
12
15
14
15
8
10
11
10
19
7
9
14
15
9
14
9
8
19
13
12
14
17
6
10
14
9
16
12
19
7
6
16
13
17
10
5
14
16
13
16
18
16
17
10
6
14
10
6
13
10
7
9
6
8
13
15
9
6
6
11
8
20
6
14
17
13
5
20
10
12
8
16
9
17
8
9
8
19
7
17
7
14
18
17
5
6
10
17
18
17
7
18
12
14
19
20
13
19
18
10
13
8
9
13
10
20
6
19
15
14
6
17
10
8
5
13
16
14
14
8
18
18
18
17
20
11
9
20
6
14
6
14
15
18
10
20
7
11
19
17
9
8
14
17
7
5
17
7
18
11
7
19
17
10
13
7
9
7
11
19
10
19
18
10
11
14
11
8
11
20
13
9
9
12
16
18
12
17
12
5
9
6
9
8
17
18
8
16
6
14
7
17
6
19
15
19
18
14
20
16
16
9
13
0
516
106
293
124
618
858
743
285
553
923
379
729
854
733
744
67
205
492
721
815
616
737
139
567
658
197
208
221
517
497
327
499
790
469
708
779
13
887
31
611
85
512
373
78
138
514
181
319
251
19
693
373
243
797
921
109
848
80
39
714
31
809
142
290
203
431
10
451
294
707
124
808
670
595
147
49
477
573
668
236
378
191
761
137
591
315
334
522
614
303
703
674
897
628
143
573
620
269
419
232
290
306
352
299
508
226
901
101
914
258
631
73
60
8
399
41
212
117
835
306
933
51
180
748
468
611
476
210
58
527
541
779
150
407
662
419
532
599
221
190
874
593
55
112
558
614
166
520
857
823
802
810
815
651
362
203
239
270
22
907
206
130
71
425
408
587
679
652
647
356
539
773
161
518
480
668
228
599
770
628
899
27
165
591
119
877
464
685
205
789
161
644
786
152
729
824
99
218
642
510
670
282
676
926
842
643
303
203
157
697
245
858
34
757
414
117
499
706
789
579
746
329
68
247
491
47
622
369
518
345
470
475
329
486
538
225
669
437
419
30
405
26
531
322
218
196
836
825
698
380
847
651
741
603
477
573
745
476
824
772
525
868
697
118
204
402
179
623
590
99
459
548
2
787
896
513
32
23
393
421
314
405
296
285
394
300
857
628
66
483
677
484
298
542
594
921
788
669
738
341
558
345
566
256
913
1171
1051
543
689
1241
616
906
1163
993
1082
200
331
794
873
987
880
882
402
715
824
502
239
480
772
631
609
884
1114
755
738
1081
197
1198
284
728
262
874
609
248
331
585
385
388
449
94
947
705
577
1007
1038
415
1189
381
261
1045
409
1016
351
573
297
467
45
608
619
745
199
1056
695
790
264
108
746
717
816
532
529
369
833
153
889
668
475
795
676
538
818
755
932
947
500
679
921
624
798
544
470
327
452
467
635
395
997
185
1160
596
890
298
372
149
751
417
380
351
1152
540
1295
60
254
886
508
992
734
336
294
696
812
981
473
593
987
768
800
771
455
325
1022
865
372
352
594
754
420
837
1153
1185
1103
1014
1027
885
606
246
255
355
336
978
268
315
362
525
544
736
729
971
697
720
610
899
535
539
646
847
524
910
1080
906
1169
284
329
964
358
1182
806
769
560
1066
370
893
878
452
889
1023
231
255
802
705
1039
380
865
1284
977
786
385
243
539
978
359
1155
417
1036
485
126
556
958
1088
748
992
426
90
267
542
337
778
409
902
432
543
779
689
612
815
585
765
627
447
89
485
35
881
402
332
315
1045
946
914
428
1115
881
1072
868
816
659
951
745
970
1016
708
1091
723
499
293
433
406
701
764
298
839
831
108
910
1247
606
86
378
506
762
600
764
609
527
536
421
1103
848
256
715
832
842
607
689
914
971
921
1046
973

14
300
14
14
16
8
13
12
19
10
7
6
11
8
13
19
13
19
10
16
13
7
5
13
9
10
15
18
5
11
12
8
13
18
5
8
18
6
15
12
8
18
8
12
18
11
10
17
9
13
15
11
7
8
5
12
9
15
16
14
9
18
7
9
18
8
12
15
16
7
20
10
6
16
15
14
14
20
7
11
6
14
14
16
9
5
14
14
6
13
19
15
6
14
13
8
18
19
17
12
13
20
15
15
9
5
20
16
9
10
6
8
18
20
6
8
7
17
9
16
16
16
7
17
16
18
16
10
10
9
6
17
17
12
12
9
10
9
12
19
16
18
6
7
9
6
7
18
11
20
20
18
9
16
9
13
17
9
8
6
15
17
10
17
9
14
16
12
15
16
14
8
10
9
10
11
15
19
16
18
5
6
11
13
9
15
7
9
8
13
7
13
9
6
14
13
20
13
9
5
9
11
16
13
12
10
16
17
7
9
7
9
6
17
15
15
10
8
18
12
19
14
6
5
7
6
5
5
9
12
13
20
5
18
11
15
18
5
15
10
16
13
9
20
7
5
10
13
16
17
10
11
12
11
8
11
6
13
15
7
15
19
10
19
15
10
6
10
14
12
7
13
8
15
10
18
18
17
14
20
12
14
13
9
12
8
8
17
18
16
15
14
7
12
8
18
15
17
10
9
6
18
0
406
257
20
411
497
567
254
227
198
78
388
239
569
91
857
240
286
857
670
737
241
203
734
806
71
873
163
645
645
888
727
637
601
873
450
157
38
840
659
707
347
338
182
180
572
852
91
163
201
711
901
343
596
490
105
76
391
71
227
318
735
797
642
493
243
232
645
783
67
289
699
776
790
730
184
411
609
618
443
519
205
687
517
715
75
59
726
123
283
316
607
527
239
319
875
111
279
274
480
157
825
244
252
113
885
669
559
660
812
127
831
230
119
632
204
20
755
200
782
244
259
293
2
842
669
606
15
306
319
576
540
394
757
130
365
365
479
847
365
343
432
36
428
179
252
765
449
670
185
292
536
790
407
882
559
522
836
906
553
209
457
174
302
558
160
196
516
588
811
509
280
383
569
3
486
482
482
761
629
207
497
543
507
432
385
601
579
335
486
377
680
9
359
295
865
314
270
605
442
891
871
176
785
480
531
513
692
488
265
667
832
418
209
162
558
717
338
156
898
734
309
828
665
35
177
716
396
835
530
526
136
612
133
743
336
20
564
141
76
595
446
900
36
40
599
98
810
601
892
626
329
37
109
338
125
759
544
672
506
247
409
862
755
147
379
739
839
810
33
112
660
437
538
423
664
233
241
299
728
92
427
728
222
806
631
543
751
61
756
679
784
8
319
610
73
30
227
888
352
292
480
534
94
703
721
743
417
241
392
341
409
352
802
286
1201
543
633
975
1017
950
492
496
993
961
368
1079
442
668
895
1085
896
987
745
926
541
325
413
1055
801
1051
691
705
404
376
816
933
231
514
447
739
1231
469
738
581
169
205
482
191
579
346
820
817
812
645
278
366
997
989
399
643
892
865
1161
1032
453
520
761
878
618
541
518
849
660
908
367
379
779
272
381
521
627
602
598
517
1144
379
523
419
740
265
1144
282
493
410
1002
955
892
748
901
223
1131
430
259
929
368
157
852
539
902
524
419
600
281
1069
875
756
74
355
547
628
915
417
1117
445
514
429
643
988
387
396
441
180
697
387
364
964
549
822
429
626
593
932
533
1079
924
769
868
1104
778
437
609
292
632
709
508
404
550
808
1170
855
345
738
634
89
674
798
686
1062
772
270
646
874
826
711
621
962
606
679
587
414
885
280
565
556
1043
675
600
929
733
1231
1112
475
1050
779
761
563
1046
771
330
975
1103
598
379
272
735
765
713
343
1065
765
405
1107
819
283
404
1009
490
1089
763
878
318
856
174
810
454
356
860
515
416
753
559
1129
149
131
706
435
1121
694
951
683
680
382
423
546
234
911
622
742
865
425
517
992
1052
514
395
776
1191
1063
320
132
977
629
889
481
885
440
580
647
903
354
713
744
469
992
741
907
777
213
1098
753
1017
207
572
946
180
324
311
1107
657

15
300
16
5
19
6
11
9
8
7
14
17
5
16
14
15
6
19
19
10
17
11
18
11
8
13
7
6
20
6
12
11
14
11
17
15
16
14
7
12
14
6
18
8
9
17
18
14
8
12
12
10
10
17
16
9
11
11
18
11
10
10
9
12
19
13
16
9
18
10
11
15
6
12
17
13
20
14
18
11
7
8
16
8
9
12
11
10
19
19
8
5
7
17
19
8
11
9
13
19
9
19
13
8
6
19
8
20
7
18
16
19
14
8
8
9
14
12
8
9
17
11
5
16
18
7
19
12
12
19
13
10
7
16
13
8
8
8
18
9
19
5
10
7
7
7
15
13
19
15
17
19
19
8
9
6
14
15
11
8
17
8
19
15
9
6
6
6
17
11
18
13
5
11
5
17
9
15
6
10
5
13
16
20
8
6
19
19
13
13
6
10
17
20
10
15
15
17
11
5
7
18
9
14
12
19
19
5
11
19
14
16
9
12
7
10
10
20
11
17
13
16
11
17
17
11
11
13
17
15
13
12
12
8
13
13
17
14
18
15
17
7
10
9
9
15
18
18
6
8
5
17
17
19
12
14
6
6
19
7
15
10
7
16
18
11
6
10
18
19
8
18
16
6
17
19
8
6
10
12
18
11
10
11
18
15
5
17
17
14
19
16
13
6
11
9
11
15
13
8
18
10
0
4
482
235
418
476
296
535
277
548
20
218
242
86
628
720
193
412
388
56
103
421
111
51
862
295
513
834
370
723
5
594
929
924
752
387
536
159
508
265
878
435
493
511
5
162
270
794
595
729
537
751
844
817
703
410
789
424
924
243
399
629
141
172
797
513
752
139
815
614
236
619
229
341
902
82
20
566
354
869
742
706
362
863
544
579
481
171
453
67
111
195
734
349
508
34
611
671
611
271
82
932
573
412
251
338
333
40
927
540
583
205
286
683
4
196
24
270
786
204
270
65
439
354
747
134
591
95
857
181
488
541
222
349
313
706
792
177
700
470
830
408
223
307
544
681
570
331
371
600
656
827
455
10
572
298
73
377
368
651
880
300
569
624
588
114
606
140
566
221
214
442
894
638
898
261
759
399
395
898
133
557
560
869
86
104
136
451
476
689
315
511
756
103
138
102
791
688
303
535
880
511
849
801
683
912
67
465
906
150
644
504
921
209
528
475
835
229
651
214
248
823
469
727
358
207
372
340
707
813
615
356
40
769
874
438
19
123
348
761
754
856
642
468
875
703
152
164
437
879
869
768
745
679
431
868
286
909
614
747
474
308
449
313
809
396
455
26
857
111
189
440
802
324
678
157
264
532
455
837
158
361
503
409
785
304
296
877
3
320
234
646
493
71
142
565
153
338
720
146
313
33
661
282
593
765
359
828
511
644
86
250
304
258
725
795
365
750
667
125
375
790
317
145
1065
387
743
1125
553
848
28
749
1064
1034
937
693
785
203
643
432
1163
586
634
676
124
379
578
1160
905
1019
839
893
981
866
1047
595
992
460
986
548
430
859
355
245
966
569
846
502
961
992
489
705
539
702
1199
146
147
917
361
1146
978
885
466
1113
819
864
780
350
726
79
429
241
773
424
729
348
735
793
673
463
185
1194
799
437
340
683
545
376
1192
683
842
311
531
944
148
442
173
445
1010
216
544
332
506
515
884
419
783
342
1048
361
595
783
505
409
537
988
1073
323
916
678
1088
518
460
419
589
782
896
450
637
800
970
1206
600
305
604
685
268
584
625
918
1171
530
615
648
606
467
670
194
667
510
578
681
1019
977
1192
419
894
454
760
1274
406
865
929
918
388
207
199
628
490
899
497
580
810
380
412
446
867
802
592
858
900
700
1107
1143
874
1243
81
516
968
344
876
699
1052
545
773
861
957
276
839
508
302
971
600
1071
736
239
628
569
1066
873
639
519
299
853
1253
646
295
415
474
1071
920
1089
678
493
996
727
290
215
690
1103
1133
914
1043
782
695
1192
659
917
649
771
803
692
670
467
1165
666
760
118
1013
340
426
778
997
697
789
230
639
574
752
1203
472
378
841
440
1072
366
347
1186
367
369
467
864
626
108
495
620
525
694
911
500

16
300
16
6
19
13
18
7
14
19
15
14
12
17
20
20
16
6
15
14
5
11
6
5
11
18
12
9
17
18
7
5
20
7
15
16
9
19
11
19
6
16
11
17
7
20
16
7
12
7
16
17
6
9
19
14
9
6
7
6
18
18
6
8
17
15
19
13
17
7
7
9
6
11
18
12
12
13
17
10
17
7
8
17
16
18
8
18
11
15
6
15
18
8
16
18
19
17
6
8
12
20
13
7
15
7
17
7
9
14
10
14
6
15
19
19
15
15
18
19
13
14
16
19
13
19
11
14
19
6
9
7
14
12
9
19
10
13
12
20
7
7
15
5
20
13
14
14
14
20
9
7
20
8
11
9
14
18
13
8
17
15
15
10
7
9
9
19
8
15
6
18
6
19
12
18
19
19
15
12
6
19
6
5
14
8
6
19
19
19
18
12
8
6
7
13
12
7
16
16
19
5
12
7
16
17
14
16
16
14
11
8
19
16
6
7
17
16
13
14
11
17
14
12
8
5
9
5
15
14
9
5
13
11
11
6
6
12
11
7
16
14
16
19
17
11
12
9
11
11
12
18
17
6
19
11
12
18
13
17
6
7
14
15
15
5
10
10
19
12
8
18
20
12
14
12
12
18
15
10
19
7
8
16
6
10
15
14
8
10
6
14
19
7
17
15
15
14
13
12
9
10
0
864
876
826
931
537
239
766
929
378
461
228
244
825
30
97
69
520
622
146
424
887
622
573
909
206
204
156
151
115
446
940
407
493
297
349
471
896
459
559
440
625
909
852
552
442
169
880
535
833
145
504
690
781
904
385
695
520
612
408
202
818
178
97
65
357
295
6
667
868
892
660
943
692
147
861
258
655
243
491
88
96
890
123
70
282
110
690
565
652
415
246
592
364
948
582
442
89
301
790
670
390
66
20
124
165
608
783
865
44
5
853
783
926
941
252
758
647
405
927
534
792
222
925
643
77
923
539
700
544
843
405
17
140
933
469
328
791
129
701
464
776
781
126
788
513
424
743
584
77
779
569
528
452
792
406
61
123
791
40
862
940
700
853
529
588
419
68
12
792
492
251
378
66
722
294
81
108
565
54
613
363
843
64
384
356
185
3
840
461
915
134
861
767
698
845
614
98
823
706
393
551
780
527
420
617
503
525
450
282
839
947
395
238
834
841
800
548
405
585
608
840
380
3
542
727
859
546
19
623
319
504
699
721
223
275
784
177
469
14
746
924
872
39
818
129
660
563
485
391
756
677
231
805
794
758
609
842
409
624
770
112
551
462
71
322
100
646
156
84
642
836
679
288
434
150
306
254
856
716
908
462
693
258
10
640
590
690
729
452
617
354
536
104
939
657
407
540
887
448
197
1077
1181
978
1277
822
411
1108
1150
641
743
613
504
1107
351
407
335
703
916
164
621
936
654
776
1008
226
451
273
425
491
610
1303
494
711
329
641
764
1291
795
632
709
677
916
1202
909
523
470
1016
676
858
500
870
828
1052
1027
505
764
551
681
556
479
970
292
447
135
674
535
96
963
907
915
907
1070
763
272
917
283
838
446
674
304
132
1064
438
291
415
193
948
619
735
787
297
676
711
1170
844
657
433
686
876
776
507
205
163
268
245
916
948
940
135
26
972
901
1308
1041
598
975
828
679
1271
658
855
240
1239
929
400
1073
582
740
589
1065
768
184
231
1041
857
412
942
255
876
642
952
1035
291
1110
885
807
978
736
371
1146
910
622
613
824
644
408
464
1175
295
1173
1156
799
1183
694
847
631
337
258
1011
640
272
686
273
962
318
460
120
932
169
699
476
911
105
733
506
341
321
889
849
1243
210
906
816
968
981
732
399
847
744
725
726
843
874
476
982
691
846
787
631
898
1096
407
351
1158
1030
1089
575
771
869
880
994
603
90
897
888
925
879
383
990
598
691
868
942
370
612
879
403
829
33
793
1012
901
168
1092
252
859
751
681
539
929
933
599
1015
1145
1049
803
1213
618
941
882
483
856
676
213
392
341
967
474
332
954
994
921
371
821
400
337
333
1236
775
1059
827
731
277
388
740
874
783
916
802
811
650
553
377
1153
910
434
652
1234
694

17
300
13
12
5
8
17
5
18
17
17
6
6
5
5
8
19
8
18
13
7
17
20
9
7
8
17
12
12
13
9
16
6
8
17
16
17
10
12
14
9
10
13
9
19
8
11
11
12
14
14
17
10
19
13
18
13
16
10
16
8
13
10
6
13
12
7
13
12
6
16
13
12
18
17
13
16
9
19
12
6
15
5
15
16
19
19
9
7
18
19
11
14
14
17
17
11
11
17
7
11
10
9
11
8
20
5
18
17
10
12
9
14
19
19
20
17
9
13
16
7
9
5
14
12
7
15
20
12
6
6
19
9
13
6
9
7
10
13
11
16
7
9
10
15
18
6
20
9
8
6
13
11
15
19
14
6
20
11
15
5
11
6
19
16
14
13
10
11
13
14
16
8
18
18
19
12
6
19
7
20
12
14
12
13
14
18
7
13
15
18
12
8
13
18
7
18
5
13
9
17
10
10
14
20
9
11
9
18
7
6
7
19
9
16
9
15
19
18
7
10
9
9
19
16
13
11
19
15
17
7
16
20
13
17
8
7
14
9
8
12
14
18
7
10
11
9
11
14
9
20
17
5
8
9
11
19
14
13
5
11
13
7
5
5
16
20
17
17
14
10
11
12
8
15
9
11
7
14
6
18
12
7
15
11
14
19
19
18
17
5
10
11
8
12
10
16
18
16
6
8
15
0
851
375
686
493
645
262
632
292
472
367
523
344
111
500
213
912
692
357
195
387
488
169
237
401
591
503
554
596
764
912
872
604
572
351
683
331
38
911
710
320
74
136
512
702
625
421
602
517
509
326
302
557
603
918
639
371
417
374
702
10
868
645
506
859
491
352
610
371
698
495
416
97
821
860
248
481
397
719
764
883
584
255
183
588
806
541
505
695
161
356
923
769
608
667
756
392
126
197
307
400
710
348
622
24
817
106
766
519
857
123
100
327
624
328
447
744
533
37
782
623
435
701
699
13
441
767
630
554
301
436
222
235
858
209
487
66
398
807
926
757
562
409
11
448
712
527
452
392
57
669
701
834
373
525
123
482
737
65
211
402
359
481
484
648
910
77
247
681
280
121
196
233
767
829
188
550
380
629
168
785
499
244
570
639
413
601
826
301
852
732
653
416
21
475
902
587
547
212
280
33
626
577
512
804
782
898
466
430
468
209
174
419
101
547
841
772
445
568
405
411
52
552
472
642
315
355
39
882
291
207
183
498
119
785
705
638
761
388
825
381
332
496
730
604
736
837
253
602
733
792
780
853
304
360
184
688
787
784
780
537
579
846
625
298
607
80
213
718
769
264
462
257
637
660
848
822
473
634
477
922
61
508
769
768
701
321
452
657
431
365
121
441
830
386
563
8
598
381
15
93
1176
709
924
673
876
517
708
543
511
632
745
441
270
760
510
1032
804
709
302
493
688
289
368
652
753
567
578
883
1114
1164
1187
673
867
675
955
643
296
1286
1007
477
182
524
742
835
754
766
887
679
788
663
504
752
893
1168
848
405
561
671
765
102
1108
834
529
1125
630
729
747
691
995
582
679
374
1087
1210
561
754
672
1026
919
1026
898
354
357
675
908
634
683
1023
473
478
1036
1024
791
771
1008
436
246
402
439
573
821
548
783
78
1163
131
1026
639
1198
393
145
492
726
441
589
961
777
306
959
633
745
1059
1050
306
599
848
768
739
411
776
437
308
1207
565
552
183
528
915
1208
1010
795
652
331
711
919
750
759
530
357
852
949
1123
467
615
431
797
1059
164
403
473
628
797
525
685
1240
186
573
984
429
409
496
557
1140
1006
294
766
430
662
332
1132
541
512
829
698
746
983
1073
564
1105
815
679
592
28
599
960
845
802
252
658
148
737
965
751
949
973
1225
755
513
634
522
548
437
222
687
1197
920
637
697
580
646
99
779
725
856
538
597
109
911
412
483
484
698
201
1048
858
786
826
472
933
416
602
605
920
628
971
912
404
862
1013
1014
925
1059
594
627
429
1027
995
927
1020
875
619
956
657
365
717
420
310
912
888
551
614
421
698
737
866
1169
686
908
769
1020
90
682
1034
1095
989
560
811
956
486
512
220
569
1166
684
689
374
753
694
228

18
300
18
15
12
12
15
17
13
19
20
7
8
10
11
19
17
17
12
12
9
7
15
10
17
19
5
17
17
15
16
13
7
17
9
11
7
11
9
16
13
13
9
16
18
7
12
16
19
10
17
17
9
14
5
6
5
14
8
12
19
20
9
12
15
16
17
7
9
17
14
16
17
13
9
8
12
17
16
15
10
6
19
6
6
8
8
9
16
12
15
19
11
16
12
18
13
8
10
16
9
18
9
15
8
13
19
15
15
14
13
18
16
18
10
18
18
13
17
14
19
18
14
12
8
5
8
11
7
6
7
15
7
15
14
9
16
14
18
16
19
12
9
12
8
17
7
10
17
17
10
17
19
9
19
20
8
14
10
13
9
13
19
16
18
14
10
7
19
16
6
11
13
6
12
12
7
7
17
19
12
19
10
11
7
9
19
15
19
19
18
16
18
19
8
5
7
5
19
17
11
6
9
7
10
14
13
14
7
8
13
13
13
12
10
19
12
16
13
7
19
7
16
9
7
16
17
8
10
16
5
15
6
6
13
17
7
6
18
17
6
13
20
12
10
15
6
15
5
14
6
11
8
18
19
11
15
12
6
10
15
9
9
6
8
8
13
13
14
19
6
14
7
17
9
12
5
10
8
20
7
18
13
19
17
15
13
9
10
20
5
15
10
18
9
10
11
7
13
20
20
13
0
698
701
786
860
180
597
431
18
253
57
476
861
376
529
420
439
506
905
201
121
99
167
878
334
764
431
360
739
176
239
395
666
356
605
846
784
875
431
331
838
102
939
53
92
594
486
570
55
113
351
635
34
339
2
140
228
546
573
238
87
762
710
767
2
592
683
334
682
254
831
164
732
413
746
23
8
731
432
557
756
363
366
374
879
289
750
309
653
327
676
362
211
171
322
799
595
125
286
491
852
498
220
172
166
30
345
866
352
850
422
449
676
463
730
320
189
19
552
577
491
859
614
396
453
607
268
931
419
542
565
932
793
506
244
386
225
666
510
490
70
566
897
110
466
595
186
694
377
97
772
871
192
83
174
276
306
47
236
448
906
620
694
592
152
627
92
631
722
278
39
852
146
946
788
140
449
26
227
90
217
652
320
914
824
704
944
198
356
753
294
322
325
114
702
563
617
767
286
528
198
638
475
392
767
718
359
936
622
888
365
208
524
420
382
221
296
721
642
629
391
761
898
371
403
698
531
314
239
387
786
433
657
708
437
655
377
63
255
791
660
614
25
176
369
532
638
939
918
60
678
408
346
499
49
206
652
292
32
524
54
397
44
497
935
427
346
612
402
606
563
634
857
451
433
331
864
733
203
277
894
565
484
530
304
901
863
178
256
632
863
245
301
317
680
665
491
708
535
447
229
990
1035
893
968
488
944
583
208
388
253
851
1247
525
685
584
650
743
1000
379
501
366
505
1172
506
849
456
643
895
430
367
656
910
414
968
903
924
1235
600
388
1033
134
1110
295
302
731
693
781
215
321
400
1008
124
435
163
352
614
752
797
277
204
829
1025
1132
243
649
758
580
878
386
871
496
998
501
842
288
254
960
449
900
941
467
394
528
947
401
791
506
934
505
787
383
473
316
355
936
834
368
395
815
1085
667
513
191
492
309
601
973
732
928
799
709
843
848
750
432
407
313
643
877
671
1067
843
650
667
731
306
1022
786
899
699
1180
908
771
379
551
562
1016
813
633
455
656
993
218
542
711
304
1034
674
352
814
1146
299
465
297
605
562
118
532
525
956
995
1057
868
447
872
293
662
1063
548
77
1120
427
1278
1057
313
754
181
458
191
575
1027
657
941
949
878
1201
281
504
790
642
364
558
186
1060
754
999
1085
635
634
286
853
672
711
1091
825
394
1039
763
1248
406
293
817
739
663
519
658
772
728
664
651
842
951
409
517
917
815
420
412
684
830
697
759
896
576
1034
649
310
271
1177
774
695
148
343
614
623
864
970
1175
371
1050
705
453
803
104
449
1027
526
65
890
224
432
261
575
1155
783
496
750
509
681
610
736
1239
814
513
433
1104
867
359
476
969
856
657
595
483
930
999
365
576
765
893
416
603
487
922
1028
836
1086
800
707

19
300
9
8
17
18
8
12
7
19
11
9
19
18
9
16
10
5
9
10
8
13
6
9
9
8
5
12
13
11
7
7
16
15
5
19
11
20
16
14
18
10
10
8
20
9
18
6
6
19
10
18
6
9
5
14
16
15
10
17
13
10
10
14
14
16
12
17
9
6
12
15
13
10
12
11
7
7
7
16
7
7
20
5
7
6
9
18
16
19
14
9
14
15
16
20
14
6
8
6
13
17
14
14
17
10
11
5
18
5
11
6
14
17
7
7
13
19
13
9
7
19
9
14
17
17
14
11
11
16
14
7
9
8
10
18
13
16
13
11
15
19
5
19
5
17
11
16
10
18
14
13
6
11
13
14
5
8
13
14
9
11
13
12
13
12
8
10
8
13
18
17
19
5
15
19
7
16
7
7
12
11
13
17
6
17
8
20
5
18
8
17
16
15
15
12
7
9
15
13
13
15
19
14
17
18
20
19
10
6
7
17
16
6
12
17
8
10
16
15
13
17
12
15
16
17
8
15
19
11
14
12
17
17
6
7
12
8
5
13
8
6
7
10
19
6
16
19
19
6
8
13
7
12
8
15
15
6
6
13
15
19
17
15
13
10
9
17
6
7
16
16
17
15
8
7
17
12
18
19
19
18
12
13
10
15
15
12
10
8
17
14
19
9
11
8
17
12
7
20
12
20
0
376
153
683
670
357
779
698
800
399
185
460
265
836
469
565
213
64
445
823
882
671
494
173
130
532
716
15
216
809
181
573
297
356
868
757
692
152
28
353
98
217
501
216
695
589
473
238
478
856
556
909
713
580
786
872
435
638
411
905
354
425
853
246
104
193
644
336
97
705
296
33
252
213
366
155
381
375
487
474
44
766
214
549
819
67
198
469
470
258
837
860
445
417
623
96
489
527
575
75
852
39
337
7
692
482
649
678
202
568
545
479
603
504
294
124
294
237
274
114
717
22
334
469
801
74
2
672
33
288
394
79
99
490
784
456
181
339
859
713
833
300
710
296
405
1
313
388
803
26
737
869
70
705
506
698
610
220
455
587
356
406
327
829
327
370
449
547
517
170
73
487
896
234
148
807
735
255
280
623
107
827
414
10
458
453
676
111
706
434
700
216
560
100
165
405
122
452
25
290
60
505
633
604
662
716
829
32
365
561
695
486
393
15
10
276
371
330
658
425
794
901
410
775
9
588
190
41
643
265
230
529
203
168
747
194
198
847
128
530
175
356
699
8
869
197
260
620
407
619
754
33
380
565
210
616
176
454
253
421
72
869
889
173
751
902
42
611
295
337
73
147
381
149
848
526
539
888
77
832
500
824
838
479
616
827
756
779
20
279
694
751
90
231
6
821
843
894
484
813
255
554
518
838
892
605
923
735
834
551
306
724
612
1088
617
931
461
441
805
983
1132
995
700
428
263
794
823
138
544
947
529
639
551
451
1242
1034
887
418
335
624
428
329
796
430
732
851
531
589
550
1146
712
1019
918
623
823
1249
522
780
650
1277
481
622
1000
309
315
303
832
534
186
834
437
117
361
257
525
185
656
755
739
542
364
993
582
670
970
115
319
529
795
268
855
1006
523
768
869
447
587
870
872
145
905
308
647
239
815
823
749
899
579
795
902
522
963
782
491
239
376
288
542
441
793
74
506
776
1043
167
366
708
249
351
470
371
413
566
938
611
496
533
934
889
904
608
880
430
690
358
633
693
902
253
870
998
437
984
819
900
674
344
508
742
736
637
380
1029
436
454
790
710
688
283
183
786
1248
598
256
826
783
493
621
792
148
860
701
83
713
691
785
404
896
489
878
324
908
303
525
552
382
634
286
667
262
621
840
924
713
961
1203
282
658
927
925
742
615
117
32
405
608
388
976
630
1070
1201
705
923
157
921
270
159
833
547
450
835
294
273
775
390
526
1055
391
603
266
604
1038
348
1193
221
574
709
716
762
966
340
435
799
390
925
298
546
347
470
265
1243
1240
522
973
1144
395
914
586
558
102
498
665
211
1139
680
657
1066
165
1093
572
837
1066
677
752
845
922
851
174
598
937
941
364
348
276
1161
951
1041
622
1030

20
300
12
16
8
13
11
13
8
10
14
15
18
17
9
12
6
11
8
15
7
10
5
14
18
7
13
20
10
14
18
7
11
12
20
8
18
9
5
13
10
17
16
6
7
10
13
15
9
8
19
9
13
15
11
7
14
14
12
11
16
11
14
11
11
8
15
10
9
14
8
13
9
17
19
7
14
9
8
11
9
12
18
16
6
19
15
13
10
10
12
8
13
19
13
7
11
10
6
14
8
13
11
13
20
9
16
13
15
19
8
19
10
16
18
7
18
9
13
17
17
15
16
7
16
11
15
19
18
9
6
15
19
10
16
10
16
19
20
6
5
9
8
9
18
11
18
16
12
8
13
11
14
18
15
20
17
10
12
7
19
12
18
10
10
17
8
9
15
15
16
16
6
12
19
6
6
18
8
19
19
16
6
13
11
7
6
18
5
15
13
17
6
7
17
14
16
7
13
9
20
19
11
15
16
8
13
14
10
9
11
9
19
8
10
5
19
13
18
6
18
16
19
11
12
12
14
13
6
18
10
6
19
10
14
6
9
12
8
18
19
16
9
10
14
11
7
11
5
5
10
17
14
9
16
11
14
13
9
12
15
6
17
20
16
10
9
12
16
16
16
12
11
10
5
6
14
13
8
17
11
13
8
15
17
12
15
14
19
11
7
17
13
20
6
20
17
9
14
11
13
19
0
816
607
130
56
43
494
172
159
78
11
823
793
149
292
804
828
271
653
813
822
639
52
197
483
935
686
340
319
172
624
636
260
13
350
535
655
24
744
88
296
905
509
302
625
420
551
399
466
883
840
819
753
723
66
598
769
250
481
782
695
687
136
641
420
367
200
203
27
883
207
576
346
858
469
570
565
432
444
768
641
685
117
448
834
484
671
367
480
273
261
563
495
303
852
571
500
4
383
565
668
49
268
523
131
709
621
607
159
846
103
807
213
517
889
211
706
294
44
514
565
268
594
82
628
280
168
39
20
598
802
274
303
839
585
252
789
86
436
359
741
707
746
846
300
73
557
647
860
791
260
675
478
231
792
706
38
264
312
94
755
805
101
818
315
272
26
586
92
290
2
740
745
265
925
775
525
719
883
450
762
63
729
46
55
890
779
82
396
168
847
406
177
12
350
908
127
317
414
30
876
539
18
816
389
31
278
48
891
803
497
219
726
209
67
195
449
893
158
574
472
165
544
209
823
215
486
219
8
395
912
404
736
785
865
622
743
780
459
489
847
341
516
579
43
784
788
376
383
558
85
823
822
696
196
169
924
390
61
329
143
190
824
271
461
775
724
221
914
741
462
670
220
85
801
314
727
665
867
340
834
935
455
440
42
587
743
515
31
248
178
35
627
587
541
571
280
51
268
644
355
942
759
383
129
287
857
225
180
441
148
975
941
183
634
1189
990
608
843
862
1181
745
343
219
708
1299
936
700
659
483
948
702
457
28
518
858
783
151
1125
376
587
1233
580
385
905
610
759
449
593
1173
1083
891
784
961
144
664
1065
481
795
904
796
762
317
939
590
720
560
360
318
1009
518
950
662
921
779
651
638
699
543
964
996
1037
361
665
886
649
930
430
516
438
623
702
839
681
1171
867
660
99
594
905
1013
260
612
767
509
995
875
706
324
1222
316
1137
368
587
976
446
803
474
65
863
660
457
642
140
898
638
293
175
42
777
1165
450
537
1109
714
498
1160
395
566
613
947
829
991
1193
588
361
585
758
1240
913
525
790
806
302
980
854
390
394
647
390
1071
956
460
1121
354
387
379
892
215
634
254
914
1131
473
1027
956
871
739
959
832
890
214
1024
109
238
910
933
185
501
359
907
527
214
66
589
924
159
539
474
70
1079
819
234
825
650
140
654
152
1184
1080
742
477
970
519
103
393
681
900
334
757
784
284
746
332
882
599
524
595
227
624
939
563
753
925
895
767
1076
1103
818
576
865
676
775
906
291
1009
1153
480
573
696
171
927
844
918
545
212
1007
652
351
641
187
285
989
574
501
846
915
238
1040
894
789
720
364
366
1080
524
946
818
1099
523
1015
1117
671
617
375
912
1110
541
185
286
200
204
812
979
801
663
649
335
344
1037

21
300
6
18
9
19
10
18
10
9
19
15
15
6
15
7
11
10
14
11
18
14
16
10
14
5
6
10
18
16
16
20
16
19
15
5
8
12
12
7
9
8
17
18
14
9
8
11
20
16
19
11
16
7
7
6
9
13
13
12
16
12
11
6
17
18
20
9
12
18
5
15
10
18
13
18
11
20
20
14
13
6
6
16
20
9
11
19
20
10
19
10
14
12
20
12
10
12
11
20
13
19
11
18
14
12
19
15
18
12
19
10
13
8
12
5
20
10
9
5
17
10
17
15
14
18
8
18
10
20
15
7
10
18
15
10
10
14
8
17
9
17
18
11
13
15
6
16
14
19
12
14
7
19
6
18
11
18
19
11
20
20
18
15
17
13
5
7
16
14
20
15
16
8
12
6
9
9
8
6
10
15
11
11
8
8
20
11
10
15
16
9
14
17
14
6
7
7
11
13
11
8
9
13
17
18
9
16
16
15
14
7
12
7
15
8
16
14
10
10
11
12
7
6
15
8
16
18
12
17
16
20
19
14
11
10
19
6
18
7
5
17
12
14
19
19
12
8
12
7
9
11
8
14
15
16
18
11
15
7
13
14
18
10
8
14
11
18
5
6
14
9
9
9
10
7
6
16
8
18
8
11
9
11
8
9
15
11
19
10
7
18
14
16
12
15
7
14
10
14
17
8
0
798
446
887
140
177
5
260
187
23
875
87
505
256
579
240
815
367
406
910
278
343
840
724
404
153
383
865
423
897
781
472
738
767
225
486
80
352
400
251
94
913
368
249
123
627
318
34
664
47
549
924
176
845
603
617
867
484
129
728
504
231
672
109
163
596
432
683
216
641
259
542
167
16
532
96
352
165
510
791
177
689
790
256
416
666
427
569
438
892
789
147
749
666
98
247
758
323
238
385
252
264
247
328
201
84
12
123
902
928
936
553
708
382
438
271
3
173
396
561
356
750
663
643
647
166
642
192
80
850
37
555
397
736
822
382
23
923
578
17
86
598
214
843
778
933
19
576
350
122
388
251
939
298
228
74
190
893
817
829
479
129
492
398
415
150
326
195
441
348
458
571
531
102
565
0
849
252
330
927
522
703
70
872
629
637
227
259
832
634
834
808
522
788
626
222
574
793
705
837
390
842
55
818
610
754
190
799
455
921
528
278
88
588
807
472
755
874
719
306
721
420
697
358
714
603
685
483
697
579
839
195
736
41
36
896
151
445
895
922
115
672
40
588
77
742
898
583
772
27
126
425
415
715
201
335
634
116
229
833
161
664
351
586
473
251
386
135
443
308
463
585
378
1
465
155
117
609
339
504
163
836
947
24
29
468
837
311
847
734
37
121
751
688
561
196
528
832
406
876
175
1181
568
1156
496
304
340
381
343
47
1218
156
659
356
684
475
900
744
454
1118
309
720
937
809
790
434
671
1155
801
958
1042
827
948
917
465
740
206
700
553
466
288
993
389
296
478
950
367
368
717
390
925
1224
478
1227
672
718
1161
533
403
956
791
278
1028
433
418
984
612
984
311
684
492
784
426
298
607
330
511
253
885
1025
355
832
956
503
723
701
646
749
639
1177
888
467
1127
1028
210
489
857
579
478
720
423
650
368
442
461
350
194
304
1038
1269
1185
900
915
717
490
378
302
264
511
676
457
1081
1005
720
921
374
718
350
236
1040
295
725
634
986
1041
616
297
1135
855
144
238
705
270
1187
802
1101
231
783
544
344
619
381
1133
344
574
468
258
1171
941
970
714
222
878
646
604
167
630
463
703
402
730
693
599
358
858
327
996
357
700
1259
801
1065
85
963
788
844
371
399
998
756
1046
1153
880
1109
898
343
936
814
925
1166
694
1119
377
963
759
884
246
919
584
1000
690
443
197
660
954
846
928
1118
781
649
989
790
769
573
1100
921
985
852
987
747
1184
425
1120
416
182
1246
444
569
927
1249
213
813
318
625
451
756
1149
784
1089
132
463
800
516
829
476
372
996
480
568
1082
459
983
698
776
728
637
505
210
819
587
775
682
401
100
624
243
387
663
431
558
235
1109
1319
249
148
740
1197
435
1001
954
235
202
1089
1035
622
324
797
922
615
1261

22
300
17
12
16
12
7
18
19
19
10
19
16
7
15
14
14
11
7
14
18
9
14
8
19
5
5
6
11
5
13
13
13
17
7
10
13
14
14
14
12
7
19
5
7
5
6
7
17
15
6
11
5
7
9
6
8
9
7
17
15
15
9
9
17
17
16
8
9
19
16
7
18
6
9
15
14
12
15
16
10
12
12
8
18
8
15
14
7
16
8
10
10
14
9
7
10
16
12
14
9
17
16
16
19
20
12
7
14
10
6
10
15
10
16
6
12
20
13
14
10
15
9
19
20
6
15
8
8
6
9
8
19
18
6
20
7
13
14
14
17
13
17
8
7
14
8
7
19
7
9
12
9
10
10
16
13
16
6
5
6
18
5
11
9
16
17
17
16
7
14
7
11
9
13
6
19
7
11
8
17
11
15
17
6
10
12
15
7
9
12
12
12
5
16
14
9
11
15
14
18
17
14
15
14
17
17
6
18
14
16
9
16
18
7
16
15
6
17
16
10
14
15
18
14
17
9
5
11
17
15
8
9
9
16
7
6
13
10
16
15
8
17
18
19
12
14
16
17
13
12
17
16
15
16
19
13
11
17
19
11
8
14
17
16
19
8
10
15
7
16
20
15
18
5
17
14
14
13
17
20
13
15
13
12
15
10
18
7
12
10
11
7
18
15
6
12
17
6
19
13
11
0
827
144
210
160
7
469
403
598
743
145
542
350
509
531
743
10
760
149
54
413
863
410
839
321
496
860
779
482
644
521
150
110
286
6
266
263
363
461
237
166
8
535
577
26
342
501
287
113
821
735
611
325
650
863
227
280
492
799
670
419
216
640
213
421
27
640
609
89
722
107
242
881
165
159
906
164
359
808
812
626
783
91
115
832
746
639
897
504
419
642
830
540
922
696
710
567
577
703
840
135
771
588
842
780
814
450
264
127
835
862
591
437
485
793
399
401
383
409
139
31
591
610
825
515
253
54
45
908
158
161
359
572
220
200
853
841
187
421
912
825
208
918
23
444
266
201
292
912
688
755
166
847
886
373
18
626
393
791
615
84
287
293
224
322
679
880
291
322
739
396
246
49
677
210
704
758
23
715
284
191
20
308
658
418
743
911
364
836
757
233
414
609
178
893
358
781
54
749
364
493
760
146
119
864
738
686
760
703
151
452
665
409
496
409
622
86
98
785
817
786
787
282
499
483
475
265
480
228
11
638
678
904
898
753
314
420
781
471
446
683
608
705
583
615
532
447
262
408
316
800
126
729
890
888
323
647
448
827
106
352
379
358
169
320
435
881
413
209
295
406
278
313
914
350
851
474
439
654
44
219
456
276
568
599
567
47
533
324
799
708
410
656
85
564
832
447
77
503
725
205
1103
282
263
281
85
689
506
712
985
258
827
511
553
854
947
19
887
299
132
725
1214
543
1044
455
855
1228
888
630
695
896
335
192
492
354
291
482
656
792
616
530
142
624
745
396
413
721
625
163
1044
938
786
533
837
995
320
318
838
1170
703
480
354
667
364
768
152
932
799
149
1034
251
414
909
234
379
1092
256
504
1164
988
963
1150
164
458
914
1095
668
956
643
744
661
912
588
993
1041
792
871
833
875
883
236
1152
757
1070
1137
989
512
445
305
1116
1202
901
759
520
1059
550
612
409
458
373
132
910
813
1183
798
431
130
185
1206
218
315
686
670
380
533
911
1027
482
711
1043
944
574
1179
150
516
473
413
639
1121
810
949
479
1047
1188
606
363
852
629
1126
688
236
454
627
603
600
949
1262
553
427
960
426
340
186
767
252
737
1066
401
1085
653
316
271
564
943
636
1046
1091
680
1029
995
398
626
938
250
978
379
897
103
903
601
693
948
412
382
1062
833
752
777
798
207
527
742
443
698
596
662
264
443
853
1157
925
1138
512
659
849
501
466
793
540
153
672
1044
964
907
801
463
703
887
635
757
922
873
821
764
735
888
509
420
742
407
1048
300
823
1093
1132
415
759
783
1153
249
467
671
573
446
569
750
1180
559
312
319
719
651
611
1057
460
891
673
603
786
399
318
787
558
640
740
937
111
700
667
920
778
463
986
102
809
1025
559
298
867
1106

23
300
10
18
15
15
9
19
6
13
12
5
6
16
13
5
8
5
7
10
8
7
15
8
10
15
17
13
14
16
18
18
18
17
11
14
16
6
8
9
13
14
5
10
18
16
13
18
17
8
7
8
9
9
7
10
7
19
15
8
7
17
20
12
15
16
8
14
7
18
10
8
9
10
9
14
14
13
12
14
5
9
6
17
7
13
10
15
9
7
5
10
9
15
16
7
10
18
11
17
12
15
9
13
6
7
10
9
12
13
11
13
11
6
17
15
6
12
6
20
10
18
14
18
13
6
19
14
19
15
5
14
14
19
19
9
11
14
14
16
9
20
19
19
9
13
9
6
16
9
18
9
16
16
11
10
17
15
7
15
7
18
7
20
20
16
8
9
15
14
15
14
5
17
12
6
19
7
16
16
8
6
16
11
19
19
13
14
10
17
11
7
17
12
20
11
10
6
13
12
10
12
6
6
8
16
18
10
15
12
12
18
19
14
11
11
8
15
7
9
18
15
14
20
13
16
19
19
18
15
19
19
13
13
15
6
17
11
18
7
13
13
6
10
18
12
11
10
17
15
15
10
13
8
6
5
20
9
15
7
8
19
7
16
12
14
12
17
6
7
15
17
13
11
5
11
8
8
15
7
17
17
16
11
16
5
6
8
13
17
17
20
8
10
15
18
9
16
14
8
15
19
0
180
799
597
577
183
887
606
819
48
916
270
200
888
538
487
650
247
385
500
557
195
222
304
684
392
339
762
206
326
520
776
683
76
687
587
905
532
335
328
435
799
864
120
361
241
486
122
470
92
689
328
910
920
910
371
95
188
414
66
642
147
762
19
214
526
888
238
455
223
501
731
661
133
112
167
56
613
367
296
456
601
154
127
604
279
833
567
33
327
213
738
10
589
388
167
792
509
38
147
461
436
871
804
116
558
679
171
239
312
836
206
459
597
692
914
540
455
190
531
878
828
838
632
322
497
300
604
772
549
528
824
560
634
492
839
11
537
890
735
260
584
250
356
126
440
517
828
20
55
602
282
17
461
630
310
130
724
35
166
161
846
122
828
649
427
770
579
421
77
30
516
665
27
255
701
760
173
668
715
467
621
464
216
214
468
749
243
111
407
554
853
629
352
339
494
887
502
811
144
289
724
205
873
398
178
197
641
672
448
349
398
777
120
526
177
309
840
525
817
271
689
519
396
849
491
863
70
765
757
216
34
213
913
758
286
528
856
848
884
758
668
655
547
104
387
171
388
800
318
244
470
878
68
20
623
218
505
477
647
35
308
13
192
588
621
130
871
523
166
682
657
781
846
850
814
658
608
208
517
119
113
225
344
601
908
569
17
726
247
786
436
572
277
789
13
677
436
516
5
55
230
1025
809
706
471
983
923
934
100
952
530
300
968
871
716
749
311
573
600
745
275
484
460
1017
432
688
857
410
594
703
1016
783
432
1016
743
1126
724
706
661
722
911
1139
203
395
333
713
221
806
263
822
542
1285
1109
1214
509
228
263
745
441
931
240
863
300
291
581
1083
522
718
302
650
866
807
405
317
548
162
771
650
394
822
939
300
329
924
644
851
606
366
444
588
1063
377
861
533
275
994
618
67
257
660
622
1181
999
351
617
894
314
349
581
1177
377
547
829
831
970
642
490
276
692
1144
930
1223
933
525
663
439
990
800
590
721
927
848
869
743
1046
119
742
1013
1105
398
860
439
596
333
790
744
1130
150
399
700
603
76
838
724
408
318
819
274
438
520
1048
276
930
934
647
882
758
574
417
353
848
830
269
297
859
867
326
981
840
778
744
848
574
576
745
919
599
425
677
872
1207
859
568
631
605
1195
869
855
247
408
902
502
1094
539
343
281
803
1008
668
538
760
912
383
694
221
349
1106
550
849
341
748
701
497
1088
687
989
383
1104
788
449
344
479
1158
846
651
784
1082
1025
924
849
769
805
652
230
443
390
646
1128
473
577
562
1240
181
102
648
602
746
520
892
311
593
119
536
744
992
415
1008
794
317
865
967
942
1012
1201
931
1003
760
345
856
414
279
378
519
781
1215
799
294
745
467
1109
794
938
518
1020
103
926
472
765
192

24
300
14
14
18
18
17
8
6
13
5
18
17
18
15
13
12
7
16
18
11
12
7
18
16
11
18
18
8
10
18
18
13
11
9
17
11
13
7
16
10
16
11
15
6
15
14
15
15
7
12
9
9
11
9
13
13
7
14
13
14
17
18
10
16
14
12
8
16
17
8
14
15
8
15
11
8
9
6
19
5
14
10
13
19
15
10
11
12
12
5
19
11
19
14
14
20
7
13
14
14
15
11
9
14
13
19
13
10
13
15
13
19
8
15
17
7
8
18
16
11
9
18
12
9
7
12
5
14
9
17
12
18
8
6
12
9
18
11
6
14
8
10
17
14
19
14
20
16
17
11
16
13
18
14
19
19
14
5
6
11
16
10
20
8
6
7
7
7
14
18
16
9
19
11
11
14
9
6
12
13
9
19
20
18
19
11
17
6
12
7
10
17
15
18
19
14
6
14
9
11
15
19
17
12
10
9
20
5
7
17
12
11
11
14
5
16
12
10
8
11
15
19
14
14
14
6
17
17
17
17
7
16
9
7
9
13
18
17
11
13
15
8
15
7
14
20
15
6
6
8
6
15
9
18
17
10
13
10
15
17
17
12
19
10
7
13
18
15
19
6
15
11
13
15
14
17
12
17
17
9
12
15
18
16
6
16
7
19
18
15
10
12
14
11
10
18
11
9
17
9
17
0
391
956
286
836
171
255
210
392
98
503
363
59
939
687
422
784
404
713
831
255
182
185
813
430
808
909
616
445
903
143
670
702
448
654
463
101
533
492
415
657
229
114
875
508
340
369
566
144
251
61
170
943
510
344
826
615
250
552
378
274
169
444
250
771
160
211
725
124
408
692
425
501
792
930
867
935
692
332
102
624
781
645
406
551
205
541
542
326
403
205
439
157
274
36
386
29
687
248
416
217
172
921
282
36
724
597
899
869
756
681
886
749
879
266
661
31
504
193
17
594
339
961
650
784
355
783
543
329
567
570
360
83
960
913
60
248
199
765
113
231
45
223
950
882
666
736
567
727
505
316
304
433
367
208
408
345
304
366
212
542
538
170
925
779
801
73
825
107
624
345
92
298
753
328
285
328
531
157
267
521
63
630
556
694
102
307
589
311
762
951
844
411
644
121
104
864
407
363
782
419
785
325
39
809
45
106
838
233
173
641
417
575
745
522
921
211
394
876
652
618
235
519
65
556
236
680
254
252
276
525
94
934
705
881
632
934
658
262
732
688
525
594
260
517
55
14
614
616
437
718
567
631
871
574
350
538
866
328
390
211
699
896
882
351
676
411
172
232
297
207
46
729
863
499
510
367
105
723
807
564
658
717
819
105
754
361
348
796
499
588
38
475
791
518
479
169
299
355
360
246
530
1353
631
959
473
271
410
610
462
551
690
291
1269
1076
618
860
680
1012
1109
546
305
298
904
529
992
928
666
795
1084
306
889
870
818
774
595
140
918
873
796
1011
314
120
1203
903
696
645
602
293
315
165
186
1168
761
418
1019
980
343
846
407
597
252
576
459
950
186
407
976
480
643
819
530
757
992
998
944
1011
769
425
387
894
1008
686
430
741
327
699
927
536
641
447
691
264
303
80
638
362
878
475
797
364
561
990
396
212
792
933
1003
1026
844
764
1277
949
912
281
841
255
633
250
140
776
630
1080
726
945
621
1102
867
414
843
668
590
463
1299
1230
226
369
296
792
261
504
396
312
1011
1110
886
997
596
1026
881
614
565
578
640
253
478
473
349
673
411
729
569
470
1223
860
847
350
1049
401
888
483
481
372
879
405
578
364
808
192
496
925
386
940
834
875
174
656
957
327
996
1131
1076
452
886
207
416
1017
785
545
878
656
814
343
228
1110
413
144
882
497
195
688
767
621
1024
866
1181
334
683
1023
1036
793
508
664
298
860
333
749
280
548
637
841
245
980
1036
898
781
1073
813
324
1109
789
847
684
584
809
395
346
739
959
730
1008
860
752
968
688
558
855
1100
691
717
394
1013
1143
1100
364
801
774
224
468
578
452
270
852
892
725
611
567
356
1013
1187
791
793
1073
1121
244
878
422
723
1096
543
763
259
709
1016
544
800
311
456
722
465

25
300
9
7
5
16
14
14
18
6
19
16
15
11
7
10
11
14
8
10
19
19
14
20
10
15
7
15
8
16
14
18
20
10
18
7
19
18
10
5
14
9
11
7
18
5
17
11
14
17
11
6
19
6
18
9
18
14
18
15
14
11
16
11
15
20
19
15
9
16
7
16
18
17
10
7
19
15
6
6
8
20
10
10
12
13
8
15
19
18
16
12
14
13
19
8
6
17
17
16
18
18
7
19
10
14
19
9
10
16
7
14
18
17
11
12
6
20
5
17
8
20
9
9
6
10
6
13
8
12
17
16
18
7
14
13
13
17
10
10
19
9
8
18
16
18
17
20
11
14
18
20
16
12
7
14
16
11
6
9
12
14
6
11
12
5
12
9
12
12
13
12
15
15
8
17
15
20
15
15
11
8
17
10
14
20
18
7
15
5
13
20
7
20
16
13
8
13
20
14
17
15
12
6
13
19
10
19
7
17
6
13
19
19
9
16
9
6
17
18
19
20
12
9
19
10
18
12
14
8
17
19
20
13
7
17
17
14
9
15
11
6
5
6
9
15
6
18
18
11
9
9
20
14
6
11
12
12
9
16
10
6
19
8
20
8
8
14
18
17
20
6
8
14
10
18
14
16
14
8
11
15
12
16
7
16
7
10
17
7
18
5
10
16
18
11
13
18
10
16
9
7
0
887
140
973
286
757
856
436
8
371
56
260
528
610
277
162
678
823
845
792
169
291
423
612
333
486
66
940
784
143
634
712
650
914
533
944
894
55
271
421
810
569
362
667
765
656
13
738
407
687
654
874
503
241
349
418
532
84
643
260
231
102
208
115
110
300
761
861
382
728
559
315
148
645
955
459
161
563
357
857
316
667
91
187
36
236
396
80
518
306
360
95
441
588
464
426
640
659
115
183
615
336
525
51
410
488
460
107
472
180
64
612
367
145
285
455
653
709
477
94
20
267
170
746
750
916
777
842
29
112
587
954
573
239
222
688
610
384
213
720
560
235
104
249
68
842
204
148
373
56
783
136
254
450
814
236
525
312
796
712
474
90
69
16
238
735
949
517
277
40
360
150
295
396
752
165
416
11
553
321
168
474
804
32
35
760
873
143
134
827
444
508
799
477
129
689
595
82
387
902
432
532
836
785
548
236
606
910
6
165
846
722
65
178
302
736
643
525
663
741
952
532
893
856
343
577
178
123
715
342
381
438
664
413
390
782
275
212
489
266
868
319
388
763
122
209
289
433
952
440
284
20
490
323
666
588
910
90
385
967
671
563
135
792
109
575
477
886
408
688
521
59
685
857
216
497
428
543
103
378
357
624
600
502
182
33
507
633
927
84
708
674
566
679
94
863
364
361
393
531
383
1280
193
1117
530
1015
946
687
78
425
202
285
820
866
413
369
893
984
1048
861
307
341
789
728
554
712
77
1227
1047
354
731
1027
1031
1023
926
1068
996
364
642
627
959
818
719
1057
982
808
360
1092
449
706
1012
1001
709
632
554
584
847
433
1005
436
487
152
502
276
279
553
774
969
720
1113
899
395
273
974
1314
478
433
635
539
950
479
880
228
440
208
293
696
266
698
431
398
266
670
881
694
703
813
690
336
481
691
415
576
173
495
620
777
129
767
505
125
892
407
274
569
720
908
798
765
266
324
431
213
810
824
1061
854
1145
82
303
615
1110
778
572
518
777
707
625
366
759
847
411
367
347
378
1148
301
195
464
208
930
510
275
713
1164
353
851
427
1082
842
717
357
211
36
483
1050
1132
870
576
82
586
330
371
626
999
304
465
60
678
669
429
526
903
196
266
916
1083
387
267
964
499
793
863
639
347
959
940
206
708
1305
450
571
1112
975
642
329
747
990
313
384
1123
759
100
362
618
1008
901
894
859
810
1351
770
981
1220
691
687
199
277
760
733
428
781
828
759
528
1055
462
501
509
512
1081
380
533
1093
181
483
405
640
1197
595
469
396
796
611
831
854
927
414
560
1154
964
906
309
953
224
781
612
1215
453
1032
740
138
743
1228
482
717
443
762
347
437
718
986
765
634
214
295
555
732
1300
261
989
834
844
866
357
976
386
402
705
810

26
300
16
18
14
20
10
16
7
16
10
9
14
12
19
12
15
15
17
17
10
15
17
13
6
15
11
14
12
15
7
13
7
11
15
9
15
18
20
11
15
6
12
10
17
7
7
19
17
14
13
19
5
13
6
10
20
8
19
13
10
14
20
15
7
20
14
7
6
8
18
14
11
10
5
17
13
11
19
7
13
19
9
9
16
7
6
6
9
16
17
5
11
15
7
10
15
18
18
17
16
9
20
19
16
14
10
19
19
8
19
17
7
11
12
11
5
12
8
15
20
11
5
6
16
20
6
6
5
12
8
6
14
16
7
19
10
19
9
15
17
6
15
13
18
8
9
10
5
7
17
7
12
12
8
7
6
14
11
14
16
12
6
8
8
6
10
6
9
16
7
6
19
8
16
18
12
13
9
13
16
11
12
11
10
9
11
8
6
19
15
9
15
14
9
17
19
11
12
14
17
10
18
17
16
13
14
8
18
15
15
16
20
7
14
8
13
9
11
13
19
10
14
13
18
18
8
19
19
11
15
17
10
11
17
17
12
14
6
19
11
9
6
9
9
19
16
9
8
9
9
17
18
13
15
15
16
10
17
19
9
13
17
17
18
16
19
14
6
13
16
8
12
19
15
15
19
6
11
7
17
7
16
8
18
7
16
18
19
9
13
16
13
17
7
14
12
9
16
18
12
9
0
245
251
923
442
256
89
115
395
262
320
111
690
40
171
425
259
383
225
410
137
444
529
282
18
586
233
432
919
207
919
115
209
420
107
888
891
89
869
698
466
838
273
150
293
2
655
191
771
446
722
390
440
75
34
816
447
415
506
528
162
874
412
438
597
21
689
706
448
901
5
428
487
849
276
230
162
856
57
332
219
665
347
378
927
423
231
267
203
709
230
674
233
866
313
583
269
754
920
41
354
153
600
695
321
939
535
915
744
545
28
880
643
862
832
173
540
151
610
398
891
702
44
144
703
756
93
481
626
553
584
728
99
565
435
783
457
829
220
184
734
370
708
711
906
883
16
791
268
330
98
865
932
606
499
377
340
670
556
802
844
232
329
114
273
608
533
717
107
272
311
85
877
236
718
391
493
609
401
666
299
634
860
161
327
664
152
229
915
292
43
109
720
635
711
568
661
208
400
314
55
2
749
84
165
552
17
280
466
897
600
397
18
292
695
378
647
196
328
724
543
758
133
559
675
735
297
923
249
750
878
135
761
780
435
863
590
331
854
530
605
736
85
854
862
940
639
545
286
457
356
301
340
860
888
298
804
483
417
280
70
316
346
531
456
547
82
520
492
43
156
133
369
93
140
319
611
915
213
434
166
826
431
521
621
842
858
116
876
815
411
858
358
350
419
696
846
124
314
272
118
527
642
1233
767
618
120
209
423
274
443
347
1059
338
448
582
634
602
586
662
286
773
726
453
246
958
343
673
1109
365
1212
387
393
755
488
1261
1176
193
886
805
518
1017
357
270
613
227
711
585
1115
528
834
486
521
265
346
1098
546
670
642
870
320
986
732
684
901
262
721
1069
615
974
31
649
853
909
517
502
491
1121
303
695
317
917
618
414
1005
757
336
286
225
927
460
700
354
1147
676
650
325
994
1203
364
742
452
671
859
661
1106
814
1166
949
805
53
1218
1032
1001
907
244
818
206
967
688
1218
843
180
305
980
1044
217
760
821
911
851
920
155
626
522
947
583
914
600
503
785
735
779
1064
1011
959
148
872
587
465
302
1120
1220
688
614
751
607
821
648
1192
898
358
399
299
377
778
544
884
448
633
461
355
1096
284
933
546
611
849
426
947
362
922
1193
454
667
971
393
475
1280
538
315
494
862
1014
1038
676
802
557
510
556
201
251
839
273
319
812
330
626
677
1134
837
405
64
482
926
525
874
346
674
1091
875
1005
431
919
936
980
555
939
296
1025
1088
322
1005
1067
542
938
907
455
987
648
808
988
361
931
1124
1261
733
580
425
734
738
457
535
1045
1014
418
1099
698
441
564
397
359
498
805
754
664
341
750
794
261
367
454
397
416
365
335
806
929
333
720
500
857
551
562
837
961
933
491
1026
1028
759
916
565
490
486
806
1233
467
326
383

27
300
16
7
15
18
19
15
14
9
19
10
6
13
18
10
13
6
10
9
5
5
13
19
11
16
18
17
8
13
16
13
8
14
18
16
18
8
10
10
19
9
19
8
19
17
11
17
20
20
20
14
13
17
10
15
8
19
7
16
17
20
12
5
15
16
6
7
9
17
11
11
16
10
7
17
19
10
13
11
7
12
6
14
9
5
7
6
11
16
9
14
5
13
19
10
8
13
17
19
18
20
11
5
17
10
17
15
10
7
13
14
20
16
19
11
14
13
9
6
11
6
19
17
19
10
6
9
19
16
8
6
12
10
5
19
10
6
19
8
19
12
18
9
19
19
14
12
19
15
11
7
6
13
10
15
12
16
16
6
12
17
7
9
19
16
18
11
19
7
6
17
17
17
6
20
16
18
14
5
11
17
10
10
15
15
12
17
12
12
7
10
16
6
6
12
20
10
15
7
12
18
13
19
14
6
19
15
14
9
11
12
9
17
17
6
19
15
19
13
16
12
15
12
9
11
6
12
7
12
14
11
11
9
7
8
7
10
11
19
7
13
17
8
14
15
6
13
19
12
18
14
19
5
16
10
18
17
20
8
5
18
14
6
12
11
14
6
5
5
12
17
11
19
12
14
10
17
8
8
7
19
8
11
13
15
20
7
14
17
8
14
20
13
7
11
19
17
20
7
16
17
0
295
914
770
320
611
176
288
799
622
185
359
569
526
552
114
240
212
772
230
760
755
643
365
761
588
409
282
904
234
42
676
597
350
466
118
583
270
403
332
589
904
215
37
752
76
727
29
797
387
750
710
896
527
383
419
105
584
447
586
123
889
359
293
713
133
80
580
283
906
797
133
341
736
427
767
621
629
570
539
775
598
943
532
180
830
787
288
316
872
466
278
322
212
787
727
653
297
905
858
697
833
929
259
501
926
546
749
90
774
736
874
809
139
845
499
262
770
11
14
545
426
922
137
358
924
85
212
231
685
779
36
31
897
402
232
831
520
805
479
772
682
952
177
845
360
457
846
675
75
58
509
208
277
870
376
784
645
862
708
481
340
912
455
102
666
756
440
404
625
33
840
254
195
25
366
145
856
287
287
744
57
98
684
900
651
824
640
39
483
26
270
800
359
156
65
604
331
700
227
474
586
433
241
687
733
605
403
146
411
395
787
538
744
286
315
667
13
854
10
167
266
246
680
850
80
735
73
74
712
879
757
650
853
893
342
195
530
602
117
646
826
397
880
875
881
804
44
686
798
579
816
144
447
400
768
565
899
606
162
654
389
59
241
815
116
810
325
510
351
819
203
758
230
411
445
451
795
912
423
495
814
129
49
643
197
352
227
144
546
145
402
460
479
858
617
160
76
91
717
133
555
1000
911
665
914
234
576
1066
825
532
374
928
889
619
446
338
327
1156
464
795
1059
746
500
884
932
493
643
943
518
89
899
960
580
684
506
781
571
674
496
854
1141
595
101
1115
121
1063
401
852
450
843
873
941
695
528
716
362
964
757
948
231
934
693
345
902
457
395
855
530
1212
1113
364
516
914
608
814
1001
819
928
675
897
940
1324
913
301
1073
986
673
704
1242
637
423
623
421
1096
800
1043
659
1299
1151
872
1010
1229
553
822
1301
817
804
352
957
1014
1094
1097
236
961
783
278
1025
81
296
732
667
967
498
670
1072
479
579
284
1016
819
187
189
1154
531
545
947
827
863
614
1140
875
1309
359
1203
616
513
1156
1017
424
215
562
572
433
1096
460
802
727
1246
1090
643
513
968
779
230
777
1084
474
462
727
85
1125
625
303
374
496
269
925
494
414
1037
413
417
937
977
816
1157
879
118
778
368
375
854
382
218
111
669
532
742
344
697
681
482
317
803
934
805
725
173
628
629
911
868
902
483
405
939
181
1201
228
365
616
346
776
986
359
822
165
182
972
1079
952
803
976
1121
581
426
627
653
171
708
883
575
1154
1096
986
840
113
966
1134
839
935
267
705
524
1032
929
967
807
194
760
448
440
360
942
420
837
591
891
558
1086
474
868
618
487
584
731
979
1189
523
614
1121
198
85
770
290
614
527
317
851
234
555
845
709
1234
857
463
289
132
763

28
300
16
14
14
11
20
17
20
19
9
9
7
13
10
19
12
19
12
19
14
7
10
13
11
18
15
16
11
16
19
7
8
10
13
5
18
14
14
18
6
8
14
19
15
14
11
16
15
18
5
10
17
17
17
7
10
8
15
12
16
12
19
17
19
18
9
9
5
6
7
10
15
15
9
20
19
12
19
7
19
17
13
6
13
8
18
20
10
18
17
19
7
19
12
11
6
7
20
7
6
17
12
15
6
16
6
6
9
11
6
20
9
13
18
19
16
8
8
19
14
8
6
10
7
16
7
12
8
9
9
11
14
12
10
10
12
18
8
6
13
8
17
12
20
18
20
18
13
19
10
16
12
14
15
6
16
16
10
7
20
13
17
9
15
19
6
10
9
9
7
17
6
5
19
16
8
9
10
6
20
7
15
15
9
9
9
14
14
11
7
10
8
20
14
17
20
14
19
7
18
7
12
13
17
11
18
11
9
11
14
17
11
18
8
15
11
9
14
15
19
13
13
12
13
14
19
12
15
7
17
7
13
14
10
11
7
12
20
18
10
15
15
12
16
13
18
11
8
17
19
8
11
8
7
17
17
9
12
16
11
17
14
10
17
14
19
19
20
11
10
19
16
11
16
15
11
20
10
6
7
15
14
7
9
6
11
6
18
17
19
9
12
7
17
8
6
5
17
16
18
7
0
838
409
781
847
352
171
430
522
948
608
715
773
303
573
158
158
708
737
505
881
575
879
571
33
669
29
742
675
743
435
781
789
168
525
916
207
299
873
368
828
102
659
423
886
52
954
445
785
73
958
653
179
769
647
53
920
440
748
481
341
9
62
343
76
665
258
516
468
608
882
251
26
645
443
745
672
71
739
921
833
255
528
227
136
255
649
659
644
923
952
740
565
849
579
556
877
617
191
950
642
648
409
644
501
451
821
299
680
874
540
957
509
874
826
132
198
938
212
807
347
847
857
151
891
74
272
86
715
18
577
739
609
58
777
699
235
62
405
611
407
371
155
434
407
383
21
343
678
194
732
386
604
649
349
256
771
526
456
28
381
574
379
353
160
668
577
82
476
772
354
361
220
577
494
704
556
861
750
864
843
464
877
755
458
558
903
707
527
517
675
70
97
901
152
291
913
738
471
884
942
784
540
175
398
899
696
746
412
338
522
771
828
624
425
902
304
591
786
228
394
549
623
406
474
364
118
124
561
715
313
911
783
10
503
711
169
54
52
54
780
476
355
129
678
779
261
327
925
557
813
450
512
434
146
785
593
39
170
410
542
361
104
396
499
75
415
735
588
868
880
547
938
804
938
952
349
343
464
957
617
53
510
157
935
252
198
501
886
791
832
781
288
663
954
81
17
470
117
7
298
1123
763
1118
1087
626
474
643
796
1324
734
900
1159
477
598
208
436
869
1120
640
993
746
1041
947
87
685
155
862
940
941
474
883
977
546
808
1300
476
343
1141
698
1018
337
732
732
902
363
1036
471
1005
246
1253
893
544
879
893
239
1007
798
955
805
411
79
257
467
314
860
346
715
748
957
1087
335
164
823
673
972
762
108
922
1247
979
397
910
285
352
521
676
720
925
1043
1041
788
820
948
607
931
1237
747
391
1195
880
953
615
951
853
463
913
677
816
907
903
1081
808
1035
952
281
269
1170
554
1053
595
952
953
535
1164
225
408
156
1090
346
880
1095
838
106
1080
1034
489
135
421
858
706
432
348
592
544
770
218
446
818
523
1077
690
985
764
553
615
886
886
633
339
529
826
514
601
297
722
915
348
846
1157
722
655
250
834
675
1077
779
1213
951
923
1211
485
1104
889
659
609
950
1041
817
550
702
378
301
1170
439
464
1314
1044
540
1124
997
1079
633
217
527
1133
715
1138
765
449
668
830
914
840
473
971
326
867
909
355
734
839
899
438
786
410
351
363
587
1051
537
1304
924
74
550
1053
568
387
420
252
1023
613
509
390
1038
979
364
389
1011
688
998
568
823
693
317
1048
760
212
470
790
683
712
402
483
804
128
490
1085
600
1255
1119
717
1299
1111
1295
1281
392
677
651
1011
832
280
595
302
1002
368
575
757
1130
943
931
1077
392
746
1329
327
165
790
504
195

29
300
14
11
6
18
19
12
13
7
10
10
18
6
13
9
8
14
18
20
15
20
11
5
7
18
11
18
8
16
6
16
10
12
13
9
6
18
15
14
19
17
12
11
8
18
14
14
11
15
12
16
16
18
16
15
16
15
6
18
19
5
15
15
9
9
18
14
19
13
6
14
6
12
18
10
19
14
19
18
17
15
14
12
16
10
14
19
13
6
14
16
13
19
5
15
18
17
6
7
17
6
20
8
18
8
9
8
6
9
17
17
14
9
13
17
6
14
16
15
6
13
6
5
18
6
15
5
10
13
6
9
10
13
7
13
13
16
17
18
11
19
10
11
6
16
18
6
16
17
16
5
7
19
17
19
12
19
7
10
8
10
8
11
18
9
8
17
12
10
5
19
10
14
11
19
17
16
15
13
13
8
11
13
15
18
11
11
14
7
20
14
19
17
8
14
10
10
15
14
6
17
18
17
17
12
20
17
11
14
10
7
15
5
6
17
16
11
8
10
7
10
12
17
9
20
7
16
13
7
6
17
5
11
15
15
14
15
18
20
16
7
15
15
7
13
8
19
13
19
15
9
13
8
19
14
9
11
15
12
16
18
17
14
7
19
8
11
7
10
17
12
16
15
19
14
15
6
8
7
11
16
17
13
5
12
12
13
17
8
13
7
18
19
5
10
11
17
15
19
9
16
0
422
604
519
99
760
282
486
914
148
45
4
319
899
282
416
691
203
753
96
15
282
41
537
650
920
771
897
832
596
573
737
24
239
158
414
743
262
794
594
532
283
472
923
875
835
423
281
788
128
529
571
940
556
118
150
429
700
915
941
544
27
779
917
526
666
954
814
615
805
80
600
272
608
579
136
151
753
656
711
508
119
417
739
770
556
153
553
655
296
63
945
819
275
615
770
561
111
321
371
159
339
696
764
552
110
762
533
280
260
483
562
637
941
283
286
687
828
674
401
800
570
667
514
203
180
915
911
448
737
659
768
329
82
181
56
859
568
728
353
64
312
153
283
69
388
261
10
456
384
78
899
368
374
649
363
633
896
386
662
538
772
798
957
669
684
671
959
710
789
453
867
733
336
668
953
611
6
755
859
359
551
394
44
810
391
119
396
715
122
402
938
249
277
795
39
271
302
247
823
614
451
184
612
187
148
898
440
256
290
519
88
222
160
559
302
729
255
421
667
526
752
211
400
954
183
21
147
661
368
624
508
146
102
439
201
680
915
463
122
869
687
497
866
386
356
263
928
677
468
285
422
650
305
766
264
210
369
36
683
31
779
424
546
836
200
84
391
170
353
695
87
505
550
945
748
739
754
903
848
277
482
635
15
265
534
894
452
408
625
748
239
925
864
940
177
400
151
175
173
18
596
927
575
170
813
481
622
1211
316
377
241
388
1156
586
794
715
503
835
338
77
548
214
729
915
1075
929
1005
1007
705
631
991
93
463
447
645
1053
454
1138
742
653
549
836
1062
1254
911
491
649
840
325
880
910
1300
595
313
232
759
831
1159
1047
802
297
1010
933
566
915
1045
1027
810
1084
155
887
619
755
624
486
322
847
904
1021
627
450
488
798
897
691
409
718
956
402
174
1127
1096
489
820
1080
852
436
603
650
336
629
1049
981
743
392
1083
844
382
588
578
758
954
1056
629
300
1066
1152
1049
540
864
614
1019
737
376
498
954
1091
735
1076
873
974
584
271
424
95
1136
725
950
454
145
691
291
387
263
623
579
278
662
727
376
1007
523
481
924
447
840
1087
722
964
582
1077
1120
1321
817
943
801
1222
921
938
616
1254
776
552
935
1084
857
66
886
1231
608
853
649
292
901
538
415
552
1061
252
655
1196
418
296
929
302
577
669
343
1180
885
501
312
831
491
258
932
516
297
488
800
246
238
385
740
333
764
504
748
685
629
784
378
450
1283
380
326
173
686
732
972
691
227
290
811
232
702
1255
779
296
995
1008
878
944
569
483
402
1092
1015
702
520
634
882
440
1009
393
227
542
252
738
238
820
462
645
1130
475
403
506
490
697
827
446
582
756
1326
789
1007
1111
1207
1062
660
571
773
39
548
803
1233
717
464
839
1075
432
1077
1185
1287
265
634
346
260
448

30
300
20
18
11
12
7
12
8
15
12
9
12
13
11
17
10
9
14
13
5
15
18
19
14
11
5
11
15
13
11
17
7
10
13
7
7
9
8
6
7
20
16
7
11
16
14
9
11
16
9
9
10
20
13
6
15
20
17
6
20
15
12
9
12
6
12
6
17
13
18
19
18
18
9
6
18
13
14
14
10
12
15
8
9
12
19
18
12
17
5
19
18
19
13
15
17
8
17
18
6
14
8
8
11
17
5
17
11
12
5
13
14
8
17
10
13
20
9
15
12
6
7
5
13
6
19
9
13
17
12
15
18
6
16
10
10
17
18
15
18
8
18
20
12
11
17
18
8
17
12
7
15
16
14
8
10
18
14
18
17
15
15
11
9
16
15
10
8
16
16
6
11
15
18
10
6
20
15
17
15
7
19
11
5
12
19
10
7
9
18
11
15
8
12
6
17
10
13
12
10
20
16
9
12
19
6
12
9
17
14
18
11
12
13
20
7
11
13
7
20
10
14
13
16
10
20
13
8
19
14
12
17
14
17
13
14
7
7
12
14
7
15
5
11
11
15
18
13
13
20
9
7
11
9
6
14
17
11
12
12
17
13
12
10
10
5
18
18
15
10
6
12
5
8
18
16
15
11
10
10
12
18
9
9
19
19
11
13
19
19
13
19
7
13
6
14
14
11
10
13
20
0
433
219
176
144
233
25
824
169
103
155
605
257
762
593
260
383
939
174
624
777
763
315
125
515
422
122
46
407
172
769
91
708
659
358
591
817
141
5
541
40
878
481
194
876
350
608
266
577
508
553
755
45
244
274
950
590
481
62
783
467
393
110
341
753
837
331
531
124
158
210
783
451
358
870
584
878
236
576
722
405
126
118
571
913
573
741
618
178
536
595
851
157
288
924
404
80
336
366
504
583
578
944
872
814
539
338
209
439
129
661
422
867
843
717
478
500
156
72
491
197
931
929
7
444
54
952
637
715
934
124
810
579
776
521
400
695
111
189
151
362
717
936
332
255
406
777
671
360
284
342
292
760
611
660
655
62
871
698
711
71
156
607
590
74
153
18
175
756
177
211
330
168
816
435
734
815
877
65
187
766
374
681
13
225
929
721
234
272
142
579
567
471
792
344
679
605
46
424
324
858
440
580
460
5
222
7
274
185
63
636
710
712
826
131
866
907
892
528
732
107
57
923
412
578
427
159
754
526
867
737
287
60
158
906
46
644
666
410
722
911
84
176
859
770
165
498
522
512
9
836
122
175
933
65
722
157
5
308
283
722
206
815
727
423
46
233
287
627
99
409
305
928
712
560
949
231
753
645
729
698
200
884
927
756
263
56
335
72
26
483
427
796
440
428
669
349
373
849
272
48
575
464
339
239
372
131
893
547
200
286
875
436
812
721
550
738
1082
181
743
949
999
633
231
530
499
219
201
536
192
1042
415
988
773
556
863
1158
401
386
650
260
902
509
469
1163
633
633
526
623
748
897
1106
200
334
552
1155
693
836
360
918
826
496
459
546
1137
1188
544
614
218
217
590
1161
531
669
1039
770
1187
523
785
989
671
334
335
874
1067
630
781
911
559
660
791
1003
535
676
967
704
476
423
744
572
843
787
1245
1169
1124
597
654
587
820
228
903
661
1077
1078
1035
826
848
497
179
615
403
1270
1251
232
616
298
1071
930
919
989
191
858
929
919
691
735
1060
356
433
327
713
1085
1135
346
353
547
908
820
624
546
710
449
1039
762
689
816
206
926
1076
856
430
441
657
956
320
361
153
294
1043
549
228
503
232
1202
759
835
834
998
350
457
983
482
770
336
254
1111
873
401
306
491
944
708
582
832
727
946
915
254
557
664
895
782
674
741
226
304
275
421
500
90
821
967
902
1170
384
1006
1184
1212
892
983
470
448
1105
521
707
559
413
1065
721
1010
985
347
246
201
1015
186
728
971
603
841
962
162
558
958
1035
273
562
691
735
109
1081
232
389
1298
137
878
304
215
326
630
1089
427
1136
920
444
193
281
591
705
310
445
598
985
890
796
1257
397
1035
660
848
729
390
1069
1252
1017
580
117
635
282
373
822
787
1012
522
818
705
615
552
1078
508

