1
40
18
15
9
16
16
16
19
14
5
13
11
13
8
15
11
19
15
14
14
12
7
9
6
17
17
15
6
8
12
19
5
20
7
19
18
14
10
10
7
10
0
25
3
39
69
14
63
91
63
94
9
106
113
46
82
41
34
32
15
97
62
71
54
98
1
71
42
81
68
94
116
23
27
71
102
114
80
40
29
23
66
43
59
87
110
79
120
119
112
151
43
147
134
99
143
73
89
83
37
155
93
89
109
157
68
123
54
123
108
147
144
57
38
119
150
172
95
89
65
50

2
40
13
7
14
18
15
19
8
7
16
18
7
19
6
20
19
8
16
19
15
19
17
6
15
17
18
16
5
6
9
14
19
9
10
19
20
17
11
5
12
9
0
34
95
33
87
93
59
7
79
82
125
66
97
53
73
41
107
39
66
59
93
1
28
75
134
73
109
43
40
134
2
25
116
14
63
9
113
34
121
74
49
91
158
54
147
119
120
46
126
136
152
115
146
83
120
56
169
88
123
120
116
31
89
123
174
93
164
74
52
168
60
63
146
45
121
40
174
63
157
127

3
40
17
11
12
13
11
9
12
8
11
19
11
20
16
13
15
18
15
7
12
17
14
11
11
5
19
7
15
11
11
11
20
6
10
6
9
17
7
10
18
9
0
56
55
97
110
60
85
48
1
85
58
101
90
75
21
32
117
89
45
67
13
43
81
81
43
39
39
122
44
67
24
92
86
19
113
63
111
47
111
23
20
104
82
131
140
115
114
97
17
133
117
161
132
127
68
77
162
110
59
93
50
98
102
90
98
90
72
169
95
91
88
106
141
49
128
91
133
69
136
64

4
40
9
14
6
10
8
12
11
18
15
19
9
6
18
9
12
19
14
11
6
7
18
17
6
12
10
17
13
14
12
6
12
8
6
5
17
14
19
19
15
15
0
38
40
28
47
92
53
88
37
47
73
31
118
74
48
48
41
4
94
34
67
15
59
114
13
2
58
94
74
17
47
87
34
18
89
24
36
73
10
43
23
55
82
62
99
109
74
134
96
94
126
50
163
86
90
101
99
44
143
62
123
56
112
153
64
55
107
141
115
41
87
114
40
51
124
60
69
130
36
105

5
40
12
13
19
14
15
12
8
15
9
8
11
14
9
7
13
19
15
13
8
10
14
12
7
13
14
16
10
19
18
12
8
13
10
9
18
12
12
18
18
10
0
107
2
58
8
65
78
98
6
2
121
42
126
14
74
89
27
34
30
81
114
6
51
89
117
90
11
120
41
124
25
123
112
40
35
104
122
90
108
5
60
132
32
96
52
102
133
113
33
19
168
92
159
52
98
158
64
48
51
130
160
63
102
131
141
127
22
163
83
159
43
164
135
83
79
136
145
142
129
45

6
40
15
14
16
8
19
6
20
8
6
14
19
8
7
10
15
15
17
19
9
16
19
19
11
10
9
16
19
6
8
6
20
17
12
17
15
6
17
8
7
8
0
48
117
7
48
85
6
95
116
93
73
118
26
121
110
85
18
117
103
65
98
126
70
10
81
93
9
110
68
66
77
71
78
86
42
85
87
31
24
91
54
108
144
52
102
95
47
128
147
147
110
130
34
136
160
105
36
141
150
112
119
193
91
45
137
153
45
146
117
73
124
116
118
141
93
113
122
50
50
145

7
40
17
7
18
12
16
10
12
10
15
19
8
6
11
20
13
15
10
14
11
14
17
10
10
15
9
11
19
14
14
10
6
9
6
19
18
11
19
13
12
9
0
110
6
104
40
88
87
88
13
113
126
18
37
100
88
62
117
97
81
95
103
24
78
32
46
29
84
111
62
11
109
98
127
120
20
4
34
29
33
27
33
133
25
117
71
119
133
110
50
163
179
31
69
122
115
93
146
161
122
133
132
76
109
94
101
83
128
140
117
54
119
118
143
150
51
49
57
65
50
63

8
40
19
8
9
6
17
12
18
7
19
17
14
9
7
7
14
7
18
11
20
7
16
18
16
11
6
19
18
16
6
6
19
16
10
16
12
14
8
19
18
7
0
126
113
29
118
53
37
1
5
5
13
28
129
101
7
106
117
81
73
97
105
59
70
28
108
16
22
120
88
88
49
27
34
126
31
85
8
51
96
31
63
139
138
55
160
89
90
20
47
72
29
57
168
134
52
127
148
99
102
141
142
95
129
75
164
72
76
174
115
105
85
51
59
147
52
120
25
86
140
38

9
40
9
14
6
20
18
10
8
12
5
15
9
13
19
8
16
12
10
12
18
5
16
19
7
16
15
12
14
18
15
16
13
9
8
13
7
11
10
18
13
12
0
79
38
103
100
36
123
88
90
99
98
3
74
87
61
70
25
95
11
24
107
83
8
18
40
55
124
50
7
95
9
12
111
23
16
104
61
88
69
91
52
117
82
141
134
55
169
109
134
157
116
40
109
133
101
124
67
152
67
78
130
150
54
69
88
80
168
76
36
129
49
22
142
36
63
157
104
156
108
152

10
40
19
18
12
16
16
16
7
13
18
19
20
15
12
17
16
12
18
5
14
12
14
12
13
7
8
12
17
7
16
20
12
8
11
8
19
18
10
9
6
12
0
105
61
32
14
64
13
66
84
82
7
55
22
44
42
7
110
129
76
130
93
54
6
22
28
104
97
22
112
115
21
23
121
43
117
59
81
39
109
88
67
140
105
85
53
90
28
102
111
140
52
122
79
62
62
24
175
140
138
194
114
110
29
46
72
146
122
81
146
171
78
66
141
77
155
107
106
75
131
153

11
40
14
16
19
19
14
16
6
15
9
12
16
16
7
11
9
9
17
17
17
14
9
6
8
18
15
17
14
12
12
8
7
19
14
9
8
8
17
9
19
9
0
84
12
100
2
5
44
18
90
58
53
104
65
16
71
107
63
105
3
14
52
63
121
2
51
34
99
8
103
13
7
100
121
89
48
3
5
95
15
101
20
115
80
158
29
40
93
73
136
91
78
128
102
63
129
134
97
157
69
70
108
111
137
49
113
65
158
22
128
70
56
124
136
104
65
50
66
120
53
117

12
40
15
12
11
15
17
9
9
14
16
11
14
11
9
8
10
11
8
14
10
5
15
8
9
6
17
6
19
11
16
6
8
19
9
10
20
19
7
19
10
8
0
46
17
81
9
117
19
105
52
88
8
67
59
55
86
92
78
83
67
34
97
69
42
117
45
42
66
40
102
8
59
62
84
4
115
34
99
64
53
110
49
74
50
126
59
148
56
143
110
143
34
96
102
96
139
109
111
134
80
44
157
105
67
155
91
62
95
82
123
53
94
87
116
49
174
87
123
121
94
126

13
40
17
14
7
14
10
15
7
15
15
9
5
6
8
6
16
11
13
17
12
9
18
8
18
17
19
14
11
8
15
5
13
8
13
15
12
12
10
13
8
8
0
106
45
101
5
115
23
77
102
3
104
78
82
80
43
40
5
31
61
102
53
51
6
77
62
18
8
86
66
9
87
3
22
65
72
35
23
49
17
107
62
154
98
158
45
153
51
135
137
47
150
130
100
128
70
57
62
86
102
147
106
73
26
114
105
73
37
110
115
17
122
13
46
94
100
80
33
105
71
126

14
40
10
15
7
20
9
19
11
20
17
15
5
15
5
11
16
19
18
8
6
10
5
5
7
12
18
12
7
17
18
6
19
16
15
11
12
9
15
18
14
19
0
10
125
117
108
58
27
58
112
72
107
101
94
80
113
67
36
85
116
57
16
52
74
78
71
14
32
9
62
46
83
69
67
61
121
106
114
46
17
30
25
52
141
176
141
88
80
98
149
95
132
129
101
141
159
126
92
141
153
71
57
95
114
95
91
41
82
35
119
61
107
113
88
92
165
115
164
99
59
98

15
40
13
13
16
12
7
7
17
15
6
7
19
12
8
8
18
16
14
13
20
10
16
13
14
9
5
12
14
12
17
5
9
17
7
13
16
17
8
13
12
16
0
4
24
81
19
58
47
86
24
5
107
88
70
24
11
71
78
45
73
76
123
50
46
89
108
66
79
24
13
60
119
45
123
2
59
30
112
48
119
31
47
18
65
111
74
65
105
129
46
33
146
105
94
60
33
96
123
92
93
88
182
78
83
133
155
83
135
46
52
68
170
63
171
15
98
64
153
71
171
80

16
40
12
8
8
14
8
13
14
13
18
12
11
8
15
11
7
11
6
8
18
7
11
19
7
7
15
8
10
6
14
7
9
12
13
12
16
16
6
18
15
20
0
89
56
29
70
101
92
41
84
98
115
96
61
34
66
3
21
60
65
47
8
73
53
58
1
43
97
81
5
58
36
107
63
115
12
77
24
99
80
58
40
133
106
67
80
139
107
94
115
123
167
129
110
70
74
19
27
82
110
64
25
131
61
83
42
77
129
104
19
103
75
128
96
167
38
118
45
140
119
87

17
40
7
8
16
10
15
6
6
17
14
6
18
8
15
11
11
8
20
19
14
17
6
19
13
9
8
13
19
6
5
11
14
16
19
18
12
6
10
16
20
10
0
71
98
76
22
49
45
3
70
36
106
21
121
58
34
52
66
43
72
100
118
105
47
1
28
53
43
26
74
46
14
74
103
12
115
61
35
119
102
114
52
101
146
120
68
68
87
54
91
86
135
52
169
94
70
103
122
104
90
157
146
143
87
54
53
114
83
80
97
62
67
104
162
32
175
91
53
165
130
126

18
40
10
10
7
9
12
17
16
13
11
6
19
20
18
6
11
8
9
13
15
10
19
15
8
14
5
6
18
14
14
15
11
11
13
18
9
11
5
13
19
15
0
68
37
22
25
78
122
105
19
0
65
40
71
15
51
106
90
49
27
99
111
69
78
7
7
23
116
22
82
116
54
114
27
75
62
56
85
41
117
6
37
88
64
59
63
130
147
142
63
54
110
91
90
43
97
150
121
65
80
139
173
98
108
36
29
39
135
77
119
136
97
125
69
126
74
114
129
64
179
56

19
40
17
20
15
15
11
9
8
19
12
6
6
18
12
18
12
16
14
7
17
18
11
17
18
15
16
10
19
12
17
16
11
7
16
16
19
13
8
15
10
20
0
7
17
124
88
108
22
52
87
91
44
43
46
2
124
61
127
85
43
125
56
80
135
85
11
59
111
120
54
55
127
59
33
94
64
12
127
108
29
18
41
63
78
166
132
155
58
78
123
113
94
91
90
29
159
108
141
93
103
189
105
140
153
148
76
121
152
180
83
89
181
105
75
161
134
74
154
157
63
86

20
40
19
6
9
18
7
9
8
8
7
6
13
14
10
18
14
5
6
16
12
6
11
6
10
7
19
6
5
13
15
15
7
13
19
12
8
11
16
11
19
14
0
69
23
3
54
75
5
101
36
80
41
22
103
89
38
95
53
101
106
72
4
12
71
84
111
106
34
47
29
32
92
13
92
60
63
45
34
42
39
102
26
112
41
43
77
86
28
114
76
106
89
59
134
131
94
144
71
130
152
110
17
27
108
125
170
151
58
102
64
72
129
34
113
81
74
68
82
65
60
139

21
40
7
12
6
13
13
10
19
10
10
10
8
8
19
9
14
14
5
13
12
7
18
17
16
20
13
14
20
15
20
20
8
6
15
18
12
15
9
8
14
17
0
29
23
50
128
74
99
56
128
35
31
57
63
117
2
116
29
4
80
40
115
66
8
34
63
80
39
2
21
72
34
99
14
124
123
26
61
25
31
66
55
86
67
93
184
115
144
89
161
55
82
97
104
143
59
160
39
24
116
50
149
110
28
60
112
127
93
64
48
119
78
106
36
144
168
59
75
57
48
104

22
40
18
14
16
17
17
19
6
9
19
12
19
8
15
19
14
6
14
11
8
6
15
18
15
20
19
6
11
12
10
12
17
13
11
19
14
6
18
11
17
6
0
81
118
10
28
105
22
23
99
73
49
55
66
110
1
111
9
39
17
69
122
104
36
47
60
68
104
96
115
47
32
93
101
64
87
47
43
72
130
76
24
140
172
79
58
157
42
60
164
131
100
75
133
171
62
149
47
72
70
91
183
143
82
98
115
101
120
108
174
106
88
156
163
110
135
81
99
92
177
102

23
40
15
19
17
17
9
19
19
19
15
20
18
11
7
8
6
18
6
10
14
8
16
19
10
18
17
9
11
14
13
16
9
12
14
13
8
10
14
18
15
7
0
15
88
85
2
131
19
119
34
125
34
77
9
106
128
29
49
121
49
36
89
95
113
36
22
67
28
3
127
10
70
86
59
52
85
118
2
127
94
92
65
34
115
122
40
166
58
155
90
166
97
116
16
134
187
51
77
134
76
88
131
123
168
63
58
76
77
40
151
74
109
136
100
110
133
154
46
190
153
107

24
40
19
7
10
13
19
6
19
16
12
16
14
6
18
13
5
20
19
8
10
7
10
20
13
16
18
17
8
11
19
9
5
16
20
17
7
15
13
14
15
15
0
131
89
107
27
112
27
50
47
76
11
92
126
122
84
92
4
67
128
58
81
47
86
112
72
73
102
18
34
126
132
25
126
7
126
18
106
6
50
51
24
140
121
146
81
146
74
70
81
97
37
99
178
157
111
131
61
110
153
65
132
71
130
166
100
98
126
55
73
138
169
77
176
56
177
44
134
52
100
68

25
40
9
18
9
8
7
15
9
17
18
16
10
5
15
18
5
15
13
8
10
11
14
11
16
6
15
18
15
19
17
12
10
5
12
12
14
18
14
14
7
13
0
18
76
93
8
59
2
24
65
77
64
50
15
122
46
101
56
88
102
23
48
22
36
124
78
50
105
44
66
98
55
27
10
25
60
3
91
80
33
36
9
65
122
130
38
86
27
54
131
129
120
67
79
163
65
143
101
97
132
64
81
47
76
136
98
79
120
88
94
148
75
71
70
47
76
62
153
98
62
86

26
40
19
7
6
14
17
16
12
7
20
18
5
8
9
17
18
14
12
20
8
10
12
11
10
12
11
15
19
17
18
8
17
8
15
20
11
17
14
7
17
6
0
94
111
110
83
98
16
91
101
20
97
76
52
3
27
5
34
58
101
41
0
115
42
63
112
98
103
89
15
82
89
22
3
14
76
72
42
122
125
113
70
117
131
172
120
116
68
132
150
61
145
111
95
50
58
35
57
128
139
97
43
126
84
90
123
140
127
114
53
123
112
43
63
47
135
117
95
150
185
139

27
40
19
18
15
10
17
7
17
7
6
8
20
13
7
11
7
18
8
13
5
7
17
11
11
15
11
12
13
6
16
14
6
11
10
10
15
18
9
9
16
16
0
57
53
17
52
36
22
51
55
21
98
58
33
20
28
88
91
85
59
68
77
51
105
21
76
91
71
82
77
80
58
8
81
95
110
80
110
69
37
92
45
107
80
33
111
46
40
103
66
46
126
112
72
57
81
153
104
134
94
84
125
78
159
64
112
134
131
125
124
100
85
40
118
143
166
107
147
113
62
154

28
40
9
7
12
19
6
16
11
9
15
6
13
7
9
12
9
9
16
20
7
8
16
20
19
16
16
19
17
11
12
9
18
16
13
5
11
15
7
10
10
19
0
1
72
69
7
32
121
7
12
78
120
11
18
80
104
81
11
46
79
55
117
4
48
89
35
38
47
25
87
70
67
63
88
103
82
12
114
96
74
39
10
32
87
118
34
62
145
31
65
107
177
28
60
97
152
100
55
103
128
79
134
46
78
125
80
90
106
71
113
99
126
118
107
131
96
60
139
155
113
66

29
40
9
7
19
17
19
20
18
12
15
20
10
10
8
10
7
7
12
5
20
7
9
7
20
18
11
15
20
12
17
12
19
7
20
8
7
20
12
11
17
6
0
82
5
122
116
52
13
103
61
42
31
26
34
62
53
11
81
4
0
18
29
11
106
18
113
52
74
49
95
102
49
62
73
76
109
27
118
28
13
56
51
95
56
185
139
75
81
166
115
65
62
43
64
79
89
64
121
10
68
58
45
56
151
72
170
101
106
105
132
157
70
75
105
131
133
86
173
74
31
80

30
40
14
15
15
18
15
11
15
15
6
11
20
9
12
17
14
20
16
5
19
18
13
19
6
16
12
16
12
16
17
14
8
13
9
6
12
12
16
18
12
15
0
11
15
26
122
26
124
9
84
71
122
90
88
90
113
106
110
131
87
12
19
79
68
77
111
48
53
53
60
67
6
98
123
99
98
10
50
114
83
79
50
36
56
92
173
51
149
25
134
118
184
100
123
147
164
152
130
147
158
83
56
100
123
122
132
112
112
121
124
89
64
126
132
128
112
28
112
132
115
106

