

1
60
18
11
8
14
19
17
18
18
8
15
8
13
13
18
18
7
5
8
20
14
17
7
9
17
13
17
11
10
9
6
18
6
5
18
14
19
20
18
5
19
7
16
9
12
9
6
12
13
9
5
17
14
12
10
16
17
14
11
6
17
0
189
37
133
181
33
28
6
56
48
35
55
150
175
3
109
166
5
1
84
81
164
12
70
179
134
109
9
45
162
177
183
81
149
128
11
96
114
149
184
44
79
34
139
136
156
168
62
66
27
184
189
91
100
145
143
106
135
74
180
21
229
50
170
262
54
78
57
100
85
43
70
177
218
52
179
204
83
46
155
133
185
56
155
237
199
131
25
83
170
227
243
136
183
155
55
152
172
193
268
53
97
94
214
185
176
228
124
82
39
202
213
156
112
172
193
132
173
150
233

2
60
9
12
12
7
19
6
8
10
17
8
8
19
16
11
10
6
13
12
16
16
8
20
9
17
11
18
18
12
19
15
12
7
17
7
13
14
6
13
18
14
7
11
17
15
13
17
7
11
10
17
16
8
16
20
6
19
18
5
12
10
0
5
58
138
53
151
74
144
180
145
161
78
95
137
133
180
146
148
51
189
109
1
55
168
134
7
66
6
15
52
54
40
166
14
153
83
22
125
169
71
107
5
31
153
72
124
170
53
69
56
150
65
63
111
42
99
71
157
6
86
47
69
117
167
117
160
117
222
267
218
212
160
141
172
169
236
208
234
78
254
127
39
68
212
180
95
95
30
103
89
127
67
233
29
191
108
59
161
216
93
115
72
98
225
153
181
180
85
136
123
232
80
103
147
88
182
148
226
90
133

3
60
14
20
8
6
5
12
19
11
17
15
11
15
16
13
15
18
6
19
16
13
7
13
16
16
15
8
12
9
7
6
17
10
6
18
15
7
5
12
9
16
18
10
9
19
11
12
10
7
12
7
14
6
10
11
17
20
11
15
20
17
0
81
20
2
124
141
73
24
76
39
181
93
27
4
170
52
154
85
96
140
100
9
51
114
24
157
156
40
42
85
54
148
24
103
107
71
120
74
48
113
73
21
91
180
112
79
72
137
174
57
128
47
64
93
157
117
103
42
90
108
24
106
57
49
185
185
156
99
134
81
243
163
67
40
227
96
186
154
126
198
147
53
130
165
108
232
222
62
117
96
130
209
67
133
163
127
181
91
78
183
156
71
120
273
131
122
130
192
242
131
154
103
115
124
233
159
174
124
126
171

4
60
12
5
7
15
9
7
17
9
18
12
7
13
8
10
6
14
9
6
6
6
10
17
13
12
14
11
8
19
15
15
5
6
20
16
18
18
13
19
14
10
13
15
12
6
9
16
11
14
5
19
6
8
17
13
19
11
17
10
15
18
0
77
176
51
85
13
153
20
178
106
3
141
101
138
124
64
82
16
31
20
131
33
123
137
132
175
160
64
95
29
123
127
140
180
0
89
84
158
22
179
170
146
70
102
88
55
123
143
19
121
121
83
113
50
16
44
151
151
18
58
67
94
186
116
148
61
208
70
235
134
31
191
179
204
171
122
119
59
92
69
190
68
191
152
192
219
232
117
171
83
198
180
217
198
23
176
104
210
100
252
253
207
91
151
138
89
181
228
50
172
133
132
139
82
73
122
234
201
98
98

5
60
12
11
18
14
6
14
12
16
11
7
19
7
17
8
12
6
13
6
8
8
9
16
18
10
15
8
14
13
11
6
19
13
13
19
13
19
19
12
18
7
13
9
19
12
16
17
7
15
20
10
11
5
15
17
9
13
18
18
5
15
0
139
7
164
153
55
121
100
107
46
128
11
31
123
106
176
89
102
164
181
183
32
33
155
149
11
115
123
117
89
0
106
132
88
64
105
139
49
73
126
15
175
24
156
152
35
190
48
12
91
90
171
106
150
187
133
36
116
148
39
85
192
77
205
172
133
162
186
178
67
152
49
73
171
139
253
168
173
223
257
240
104
83
231
230
75
149
193
151
118
68
140
212
146
84
135
173
130
112
204
58
195
104
227
216
85
219
82
41
153
164
202
192
187
207
211
74
150
205
72

6
60
15
19
8
9
14
19
13
8
9
13
17
14
18
12
17
9
15
17
19
14
8
19
19
15
7
17
16
18
5
16
6
19
6
19
5
12
7
17
13
10
8
9
10
18
10
16
12
19
13
13
16
19
16
7
11
10
18
17
18
18
0
49
192
78
29
196
155
84
65
129
62
147
160
76
111
183
160
4
182
85
68
158
80
136
35
21
41
25
100
13
118
8
190
10
201
158
146
199
92
63
60
191
181
176
99
82
109
64
99
180
20
59
124
58
169
121
45
148
41
180
76
79
216
106
59
247
180
135
77
162
152
186
247
160
155
268
239
54
216
173
79
248
164
230
73
69
68
116
113
100
168
87
217
102
248
185
216
230
107
81
68
225
254
246
149
117
178
88
161
266
56
138
189
132
242
173
131
232
90
254

7
60
17
16
19
18
16
13
7
9
17
8
13
6
6
6
13
9
16
14
10
12
11
17
9
12
10
12
5
6
15
16
11
15
12
12
10
15
9
15
12
12
12
6
16
9
8
19
11
15
8
13
17
15
7
11
12
13
11
13
17
5
0
25
115
143
42
13
170
4
97
134
65
137
89
176
95
40
94
154
106
66
12
82
94
174
24
62
77
171
148
20
76
141
146
176
91
176
77
142
30
86
41
67
175
165
121
108
177
110
170
22
36
45
71
21
159
13
120
6
4
113
21
88
185
217
65
61
226
23
182
195
144
181
131
250
134
100
181
211
179
146
77
138
126
230
44
135
146
215
173
93
138
164
198
214
153
259
138
195
110
115
65
82
257
194
156
188
244
174
185
55
91
96
103
47
239
84
168
45
73
125

8
60
14
16
12
18
9
13
17
16
14
12
12
5
6
7
17
7
19
19
18
7
9
5
8
18
9
16
11
20
10
11
12
17
9
12
13
20
18
14
20
18
19
7
17
5
11
5
6
15
12
13
15
8
13
7
19
18
8
10
13
6
0
26
121
19
164
96
29
155
112
120
161
92
46
169
182
169
98
75
9
41
162
88
127
114
134
88
12
164
130
3
123
85
136
6
177
96
177
154
98
73
72
90
142
49
43
184
182
39
119
15
97
101
178
87
145
113
67
61
44
169
65
94
201
95
206
173
53
208
190
197
231
158
121
177
255
190
142
150
71
85
187
99
192
154
173
121
84
251
182
17
143
168
187
51
253
154
232
172
189
147
147
135
211
60
94
227
212
61
163
100
176
181
261
147
174
180
77
122
83
187

9
60
13
8
8
14
10
13
17
6
19
17
11
19
6
16
13
14
10
18
20
15
14
13
10
8
8
19
6
15
18
18
11
13
10
6
5
15
8
12
12
8
13
17
10
12
12
15
7
6
9
15
9
14
9
12
6
9
9
9
19
10
0
50
6
110
72
126
96
24
121
132
168
58
36
173
93
128
152
171
104
161
138
162
16
144
53
12
6
120
96
16
15
44
82
156
97
9
133
37
23
23
22
136
117
32
114
103
13
90
70
145
176
114
47
139
13
23
47
1
103
55
73
90
32
156
145
179
179
57
199
163
183
122
69
214
148
174
201
227
137
226
174
215
58
208
100
38
21
200
173
56
70
103
121
229
128
31
161
86
97
87
60
210
143
65
179
184
81
102
106
217
205
154
112
154
75
53
59
75
154
123

10
60
8
12
18
18
18
18
15
16
9
9
9
20
12
19
7
17
11
7
16
13
20
6
11
13
17
11
18
15
14
20
18
13
14
11
7
16
10
10
20
19
9
12
5
8
15
9
19
18
12
18
13
18
13
19
9
10
11
19
17
18
0
74
189
200
173
0
5
82
110
34
59
191
64
167
42
78
43
178
68
101
55
184
94
205
103
163
123
59
188
73
77
176
97
2
12
171
92
85
169
175
2
53
79
139
106
21
162
128
69
86
64
59
151
137
68
150
119
152
36
90
38
125
262
248
234
66
66
121
132
99
101
274
119
257
56
102
72
218
150
132
109
194
126
257
128
221
165
127
257
163
137
224
188
48
23
261
155
136
219
262
79
114
142
199
197
84
235
201
93
172
87
144
230
231
77
230
146
199
88
174

11
60
19
5
9
14
18
17
6
8
20
15
7
14
9
17
19
6
14
16
7
14
5
11
19
8
11
13
7
18
19
14
6
11
19
13
17
19
10
5
11
6
7
8
11
10
11
19
14
17
13
13
9
16
14
7
14
9
15
19
6
15
0
27
172
159
139
0
5
71
23
125
104
52
98
74
172
80
101
29
92
80
159
11
172
129
91
138
139
166
22
96
79
163
182
152
133
131
74
140
116
176
83
39
125
180
148
81
152
46
53
83
153
97
45
48
50
144
9
41
14
151
22
67
238
215
176
84
36
139
44
175
172
86
172
112
233
95
128
83
126
145
188
42
209
151
118
197
163
232
56
178
140
220
234
206
163
213
128
176
132
229
120
116
174
256
162
120
192
113
79
128
195
141
64
103
137
157
39
74
88
186

12
60
11
16
10
19
18
10
8
9
16
10
6
19
13
12
5
7
9
14
6
17
11
13
10
16
14
14
8
6
16
14
18
10
16
14
10
12
6
18
18
20
6
17
10
17
14
18
6
6
11
15
14
6
15
14
17
18
15
9
17
9
0
107
158
177
69
188
90
8
90
165
149
96
35
110
159
182
94
159
111
134
126
8
4
144
22
186
15
153
140
108
125
151
48
98
122
95
115
111
65
152
59
67
47
185
126
15
113
144
120
133
92
104
99
96
20
66
14
73
164
181
22
154
242
198
140
246
111
38
115
219
171
175
98
173
233
224
108
239
133
192
144
82
14
197
44
250
58
231
175
134
175
171
108
178
160
123
170
136
92
203
123
139
69
210
178
48
121
194
190
150
172
184
118
178
47
150
78
88
233
202

13
60
9
16
16
15
10
10
6
5
11
9
16
11
7
11
9
16
6
12
10
11
6
8
17
16
19
19
10
12
7
20
11
11
20
16
9
9
13
16
9
20
13
14
16
9
15
15
14
14
19
5
6
9
17
15
9
8
13
19
16
11
0
80
37
24
5
107
151
11
3
174
139
44
106
179
139
95
65
97
36
69
95
157
145
5
1
139
98
99
173
135
25
139
37
7
57
117
59
97
172
136
98
52
138
52
29
143
102
151
69
122
67
134
32
174
128
112
172
94
65
165
20
163
123
82
81
141
192
58
46
223
162
81
165
261
197
164
71
139
116
82
139
226
175
85
36
200
172
158
227
181
70
201
65
68
132
187
132
145
221
205
146
114
193
104
111
171
126
232
111
170
77
146
75
230
160
123
198
143
125
215

14
60
8
11
17
10
19
15
15
15
17
10
5
15
11
7
14
14
18
19
12
9
7
9
8
9
18
7
7
13
12
11
10
8
6
12
6
7
16
9
8
16
19
14
6
11
7
14
17
5
17
20
14
7
13
17
16
16
12
16
13
14
0
91
131
118
27
20
58
71
116
64
147
66
57
155
150
80
116
77
157
159
23
39
163
17
6
53
125
51
145
173
19
35
118
83
165
56
60
106
57
147
46
125
171
76
21
104
41
122
44
2
18
104
125
18
178
45
78
56
138
109
49
136
218
159
117
72
125
102
153
86
203
144
103
198
212
142
165
131
230
230
36
84
222
91
95
121
157
134
217
203
39
85
165
143
225
77
77
169
82
195
69
207
212
146
91
150
75
168
66
50
69
167
145
63
223
62
150
87
218
181

15
60
17
17
9
9
18
13
15
6
8
7
17
8
9
11
12
13
19
6
8
17
11
13
18
18
8
7
8
8
14
11
10
20
18
11
16
19
7
13
15
10
19
12
5
19
20
12
7
14
10
19
11
7
9
12
8
8
11
5
9
19
0
22
12
17
78
118
89
100
151
77
72
109
167
138
118
150
6
160
68
169
40
122
61
159
85
19
54
140
109
125
59
45
154
158
25
72
114
149
81
177
106
83
80
178
68
32
54
68
55
26
161
171
44
101
108
8
177
151
76
88
45
44
32
93
142
187
107
125
216
85
124
153
237
180
150
174
93
220
77
196
91
170
85
182
107
76
128
189
187
203
117
71
219
216
83
121
141
183
141
225
180
165
141
266
120
49
129
99
102
47
194
243
110
123
154
17
206
215
111
136

16
60
14
11
10
6
7
13
13
7
18
12
6
16
6
11
10
11
11
15
18
7
15
15
14
15
8
18
6
9
9
15
20
16
16
16
20
16
7
17
18
15
13
17
6
9
18
6
8
8
17
5
20
13
13
10
7
16
5
6
7
6
0
128
1
125
26
1
13
131
36
137
115
75
17
149
74
100
45
165
129
28
11
10
73
85
168
1
112
42
126
140
76
75
74
132
119
53
62
48
171
10
46
121
47
140
100
35
155
10
113
140
45
3
151
99
133
6
93
110
54
172
47
146
40
134
45
24
59
175
85
190
158
148
63
174
146
150
99
206
168
63
33
64
122
132
231
85
146
103
159
191
103
115
102
203
204
111
134
93
210
96
115
148
84
168
156
67
215
34
130
159
93
75
175
109
163
25
123
184
82
182

17
60
8
13
17
10
9
16
10
5
5
14
6
9
20
10
18
7
11
17
7
8
18
16
10
5
6
14
15
9
10
14
19
18
16
7
7
17
11
6
15
15
15
13
15
17
20
14
14
12
6
17
11
16
13
7
18
5
18
12
13
14
0
154
160
37
100
38
95
9
81
127
1
69
58
145
123
26
165
178
120
144
141
66
77
151
18
123
124
38
54
73
50
144
49
22
15
127
126
159
76
60
175
60
183
93
27
16
2
78
158
73
56
49
176
147
33
156
63
28
169
35
63
187
214
84
145
115
150
45
118
185
28
143
142
221
184
77
230
200
152
192
220
85
127
181
48
189
168
110
101
102
104
170
113
95
38
199
167
228
92
75
213
84
218
158
97
48
52
146
170
93
71
109
254
223
87
225
126
55
183
72

18
60
13
10
7
18
16
11
7
14
6
11
5
13
8
5
7
14
17
13
14
14
14
6
8
15
5
11
12
8
19
7
14
15
8
9
18
16
5
17
14
6
10
18
12
14
13
11
8
15
11
6
19
9
5
20
12
18
6
6
18
9
0
138
43
79
78
43
12
143
133
14
144
128
71
13
15
75
81
152
81
122
168
132
110
126
73
102
69
50
53
153
130
57
93
26
157
75
30
62
12
36
57
137
167
28
127
7
2
9
134
83
172
46
82
164
28
46
53
164
130
106
29
156
96
139
157
76
45
164
167
29
208
173
107
51
58
106
116
225
161
182
236
197
160
162
98
180
142
63
117
166
159
82
159
61
191
134
99
84
72
91
120
211
203
54
176
77
51
24
159
98
228
109
104
250
89
123
96
219
173
171

19
60
16
12
17
8
11
8
8
12
14
13
14
6
18
19
16
6
16
6
5
6
18
9
14
6
12
7
13
15
10
5
11
9
11
18
8
18
7
19
14
10
13
10
15
17
11
17
11
6
13
15
12
17
12
15
9
9
10
8
19
5
0
164
105
16
88
155
93
174
112
74
177
110
106
139
61
54
3
1
78
19
36
26
97
65
33
75
108
2
80
13
38
130
173
80
9
141
95
24
24
82
160
97
95
162
149
175
174
109
103
79
3
159
118
20
15
160
141
4
42
92
61
224
180
56
113
175
167
198
175
125
242
168
167
222
127
82
71
28
84
61
124
67
146
73
104
126
122
21
157
66
95
194
194
137
18
187
103
69
85
104
203
108
163
226
187
255
224
182
126
123
60
226
158
95
79
177
166
39
99
141

20
60
14
17
18
6
11
15
7
15
11
10
14
20
10
6
6
19
12
20
5
9
6
13
11
15
14
11
15
5
12
14
8
7
10
18
16
20
20
12
6
6
5
11
5
7
7
14
20
20
18
14
20
18
16
12
11
15
7
5
17
17
0
92
14
174
176
73
61
22
52
124
183
161
64
24
176
8
79
142
42
21
1
8
38
27
154
63
80
172
138
4
98
164
1
38
11
33
27
133
131
129
24
59
145
46
162
130
64
136
162
52
179
108
6
59
75
39
66
86
49
156
67
116
96
207
204
145
96
87
109
198
237
187
141
30
250
40
155
187
50
34
68
87
78
106
229
116
148
232
150
70
128
197
24
116
98
105
85
180
166
183
34
74
182
113
191
214
86
164
206
89
234
194
91
71
134
118
145
118
122
189

21
60
14
18
12
6
13
8
17
8
7
17
20
15
19
8
19
10
9
13
9
18
6
13
7
6
6
7
11
18
17
18
7
5
8
18
6
6
20
6
11
7
13
10
14
17
12
17
17
19
6
8
8
14
14
14
14
8
12
20
17
14
0
86
6
87
78
42
163
27
129
72
150
141
105
124
159
22
67
123
3
97
159
36
137
33
7
54
129
66
170
101
65
93
31
157
54
93
118
62
21
22
160
101
87
181
114
109
56
14
43
64
142
172
59
86
174
157
35
45
141
2
67
110
40
155
97
98
243
102
192
124
241
156
183
201
234
43
92
186
65
148
210
55
184
93
36
131
199
121
224
145
95
110
41
182
130
142
158
94
73
64
233
174
105
221
137
191
78
62
65
118
178
244
83
117
224
215
108
69
193
85

22
60
18
10
14
12
7
19
15
5
6
8
19
19
16
5
6
7
20
12
11
18
11
11
15
8
18
20
12
14
16
11
9
12
12
14
11
14
9
7
18
19
9
8
5
7
9
16
19
6
16
12
13
17
11
8
7
8
8
8
18
8
0
142
165
116
3
9
85
48
57
90
101
27
143
160
42
131
165
31
5
121
39
63
107
119
71
157
96
78
5
176
105
162
91
122
145
39
162
117
164
68
52
169
78
68
76
106
152
83
21
20
56
85
45
4
42
159
159
40
41
88
37
187
227
150
31
98
141
108
67
152
173
86
180
200
59
170
205
63
46
164
97
117
135
176
113
211
150
151
61
249
139
195
114
165
207
93
208
138
252
102
130
195
123
95
97
122
203
123
59
57
78
114
90
18
90
227
184
104
105
153

23
60
17
7
9
6
11
16
16
16
7
16
6
15
14
12
16
15
16
8
10
16
6
13
19
10
13
19
15
14
8
12
7
17
18
7
14
5
9
6
15
14
6
18
9
10
12
5
11
14
18
17
5
13
12
6
12
19
18
11
19
16
0
172
74
126
72
27
22
48
143
109
22
178
109
77
158
6
129
115
16
98
76
73
60
29
99
26
88
62
137
78
109
35
61
152
169
96
167
21
185
90
167
114
54
22
135
33
143
70
42
120
29
149
51
60
43
99
79
32
141
144
24
202
131
160
115
94
90
122
168
138
81
247
139
106
191
43
201
154
75
147
131
134
90
92
181
88
171
97
151
102
140
115
86
206
222
166
203
96
267
131
175
192
72
90
197
99
158
116
66
158
67
215
128
87
83
160
159
55
208
222

24
60
13
9
20
12
11
13
7
9
14
12
6
19
12
13
19
15
11
10
9
10
16
18
20
19
19
16
14
11
5
6
15
18
5
8
19
7
12
6
8
12
15
15
6
19
13
18
17
16
14
7
17
11
10
11
20
6
19
15
19
6
0
50
78
184
61
158
18
144
72
44
98
92
114
73
102
57
114
141
72
50
117
155
51
170
192
66
2
19
88
53
56
179
31
176
38
117
89
89
147
96
62
76
9
103
20
126
114
91
177
56
128
148
23
98
42
62
42
135
186
175
67
92
132
236
80
173
69
191
149
102
138
157
200
108
192
141
181
193
147
118
187
179
99
242
247
118
18
47
163
65
111
263
86
189
88
130
106
119
209
142
94
95
90
189
37
215
164
181
228
86
214
214
74
158
72
90
70
196
227
190

25
60
16
17
20
10
12
20
20
11
6
7
16
8
16
17
15
13
7
19
18
6
15
10
17
10
16
7
15
16
17
19
6
19
6
18
15
13
13
7
14
13
16
12
19
10
16
19
11
10
12
14
14
11
17
6
8
19
13
12
16
7
0
103
133
7
16
30
171
188
153
128
130
7
38
140
9
85
72
188
161
113
37
48
188
186
38
151
68
55
56
140
9
197
78
114
35
67
48
196
18
34
4
143
160
160
56
47
30
116
157
41
158
20
124
53
102
67
76
138
186
134
65
122
160
39
66
93
268
251
207
159
186
78
79
160
25
163
95
241
240
172
125
120
245
233
92
175
131
88
148
239
83
266
125
211
80
114
74
225
90
67
78
210
235
189
116
81
112
172
230
67
215
32
142
71
166
138
93
194
214
145

26
60
16
11
9
18
20
18
11
9
7
19
9
18
14
12
19
5
13
20
7
7
7
6
17
5
9
7
9
8
5
12
16
10
13
17
14
16
11
14
9
15
6
19
14
17
14
16
7
15
20
13
16
19
19
14
11
6
15
16
10
7
0
78
186
114
115
182
101
29
5
103
24
147
115
73
179
167
157
90
70
155
119
93
51
127
32
43
179
14
96
37
69
15
13
146
167
120
76
117
20
128
9
131
1
63
179
108
188
68
69
87
17
50
108
114
158
34
75
66
24
0
83
147
239
197
143
273
166
68
36
196
58
236
181
118
244
175
222
180
101
201
146
109
92
157
46
105
203
69
158
61
153
34
78
175
207
153
156
155
94
150
15
181
40
147
221
185
205
133
153
153
69
142
198
167
193
82
147
100
80
47

27
60
19
18
18
5
11
6
17
18
15
13
11
14
6
9
12
14
6
9
13
14
12
5
10
12
11
5
7
7
10
10
14
14
7
8
9
19
14
5
12
15
6
15
10
11
9
14
11
11
7
14
12
18
13
19
18
19
20
11
12
19
0
83
39
168
116
16
13
63
132
153
105
5
101
63
62
38
134
38
120
22
118
127
14
100
48
53
81
116
90
151
178
177
81
161
161
132
121
11
2
168
176
139
25
100
135
57
73
110
73
131
71
145
169
42
66
2
19
138
63
39
43
132
80
173
186
49
54
106
206
227
177
70
168
72
74
77
178
65
148
90
194
173
75
181
130
116
124
189
131
170
223
232
151
231
204
202
199
68
44
214
212
211
96
122
160
89
113
121
107
145
119
212
206
101
115
49
88
150
146
69

28
60
19
14
10
19
15
16
18
5
7
16
19
19
19
16
15
13
14
8
12
11
19
19
11
8
14
13
10
8
6
20
15
10
19
11
16
18
10
7
11
14
15
10
13
5
19
6
12
17
8
14
8
15
20
19
13
19
6
10
19
15
0
70
78
159
182
97
154
1
14
179
161
50
197
55
62
156
44
51
155
118
177
160
38
111
64
87
99
152
44
174
187
182
91
175
78
18
6
37
200
119
140
48
178
25
82
85
129
42
58
161
45
0
53
176
163
76
198
81
100
97
38
148
103
227
236
124
230
56
77
224
212
132
222
118
86
176
133
74
188
146
218
231
84
198
106
147
131
193
105
205
239
231
184
209
103
70
93
111
262
207
210
138
218
92
171
112
203
108
98
203
67
22
116
201
251
114
228
149
156
139

29
60
16
6
11
19
5
11
15
14
10
17
19
18
13
15
8
15
20
16
14
13
11
10
11
6
15
12
16
18
6
16
9
15
15
16
19
11
20
19
19
10
11
19
18
16
13
16
10
13
14
16
5
9
11
7
19
8
14
10
12
11
0
60
147
119
189
64
170
20
178
31
35
193
129
30
87
70
61
168
14
56
47
55
182
155
65
90
111
169
126
90
98
50
142
110
97
85
96
167
63
101
158
113
54
161
108
186
119
145
131
60
56
89
124
140
66
60
185
119
188
60
30
124
215
191
206
81
217
93
234
96
66
236
214
50
166
133
152
210
95
141
84
112
242
189
113
177
132
227
175
150
133
97
215
139
122
168
153
261
127
155
203
158
116
193
155
225
162
198
185
95
124
124
154
160
163
110
221
155
232
137

30
60
6
18
11
10
5
17
16
15
17
20
16
19
7
20
18
11
20
15
18
16
6
17
8
20
16
9
19
13
16
12
16
9
18
16
14
10
15
18
6
9
14
17
8
19
15
17
14
14
14
10
19
11
7
13
20
10
14
18
16
6
0
56
54
148
62
125
78
166
108
58
11
107
74
203
175
32
154
198
59
80
38
147
62
186
185
67
15
43
91
203
168
32
124
43
181
206
207
91
119
151
51
59
32
158
61
32
51
41
86
167
61
13
178
22
66
166
81
199
96
22
77
104
116
225
140
211
156
222
200
153
109
184
147
227
221
93
249
292
160
155
57
241
145
255
282
80
110
77
127
245
266
46
198
124
251
288
271
135
176
182
77
154
42
233
115
121
67
55
144
219
149
82
202
116
127
185
130
233
146
78

