1
7
13
9
19
10
8
13
10
0
5
6
9
14
3
12
15
20
31
23
24
22
23

2
7
7
11
15
15
14
6
12
0
12
10
19
7
0
11
11
25
26
40
21
6
29

3
7
16
12
15
10
17
10
7
0
15
18
15
4
19
1
24
32
39
32
28
34
15

4
7
6
16
12
16
5
16
5
0
4
8
6
16
11
11
8
22
25
22
22
30
17

5
7
6
12
6
12
17
16
17
0
14
17
19
0
16
17
14
27
24
35
18
33
36

6
7
11
6
6
14
6
13
18
0
1
12
7
2
1
11
13
12
25
25
15
14
34

7
7
15
9
12
19
10
8
19
0
7
1
19
8
13
17
18
16
13
43
25
27
42

8
7
10
12
16
7
15
9
7
0
2
9
5
5
3
19
15
15
30
18
20
12
26

9
7
10
20
15
11
10
8
6
0
11
18
11
2
18
15
11
35
38
29
12
29
25

10
7
18
6
6
19
13
10
7
0
6
3
4
1
1
12
22
15
13
26
19
12
25

11
7
14
18
9
15
6
7
17
0
7
21
17
5
10
0
14
25
34
33
18
18
21

12
7
18
10
18
15
6
8
15
0
0
8
16
14
4
17
19
10
33
32
20
17
38

13
7
15
11
14
7
18
15
16
0
20
18
13
0
1
2
16
37
32
21
24
21
18

14
7
13
13
7
18
10
10
16
0
2
9
13
4
0
0
21
15
18
39
19
14
22

15
7
14
7
12
11
15
10
14
0
6
10
16
14
2
10
15
18
26
32
29
19
28

16
7
7
15
10
14
7
11
9
0
16
8
10
13
11
17
14
37
24
25
25
25
26

17
7
16
10
7
7
8
19
6
0
4
1
8
12
11
2
22
20
8
17
26
35
8

18
7
9
6
13
6
9
18
20
0
7
13
6
0
19
16
9
15
26
15
16
43
36

19
7
7
20
11
6
16
9
18
0
8
4
12
21
7
19
15
29
23
19
39
24
43

20
7
19
14
6
7
15
6
9
0
10
8
6
12
13
11
25
31
18
14
30
24
25

21
7
8
13
6
14
12
19
12
0
8
11
20
6
16
10
13
23
17
39
26
36
30

22
7
8
11
20
17
8
15
14
0
17
8
13
2
16
3
15
33
33
37
16
36
25

23
7
7
11
6
14
12
11
7
0
2
0
17
12
8
8
10
14
9
31
28
25
20

24
7
13
10
12
19
20
20
10
0
2
13
4
6
3
7
19
17
30
29
33
24
21

25
7
9
18
19
7
13
19
15
0
5
10
16
3
17
22
16
26
34
31
24
42
40

26
7
13
6
8
6
6
6
12
0
5
4
7
8
2
2
17
13
16
14
14
10
16

27
7
12
16
14
11
8
19
18
0
21
21
1
4
12
21
15
38
35
20
19
31
48

28
7
15
18
16
15
11
15
19
0
18
11
5
25
7
20
23
38
32
28
43
25
44

29
7
13
13
6
13
17
18
15
0
16
10
5
23
19
11
20
36
23
18
46
46
29

30
7
7
16
17
17
18
7
9
0
7
18
5
20
8
9
15
30
36
27
43
16
23

